證券代號,證券名稱,外陸資買進股數(不含外資自營商),外陸資賣出股數(不含外資自營商),外陸資買賣超股數(不含外資自營商),外資自營商買進股數,外資自營商賣出股數,外資自營商買賣超股數,投信買進股數,投信賣出股數,投信買賣超股數,自營商買賣超股數,自營商買進股數(自行買賣),自營商賣出股數(自行買賣),自營商買賣超股數(自行買賣),自營商買進股數(避險),自營商賣出股數(避險),自營商買賣超股數(避險),三大法人買賣超股數
"=""00830""",國泰費城半導體  ,"10,207,416",0,"10,207,416",0,0,0,0,0,0,"6,844,645",0,0,0,"9,828,645","2,984,000","6,844,645","17,052,061"
"=""00900""",富邦特選高股息30,"1,011,200","391,000","620,200",0,0,0,0,0,0,"13,579,318",0,0,0,"14,501,000","921,682","13,579,318","14,199,518"
2324,仁寶            ,"22,910,500","9,869,951","13,040,549",0,0,0,0,"4,862","-4,862","777,244","310,878","109,000","201,878","683,366","108,000","575,366","13,812,931"
2603,長榮            ,"13,956,248","4,412,764","9,543,484",0,0,0,"2,598,000",0,"2,598,000","-515,247","161,996","694,000","-532,004","411,757","395,000","16,757","11,626,237"
2890,永豐金          ,"14,855,000","5,742,958","9,112,042",0,0,0,"934,000","228,965","705,035","26,183","216,924","6,741","210,183",0,"184,000","-184,000","9,843,260"
"=""041902""",興勤凱基54購03  ,0,0,0,0,0,0,0,0,0,"8,622,000",0,0,0,"8,757,000","135,000","8,622,000","8,622,000"
8112,至上            ,"16,001,754","8,885,050","7,116,704",0,0,0,"1,415,000",0,"1,415,000","-697,232","89,066","573,000","-483,934","425,702","639,000","-213,298","7,834,472"
3037,欣興            ,"16,438,397","9,182,801","7,255,596",0,0,0,"575,000","8,000","567,000","-292,584","343,000","401,000","-58,000","124,669","359,253","-234,584","7,530,012"
2353,宏��            ,"11,842,000","6,784,751","5,057,249",0,0,0,"1,500,000","5,254","1,494,746","136,450","165,450","14,000","151,450","163,000","178,000","-15,000","6,688,445"
2344,華邦電          ,"13,531,176","5,955,525","7,575,651",0,0,0,"3,000","104,970","-101,970","-816,458","124,000","869,000","-745,000","388,542","460,000","-71,458","6,657,223"
"=""063148""",元債2X元富5C購02,0,0,0,0,0,0,0,0,0,"6,594,000",0,0,0,"7,791,000","1,197,000","6,594,000","6,594,000"
6285,啟��            ,"8,983,675","5,542,099","3,441,576",0,0,0,"3,053,000","68,882","2,984,118","99,942","493,389","692,009","-198,620","477,331","178,769","298,562","6,525,636"
2834,臺企銀          ,"7,824,000","1,462,000","6,362,000",0,0,0,0,"13,000","-13,000","42,310","7,310","13,000","-5,690","50,000","2,000","48,000","6,391,310"
"=""00893""",國泰智能電動車  ,"1,984,000","65,000","1,919,000",0,0,0,0,0,0,"3,617,668",0,0,0,"3,813,017","195,349","3,617,668","5,536,668"
"=""052246""",聯發科國泰46購01,0,0,0,0,0,0,0,0,0,"5,320,000",0,0,0,"7,861,000","2,541,000","5,320,000","5,320,000"
2392,正崴            ,"4,584,000","549,000","4,035,000",0,0,0,"664,000",0,"664,000","586,831","388,831","19,000","369,831","226,000","9,000","217,000","5,285,831"
"=""046582""",鉅祥凱基43購02  ,0,0,0,0,0,0,0,0,0,"5,240,000",0,0,0,"6,000,000","760,000","5,240,000","5,240,000"
"=""00673R""",期元大S&P原油反1,"572,000","272,000","300,000",0,0,0,0,0,0,"4,922,000",0,0,0,"5,866,000","944,000","4,922,000","5,222,000"
2330,台積電          ,"22,394,156","17,806,680","4,587,476",0,0,0,"65,000","187,768","-122,768","252,327","105,000","67,000","38,000","275,916","61,589","214,327","4,717,035"
"=""08579U""",飛宏元大33售01  ,0,0,0,0,0,0,0,0,0,"4,406,000",0,0,0,"4,410,000","4,000","4,406,000","4,406,000"
"=""053453""",乙盛中信44購01  ,0,0,0,0,0,0,0,0,0,"4,106,000",0,0,0,"4,196,000","90,000","4,106,000","4,106,000"
"=""045613""",美律元大55購03  ,0,0,0,0,0,0,0,0,0,"4,079,000",0,0,0,"4,158,000","79,000","4,079,000","4,079,000"
2371,大同            ,"12,628,000","9,664,000","2,964,000",0,0,0,"458,000",0,"458,000","616,474","1,323,474","537,000","786,474","298,000","468,000","-170,000","4,038,474"
"=""03870T""",飛宏凱基34售05  ,0,0,0,0,0,0,0,0,0,"4,015,000",0,0,0,"4,015,000",0,"4,015,000","4,015,000"
"=""04081T""",飛宏國票35售02  ,0,0,0,0,0,0,0,0,0,"3,859,000",0,0,0,"3,887,000","28,000","3,859,000","3,859,000"
2812,台中銀          ,"4,575,999","846,000","3,729,999",0,0,0,0,"8,000","-8,000","44,000","84,000",0,"84,000",0,"40,000","-40,000","3,765,999"
2884,玉山金          ,"5,519,026","1,799,676","3,719,350",0,0,0,0,"31,000","-31,000","17,814","4,000","1,998","2,002","70,063","54,251","15,812","3,706,164"
"=""00891""",中信關鍵半導體  ,0,"72,000","-72,000",0,0,0,0,0,0,"3,748,514",0,0,0,"4,283,984","535,470","3,748,514","3,676,514"
2897,王道銀行        ,"3,910,000","301,350","3,608,650",0,0,0,0,0,0,"46,000","46,000",0,"46,000",0,0,0,"3,654,650"
"=""037426""",台達電國泰54購03,0,0,0,0,0,0,0,0,0,"3,633,000",0,0,0,"3,754,000","121,000","3,633,000","3,633,000"
2303,聯電            ,"17,723,424","15,716,034","2,007,390",0,0,0,"1,749,000","252,267","1,496,733","62,772","440,011","394,248","45,763","370,998","353,989","17,009","3,566,895"
1514,亞力            ,"15,444,560","11,238,464","4,206,096",0,0,0,0,"444,000","-444,000","-330,438","38,000","35,329","2,671","44,349","377,458","-333,109","3,431,658"
2402,毅嘉            ,"8,121,000","5,103,300","3,017,700",0,0,0,0,0,0,"393,861","2,000","1,000","1,000","588,861","196,000","392,861","3,411,561"
3702,大聯大          ,"4,759,200","1,736,534","3,022,666",0,0,0,"146,000","90,000","56,000","269,802","91,199","22,000","69,199","247,603","47,000","200,603","3,348,468"
2363,矽統            ,"6,443,000","3,355,000","3,088,000",0,0,0,0,0,0,"235,225","6,227","5,000","1,227","292,998","59,000","233,998","3,323,225"
"=""060398""",臺股指元大4A購08,0,0,0,0,0,0,0,0,0,"3,309,000",0,0,0,"3,350,000","41,000","3,309,000","3,309,000"
1612,宏泰            ,"5,712,000","2,864,000","2,848,000",0,0,0,0,0,0,"422,480","20,000","3,000","17,000","440,482","35,002","405,480","3,270,480"
4938,和碩            ,"3,890,000","903,257","2,986,743",0,0,0,"136,000","1,898","134,102","57,998","74,998","17,000","57,998","50,000","50,000",0,"3,178,843"
"=""052355""",東哥統一38購01  ,0,0,0,0,0,0,0,0,0,"3,143,000",0,0,0,"3,179,000","36,000","3,143,000","3,143,000"
2355,敬鵬            ,"6,188,000","2,906,000","3,282,000",0,0,0,0,0,0,"-146,095","110,691","156,430","-45,739","5,000","105,356","-100,356","3,135,905"
4904,遠傳            ,"5,490,000","2,479,309","3,010,691",0,0,0,0,44,-44,"-88,321","2,000","69,321","-67,321","1,000","22,000","-21,000","2,922,326"
"=""068243""",聯發科國票48購03,"2,904,000","1,000","2,903,000",0,0,0,0,0,0,0,0,0,0,0,0,0,"2,903,000"
"=""00892""",富邦台灣半導體  ,"117,000","88,000","29,000",0,0,0,0,0,0,"2,853,101","6,000",0,"6,000","3,593,031","745,930","2,847,101","2,882,101"
"=""04072T""",飛宏群益37售01  ,0,0,0,0,0,0,0,0,0,"2,865,000",0,0,0,"2,865,000",0,"2,865,000","2,865,000"
"=""03379T""",定穎控元大33售08,0,0,0,0,0,0,0,0,0,"2,814,000",0,0,0,"2,827,000","13,000","2,814,000","2,814,000"
"=""00662""",富邦NASDAQ      ,"513,000",0,"513,000",0,0,0,0,0,0,"2,256,977",0,0,0,"2,340,225","83,248","2,256,977","2,769,977"
"=""068929""",至上兆豐3C購01  ,0,0,0,0,0,0,0,0,0,"2,657,000",0,0,0,"3,307,000","650,000","2,657,000","2,657,000"
3006,晶豪科          ,"5,322,000","2,588,000","2,734,000",0,0,0,0,0,0,"-101,225","113,000","366,000","-253,000","320,888","169,113","151,775","2,632,775"
"=""00881""",國泰台灣科技龍頭,"61,154","145,000","-83,846",0,0,0,0,0,0,"2,710,220","1,000",0,"1,000","3,704,736","995,516","2,709,220","2,626,374"
"=""066106""",大立光凱基48購05,0,0,0,0,0,0,0,0,0,"2,588,000",0,0,0,"2,702,000","114,000","2,588,000","2,588,000"
"=""060866""",晶碩永豐46購02  ,0,0,0,0,0,0,0,0,0,"2,550,000",0,0,0,"2,730,000","180,000","2,550,000","2,550,000"
"=""053013""",迅得統一56購01  ,0,0,0,0,0,0,0,0,0,"2,550,000",0,0,0,"2,581,000","31,000","2,550,000","2,550,000"
3706,神達            ,"3,283,000","835,000","2,448,000",0,0,0,0,0,0,"99,358","148,087","82,000","66,087","59,271","26,000","33,271","2,547,358"
2408,南亞科          ,"3,743,000","1,758,564","1,984,436",0,0,0,0,"88,598","-88,598","590,186","478,000","56,000","422,000","308,000","139,814","168,186","2,486,024"
"=""064364""",廣宇永豐47購01  ,0,0,0,0,0,0,0,0,0,"2,449,000",0,0,0,"2,449,000",0,"2,449,000","2,449,000"
"=""04175T""",華城凱基35售03  ,0,0,0,0,0,0,0,0,0,"2,335,000",0,0,0,"2,425,000","90,000","2,335,000","2,335,000"
"=""045406""",可寧衛群益55購03,0,0,0,0,0,0,0,0,0,"2,217,000",0,0,0,"2,217,000",0,"2,217,000","2,217,000"
2515,中工            ,"3,632,000","1,396,000","2,236,000",0,0,0,0,0,0,"-47,468","80,000","149,000","-69,000","29,532","8,000","21,532","2,188,532"
2367,燿華            ,"4,817,000","2,403,000","2,414,000",0,0,0,0,0,0,"-294,985","247,000","245,985","1,015","93,000","389,000","-296,000","2,119,015"
"=""050582""",香港2X元大43購07,0,0,0,0,0,0,0,0,0,"2,099,000",0,0,0,"2,099,000",0,"2,099,000","2,099,000"
"=""044392""",奇鋐永豐56購13  ,0,0,0,0,0,0,0,0,0,"2,080,000",0,0,0,"2,340,000","260,000","2,080,000","2,080,000"
"=""060555""",新唐富邦46購01  ,0,0,0,0,0,0,0,0,0,"2,037,000",0,0,0,"2,044,000","7,000","2,037,000","2,037,000"
2201,裕隆            ,"2,296,000","492,000","1,804,000",0,0,0,0,0,0,"207,267","179,267","11,000","168,267","88,000","49,000","39,000","2,011,267"
"=""061742""",嘉澤國泰48購02  ,0,0,0,0,0,0,0,0,0,"2,004,000",0,0,0,"2,056,000","52,000","2,004,000","2,004,000"
"=""04494T""",台積電統一39售03,0,0,0,0,0,0,0,0,0,"1,960,000",0,0,0,"1,960,000",0,"1,960,000","1,960,000"
"=""040169""",漢翔國泰55購01  ,0,0,0,0,0,0,0,0,0,"1,951,000",0,0,0,"2,102,000","151,000","1,951,000","1,951,000"
"=""08818U""",元黃金國票35售01,0,0,0,0,0,0,0,0,0,"1,950,000",0,0,0,"1,950,000",0,"1,950,000","1,950,000"
3712,永崴投控        ,"1,675,000","513,000","1,162,000",0,0,0,"584,000",0,"584,000","139,000","59,000","6,000","53,000","151,000","65,000","86,000","1,885,000"
"=""066956""",鴻海元大47購15  ,0,0,0,0,0,0,0,0,0,"1,874,000",0,0,0,"1,932,000","58,000","1,874,000","1,874,000"
2880,華南金          ,"3,468,050","1,605,984","1,862,066",0,0,0,0,"21,000","-21,000","-4,059",0,59,-59,"1,000","5,000","-4,000","1,837,007"
2327,國巨*           ,"2,226,991","1,287,303","939,688",0,0,0,"911,000","47,000","864,000","9,248","71,847","47,097","24,750","193,498","209,000","-15,502","1,812,936"
2204,中華            ,"4,302,000","3,303,007","998,993",0,0,0,"80,000","38,000","42,000","770,656","271,682","30,962","240,720","649,936","120,000","529,936","1,811,649"
"=""04176T""",華城凱基37售01  ,0,0,0,0,0,0,0,0,0,"1,801,000",0,0,0,"1,811,000","10,000","1,801,000","1,801,000"
"=""067814""",中鴻永豐4A購01  ,0,0,0,0,0,0,0,0,0,"1,792,000",0,0,0,"1,810,000","18,000","1,792,000","1,792,000"
1513,中興電          ,"5,462,500","3,347,187","2,115,313",0,0,0,0,0,0,"-350,985","21,696","133,234","-111,538","46,000","285,447","-239,447","1,764,328"
3481,群創            ,"10,058,000","8,201,324","1,856,676",0,0,0,0,0,0,"-106,670","8,000","3,000","5,000","267,330","379,000","-111,670","1,750,006"
9904,寶成            ,"2,510,000","766,878","1,743,122",0,0,0,0,"5,000","-5,000","9,367","17,007","7,640","9,367",0,0,0,"1,747,489"
1503,士電            ,"4,526,050","2,371,000","2,155,050",0,0,0,0,0,0,"-410,007","10,238","66,245","-56,007","31,000","385,000","-354,000","1,745,043"
"=""052581""",貿聯富邦48購01  ,0,0,0,0,0,0,0,0,0,"1,721,000",0,0,0,"1,721,000",0,"1,721,000","1,721,000"
"=""057192""",川湖永豐47購02  ,0,0,0,0,0,0,0,0,0,"1,696,000",0,0,0,"1,700,000","4,000","1,696,000","1,696,000"
"=""03070T""",台積電國泰34售02,0,0,0,0,0,0,0,0,0,"1,668,000",0,0,0,"1,698,000","30,000","1,668,000","1,668,000"
"=""04786T""",華城國票37售02  ,0,0,0,0,0,0,0,0,0,"1,617,000",0,0,0,"1,657,000","40,000","1,617,000","1,617,000"
1722,台肥            ,"2,659,000","494,000","2,165,000",0,0,0,0,"605,000","-605,000","37,000","7,000",0,"7,000","30,000",0,"30,000","1,597,000"
"=""049273""",國企2X凱基49購01,0,0,0,0,0,0,0,0,0,"1,558,000",0,0,0,"1,558,000",0,"1,558,000","1,558,000"
1582,信錦            ,"2,370,000","635,000","1,735,000",0,0,0,0,"175,000","-175,000","-13,000","2,000","15,000","-13,000",0,0,0,"1,547,000"
"=""04393T""",飛宏永豐36售01  ,0,0,0,0,0,0,0,0,0,"1,507,000",0,0,0,"1,507,000",0,"1,507,000","1,507,000"
4958,臻鼎-KY         ,"3,130,300","1,693,832","1,436,468",0,0,0,"38,000","1,483","36,517","9,525","14,525",0,"14,525","10,000","15,000","-5,000","1,482,510"
"=""064490""",台積電群益46購28,0,0,0,0,0,0,0,0,0,"1,482,000",0,0,0,"1,482,000",0,"1,482,000","1,482,000"
"=""045838""",創意元大43購04  ,0,0,0,0,0,0,0,0,0,"1,459,000",0,0,0,"1,459,000",0,"1,459,000","1,459,000"
"=""066670""",上銀凱基48購03  ,0,0,0,0,0,0,0,0,0,"1,452,000",0,0,0,"1,462,000","10,000","1,452,000","1,452,000"
"=""052147""",亞光元大43購20  ,0,0,0,0,0,0,0,0,0,"1,450,000",0,0,0,"1,450,000",0,"1,450,000","1,450,000"
"=""06847U""",力積電凱基54售15,0,0,0,0,0,0,0,0,0,"1,439,000",0,0,0,"1,439,000",0,"1,439,000","1,439,000"
4967,十銓            ,"4,640,000","3,234,110","1,405,890",0,0,0,0,0,0,"11,848","18,031","6,183","11,848",0,0,0,"1,417,738"
5469,瀚宇博          ,"1,822,000","513,000","1,309,000",0,0,0,0,0,0,"35,781","68,000","10,219","57,781","5,000","27,000","-22,000","1,344,781"
2801,彰銀            ,"3,110,605","1,753,115","1,357,490",0,0,0,0,"16,592","-16,592","-5,000",0,0,0,"4,000","9,000","-5,000","1,335,898"
5521,工信            ,"8,643,000","7,304,000","1,339,000",0,0,0,0,0,0,"-8,709","8,291","17,000","-8,709",0,0,0,"1,330,291"
"=""04250T""",金像電群益38售03,0,0,0,0,0,0,0,0,0,"1,320,000",0,0,0,"1,368,000","48,000","1,320,000","1,320,000"
"=""046833""",金像電元大43購03,0,0,0,0,0,0,0,0,0,"1,319,000",0,0,0,"1,319,000",0,"1,319,000","1,319,000"
"=""052374""",偉詮電群益43購03,0,0,0,0,0,0,0,0,0,"1,299,000",0,0,0,"1,299,000",0,"1,299,000","1,299,000"
"=""051443""",日本2X凱基45購01,0,0,0,0,0,0,0,0,0,"1,278,000",0,0,0,"2,243,000","965,000","1,278,000","1,278,000"
"=""062890""",亞光元富4A購01  ,0,0,0,0,0,0,0,0,0,"1,265,000",0,0,0,"1,330,000","65,000","1,265,000","1,265,000"
"=""04179T""",華城永豐37售01  ,"2,000",0,"2,000",0,0,0,0,0,0,"1,263,000",0,0,0,"1,368,000","105,000","1,263,000","1,265,000"
"=""00885""",富邦越南        ,"2,338,000","8,000","2,330,000",0,0,0,0,0,0,"-1,078,385",0,0,0,"592,000","1,670,385","-1,078,385","1,251,615"
"=""065509""",訊芯永豐51購01  ,0,0,0,0,0,0,0,0,0,"1,250,000",0,0,0,"1,889,000","639,000","1,250,000","1,250,000"
"=""059931""",中砂國票46購05  ,0,0,0,0,0,0,0,0,0,"1,249,000",0,0,0,"1,249,000",0,"1,249,000","1,249,000"
3704,合勤控          ,"1,882,000","781,389","1,100,611",0,0,0,0,0,0,"145,864","164,261","124,000","40,261","129,834","24,231","105,603","1,246,475"
5258,虹堡            ,"3,405,000","1,407,388","1,997,612",0,0,0,0,"750,000","-750,000","-13,073","10,000","4,707","5,293","19,650","38,016","-18,366","1,234,539"
"=""03218T""",世紀鋼國票33售03,0,0,0,0,0,0,0,0,0,"1,230,000",0,0,0,"1,270,000","40,000","1,230,000","1,230,000"
2312,金寶            ,"2,398,000","1,254,000","1,144,000",0,0,0,0,0,0,"73,018","235,019","16,001","219,018",0,"146,000","-146,000","1,217,018"
"=""067224""",台積電永豐51購03,"1,235,000","20,000","1,215,000",0,0,0,0,0,0,0,0,0,0,0,0,0,"1,215,000"
"=""039561""",日電貿元富54購01,0,0,0,0,0,0,0,0,0,"1,214,000",0,0,0,"1,263,000","49,000","1,214,000","1,214,000"
2352,佳世達          ,"2,209,000","828,000","1,381,000",0,0,0,"134,011","45,373","88,638","-256,417","130,000","275,045","-145,045","51,628","163,000","-111,372","1,213,221"
"=""03022T""",金像電元大33售16,0,0,0,0,0,0,0,0,0,"1,204,000",0,0,0,"1,209,000","5,000","1,204,000","1,204,000"
1524,耿鼎            ,"12,838,000","11,758,600","1,079,400",0,0,0,0,0,0,"123,000","93,000",0,"93,000","30,000",0,"30,000","1,202,400"
9105,泰金寶-DR       ,"1,756,000","554,000","1,202,000",0,0,0,0,0,0,0,0,0,0,0,0,0,"1,202,000"
"=""061662""",名軒群益46購01  ,0,0,0,0,0,0,0,0,0,"1,199,000",0,0,0,"1,199,000",0,"1,199,000","1,199,000"
3711,日月光投控      ,"6,933,378","6,054,633","878,745",0,0,0,"893,000","558,863","334,137","-19,430","183,095","96,000","87,095","40,475","147,000","-106,525","1,193,452"
"=""045009""",智邦富邦57購03  ,0,0,0,0,0,0,0,0,0,"1,177,000",0,0,0,"1,177,000",0,"1,177,000","1,177,000"
1618,合機            ,"7,963,000","6,785,000","1,178,000",0,0,0,0,0,0,"-10,044","13,074","23,118","-10,044",0,0,0,"1,167,956"
"=""04790T""",華城永豐35售01  ,0,0,0,0,0,0,0,0,0,"1,165,000",0,0,0,"1,369,000","204,000","1,165,000","1,165,000"
"=""08991U""",金像電元大33售12,0,0,0,0,0,0,0,0,0,"1,160,000",0,0,0,"1,170,000","10,000","1,160,000","1,160,000"
2385,群光            ,"3,664,005","2,338,899","1,325,106",0,0,0,"216,000","315,228","-99,228","-73,030","76,000","106,230","-30,230","2,200","45,000","-42,800","1,152,848"
"=""054871""",萬海元大44購17  ,0,0,0,0,0,0,0,0,0,"1,140,000",0,0,0,"1,150,000","10,000","1,140,000","1,140,000"
1907,永豐餘          ,"2,942,000","1,831,000","1,111,000",0,0,0,0,0,0,"22,000","47,000","4,000","43,000","4,000","25,000","-21,000","1,133,000"
"=""048789""",晶心科統一4C購02,0,0,0,0,0,0,0,0,0,"1,132,000",0,0,0,"1,271,000","139,000","1,132,000","1,132,000"
"=""061294""",天虹永豐47購01  ,0,0,0,0,0,0,0,0,0,"1,132,000",0,0,0,"1,133,000","1,000","1,132,000","1,132,000"
"=""04203T""",晟銘電元富35售03,0,0,0,0,0,0,0,0,0,"1,123,000",0,0,0,"1,123,000",0,"1,123,000","1,123,000"
"=""049576""",台積電永豐49購05,0,0,0,0,0,0,0,0,0,"1,105,000",0,0,0,"1,181,000","76,000","1,105,000","1,105,000"
2027,大成鋼          ,"1,822,000","662,000","1,160,000",0,0,0,0,"68,000","-68,000","12,608","60,931","11,561","49,370","1,238","38,000","-36,762","1,104,608"
"=""08483U""",飛宏元大31售10  ,0,0,0,0,0,0,0,0,0,"1,094,000",0,0,0,"1,094,000",0,"1,094,000","1,094,000"
"=""068808""",佳能國票4A購01  ,0,0,0,0,0,0,0,0,0,"1,080,000",0,0,0,"1,080,000",0,"1,080,000","1,080,000"
"=""050605""",上緯控元大43購01,0,0,0,0,0,0,0,0,0,"1,077,000",0,0,0,"1,517,000","440,000","1,077,000","1,077,000"
3622,洋華            ,"1,102,000","327,000","775,000",0,0,0,"279,000",0,"279,000",433,435,"3,002","-2,567","3,000",0,"3,000","1,054,433"
"=""00923""",群益台ESG低碳50 ,"89,008","110,000","-20,992",0,0,0,0,0,0,"1,043,671",0,0,0,"3,019,790","1,976,119","1,043,671","1,022,679"
"=""059760""",聯詠元大45購04  ,0,0,0,0,0,0,0,0,0,"1,013,000",0,0,0,"1,280,000","267,000","1,013,000","1,013,000"
"=""03936T""",訊芯元大34售11  ,0,0,0,0,0,0,0,0,0,"1,012,000",0,0,0,"1,025,000","13,000","1,012,000","1,012,000"
"=""053722""",欣興群益44購04  ,0,0,0,0,0,0,0,0,0,"1,000,000",0,0,0,"1,000,000",0,"1,000,000","1,000,000"
"=""044810""",一詮永豐56購01  ,0,0,0,0,0,0,0,0,0,"999,000",0,0,0,"999,000",0,"999,000","999,000"
"=""08804U""",國巨群益32售05  ,0,0,0,0,0,0,0,0,0,"998,000",0,0,0,"998,000",0,"998,000","998,000"
"=""047687""",美債2X元大4B購01,0,0,0,0,0,0,0,0,0,"998,000",0,0,0,"999,000","1,000","998,000","998,000"
"=""063266""",世芯台新46購04  ,0,0,0,0,0,0,0,0,0,"998,000",0,0,0,"998,000",0,"998,000","998,000"
"=""047287""",世芯國票43購03  ,0,0,0,0,0,0,0,0,0,"991,000",0,0,0,"992,000","1,000","991,000","991,000"
"=""045572""",同欣電凱基55購02,0,0,0,0,0,0,0,0,0,"985,000",0,0,0,"1,185,000","200,000","985,000","985,000"
"=""069026""",上銀永豐4B購02  ,0,0,0,0,0,0,0,0,0,"976,000",0,0,0,"1,036,000","60,000","976,000","976,000"
"=""056443""",智原統一4B購03  ,0,0,0,0,0,0,0,0,0,"976,000",0,0,0,"986,000","10,000","976,000","976,000"
"=""059018""",漢唐台新45購01  ,0,0,0,0,0,0,0,0,0,"975,000",0,0,0,"1,158,000","183,000","975,000","975,000"
"=""061976""",華航凱基46購03  ,0,0,0,0,0,0,0,0,0,"966,000",0,0,0,"988,000","22,000","966,000","966,000"
"=""056691""",威盛元大45購07  ,0,0,0,0,0,0,0,0,0,"964,000",0,0,0,"964,000",0,"964,000","964,000"
"=""051175""",長榮航國泰45購06,0,0,0,0,0,0,0,0,0,"959,000",0,0,0,"959,000",0,"959,000","959,000"
"=""052263""",道瓊銀元富49購02,0,0,0,0,0,0,0,0,0,"958,000",0,0,0,"958,000",0,"958,000","958,000"
"=""063663""",玉晶光元大46購03,0,0,0,0,0,0,0,0,0,"956,000",0,0,0,"1,181,000","225,000","956,000","956,000"
"=""059278""",大立光永豐46購01,0,0,0,0,0,0,0,0,0,"948,000",0,0,0,"989,000","41,000","948,000","948,000"
"=""051464""",致茂元大43購04  ,0,0,0,0,0,0,0,0,0,"938,000",0,0,0,"1,187,000","249,000","938,000","938,000"
"=""046798""",台灣50富邦42購18,0,0,0,0,0,0,0,0,0,"937,000",0,0,0,"998,000","61,000","937,000","937,000"
"=""058463""",元日2X國票48購02,0,0,0,0,0,0,0,0,0,"936,000",0,0,0,"999,000","63,000","936,000","936,000"
"=""055094""",中砂元大48購01  ,0,0,0,0,0,0,0,0,0,"935,000",0,0,0,"935,000",0,"935,000","935,000"
"=""04007T""",晟銘電群益36售02,0,0,0,0,0,0,0,0,0,"934,000",0,0,0,"936,000","2,000","934,000","934,000"
"=""068786""",亞力統一3C購01  ,0,0,0,0,0,0,0,0,0,"931,000",0,0,0,"1,030,000","99,000","931,000","931,000"
2206,三陽工業        ,"1,297,000","474,000","823,000",0,0,0,0,0,0,"105,495","12,495",0,"12,495","97,000","4,000","93,000","928,495"
"=""063785""",振樺電元富46購01,0,0,0,0,0,0,0,0,0,"926,000",0,0,0,"1,121,000","195,000","926,000","926,000"
"=""064302""",神達元大46購11  ,0,0,0,0,0,0,0,0,0,"926,000",0,0,0,"1,472,000","546,000","926,000","926,000"
"=""00936""",台新永續高息中小,"861,000","388,000","473,000",0,0,0,0,0,0,"450,843",0,0,0,"2,913,050","2,462,207","450,843","923,843"
"=""00894""",中信小資高價30  ,"47,000","11,060","35,940",0,0,0,0,0,0,"871,473",0,0,0,"1,025,473","154,000","871,473","907,413"
"=""046652""",景碩群益44購03  ,0,0,0,0,0,0,0,0,0,"903,000",0,0,0,"913,000","10,000","903,000","903,000"
"=""060710""",和大群益47購02  ,0,0,0,0,0,0,0,0,0,"902,000",0,0,0,"910,000","8,000","902,000","902,000"
"=""00895""",富邦未來車      ,"138,000","10,000","128,000",0,0,0,0,0,0,"757,950",0,0,0,"813,219","55,269","757,950","885,950"
"=""052612""",臺股指元大49購05,0,0,0,0,0,0,0,0,0,"882,000",0,0,0,"883,000","1,000","882,000","882,000"
"=""059211""",鴻海富邦45購05  ,0,0,0,0,0,0,0,0,0,"876,000",0,0,0,"908,000","32,000","876,000","876,000"
"=""057675""",神達統一4C購01  ,0,0,0,0,0,0,0,0,0,"874,000",0,0,0,"998,000","124,000","874,000","874,000"
"=""065999""",鴻海群益47購15  ,0,0,0,0,0,0,0,0,0,"873,000",0,0,0,"873,000",0,"873,000","873,000"
2105,正新            ,"5,073,000","5,123,650","-50,650",0,0,0,"1,136,000",0,"1,136,000","-215,594","30,000","247,594","-217,594","3,000","1,000","2,000","869,756"
"=""059090""",智原元富46購01  ,0,0,0,0,0,0,0,0,0,"862,000",0,0,0,"862,000",0,"862,000","862,000"
"=""060786""",緯穎元大46購10  ,0,0,0,0,0,0,0,0,0,"857,000",0,0,0,"857,000",0,"857,000","857,000"
"=""051121""",川湖凱基43購08  ,0,0,0,0,0,0,0,0,0,"850,000",0,0,0,"850,000",0,"850,000","850,000"
"=""054799""",雲豹凱基44購01  ,0,0,0,0,0,0,0,0,0,"849,000",0,0,0,"884,000","35,000","849,000","849,000"
"=""068107""",全新元富48購01  ,0,0,0,0,0,0,0,0,0,"844,000",0,0,0,"1,320,000","476,000","844,000","844,000"
"=""064127""",新日興群益46購04,0,0,0,0,0,0,0,0,0,"843,000",0,0,0,"843,000",0,"843,000","843,000"
"=""069333""",東陽凱基48購02  ,0,0,0,0,0,0,0,0,0,"837,000",0,0,0,"841,000","4,000","837,000","837,000"
"=""061012""",緯穎群益46購11  ,0,0,0,0,0,0,0,0,0,"836,000",0,0,0,"986,000","150,000","836,000","836,000"
"=""03165T""",矽力元大34售04  ,0,0,0,0,0,0,0,0,0,"835,000",0,0,0,"845,000","10,000","835,000","835,000"
"=""057988""",新光鋼富邦45購01,0,0,0,0,0,0,0,0,0,"829,000",0,0,0,"864,000","35,000","829,000","829,000"
"=""052042""",楠梓電凱基43購01,0,0,0,0,0,0,0,0,0,"828,000",0,0,0,"1,028,000","200,000","828,000","828,000"
"=""065736""",日電貿元大47購01,0,0,0,0,0,0,0,0,0,"826,000",0,0,0,"828,000","2,000","826,000","826,000"
"=""04162T""",華城國票36售01  ,0,0,0,0,0,0,0,0,0,"824,000",0,0,0,"869,000","45,000","824,000","824,000"
"=""03967T""",晟銘電元大34售05,0,0,0,0,0,0,0,0,0,"823,000",0,0,0,"828,000","5,000","823,000","823,000"
"=""069198""",華航統一3C購02  ,0,0,0,0,0,0,0,0,0,"821,000",0,0,0,"823,000","2,000","821,000","821,000"
"=""08597U""",世紀鋼群益32售03,0,0,0,0,0,0,0,0,0,"820,000",0,0,0,"820,000",0,"820,000","820,000"
2409,友達            ,"7,190,000","6,119,168","1,070,832",0,0,0,0,"37,870","-37,870","-213,000","2,000","154,000","-152,000","206,000","267,000","-61,000","819,962"
2404,漢唐            ,"808,000","177,000","631,000",0,0,0,"22,000",0,"22,000","164,345","81,400","14,000","67,400","100,945","4,000","96,945","817,345"
"=""054760""",毅嘉永豐45購02  ,0,0,0,0,0,0,0,0,0,"816,000",0,0,0,"816,000",0,"816,000","816,000"
1504,東元            ,"4,272,000","3,431,000","841,000",0,0,0,0,0,0,"-29,000","5,000","20,000","-15,000","8,000","22,000","-14,000","812,000"
"=""057850""",威盛凱基47購01  ,0,0,0,0,0,0,0,0,0,"811,000",0,0,0,"881,000","70,000","811,000","811,000"
"=""068695""",台積電凱基4A購17,0,0,0,0,0,0,0,0,0,"808,000",0,0,0,"810,000","2,000","808,000","808,000"
"=""00903""",富邦元宇宙      ,"182,000","24,000","158,000",0,0,0,0,0,0,"647,643",0,0,0,"1,036,036","388,393","647,643","805,643"
"=""039894""",愛普凱基54購06  ,0,0,0,0,0,0,0,0,0,"799,000",0,0,0,"799,000",0,"799,000","799,000"
6139,亞翔            ,"1,520,000","1,008,395","511,605",0,0,0,0,0,0,"278,757","7,000","10,743","-3,743","302,500","20,000","282,500","790,362"
"=""058396""",南亞科中信45購01,0,0,0,0,0,0,0,0,0,"788,000",0,0,0,"846,000","58,000","788,000","788,000"
"=""058034""",保瑞凱基47購01  ,0,0,0,0,0,0,0,0,0,"788,000",0,0,0,"847,000","59,000","788,000","788,000"
"=""07220U""",臺股指群益55售25,0,0,0,0,0,0,0,0,0,"785,000",0,0,0,"848,000","63,000","785,000","785,000"
"=""067481""",晶心科凱基47購02,0,0,0,0,0,0,0,0,0,"784,000",0,0,0,"784,000",0,"784,000","784,000"
"=""08462U""",台積電群益31售08,0,0,0,0,0,0,0,0,0,"783,000",0,0,0,"953,000","170,000","783,000","783,000"
"=""03691T""",元債2X元大37售01,0,0,0,0,0,0,0,0,0,"781,000",0,0,0,"781,000",0,"781,000","781,000"
"=""058942""",世芯群益45購15  ,0,0,0,0,0,0,0,0,0,"771,000",0,0,0,"912,000","141,000","771,000","771,000"
"=""064588""",國巨中信47購01  ,0,0,0,0,0,0,0,0,0,"770,000",0,0,0,"778,000","8,000","770,000","770,000"
"=""059242""",東鹼凱基45購01  ,0,0,0,0,0,0,0,0,0,"765,000",0,0,0,"765,000",0,"765,000","765,000"
8110,華東            ,"995,000","237,000","758,000",0,0,0,0,0,0,"4,904","6,002","1,098","4,904",0,0,0,"762,904"
"=""04760T""",華城元大35售15  ,0,0,0,0,0,0,0,0,0,"761,000",0,0,0,"888,000","127,000","761,000","761,000"
"=""04006T""",晟銘電群益34售02,0,0,0,0,0,0,0,0,0,"759,000",0,0,0,"759,000",0,"759,000","759,000"
"=""052340""",萬海中信46購01  ,0,0,0,0,0,0,0,0,0,"758,000",0,0,0,"1,036,000","278,000","758,000","758,000"
3596,智易            ,"1,336,008","717,010","618,998",0,0,0,0,908,-908,"138,727","96,001",0,"96,001","44,726","2,000","42,726","756,817"
4164,承業醫          ,"873,000","160,000","713,000",0,0,0,0,0,0,"41,510",0,"22,304","-22,304","79,814","16,000","63,814","754,510"
"=""041187""",台積電富邦54購06,0,0,0,0,0,0,0,0,0,"750,000",0,0,0,"750,000",0,"750,000","750,000"
"=""04223T""",華城群益35售05  ,"3,000",0,"3,000",0,0,0,0,0,0,"745,000",0,0,0,"782,000","37,000","745,000","748,000"
"=""065874""",精成科台新47購02,0,0,0,0,0,0,0,0,0,"748,000",0,0,0,"749,000","1,000","748,000","748,000"
"=""063501""",洋基兆豐48購02  ,0,0,0,0,0,0,0,0,0,"743,000",0,0,0,"766,000","23,000","743,000","743,000"
8046,南電            ,"1,193,003","427,462","765,541",0,0,0,"88,000","1,000","87,000","-111,033","46,300","119,100","-72,800","19,162","57,395","-38,233","741,508"
8150,南茂            ,"1,374,000","901,000","473,000",0,0,0,"286,000","7,890","278,110","-16,556","13,000","18,556","-5,556","12,000","23,000","-11,000","734,554"
"=""065279""",玉晶光永豐4A購01,0,0,0,0,0,0,0,0,0,"732,000",0,0,0,"763,000","31,000","732,000","732,000"
"=""052045""",亞光凱基46購02  ,0,0,0,0,0,0,0,0,0,"732,000",0,0,0,"832,000","100,000","732,000","732,000"
"=""067735""",台化群益4B購01  ,0,0,0,0,0,0,0,0,0,"730,000",0,0,0,"832,000","102,000","730,000","730,000"
"=""055158""",建準台新44購01  ,0,0,0,0,0,0,0,0,0,"729,000",0,0,0,"739,000","10,000","729,000","729,000"
"=""047114""",文曄統一47購01  ,0,0,0,0,0,0,0,0,0,"728,000",0,0,0,"1,359,000","631,000","728,000","728,000"
"=""065116""",永豐金中信47購01,0,0,0,0,0,0,0,0,0,"727,000",0,0,0,"727,000",0,"727,000","727,000"
"=""052044""",萬海凱基43購11  ,0,0,0,0,0,0,0,0,0,"718,000",0,0,0,"725,000","7,000","718,000","718,000"
9919,康那香          ,"715,000","1,000","714,000",0,0,0,0,0,0,0,0,0,0,0,0,0,"714,000"
9933,中鼎            ,"1,367,000","647,000","720,000",0,0,0,0,0,0,"-7,000","16,000","23,000","-7,000",0,0,0,"713,000"
"=""060926""",川湖凱基49購01  ,0,0,0,0,0,0,0,0,0,"710,000",0,0,0,"931,000","221,000","710,000","710,000"
"=""033276""",智邦元大54購10  ,0,0,0,0,0,0,0,0,0,"709,000",0,0,0,"750,000","41,000","709,000","709,000"
"=""037828""",可寧衛群益55購01,0,0,0,0,0,0,0,0,0,"707,000",0,0,0,"717,000","10,000","707,000","707,000"
"=""00905""",FT臺灣Smart     ,"14,000",0,"14,000",0,0,0,0,0,0,"692,979",0,0,0,"1,002,000","309,021","692,979","706,979"
"=""055357""",定穎控元富44購02,0,0,0,0,0,0,0,0,0,"699,000",0,0,0,"699,000",0,"699,000","699,000"
"=""051490""",世紀鋼元大43購11,0,0,0,0,0,0,0,0,0,"699,000",0,0,0,"700,000","1,000","699,000","699,000"
"=""00676R""",富邦臺灣加權反1 ,0,0,0,0,0,0,0,0,0,"695,000",0,0,0,"1,136,000","441,000","695,000","695,000"
6116,彩晶            ,"1,087,000","390,000","697,000",0,0,0,0,0,0,"-4,286","6,000","10,286","-4,286",0,0,0,"692,714"
"=""059477""",精英國票46購01  ,0,0,0,0,0,0,0,0,0,"689,000",0,0,0,"709,000","20,000","689,000","689,000"
"=""058950""",緯穎群益45購15  ,0,0,0,0,0,0,0,0,0,"688,000",0,0,0,"708,000","20,000","688,000","688,000"
"=""056262""",新唐元大44購03  ,0,0,0,0,0,0,0,0,0,"687,000",0,0,0,"691,000","4,000","687,000","687,000"
"=""04262T""",創意元大35售10  ,0,0,0,0,0,0,0,0,0,"686,000",0,0,0,"805,000","119,000","686,000","686,000"
3036,文曄            ,"2,501,000","1,874,000","627,000",0,0,0,"27,000","3,000","24,000","32,860","114,747","81,287","33,460","29,400","30,000",-600,"683,860"
"=""054240""",台積電國泰46購08,0,0,0,0,0,0,0,0,0,"680,000",0,0,0,"1,354,000","674,000","680,000","680,000"
"=""064295""",華晶科元大46購01,0,0,0,0,0,0,0,0,0,"678,000",0,0,0,"678,000",0,"678,000","678,000"
"=""062197""",世芯永豐4A購03  ,0,0,0,0,0,0,0,0,0,"677,000",0,0,0,"756,000","79,000","677,000","677,000"
"=""046967""",日月光元富42購02,0,0,0,0,0,0,0,0,0,"672,000",0,0,0,"964,000","292,000","672,000","672,000"
"=""067127""",台化國票48購01  ,0,0,0,0,0,0,0,0,0,"669,000",0,0,0,"704,000","35,000","669,000","669,000"
"=""03968T""",晟銘電元大34售06,0,0,0,0,0,0,0,0,0,"668,000",0,0,0,"669,000","1,000","668,000","668,000"
2377,微星            ,"2,254,634","1,613,886","640,748",0,0,0,"1,000","17,868","-16,868","43,852","70,000","37,896","32,104","42,800","31,052","11,748","667,732"
"=""00897""",富邦基因免疫生技,"562,000","12,000","550,000",0,0,0,0,0,0,"115,980",0,0,0,"528,000","412,020","115,980","665,980"
"=""048686""",怡利電凱基44購01,0,0,0,0,0,0,0,0,0,"662,000",0,0,0,"676,000","14,000","662,000","662,000"
"=""060123""",聯電群益48購01  ,0,0,0,0,0,0,0,0,0,"660,000",0,0,0,"770,000","110,000","660,000","660,000"
"=""08255U""",金像電元富34售02,0,0,0,0,0,0,0,0,0,"658,000",0,0,0,"698,000","40,000","658,000","658,000"
2633,台灣高鐵        ,"890,000","198,398","691,602",0,0,0,0,"18,038","-18,038","-16,000",0,0,0,0,"16,000","-16,000","657,564"
2347,聯強            ,"1,592,000","1,101,444","490,556",0,0,0,"94,000","2,222","91,778","66,000","99,000","15,000","84,000","4,000","22,000","-18,000","648,334"
"=""051174""",陽明國泰45購05  ,0,0,0,0,0,0,0,0,0,"641,000",0,0,0,"733,000","92,000","641,000","641,000"
"=""061799""",川湖凱基48購02  ,0,0,0,0,0,0,0,0,0,"641,000",0,0,0,"686,000","45,000","641,000","641,000"
"=""058699""",新興國票46購01  ,0,0,0,0,0,0,0,0,0,"640,000",0,0,0,"640,000",0,"640,000","640,000"
"=""041631""",康舒第一54購01  ,0,0,0,0,0,0,0,0,0,"640,000",0,0,0,"700,000","60,000","640,000","640,000"
"=""045400""",漢唐群益55購05  ,0,0,0,0,0,0,0,0,0,"639,000",0,0,0,"639,000",0,"639,000","639,000"
"=""038625""",國泰金統一48購01,0,0,0,0,0,0,0,0,0,"638,000",0,0,0,"638,000",0,"638,000","638,000"
2816,旺旺保          ,"3,321,000","2,533,000","788,000",0,0,0,0,0,0,"-153,652","30,000","183,652","-153,652",0,0,0,"634,348"
"=""00932""",兆豐永續高息等權,"53,000","100,000","-47,000",0,0,0,0,0,0,"679,970",0,0,0,"1,020,378","340,408","679,970","632,970"
"=""055960""",川湖國票46購01  ,0,0,0,0,0,0,0,0,0,"628,000",0,0,0,"868,000","240,000","628,000","628,000"
3338,泰碩            ,"484,000","246,000","238,000",0,0,0,"388,000",0,"388,000",344,"1,181",837,344,0,0,0,"626,344"
"=""051193""",欣興群益45購02  ,0,0,0,0,0,0,0,0,0,"626,000",0,0,0,"626,000",0,"626,000","626,000"
"=""060980""",中502X群益46購02,0,0,0,0,0,0,0,0,0,"626,000",0,0,0,"652,000","26,000","626,000","626,000"
"=""046600""",臺股指凱基43購68,0,0,0,0,0,0,0,0,0,"622,000",0,0,0,"625,000","3,000","622,000","622,000"
"=""062771""",亞光群益4A購01  ,0,0,0,0,0,0,0,0,0,"620,000",0,0,0,"643,000","23,000","620,000","620,000"
"=""068110""",創意元富47購02  ,0,0,0,0,0,0,0,0,0,"620,000",0,0,0,"620,000",0,"620,000","620,000"
"=""045968""",盟立統一52購01  ,0,0,0,0,0,0,0,0,0,"614,000",0,0,0,"634,000","20,000","614,000","614,000"
"=""063487""",陽明富邦47購04  ,0,0,0,0,0,0,0,0,0,"613,000",0,0,0,"633,000","20,000","613,000","613,000"
"=""066154""",同欣電統一51購03,0,0,0,0,0,0,0,0,0,"611,000",0,0,0,"611,000",0,"611,000","611,000"
"=""059973""",大同元大45購03  ,0,0,0,0,0,0,0,0,0,"610,000",0,0,0,"1,100,000","490,000","610,000","610,000"
"=""062139""",T50反1富邦47購01,0,0,0,0,0,0,0,0,0,"610,000",0,0,0,"610,000",0,"610,000","610,000"
"=""043728""",至上元大58購02  ,0,0,0,0,0,0,0,0,0,"610,000",0,0,0,"610,000",0,"610,000","610,000"
"=""03940T""",奇鋐國票34售04  ,0,0,0,0,0,0,0,0,0,"609,000",0,0,0,"634,000","25,000","609,000","609,000"
"=""052247""",長榮國泰46購01  ,0,0,0,0,0,0,0,0,0,"609,000",0,0,0,"837,000","228,000","609,000","609,000"
"=""054490""",神達元大44購01  ,0,0,0,0,0,0,0,0,0,"608,000",0,0,0,"712,000","104,000","608,000","608,000"
6257,矽格            ,"495,000","386,000","109,000",0,0,0,"453,000","2,569","450,431","48,000","58,000","44,000","14,000","35,000","1,000","34,000","607,431"
"=""036999""",創意元大54購11  ,0,0,0,0,0,0,0,0,0,"600,000",0,0,0,"600,000",0,"600,000","600,000"
"=""062370""",T50反1凱基46購07,0,0,0,0,0,0,0,0,0,"598,000",0,0,0,"600,000","2,000","598,000","598,000"
"=""00901""",永豐智能車供應鏈,0,0,0,0,0,0,0,0,0,"593,646",0,0,0,"1,130,450","536,804","593,646","593,646"
"=""00922""",國泰台灣領袖50  ,"33,340","76,000","-42,660",0,0,0,0,0,0,"634,154",0,0,0,"1,314,637","680,483","634,154","591,494"
"=""00921""",兆豐龍頭等權重  ,"44,000","1,000","43,000",0,0,0,0,0,0,"544,302",0,0,0,"818,000","273,698","544,302","587,302"
6239,力成            ,"1,383,000","1,039,000","344,000",0,0,0,"364,000","36,888","327,112","-86,736","77,754","109,490","-31,736","11,000","66,000","-55,000","584,376"
1449,佳和            ,"914,000","327,000","587,000",0,0,0,0,0,0,"-3,000","4,000","7,000","-3,000",0,0,0,"584,000"
6176,瑞儀            ,"965,006","576,000","389,006",0,0,0,"159,000","1,223","157,777","37,041","84,763","40,000","44,763","39,278","47,000","-7,722","583,824"
"=""058691""",台積電國票46購03,0,0,0,0,0,0,0,0,0,"581,000",0,0,0,"652,000","71,000","581,000","581,000"
"=""048742""",聯詠兆豐48購01  ,0,0,0,0,0,0,0,0,0,"580,000",0,0,0,"842,000","262,000","580,000","580,000"
"=""063722""",京元電中信47購01,0,0,0,0,0,0,0,0,0,"575,000",0,0,0,"620,000","45,000","575,000","575,000"
"=""062898""",祥碩台新46購01  ,0,0,0,0,0,0,0,0,0,"573,000",0,0,0,"583,000","10,000","573,000","573,000"
"=""067868""",滬深2X群益47購09,0,0,0,0,0,0,0,0,0,"572,000",0,0,0,"617,000","45,000","572,000","572,000"
"=""055795""",穎崴永豐45購01  ,0,0,0,0,0,0,0,0,0,"570,000",0,0,0,"574,000","4,000","570,000","570,000"
1216,統一            ,"6,259,011","5,610,613","648,398",0,0,0,0,"65,000","-65,000","-15,000","2,000",0,"2,000",0,"17,000","-17,000","568,398"
"=""060456""",緯創群益46購03  ,0,0,0,0,0,0,0,0,0,"568,000",0,0,0,"1,018,000","450,000","568,000","568,000"
"=""03907T""",臺股指群益36售24,0,0,0,0,0,0,0,0,0,"568,000",0,0,0,"661,000","93,000","568,000","568,000"
8261,富鼎            ,"669,000","727,000","-58,000",0,0,0,"137,000",0,"137,000","488,583",0,0,0,"491,617","3,034","488,583","567,583"
"=""066189""",聯發科永豐48購03,0,0,0,0,0,0,0,0,0,"567,000",0,0,0,"1,011,000","444,000","567,000","567,000"
"=""065174""",SP黃豆凱基49購01,0,0,0,0,0,0,0,0,0,"565,000",0,0,0,"1,324,000","759,000","565,000","565,000"
2356,英業達          ,"10,081,500","9,531,236","550,264",0,0,0,0,0,0,"12,740","282,000","231,369","50,631","124,000","161,891","-37,891","563,004"
"=""060026""",正崴元富4C購01  ,0,0,0,0,0,0,0,0,0,"563,000",0,0,0,"563,000",0,"563,000","563,000"
"=""061581""",世紀鋼凱基47購04,0,0,0,0,0,0,0,0,0,"561,000",0,0,0,"595,000","34,000","561,000","561,000"
"=""055566""",道瓊銅元富44購01,0,0,0,0,0,0,0,0,0,"559,000",0,0,0,"559,000",0,"559,000","559,000"
"=""051983""",京鼎元大43購08  ,0,0,0,0,0,0,0,0,0,"558,000",0,0,0,"673,000","115,000","558,000","558,000"
"=""00640L""",富邦日本正2     ,"9,000","32,000","-23,000",0,0,0,0,0,0,"580,087",0,0,0,"814,241","234,154","580,087","557,087"
"=""03214T""",創意凱基34售04  ,0,0,0,0,0,0,0,0,0,"557,000",0,0,0,"557,000",0,"557,000","557,000"
2374,佳能            ,"840,000","303,000","537,000",0,0,0,0,0,0,"19,866","20,000",134,"19,866",0,0,0,"556,866"
"=""04622T""",華城元大35售14  ,0,0,0,0,0,0,0,0,0,"556,000",0,0,0,"736,000","180,000","556,000","556,000"
"=""067037""",鴻準永豐51購01  ,0,0,0,0,0,0,0,0,0,"555,000",0,0,0,"562,000","7,000","555,000","555,000"
"=""057588""",神達群益46購01  ,0,0,0,0,0,0,0,0,0,"553,000",0,0,0,"755,000","202,000","553,000","553,000"
"=""00907""",永豐優息存股    ,0,"2,000","-2,000",0,0,0,0,0,0,"554,756",0,0,0,"1,282,000","727,244","554,756","552,756"
"=""051905""",台積電國泰45購18,0,0,0,0,0,0,0,0,0,"552,000",0,0,0,"655,000","103,000","552,000","552,000"
"=""068467""",聯發科群益48購05,0,0,0,0,0,0,0,0,0,"550,000",0,0,0,"605,000","55,000","550,000","550,000"
2211,長榮鋼          ,"1,009,000","468,000","541,000",0,0,0,"4,000","2,139","1,861","7,017","27,000","3,983","23,017",0,"16,000","-16,000","549,878"
"=""063108""",迅得中信47購01  ,0,0,0,0,0,0,0,0,0,"546,000",0,0,0,"681,000","135,000","546,000","546,000"
"=""054174""",十銓國票44購02  ,0,0,0,0,0,0,0,0,0,"544,000",0,0,0,"579,000","35,000","544,000","544,000"
"=""047380""",豐藝凱基45購01  ,0,0,0,0,0,0,0,0,0,"543,000",0,0,0,"543,000",0,"543,000","543,000"
"=""066377""",聯發科統一3B購04,0,0,0,0,0,0,0,0,0,"543,000",0,0,0,"570,000","27,000","543,000","543,000"
"=""047320""",亞光元大44購02  ,0,0,0,0,0,0,0,0,0,"540,000",0,0,0,"590,000","50,000","540,000","540,000"
"=""058058""",宏達電國票5B購01,0,0,0,0,0,0,0,0,0,"540,000",0,0,0,"620,000","80,000","540,000","540,000"
"=""08954U""",元金2X國票33售01,0,0,0,0,0,0,0,0,0,"538,000",0,0,0,"538,000",0,"538,000","538,000"
"=""053926""",台積電國泰46購06,0,0,0,0,0,0,0,0,0,"536,000",0,0,0,"596,000","60,000","536,000","536,000"
"=""058987""",奇鋐國票46購03  ,0,0,0,0,0,0,0,0,0,"536,000",0,0,0,"661,000","125,000","536,000","536,000"
"=""00924""",復華S&P500成長  ,"450,560",0,"450,560",0,0,0,0,0,0,"84,480",0,0,0,"489,999","405,519","84,480","535,040"
"=""041073""",康舒元大54購07  ,0,0,0,0,0,0,0,0,0,"535,000",0,0,0,"618,000","83,000","535,000","535,000"
"=""055421""",中興電永豐44購02,0,0,0,0,0,0,0,0,0,"534,000",0,0,0,"644,000","110,000","534,000","534,000"
"=""00690""",兆豐藍籌30      ,"28,000","8,097","19,903",0,0,0,0,0,0,"511,931",0,0,0,"729,709","217,778","511,931","531,834"
2359,所羅門          ,"1,366,000","828,000","538,000",0,0,0,0,0,0,"-9,281","2,010","11,291","-9,281",0,0,0,"528,719"
"=""051209""",友達元富47購01  ,0,0,0,0,0,0,0,0,0,"528,000",0,0,0,"528,000",0,"528,000","528,000"
"=""04434T""",台積電凱基35售34,0,0,0,0,0,0,0,0,0,"527,000",0,0,0,"527,000",0,"527,000","527,000"
"=""04269T""",台積電凱基35售25,0,0,0,0,0,0,0,0,0,"527,000",0,0,0,"527,000",0,"527,000","527,000"
6197,佳必琪          ,"774,000","249,000","525,000",0,0,0,0,0,0,4,"1,004","1,000",4,0,0,0,"525,004"
2208,台船            ,"773,000","235,000","538,000",0,0,0,0,0,0,"-14,818","4,000","18,818","-14,818",0,0,0,"523,182"
"=""057989""",新光鋼富邦47購01,0,0,0,0,0,0,0,0,0,"523,000",0,0,0,"536,000","13,000","523,000","523,000"
2379,瑞昱            ,"1,296,000","853,994","442,006",0,0,0,"94,000","26,995","67,005","12,756","52,163","29,000","23,163","34,845","45,252","-10,407","521,767"
"=""00904""",新光臺灣半導體30,"70,000","31,000","39,000",0,0,0,0,0,0,"482,191",0,0,0,"534,000","51,809","482,191","521,191"
"=""03374T""",台積電國泰35售02,0,0,0,0,0,0,0,0,0,"520,000",0,0,0,"524,000","4,000","520,000","520,000"
"=""052502""",世芯永豐46購04  ,0,0,0,0,0,0,0,0,0,"519,000",0,0,0,"529,000","10,000","519,000","519,000"
"=""052244""",台積電國泰46購02,0,0,0,0,0,0,0,0,0,"517,000",0,0,0,"840,000","323,000","517,000","517,000"
"=""060624""",一詮國票48購03  ,0,0,0,0,0,0,0,0,0,"517,000",0,0,0,"532,000","15,000","517,000","517,000"
"=""067061""",台積電群益47購37,0,0,0,0,0,0,0,0,0,"516,000",0,0,0,"546,000","30,000","516,000","516,000"
"=""043817""",至上永豐55購03  ,0,0,0,0,0,0,0,0,0,"516,000",0,0,0,"764,000","248,000","516,000","516,000"
"=""061040""",陽明元大46購07  ,0,0,0,0,0,0,0,0,0,"515,000",0,0,0,"515,000",0,"515,000","515,000"
"=""050544""",致茂凱基43購02  ,0,0,0,0,0,0,0,0,0,"513,000",0,0,0,"513,000",0,"513,000","513,000"
2449,京元電子        ,"5,032,448","4,484,831","547,617",0,0,0,"147,000","281,000","-134,000","96,959","216,000","129,041","86,959","58,000","48,000","10,000","510,576"
"=""048172""",亞翔群益42購08  ,0,0,0,0,0,0,0,0,0,"510,000",0,0,0,"510,000",0,"510,000","510,000"
"=""065508""",遠雄永豐47購01  ,0,0,0,0,0,0,0,0,0,"509,000",0,0,0,"928,000","419,000","509,000","509,000"
"=""056247""",威盛元大44購25  ,0,0,0,0,0,0,0,0,0,"507,000",0,0,0,"565,000","58,000","507,000","507,000"
"=""060128""",瑞昱群益46購01  ,0,0,0,0,0,0,0,0,0,"503,000",0,0,0,"503,000",0,"503,000","503,000"
"=""063014""",玉晶光群益46購03,0,0,0,0,0,0,0,0,0,"501,000",0,0,0,"540,000","39,000","501,000","501,000"
"=""05620U""",世芯凱基55售04  ,0,0,0,0,0,0,0,0,0,"500,000",0,0,0,"500,000",0,"500,000","500,000"
"=""064140""",宏全群益47購01  ,0,0,0,0,0,0,0,0,0,"500,000",0,0,0,"500,000",0,"500,000","500,000"
"=""08014U""",永豐餘元大31售02,0,0,0,0,0,0,0,0,0,"500,000",0,0,0,"500,000",0,"500,000","500,000"
"=""08005U""",緯創群益31售08  ,0,0,0,0,0,0,0,0,0,"499,000",0,0,0,"499,000",0,"499,000","499,000"
"=""047178""",台積電元大43購61,0,0,0,0,0,0,0,0,0,"499,000",0,0,0,"499,000",0,"499,000","499,000"
"=""052266""",台化元富49購01  ,"499,000",0,"499,000",0,0,0,0,0,0,0,0,0,0,0,0,0,"499,000"
"=""050530""",SGBR2X元富44購01,0,0,0,0,0,0,0,0,0,"499,000",0,0,0,"499,000",0,"499,000","499,000"
"=""048851""",世芯群益42購17  ,0,0,0,0,0,0,0,0,0,"499,000",0,0,0,"499,000",0,"499,000","499,000"
"=""061339""",長榮航凱基47購01,0,0,0,0,0,0,0,0,0,"498,000",0,0,0,"498,000",0,"498,000","498,000"
"=""052254""",世芯國泰46購01  ,0,0,0,0,0,0,0,0,0,"496,000",0,0,0,"496,000",0,"496,000","496,000"
"=""08033U""",永豐餘凱基31售01,0,0,0,0,0,0,0,0,0,"495,000",0,0,0,"495,000",0,"495,000","495,000"
"=""050742""",技嘉群益43購04  ,0,0,0,0,0,0,0,0,0,"493,000",0,0,0,"493,000",0,"493,000","493,000"
2504,國產            ,"965,000","486,000","479,000",0,0,0,0,0,0,"13,000","13,000",0,"13,000",0,0,0,"492,000"
"=""066994""",鴻海凱基47購20  ,0,0,0,0,0,0,0,0,0,"492,000",0,0,0,"626,000","134,000","492,000","492,000"
"=""056521""",佳必琪凱基45購02,0,0,0,0,0,0,0,0,0,"489,000",0,0,0,"499,000","10,000","489,000","489,000"
"=""066406""",晟銘電國票4B購01,0,0,0,0,0,0,0,0,0,"488,000",0,0,0,"705,000","217,000","488,000","488,000"
"=""055479""",台積電元大51購01,0,0,0,0,0,0,0,0,0,"487,000",0,0,0,"543,000","56,000","487,000","487,000"
"=""057515""",立積凱基45購02  ,0,0,0,0,0,0,0,0,0,"487,000",0,0,0,"564,000","77,000","487,000","487,000"
"=""064359""",和大永豐48購01  ,0,0,0,0,0,0,0,0,0,"486,000",0,0,0,"499,000","13,000","486,000","486,000"
"=""050874""",技嘉元大43購13  ,0,0,0,0,0,0,0,0,0,"484,000",0,0,0,"782,000","298,000","484,000","484,000"
6605,帝寶            ,"602,000","383,000","219,000",0,0,0,"198,000",0,"198,000","62,936","28,000","4,304","23,696","44,263","5,023","39,240","479,936"
"=""052500""",裕民永豐46購01  ,0,0,0,0,0,0,0,0,0,"479,000",0,0,0,"479,000",0,"479,000","479,000"
"=""064336""",長榮凱基46購18  ,0,0,0,0,0,0,0,0,0,"479,000",0,0,0,"479,000",0,"479,000","479,000"
"=""063228""",台積電元大48購08,0,0,0,0,0,0,0,0,0,"479,000",0,0,0,"479,000",0,"479,000","479,000"
"=""058127""",聯電群益4A購01  ,0,0,0,0,0,0,0,0,0,"478,000",0,0,0,"478,000",0,"478,000","478,000"
"=""038943""",定穎控凱基54購07,0,0,0,0,0,0,0,0,0,"478,000",0,0,0,"499,000","21,000","478,000","478,000"
"=""03360T""",祥碩元富33售03  ,0,0,0,0,0,0,0,0,0,"478,000",0,0,0,"560,000","82,000","478,000","478,000"
"=""051945""",香港2X永豐43購02,0,0,0,0,0,0,0,0,0,"477,000",0,0,0,"499,000","22,000","477,000","477,000"
"=""059379""",富鼎元大45購05  ,0,0,0,0,0,0,0,0,0,"476,000",0,0,0,"698,000","222,000","476,000","476,000"
"=""03983T""",技嘉群益34售22  ,0,0,0,0,0,0,0,0,0,"476,000",0,0,0,"476,000",0,"476,000","476,000"
"=""035020""",華通凱基54購01  ,0,0,0,0,0,0,0,0,0,"476,000",0,0,0,"494,000","18,000","476,000","476,000"
"=""068038""",奇鋐元大47購10  ,0,0,0,0,0,0,0,0,0,"474,000",0,0,0,"524,000","50,000","474,000","474,000"
"=""067848""",華邦電凱基47購02,0,0,0,0,0,0,0,0,0,"473,000",0,0,0,"473,000",0,"473,000","473,000"
3533,嘉澤            ,"1,104,000","627,304","476,696",0,0,0,"15,000","1,000","14,000","-18,380","13,000","17,000","-4,000","16,291","30,671","-14,380","472,316"
"=""059411""",臻鼎國泰47購01  ,0,0,0,0,0,0,0,0,0,"472,000",0,0,0,"491,000","19,000","472,000","472,000"
"=""068775""",德律國泰49購01  ,0,0,0,0,0,0,0,0,0,"471,000",0,0,0,"563,000","92,000","471,000","471,000"
"=""048444""",材料元大43購22  ,0,0,0,0,0,0,0,0,0,"470,000",0,0,0,"500,000","30,000","470,000","470,000"
"=""044508""",S&P正2凱基55購01,0,0,0,0,0,0,0,0,0,"467,000",0,0,0,"467,000",0,"467,000","467,000"
"=""059643""",中砂永豐46購02  ,0,0,0,0,0,0,0,0,0,"467,000",0,0,0,"482,000","15,000","467,000","467,000"
"=""046244""",新美齊國票43購01,0,0,0,0,0,0,0,0,0,"466,000",0,0,0,"500,000","34,000","466,000","466,000"
"=""045841""",創意元大43購07  ,0,0,0,0,0,0,0,0,0,"465,000",0,0,0,"476,000","11,000","465,000","465,000"
"=""00898""",國泰基因免疫革命,"6,000","23,000","-17,000",0,0,0,0,0,0,"481,750",0,0,0,"485,000","3,250","481,750","464,750"
"=""052341""",萬海中信46購02  ,0,0,0,0,0,0,0,0,0,"464,000",0,0,0,"506,000","42,000","464,000","464,000"
"=""059124""",全漢凱基45購01  ,0,0,0,0,0,0,0,0,0,"463,000",0,0,0,"468,000","5,000","463,000","463,000"
"=""03350T""",健策群益35售03  ,0,0,0,0,0,0,0,0,0,"463,000",0,0,0,"463,000",0,"463,000","463,000"
"=""045845""",辛耘元大45購02  ,0,0,0,0,0,0,0,0,0,"463,000",0,0,0,"507,000","44,000","463,000","463,000"
"=""061128""",川湖元富4A購06  ,0,0,0,0,0,0,0,0,0,"462,000",0,0,0,"490,000","28,000","462,000","462,000"
"=""053617""",華立國票44購01  ,0,0,0,0,0,0,0,0,0,"462,000",0,0,0,"462,000",0,"462,000","462,000"
"=""03432T""",材料群益39售03  ,0,0,0,0,0,0,0,0,0,"462,000",0,0,0,"474,000","12,000","462,000","462,000"
"=""065475""",群創國票47購02  ,0,0,0,0,0,0,0,0,0,"462,000",0,0,0,"560,000","98,000","462,000","462,000"
"=""06020U""",台積電元大54售39,0,0,0,0,0,0,0,0,0,"460,000",0,0,0,"460,000",0,"460,000","460,000"
"=""051667""",天鈺群益46購01  ,0,0,0,0,0,0,0,0,0,"460,000",0,0,0,"473,000","13,000","460,000","460,000"
"=""0056""",元大高股息      ,"239,566","743,200","-503,634",0,0,0,"230,000","2,020,000","-1,790,000","2,748,905","581,000",0,"581,000","2,576,000","408,095","2,167,905","455,271"
"=""00730""",富邦臺灣優質高息,"2,000","4,000","-2,000",0,0,0,0,0,0,"457,000",0,0,0,"457,000",0,"457,000","455,000"
"=""056019""",元債2X凱基49購01,0,0,0,0,0,0,0,0,0,"455,000",0,0,0,"455,000",0,"455,000","455,000"
2399,映泰            ,"1,445,000","990,000","455,000",0,0,0,0,0,0,-1,0,1,-1,0,0,0,"454,999"
"=""066719""",致茂群益4B購01  ,0,0,0,0,0,0,0,0,0,"453,000",0,0,0,"506,000","53,000","453,000","453,000"
"=""058086""",臺股指元富45購01,0,0,0,0,0,0,0,0,0,"453,000",0,0,0,"457,000","4,000","453,000","453,000"
"=""047650""",中興電群益44購01,0,0,0,0,0,0,0,0,0,"453,000",0,0,0,"549,000","96,000","453,000","453,000"
"=""064672""",台積電元大4A購06,0,0,0,0,0,0,0,0,0,"452,000",0,0,0,"477,000","25,000","452,000","452,000"
"=""042599""",鴻準凱基55購01  ,0,0,0,0,0,0,0,0,0,"451,000",0,0,0,"588,000","137,000","451,000","451,000"
"=""052302""",中鴻凱基43購02  ,"1,000",0,"1,000",0,0,0,0,0,0,"449,000",0,0,0,"636,000","187,000","449,000","450,000"
"=""08891U""",金像電元大33售06,0,0,0,0,0,0,0,0,0,"448,000",0,0,0,"468,000","20,000","448,000","448,000"
"=""03430T""",台積電群益33售10,0,0,0,0,0,0,0,0,0,"447,000",0,0,0,"504,000","57,000","447,000","447,000"
"=""063915""",臺指反中信4C購02,0,0,0,0,0,0,0,0,0,"447,000",0,0,0,"459,000","12,000","447,000","447,000"
"=""045322""",台積電永豐57購07,0,0,0,0,0,0,0,0,0,"446,000",0,0,0,"560,000","114,000","446,000","446,000"
"=""065139""",威盛群益47購05  ,0,0,0,0,0,0,0,0,0,"445,000",0,0,0,"533,000","88,000","445,000","445,000"
5880,合庫金          ,"3,200,400","2,686,979","513,421",0,0,0,0,"21,000","-21,000","-48,443","19,000","17,443","1,557",0,"50,000","-50,000","443,978"
"=""065865""",陽明永豐51購02  ,0,0,0,0,0,0,0,0,0,"442,000",0,0,0,"442,000",0,"442,000","442,000"
"=""058903""",國泰金元大45購01,0,0,0,0,0,0,0,0,0,"442,000",0,0,0,"493,000","51,000","442,000","442,000"
"=""068964""",欣興富邦4B購01  ,0,0,0,0,0,0,0,0,0,"441,000",0,0,0,"728,000","287,000","441,000","441,000"
"=""046724""",世芯統一4C購02  ,0,0,0,0,0,0,0,0,0,"440,000",0,0,0,"450,000","10,000","440,000","440,000"
"=""049755""",亞翔國泰45購02  ,0,0,0,0,0,0,0,0,0,"438,000",0,0,0,"438,000",0,"438,000","438,000"
"=""067731""",台塑化元大47購01,0,0,0,0,0,0,0,0,0,"436,000",0,0,0,"446,000","10,000","436,000","436,000"
"=""065382""",訊連群益4B購01  ,0,0,0,0,0,0,0,0,0,"436,000",0,0,0,"436,000",0,"436,000","436,000"
"=""068955""",台灣50富邦4A購03,0,0,0,0,0,0,0,0,0,"435,000",0,0,0,"435,000",0,"435,000","435,000"
"=""054960""",金寶兆豐46購01  ,0,0,0,0,0,0,0,0,0,"434,000",0,0,0,"470,000","36,000","434,000","434,000"
"=""04615T""",華城統一35售03  ,0,0,0,0,0,0,0,0,0,"433,000",0,0,0,"555,000","122,000","433,000","433,000"
"=""052245""",台光電國泰46購01,0,0,0,0,0,0,0,0,0,"433,000",0,0,0,"545,000","112,000","433,000","433,000"
1440,南紡            ,"754,000","322,000","432,000",0,0,0,0,0,0,520,"4,000","3,480",520,0,0,0,"432,520"
"=""057990""",威盛富邦45購02  ,0,0,0,0,0,0,0,0,0,"432,000",0,0,0,"855,000","423,000","432,000","432,000"
"=""03316T""",金像電國泰35售01,0,0,0,0,0,0,0,0,0,"432,000",0,0,0,"432,000",0,"432,000","432,000"
"=""045405""",緯穎群益55購10  ,0,0,0,0,0,0,0,0,0,"431,000",0,0,0,"447,000","16,000","431,000","431,000"
"=""052397""",台灣50元大43購35,0,0,0,0,0,0,0,0,0,"431,000",0,0,0,"431,000",0,"431,000","431,000"
"=""054261""",國企2X元大45購03,0,0,0,0,0,0,0,0,0,"430,000",0,0,0,"430,000",0,"430,000","430,000"
"=""061576""",緯穎凱基47購01  ,0,0,0,0,0,0,0,0,0,"430,000",0,0,0,"430,000",0,"430,000","430,000"
"=""058010""",香港2X凱基46購03,0,0,0,0,0,0,0,0,0,"429,000",0,0,0,"499,000","70,000","429,000","429,000"
"=""047651""",堤維西群益44購01,0,0,0,0,0,0,0,0,0,"429,000",0,0,0,"429,000",0,"429,000","429,000"
"=""055423""",鴻海永豐48購05  ,0,0,0,0,0,0,0,0,0,"428,000",0,0,0,"428,000",0,"428,000","428,000"
2547,日勝生          ,"562,000","122,000","440,000",0,0,0,0,0,0,"-12,000",0,"12,000","-12,000",0,0,0,"428,000"
"=""08319U""",威盛元大31售07  ,0,0,0,0,0,0,0,0,0,"425,000",0,0,0,"525,000","100,000","425,000","425,000"
"=""061344""",碩天凱基46購01  ,0,0,0,0,0,0,0,0,0,"425,000",0,0,0,"565,000","140,000","425,000","425,000"
"=""049574""",美時永豐45購03  ,0,0,0,0,0,0,0,0,0,"423,000",0,0,0,"456,000","33,000","423,000","423,000"
"=""048216""",台灣50元富48購04,0,0,0,0,0,0,0,0,0,"420,000",0,0,0,"420,000",0,"420,000","420,000"
"=""061332""",鴻準凱基46購04  ,0,0,0,0,0,0,0,0,0,"420,000",0,0,0,"422,000","2,000","420,000","420,000"
"=""069334""",慧洋統一43購01  ,0,0,0,0,0,0,0,0,0,"419,000",0,0,0,"419,000",0,"419,000","419,000"
4919,新唐            ,"746,000","361,000","385,000",0,0,0,0,"16,000","-16,000","49,995","74,285","7,233","67,052","33,000","50,057","-17,057","418,995"
"=""065019""",瀚宇博國票4B購01,0,0,0,0,0,0,0,0,0,"416,000",0,0,0,"416,000",0,"416,000","416,000"
"=""063432""",川湖元大46購14  ,0,0,0,0,0,0,0,0,0,"409,000",0,0,0,"409,000",0,"409,000","409,000"
"=""058669""",金寶元富45購02  ,0,0,0,0,0,0,0,0,0,"409,000",0,0,0,"938,000","529,000","409,000","409,000"
"=""048137""",京元電元大44購05,0,0,0,0,0,0,0,0,0,"408,000",0,0,0,"596,000","188,000","408,000","408,000"
2006,東和鋼鐵        ,"869,012","524,000","345,012",0,0,0,"54,000",0,"54,000","8,113","37,113","21,000","16,113","2,000","10,000","-8,000","407,125"
"=""051037""",亞翔凱基47購02  ,0,0,0,0,0,0,0,0,0,"407,000",0,0,0,"563,000","156,000","407,000","407,000"
"=""051545""",迎廣群益45購01  ,0,0,0,0,0,0,0,0,0,"406,000",0,0,0,"512,000","106,000","406,000","406,000"
"=""061687""",聯詠群益46購01  ,0,0,0,0,0,0,0,0,0,"404,000",0,0,0,"506,000","102,000","404,000","404,000"
"=""03033T""",金像電凱基32售11,0,0,0,0,0,0,0,0,0,"403,000",0,0,0,"403,000",0,"403,000","403,000"
"=""062862""",巨大永豐47購01  ,0,0,0,0,0,0,0,0,0,"402,000",0,0,0,"421,000","19,000","402,000","402,000"
"=""063127""",正崴凱基47購01  ,0,0,0,0,0,0,0,0,0,"402,000",0,0,0,"489,000","87,000","402,000","402,000"
"=""050198""",台灣50群益49購01,0,0,0,0,0,0,0,0,0,"400,000",0,0,0,"400,000",0,"400,000","400,000"
"=""056371""",鴻海元大45購14  ,0,0,0,0,0,0,0,0,0,"400,000",0,0,0,"553,000","153,000","400,000","400,000"
"=""08035U""",辛耘凱基31售03  ,0,0,0,0,0,0,0,0,0,"400,000",0,0,0,"400,000",0,"400,000","400,000"
"=""045875""",樺漢國泰44購01  ,0,0,0,0,0,0,0,0,0,"400,000",0,0,0,"400,000",0,"400,000","400,000"
"=""046866""",中鋼永豐43購01  ,0,0,0,0,0,0,0,0,0,"400,000",0,0,0,"400,000",0,"400,000","400,000"
"=""065772""",泓德元大47購01  ,0,0,0,0,0,0,0,0,0,"400,000",0,0,0,"400,000",0,"400,000","400,000"
"=""043013""",亞力永豐56購01  ,0,0,0,0,0,0,0,0,0,"400,000",0,0,0,"400,000",0,"400,000","400,000"
6191,精成科          ,"876,000","522,100","353,900",0,0,0,0,0,0,"44,379","48,579",0,"48,579","15,400","19,600","-4,200","398,279"
"=""03766T""",慧洋群益34售03  ,0,0,0,0,0,0,0,0,0,"398,000",0,0,0,"418,000","20,000","398,000","398,000"
"=""058372""",皇昌國票46購02  ,0,0,0,0,0,0,0,0,0,"397,000",0,0,0,"423,000","26,000","397,000","397,000"
"=""033275""",台積電元大54購28,0,0,0,0,0,0,0,0,0,"396,000",0,0,0,"1,070,000","674,000","396,000","396,000"
"=""065946""",臺股指元富56購01,"396,000",0,"396,000",0,0,0,0,0,0,0,0,0,0,0,0,0,"396,000"
"=""068805""",鴻海國票49購06  ,0,0,0,0,0,0,0,0,0,"395,000",0,0,0,"499,000","104,000","395,000","395,000"
2636,台驊控股        ,"510,000","148,000","362,000",0,0,0,0,0,0,"33,000","6,000",0,"6,000","28,000","1,000","27,000","395,000"
"=""050829""",威盛國泰45購01  ,0,0,0,0,0,0,0,0,0,"394,000",0,0,0,"405,000","11,000","394,000","394,000"
"=""065648""",啟�硌s益47購04  ,0,0,0,0,0,0,0,0,0,"394,000",0,0,0,"495,000","101,000","394,000","394,000"
2501,國建            ,"752,000","330,000","422,000",0,0,0,0,0,0,"-29,000",0,"29,000","-29,000",0,0,0,"393,000"
"=""066702""",勤誠統一41購02  ,0,0,0,0,0,0,0,0,0,"392,000",0,0,0,"496,000","104,000","392,000","392,000"
"=""03627B""",臺股指凱基34熊50,0,0,0,0,0,0,0,0,0,"391,000",0,0,0,"401,000","10,000","391,000","391,000"
"=""059649""",宏�皏藕�46購02  ,0,0,0,0,0,0,0,0,0,"390,000",0,0,0,"702,000","312,000","390,000","390,000"
"=""062147""",精英富邦48購01  ,0,0,0,0,0,0,0,0,0,"390,000",0,0,0,"390,000",0,"390,000","390,000"
"=""08849U""",台積電群益33售07,0,0,0,0,0,0,0,0,0,"390,000",0,0,0,"400,000","10,000","390,000","390,000"
"=""064330""",昆盈凱基46購02  ,0,0,0,0,0,0,0,0,0,"389,000",0,0,0,"389,000",0,"389,000","389,000"
"=""08866U""",技嘉元富32售07  ,0,0,0,0,0,0,0,0,0,"388,000",0,0,0,"699,000","311,000","388,000","388,000"
"=""057674""",景碩統一51購02  ,0,0,0,0,0,0,0,0,0,"388,000",0,0,0,"398,000","10,000","388,000","388,000"
"=""067408""",台化統一51購03  ,0,0,0,0,0,0,0,0,0,"386,000",0,0,0,"390,000","4,000","386,000","386,000"
"=""046054""",潤弘元大43購01  ,0,0,0,0,0,0,0,0,0,"386,000",0,0,0,"386,000",0,"386,000","386,000"
"=""061327""",遠東新凱基47購01,0,0,0,0,0,0,0,0,0,"385,000",0,0,0,"492,000","107,000","385,000","385,000"
"=""049552""",東科元大43購04  ,0,0,0,0,0,0,0,0,0,"385,000",0,0,0,"385,000",0,"385,000","385,000"
"=""041553""",南茂元大54購01  ,0,0,0,0,0,0,0,0,0,"383,000",0,0,0,"383,000",0,"383,000","383,000"
"=""00927""",群益半導體收益  ,"27,000",0,"27,000",0,0,0,0,0,0,"355,820",0,0,0,"1,029,941","674,121","355,820","382,820"
"=""052788""",台玻群益4A購01  ,0,0,0,0,0,0,0,0,0,"381,000",0,0,0,"382,000","1,000","381,000","381,000"
"=""039748""",台積電群益5A購01,0,0,0,0,0,0,0,0,0,"380,000",0,0,0,"380,000",0,"380,000","380,000"
"=""046043""",矽統元大48購02  ,0,0,0,0,0,0,0,0,0,"380,000",0,0,0,"380,000",0,"380,000","380,000"
"=""04720T""",國泰金元富35售01,0,0,0,0,0,0,0,0,0,"380,000",0,0,0,"380,000",0,"380,000","380,000"
"=""047011""",祥碩元大43購05  ,0,0,0,0,0,0,0,0,0,"380,000",0,0,0,"380,000",0,"380,000","380,000"
"=""047341""",臺股指元大43購59,0,0,0,0,0,0,0,0,0,"380,000",0,0,0,"380,000",0,"380,000","380,000"
"=""058294""",萬海元大45購04  ,0,0,0,0,0,0,0,0,0,"379,000",0,0,0,"433,000","54,000","379,000","379,000"
"=""047308""",中華元大43購02  ,0,0,0,0,0,0,0,0,0,"378,000",0,0,0,"597,000","219,000","378,000","378,000"
"=""068037""",奇鋐元大47購09  ,0,0,0,0,0,0,0,0,0,"377,000",0,0,0,"380,000","3,000","377,000","377,000"
1529,樂事綠能        ,"1,284,000","907,300","376,700",0,0,0,0,0,0,146,"1,000",854,146,0,0,0,"376,846"
"=""044434""",旺宏元大55購07  ,0,0,0,0,0,0,0,0,0,"376,000",0,0,0,"446,000","70,000","376,000","376,000"
"=""051588""",TPK國泰45購01   ,0,0,0,0,0,0,0,0,0,"376,000",0,0,0,"536,000","160,000","376,000","376,000"
"=""064547""",迅得富邦4A購01  ,0,0,0,0,0,0,0,0,0,"376,000",0,0,0,"376,000",0,"376,000","376,000"
"=""068345""",奇鋐永豐49購02  ,0,0,0,0,0,0,0,0,0,"376,000",0,0,0,"413,000","37,000","376,000","376,000"
"=""056962""",漢翔永豐45購01  ,0,0,0,0,0,0,0,0,0,"376,000",0,0,0,"411,000","35,000","376,000","376,000"
"=""047076""",欣興元富42購03  ,0,0,0,0,0,0,0,0,0,"373,000",0,0,0,"374,000","1,000","373,000","373,000"
"=""055289""",鴻海元大44購31  ,0,0,0,0,0,0,0,0,0,"373,000",0,0,0,"503,000","130,000","373,000","373,000"
"=""064574""",中磊國票49購02  ,0,0,0,0,0,0,0,0,0,"373,000",0,0,0,"394,000","21,000","373,000","373,000"
"=""067372""",技嘉國泰48購01  ,0,0,0,0,0,0,0,0,0,"372,000",0,0,0,"397,000","25,000","372,000","372,000"
"=""061500""",樺漢兆豐48購01  ,0,0,0,0,0,0,0,0,0,"371,000",0,0,0,"371,000",0,"371,000","371,000"
2439,美律            ,"769,000","412,000","357,000",0,0,0,"300,000","253,637","46,363","-33,798","2,202","32,000","-29,798",0,"4,000","-4,000","369,565"
"=""051839""",晟銘電國票45購01,0,0,0,0,0,0,0,0,0,"369,000",0,0,0,"511,000","142,000","369,000","369,000"
"=""057810""",鴻準元富4B購02  ,0,0,0,0,0,0,0,0,0,"369,000",0,0,0,"468,000","99,000","369,000","369,000"
3045,台灣大          ,"1,216,000","825,173","390,827",0,0,0,0,"8,660","-8,660","-13,950","12,000","27,201","-15,201","6,000","4,749","1,251","368,217"
"=""062419""",矽統永豐4C購01  ,0,0,0,0,0,0,0,0,0,"368,000",0,0,0,"410,000","42,000","368,000","368,000"
1303,南亞            ,"1,899,000","1,429,149","469,851",0,0,0,0,"11,212","-11,212","-92,138","1,000","109,138","-108,138","31,000","15,000","16,000","366,501"
3665,貿聯-KY         ,"465,100","101,000","364,100",0,0,0,0,0,0,"1,792",0,"5,000","-5,000","11,377","4,585","6,792","365,892"
3312,弘憶股          ,"485,000","134,000","351,000",0,0,0,0,0,0,"13,622","24,000","10,378","13,622",0,0,0,"364,622"
8163,達方            ,"572,000","162,000","410,000",0,0,0,0,"3,427","-3,427","-42,871","13,129","56,000","-42,871",0,0,0,"363,702"
1447,力鵬            ,"373,000","10,000","363,000",0,0,0,0,0,0,0,0,0,0,0,0,0,"363,000"
"=""066217""",信邦群益47購01  ,0,0,0,0,0,0,0,0,0,"360,000",0,0,0,"473,000","113,000","360,000","360,000"
"=""054750""",上証2X永豐45購01,0,0,0,0,0,0,0,0,0,"359,000",0,0,0,"385,000","26,000","359,000","359,000"
"=""064350""",臺股指凱基49購27,0,0,0,0,0,0,0,0,0,"359,000",0,0,0,"484,000","125,000","359,000","359,000"
"=""040164""",臺股指凱基56購17,0,0,0,0,0,0,0,0,0,"359,000",0,0,0,"359,000",0,"359,000","359,000"
"=""051384""",達興元大43購04  ,0,0,0,0,0,0,0,0,0,"358,000",0,0,0,"601,000","243,000","358,000","358,000"
"=""045189""",貿聯統一6B購01  ,0,0,0,0,0,0,0,0,0,"357,000",0,0,0,"592,000","235,000","357,000","357,000"
"=""066097""",鴻海凱基5C購02  ,0,0,0,0,0,0,0,0,0,"356,000",0,0,0,"356,000",0,"356,000","356,000"
"=""047754""",正文台新42購01  ,0,0,0,0,0,0,0,0,0,"355,000",0,0,0,"355,000",0,"355,000","355,000"
"=""058786""",奇鋐元大45購14  ,0,0,0,0,0,0,0,0,0,"354,000",0,0,0,"389,000","35,000","354,000","354,000"
"=""07992U""",香港2X凱基32售02,0,0,0,0,0,0,0,0,0,"354,000",0,0,0,"405,000","51,000","354,000","354,000"
"=""062123""",T50反1國票46購05,0,0,0,0,0,0,0,0,0,"354,000",0,0,0,"354,000",0,"354,000","354,000"
"=""065830""",致茂統一51購01  ,0,0,0,0,0,0,0,0,0,"353,000",0,0,0,"366,000","13,000","353,000","353,000"
"=""065719""",所羅門元大4B購01,0,0,0,0,0,0,0,0,0,"353,000",0,0,0,"542,000","189,000","353,000","353,000"
2369,菱生            ,"829,000","478,000","351,000",0,0,0,0,0,0,"1,652","4,000","2,348","1,652",0,0,0,"352,652"
"=""064923""",世芯凱基47購08  ,0,0,0,0,0,0,0,0,0,"352,000",0,0,0,"352,000",0,"352,000","352,000"
"=""07723U""",臺股指凱基32售18,0,0,0,0,0,0,0,0,0,"351,000",0,0,0,"351,000",0,"351,000","351,000"
"=""055101""",台積電元大45購08,0,0,0,0,0,0,0,0,0,"350,000",0,0,0,"350,000",0,"350,000","350,000"
"=""08561U""",創意凱基35售02  ,0,0,0,0,0,0,0,0,0,"350,000",0,0,0,"350,000",0,"350,000","350,000"
"=""065765""",聯茂元大47購05  ,0,0,0,0,0,0,0,0,0,"350,000",0,0,0,"350,000",0,"350,000","350,000"
"=""066675""",台積電凱基4B購03,0,0,0,0,0,0,0,0,0,"350,000",0,0,0,"475,000","125,000","350,000","350,000"
"=""058537""",技嘉元大4B購01  ,0,0,0,0,0,0,0,0,0,"350,000",0,0,0,"1,265,000","915,000","350,000","350,000"
"=""066870""",聯發科元富4A購06,"350,000",0,"350,000",0,0,0,0,0,0,0,0,0,0,0,0,0,"350,000"
"=""064351""",上銀中信47購01  ,0,0,0,0,0,0,0,0,0,"350,000",0,0,0,"366,000","16,000","350,000","350,000"
"=""067614""",長榮台新47購01  ,0,0,0,0,0,0,0,0,0,"349,000",0,0,0,"509,000","160,000","349,000","349,000"
"=""069290""",智原元富48購02  ,0,0,0,0,0,0,0,0,0,"349,000",0,0,0,"400,000","51,000","349,000","349,000"
"=""006205""",富邦上証        ,"68,000","11,000","57,000",0,0,0,0,0,0,"291,453","229,000","29,000","200,000","792,265","700,812","91,453","348,453"
"=""00669R""",國泰美國道瓊反1 ,0,0,0,0,0,0,0,0,0,"347,240",0,0,0,"1,619,240","1,272,000","347,240","347,240"
"=""063938""",志聖國票47購02  ,0,0,0,0,0,0,0,0,0,"347,000",0,0,0,"638,000","291,000","347,000","347,000"
"=""067497""",台塑元大47購06  ,0,0,0,0,0,0,0,0,0,"346,000",0,0,0,"346,000",0,"346,000","346,000"
"=""057922""",台積電元大55購01,"345,000",0,"345,000",0,0,0,0,0,0,0,0,0,0,0,0,0,"345,000"
"=""059794""",東陽永豐46購01  ,0,0,0,0,0,0,0,0,0,"344,000",0,0,0,"410,000","66,000","344,000","344,000"
"=""065701""",長榮鋼元大47購01,0,"10,000","-10,000",0,0,0,0,0,0,"354,000",0,0,0,"354,000",0,"354,000","344,000"
"=""059173""",台積電元大45購23,0,0,0,0,0,0,0,0,0,"344,000",0,0,0,"344,000",0,"344,000","344,000"
"=""052960""",陽明群益46購03  ,0,0,0,0,0,0,0,0,0,"344,000",0,0,0,"484,000","140,000","344,000","344,000"
"=""063377""",景碩國泰48購02  ,0,0,0,0,0,0,0,0,0,"344,000",0,0,0,"442,000","98,000","344,000","344,000"
"=""066872""",聯發科元富5A購02,0,0,0,0,0,0,0,0,0,"343,000",0,0,0,"537,000","194,000","343,000","343,000"
"=""061805""",偉詮電凱基46購01,0,0,0,0,0,0,0,0,0,"343,000",0,0,0,"344,000","1,000","343,000","343,000"
"=""068375""",臺股指富邦4C購03,0,0,0,0,0,0,0,0,0,"342,000",0,0,0,"421,000","79,000","342,000","342,000"
"=""048027""",台灣50凱基44購05,0,0,0,0,0,0,0,0,0,"342,000",0,0,0,"354,000","12,000","342,000","342,000"
"=""064705""",寶齡群益47購01  ,0,0,0,0,0,0,0,0,0,"341,000",0,0,0,"444,000","103,000","341,000","341,000"
"=""045742""",台灣50富邦42購16,0,0,0,0,0,0,0,0,0,"341,000",0,0,0,"341,000",0,"341,000","341,000"
"=""045606""",正文統一4C購02  ,0,0,0,0,0,0,0,0,0,"340,000",0,0,0,"340,000",0,"340,000","340,000"
"=""03614T""",南亞科凱基34售01,0,0,0,0,0,0,0,0,0,"340,000",0,0,0,"344,000","4,000","340,000","340,000"
"=""03597T""",金像電永豐36售03,0,0,0,0,0,0,0,0,0,"340,000",0,0,0,"472,000","132,000","340,000","340,000"
"=""067052""",永道永豐51購01  ,0,0,0,0,0,0,0,0,0,"340,000",0,0,0,"589,000","249,000","340,000","340,000"
"=""056525""",世紀鋼凱基4B購01,0,0,0,0,0,0,0,0,0,"340,000",0,0,0,"350,000","10,000","340,000","340,000"
3189,景碩            ,"1,106,000","784,000","322,000",0,0,0,"10,000","1,132","8,868","8,360","22,360","12,000","10,360","4,000","6,000","-2,000","339,228"
"=""04251T""",威盛群益35售11  ,0,0,0,0,0,0,0,0,0,"339,000",0,0,0,"339,000",0,"339,000","339,000"
"=""04542T""",華泰群益35售02  ,0,0,0,0,0,0,0,0,0,"338,000",0,0,0,"388,000","50,000","338,000","338,000"
"=""067945""",台塑永豐48購02  ,0,0,0,0,0,0,0,0,0,"338,000",0,0,0,"341,000","3,000","338,000","338,000"
"=""060332""",堤維西元大46購01,0,0,0,0,0,0,0,0,0,"337,000",0,0,0,"495,000","158,000","337,000","337,000"
"=""051157""",華紙國票44購01  ,0,0,0,0,0,0,0,0,0,"337,000",0,0,0,"355,000","18,000","337,000","337,000"
"=""044651""",南電富邦59購01  ,0,0,0,0,0,0,0,0,0,"337,000",0,0,0,"337,000",0,"337,000","337,000"
"=""060911""",中信金國票47購01,0,0,0,0,0,0,0,0,0,"336,000",0,0,0,"337,000","1,000","336,000","336,000"
"=""04762T""",飛宏元大35售07  ,0,0,0,0,0,0,0,0,0,"336,000",0,0,0,"400,000","64,000","336,000","336,000"
3588,通嘉            ,"470,000","135,000","335,000",0,0,0,0,0,0,0,"1,000","1,000",0,0,0,0,"335,000"
"=""051373""",億光元大43購01  ,0,0,0,0,0,0,0,0,0,"334,000",0,0,0,"428,000","94,000","334,000","334,000"
"=""067232""",台灣50元富47購11,"345,000","6,000","339,000",0,0,0,0,0,0,"-5,000",0,0,0,0,"5,000","-5,000","334,000"
"=""00757""",統一FANG+       ,"90,006",0,"90,006",0,0,0,0,0,0,"243,563",0,0,0,"438,072","194,509","243,563","333,569"
"=""051769""",聯發科國泰45購07,0,0,0,0,0,0,0,0,0,"331,000",0,0,0,"365,000","34,000","331,000","331,000"
"=""050408""",SGBR2X國票43購03,0,0,0,0,0,0,0,0,0,"331,000",0,0,0,"336,000","5,000","331,000","331,000"
"=""050849""",新巨凱基43購01  ,0,0,0,0,0,0,0,0,0,"330,000",0,0,0,"330,000",0,"330,000","330,000"
"=""049281""",盟立凱基43購07  ,0,0,0,0,0,0,0,0,0,"330,000",0,0,0,"382,000","52,000","330,000","330,000"
"=""066009""",台積電群益47購31,0,0,0,0,0,0,0,0,0,"330,000",0,0,0,"330,000",0,"330,000","330,000"
"=""067844""",上銀凱基49購04  ,0,0,0,0,0,0,0,0,0,"330,000",0,0,0,"342,000","12,000","330,000","330,000"
"=""042615""",貿聯凱基55購03  ,0,0,0,0,0,0,0,0,0,"329,000",0,0,0,"339,000","10,000","329,000","329,000"
"=""04777T""",華城元富35售04  ,0,0,0,0,0,0,0,0,0,"329,000",0,0,0,"459,000","130,000","329,000","329,000"
"=""064610""",台積電凱基46購29,0,0,0,0,0,0,0,0,0,"329,000",0,0,0,"442,000","113,000","329,000","329,000"
"=""066053""",直得元富51購01  ,0,0,0,0,0,0,0,0,0,"328,000",0,0,0,"378,000","50,000","328,000","328,000"
"=""038419""",友達國票53購03  ,0,0,0,0,0,0,0,0,0,"327,000",0,0,0,"327,000",0,"327,000","327,000"
"=""059586""",保瑞元大45購13  ,0,0,0,0,0,0,0,0,0,"327,000",0,0,0,"352,000","25,000","327,000","327,000"
"=""050658""",南亞科兆豐49購01,0,0,0,0,0,0,0,0,0,"327,000",0,0,0,"329,000","2,000","327,000","327,000"
"=""051395""",亞光富邦45購01  ,0,0,0,0,0,0,0,0,0,"327,000",0,0,0,"427,000","100,000","327,000","327,000"
2537,聯上發          ,"697,000","345,000","352,000",0,0,0,0,0,0,"-26,000",0,"26,000","-26,000",0,0,0,"326,000"
"=""04707T""",聯詠元大35售05  ,0,0,0,0,0,0,0,0,0,"326,000",0,0,0,"326,000",0,"326,000","326,000"
8105,凌巨            ,"439,000","142,000","297,000",0,0,0,0,0,0,"28,999","29,000",1,"28,999",0,0,0,"325,999"
"=""049760""",聯發科兆豐45購01,0,0,0,0,0,0,0,0,0,"325,000",0,0,0,"635,000","310,000","325,000","325,000"
"=""062568""",仁寶元大48購01  ,0,0,0,0,0,0,0,0,0,"325,000",0,0,0,"398,000","73,000","325,000","325,000"
"=""067373""",亞翔國泰48購03  ,0,0,0,0,0,0,0,0,0,"324,000",0,0,0,"324,000",0,"324,000","324,000"
"=""066151""",嘉澤統一51購02  ,0,0,0,0,0,0,0,0,0,"324,000",0,0,0,"470,000","146,000","324,000","324,000"
"=""04589T""",臺股指凱基36售48,0,0,0,0,0,0,0,0,0,"323,000",0,0,0,"338,000","15,000","323,000","323,000"
"=""052878""",東科永豐46購01  ,0,0,0,0,0,0,0,0,0,"323,000",0,0,0,"323,000",0,"323,000","323,000"
"=""050818""",華新科兆豐45購01,0,0,0,0,0,0,0,0,0,"322,000",0,0,0,"422,000","100,000","322,000","322,000"
"=""055077""",大立光群益46購04,0,0,0,0,0,0,0,0,0,"322,000",0,0,0,"389,000","67,000","322,000","322,000"
"=""046658""",T50正2元大43購06,0,0,0,0,0,0,0,0,0,"321,000",0,0,0,"336,000","15,000","321,000","321,000"
"=""067622""",宇隆統一51購01  ,0,0,0,0,0,0,0,0,0,"321,000",0,0,0,"331,000","10,000","321,000","321,000"
"=""057612""",貿聯永豐45購05  ,0,0,0,0,0,0,0,0,0,"320,000",0,0,0,"437,000","117,000","320,000","320,000"
"=""036070""",偉詮電群益53購01,0,0,0,0,0,0,0,0,0,"320,000",0,0,0,"320,000",0,"320,000","320,000"
"=""065277""",大立光永豐47購02,0,0,0,0,0,0,0,0,0,"320,000",0,0,0,"325,000","5,000","320,000","320,000"
"=""062323""",名軒元大46購02  ,0,0,0,0,0,0,0,0,0,"320,000",0,0,0,"320,000",0,"320,000","320,000"
"=""06939U""",S&P正2凱基56售01,0,0,0,0,0,0,0,0,0,"320,000",0,0,0,"330,000","10,000","320,000","320,000"
"=""064627""",世芯凱基49購03  ,0,0,0,0,0,0,0,0,0,"320,000",0,0,0,"509,000","189,000","320,000","320,000"
"=""049838""",中興電統一49購03,0,0,0,0,0,0,0,0,0,"319,000",0,0,0,"434,000","115,000","319,000","319,000"
"=""054581""",美時兆豐46購01  ,0,0,0,0,0,0,0,0,0,"319,000",0,0,0,"319,000",0,"319,000","319,000"
"=""044871""",緯穎凱基55購12  ,0,0,0,0,0,0,0,0,0,"319,000",0,0,0,"354,000","35,000","319,000","319,000"
"=""051657""",華固群益44購01  ,0,0,0,0,0,0,0,0,0,"318,000",0,0,0,"319,000","1,000","318,000","318,000"
"=""044214""",佳能元富55購04  ,0,0,0,0,0,0,0,0,0,"317,000",0,0,0,"529,000","212,000","317,000","317,000"
"=""043399""",金像電中信5B購02,0,0,0,0,0,0,0,0,0,"317,000",0,0,0,"343,000","26,000","317,000","317,000"
"=""068597""",台塑元大48購07  ,0,0,0,0,0,0,0,0,0,"317,000",0,0,0,"380,000","63,000","317,000","317,000"
"=""062019""",興富發國票47購01,0,0,0,0,0,0,0,0,0,"315,000",0,0,0,"315,000",0,"315,000","315,000"
"=""061143""",新日興元富46購01,0,0,0,0,0,0,0,0,0,"314,000",0,0,0,"324,000","10,000","314,000","314,000"
"=""08112U""",建準國票32售01  ,0,0,0,0,0,0,0,0,0,"314,000",0,0,0,"316,000","2,000","314,000","314,000"
"=""046252""",望隼國票43購01  ,0,0,0,0,0,0,0,0,0,"314,000",0,0,0,"334,000","20,000","314,000","314,000"
"=""063940""",晟銘電國票46購02,0,0,0,0,0,0,0,0,0,"314,000",0,0,0,"517,000","203,000","314,000","314,000"
"=""049802""",中信金元大47購01,0,0,0,0,0,0,0,0,0,"314,000",0,0,0,"419,000","105,000","314,000","314,000"
6153,嘉聯益          ,"385,000","71,000","314,000",0,0,0,0,0,0,-1,0,1,-1,0,0,0,"313,999"
1104,環泥            ,"555,000","297,000","258,000",0,0,0,0,0,0,"55,753","56,000",247,"55,753",0,0,0,"313,753"
"=""066279""",華晶科元大47購01,0,0,0,0,0,0,0,0,0,"313,000",0,0,0,"360,000","47,000","313,000","313,000"
"=""066788""",華晶科中信47購01,0,0,0,0,0,0,0,0,0,"313,000",0,0,0,"313,000",0,"313,000","313,000"
"=""058245""",正崴凱基45購02  ,0,0,0,0,0,0,0,0,0,"313,000",0,0,0,"316,000","3,000","313,000","313,000"
"=""065092""",威盛統一3B購01  ,0,0,0,0,0,0,0,0,0,"311,000",0,0,0,"311,000",0,"311,000","311,000"
"=""063945""",凌華國票46購01  ,0,0,0,0,0,0,0,0,0,"311,000",0,0,0,"354,000","43,000","311,000","311,000"
"=""06819U""",華新科元富54售09,0,0,0,0,0,0,0,0,0,"310,000",0,0,0,"310,000",0,"310,000","310,000"
"=""067263""",大眾控國票47購01,0,0,0,0,0,0,0,0,0,"310,000",0,0,0,"325,000","15,000","310,000","310,000"
4564,元翎            ,"411,000","106,000","305,000",0,0,0,0,0,0,"4,825","20,000","15,175","4,825",0,0,0,"309,825"
"=""043947""",京鼎元大58購01  ,0,0,0,0,0,0,0,0,0,"309,000",0,0,0,"323,000","14,000","309,000","309,000"
"=""058698""",皇昌國票47購01  ,0,0,0,0,0,0,0,0,0,"309,000",0,0,0,"324,000","15,000","309,000","309,000"
"=""066175""",高力統一3B購02  ,0,0,0,0,0,0,0,0,0,"308,000",0,0,0,"310,000","2,000","308,000","308,000"
"=""061642""",奇鋐元大46購02  ,0,0,0,0,0,0,0,0,0,"308,000",0,0,0,"318,000","10,000","308,000","308,000"
2611,志信            ,"1,051,000","751,000","300,000",0,0,0,0,0,0,"7,000","7,000",0,"7,000",0,0,0,"307,000"
"=""04812T""",台灣50元大37售18,0,0,0,0,0,0,0,0,0,"306,000",0,0,0,"308,000","2,000","306,000","306,000"
"=""048668""",世芯群益42購16  ,0,0,0,0,0,0,0,0,0,"305,000",0,0,0,"315,000","10,000","305,000","305,000"
"=""049083""",微星元大43購03  ,0,0,0,0,0,0,0,0,0,"305,000",0,0,0,"305,000",0,"305,000","305,000"
"=""051666""",致伸群益43購02  ,0,0,0,0,0,0,0,0,0,"305,000",0,0,0,"305,000",0,"305,000","305,000"
"=""051167""",聚陽國泰45購02  ,0,0,0,0,0,0,0,0,0,"305,000",0,0,0,"305,000",0,"305,000","305,000"
"=""066633""",台積電永豐4A購04,0,0,0,0,0,0,0,0,0,"305,000",0,0,0,"325,000","20,000","305,000","305,000"
"=""065098""",威盛統一41購01  ,0,0,0,0,0,0,0,0,0,"304,000",0,0,0,"586,000","282,000","304,000","304,000"
"=""067507""",矽統元大47購04  ,0,0,0,0,0,0,0,0,0,"304,000",0,0,0,"440,000","136,000","304,000","304,000"
"=""052658""",偉詮電永豐44購02,0,0,0,0,0,0,0,0,0,"304,000",0,0,0,"354,000","50,000","304,000","304,000"
3701,大眾控          ,"999,000","699,924","299,076",0,0,0,0,0,0,"4,772","5,000",0,"5,000","65,000","65,228",-228,"303,848"
"=""064636""",晟銘電統一4C購02,0,0,0,0,0,0,0,0,0,"303,000",0,0,0,"303,000",0,"303,000","303,000"
"=""059640""",中華台新45購01  ,0,0,0,0,0,0,0,0,0,"303,000",0,0,0,"367,000","64,000","303,000","303,000"
"=""060148""",台泥元大46購01  ,0,0,0,0,0,0,0,0,0,"302,000",0,0,0,"585,000","283,000","302,000","302,000"
"=""061900""",大立光元大46購04,0,0,0,0,0,0,0,0,0,"301,000",0,0,0,"311,000","10,000","301,000","301,000"
"=""061071""",T50正2中信4C購01,0,0,0,0,0,0,0,0,0,"300,000",0,0,0,"350,000","50,000","300,000","300,000"
"=""061037""",可成元大49購03  ,0,0,0,0,0,0,0,0,0,"300,000",0,0,0,"343,000","43,000","300,000","300,000"
"=""060616""",景碩國泰48購01  ,0,0,0,0,0,0,0,0,0,"300,000",0,0,0,"360,000","60,000","300,000","300,000"
"=""062362""",台積電富邦46購11,0,0,0,0,0,0,0,0,0,"300,000",0,0,0,"320,000","20,000","300,000","300,000"
"=""067424""",材料中信3B購03  ,0,0,0,0,0,0,0,0,0,"300,000",0,0,0,"400,000","100,000","300,000","300,000"
"=""053520""",台積電群益47購17,"300,000",0,"300,000",0,0,0,0,0,0,0,0,0,0,0,0,0,"300,000"
"=""065043""",聯發科元大47購03,0,0,0,0,0,0,0,0,0,"300,000",0,0,0,"300,000",0,"300,000","300,000"
"=""047714""",景碩元大45購01  ,0,0,0,0,0,0,0,0,0,"300,000",0,0,0,"300,000",0,"300,000","300,000"
"=""050200""",元債2X群益4B購02,"300,000",0,"300,000",0,0,0,0,0,0,0,0,0,0,0,0,0,"300,000"
"=""054807""",光寶科凱基3B購01,0,0,0,0,0,0,0,0,0,"299,000",0,0,0,"304,000","5,000","299,000","299,000"
"=""058603""",元晶群益45購03  ,0,0,0,0,0,0,0,0,0,"299,000",0,0,0,"349,000","50,000","299,000","299,000"
"=""057643""",材料凱基47購03  ,0,0,0,0,0,0,0,0,0,"299,000",0,0,0,"299,000",0,"299,000","299,000"
"=""036063""",楠梓電群益55購01,0,0,0,0,0,0,0,0,0,"299,000",0,0,0,"300,000","1,000","299,000","299,000"
"=""058129""",華通群益45購03  ,0,0,0,0,0,0,0,0,0,"299,000",0,0,0,"299,000",0,"299,000","299,000"
"=""07565U""",技嘉統一34售08  ,0,0,0,0,0,0,0,0,0,"298,000",0,0,0,"303,000","5,000","298,000","298,000"
"=""060536""",臺股指凱基4A購07,0,0,0,0,0,0,0,0,0,"298,000",0,0,0,"300,000","2,000","298,000","298,000"
"=""061942""",大立光永豐46購05,0,0,0,0,0,0,0,0,0,"297,000",0,0,0,"300,000","3,000","297,000","297,000"
"=""046200""",台灣50群益43購01,0,0,0,0,0,0,0,0,0,"297,000",0,0,0,"347,000","50,000","297,000","297,000"
"=""059769""",南寶元大45購01  ,0,0,0,0,0,0,0,0,0,"297,000",0,0,0,"360,000","63,000","297,000","297,000"
"=""059229""",智邦國票46購03  ,0,0,0,0,0,0,0,0,0,"297,000",0,0,0,"384,000","87,000","297,000","297,000"
1611,中電            ,"414,000","122,000","292,000",0,0,0,0,0,0,"4,975","5,000",25,"4,975",0,0,0,"296,975"
"=""054033""",A50正2元大44購03,0,0,0,0,0,0,0,0,0,"296,000",0,0,0,"440,000","144,000","296,000","296,000"
"=""046892""",愛普永豐43購02  ,0,0,0,0,0,0,0,0,0,"295,000",0,0,0,"295,000",0,"295,000","295,000"
"=""057470""",英業達國票46購03,0,0,0,0,0,0,0,0,0,"295,000",0,0,0,"300,000","5,000","295,000","295,000"
"=""068386""",聯發科統一62購01,0,0,0,0,0,0,0,0,0,"295,000",0,0,0,"300,000","5,000","295,000","295,000"
"=""058828""",材料永豐46購03  ,0,0,0,0,0,0,0,0,0,"294,000",0,0,0,"499,000","205,000","294,000","294,000"
"=""066740""",元債2X元大59購01,0,0,0,0,0,0,0,0,0,"294,000",0,0,0,"294,000",0,"294,000","294,000"
"=""068493""",鴻海元大48購05  ,0,0,0,0,0,0,0,0,0,"293,000",0,0,0,"303,000","10,000","293,000","293,000"
"=""056781""",廣宇國票45購01  ,0,0,0,0,0,0,0,0,0,"293,000",0,0,0,"295,000","2,000","293,000","293,000"
"=""056322""",皇昌元富45購02  ,"293,000",0,"293,000",0,0,0,0,0,0,0,0,0,0,0,0,0,"293,000"
"=""068438""",辛耘國泰49購01  ,0,0,0,0,0,0,0,0,0,"292,000",0,0,0,"386,000","94,000","292,000","292,000"
"=""058443""",飛宏永豐45購01  ,0,0,0,0,0,0,0,0,0,"291,000",0,0,0,"308,000","17,000","291,000","291,000"
"=""044345""",陽明元大55購04  ,0,0,0,0,0,0,0,0,0,"291,000",0,0,0,"300,000","9,000","291,000","291,000"
"=""059455""",中華元富45購02  ,0,0,0,0,0,0,0,0,0,"290,000",0,0,0,"290,000",0,"290,000","290,000"
"=""067265""",中租國票49購01  ,0,0,0,0,0,0,0,0,0,"290,000",0,0,0,"290,000",0,"290,000","290,000"
"=""066737""",元債2X元大48購04,0,0,0,0,0,0,0,0,0,"290,000",0,0,0,"344,000","54,000","290,000","290,000"
"=""062760""",中鋼群益46購02  ,0,0,0,0,0,0,0,0,0,"290,000",0,0,0,"320,000","30,000","290,000","290,000"
"=""055083""",材料群益44購14  ,0,0,0,0,0,0,0,0,0,"289,000",0,0,0,"843,000","554,000","289,000","289,000"
"=""057134""",景碩群益45購03  ,0,0,0,0,0,0,0,0,0,"289,000",0,0,0,"548,000","259,000","289,000","289,000"
"=""055267""",一詮群益46購01  ,0,0,0,0,0,0,0,0,0,"288,000",0,0,0,"448,000","160,000","288,000","288,000"
"=""03418T""",愛普凱基33售09  ,0,0,0,0,0,0,0,0,0,"288,000",0,0,0,"288,000",0,"288,000","288,000"
"=""055774""",華航統一4A購01  ,0,0,0,0,0,0,0,0,0,"288,000",0,0,0,"288,000",0,"288,000","288,000"
"=""051850""",技嘉元大43購15  ,0,0,0,0,0,0,0,0,0,"288,000",0,0,0,"298,000","10,000","288,000","288,000"
"=""03049T""",金像電統一35售08,0,0,0,0,0,0,0,0,0,"287,000",0,0,0,"519,000","232,000","287,000","287,000"
"=""038697""",采鈺元大54購13  ,0,0,0,0,0,0,0,0,0,"287,000",0,0,0,"488,000","201,000","287,000","287,000"
2331,精英            ,"1,900,000","1,550,000","350,000",0,0,0,0,0,0,"-63,374","173,201","141,001","32,200","74,723","170,297","-95,574","286,626"
"=""062499""",金像電元富4C購01,0,0,0,0,0,0,0,0,0,"286,000",0,0,0,"297,000","11,000","286,000","286,000"
"=""060689""",金像電永豐49購01,"286,000",0,"286,000",0,0,0,0,0,0,0,0,0,0,0,0,0,"286,000"
"=""061902""",奇鋐元大46購03  ,0,0,0,0,0,0,0,0,0,"285,000",0,0,0,"298,000","13,000","285,000","285,000"
"=""053996""",中砂國泰46購01  ,0,0,0,0,0,0,0,0,0,"284,000",0,0,0,"286,000","2,000","284,000","284,000"
"=""03486T""",台積電國泰35售03,0,0,0,0,0,0,0,0,0,"283,000",0,0,0,"283,000",0,"283,000","283,000"
"=""067282""",華城群益47購01  ,0,0,0,0,0,0,0,0,0,"282,000",0,0,0,"474,000","192,000","282,000","282,000"
"=""061566""",欣興凱基47購01  ,0,0,0,0,0,0,0,0,0,"282,000",0,0,0,"282,000",0,"282,000","282,000"
"=""068095""",台積電元富48購09,0,0,0,0,0,0,0,0,0,"281,000",0,0,0,"281,000",0,"281,000","281,000"
"=""035857""",寶成元大54購01  ,0,0,0,0,0,0,0,0,0,"281,000",0,0,0,"284,000","3,000","281,000","281,000"
"=""044770""",神達元大59購03  ,0,0,0,0,0,0,0,0,0,"280,000",0,0,0,"280,000",0,"280,000","280,000"
"=""03184T""",毅嘉國票33售02  ,0,0,0,0,0,0,0,0,0,"280,000",0,0,0,"445,000","165,000","280,000","280,000"
"=""03071T""",智邦永豐32售02  ,0,0,0,0,0,0,0,0,0,"280,000",0,0,0,"280,000",0,"280,000","280,000"
"=""08679U""",天鈺國票32售02  ,0,0,0,0,0,0,0,0,0,"280,000",0,0,0,"280,000",0,"280,000","280,000"
"=""08307U""",威盛國泰33售08  ,0,0,0,0,0,0,0,0,0,"280,000",0,0,0,"386,000","106,000","280,000","280,000"
"=""064077""",群創元大46購07  ,0,0,0,0,0,0,0,0,0,"280,000",0,0,0,"280,000",0,"280,000","280,000"
"=""049566""",群創富邦45購02  ,0,0,0,0,0,0,0,0,0,"280,000",0,0,0,"301,000","21,000","280,000","280,000"
"=""052517""",奇鋐統一5A購01  ,0,0,0,0,0,0,0,0,0,"279,000",0,0,0,"284,000","5,000","279,000","279,000"
"=""08884U""",創意群益32售03  ,0,0,0,0,0,0,0,0,0,"279,000",0,0,0,"499,000","220,000","279,000","279,000"
"=""056898""",聯詠元大45購01  ,0,0,0,0,0,0,0,0,0,"279,000",0,0,0,"280,000","1,000","279,000","279,000"
"=""066563""",南電凱基47購02  ,0,0,0,0,0,0,0,0,0,"279,000",0,0,0,"282,000","3,000","279,000","279,000"
"=""037853""",祥碩凱基54購04  ,0,0,0,0,0,0,0,0,0,"279,000",0,0,0,"279,000",0,"279,000","279,000"
2029,盛餘            ,"450,000","177,000","273,000",0,0,0,0,0,0,"4,002","20,002","16,000","4,002",0,0,0,"277,002"
"=""061539""",緯穎中信4B購01  ,0,0,0,0,0,0,0,0,0,"277,000",0,0,0,"426,000","149,000","277,000","277,000"
"=""068706""",信邦凱基48購01  ,0,0,0,0,0,0,0,0,0,"277,000",0,0,0,"313,000","36,000","277,000","277,000"
"=""062884""",台光電元富47購05,0,0,0,0,0,0,0,0,0,"277,000",0,0,0,"277,000",0,"277,000","277,000"
"=""062603""",洋基元大46購01  ,0,0,0,0,0,0,0,0,0,"277,000",0,0,0,"280,000","3,000","277,000","277,000"
2617,台航            ,"861,100","569,000","292,100",0,0,0,0,0,0,"-15,608","4,000","4,608",-608,0,"15,000","-15,000","276,492"
"=""047713""",欣興元大44購08  ,0,0,0,0,0,0,0,0,0,"276,000",0,0,0,"545,000","269,000","276,000","276,000"
"=""062967""",正崴元大4B購02  ,0,0,0,0,0,0,0,0,0,"276,000",0,0,0,"335,000","59,000","276,000","276,000"
"=""061464""",飛宏元大46購01  ,0,0,0,0,0,0,0,0,0,"276,000",0,0,0,"286,000","10,000","276,000","276,000"
"=""066076""",菱光元富4A購01  ,0,0,0,0,0,0,0,0,0,"276,000",0,0,0,"278,000","2,000","276,000","276,000"
"=""067054""",滬深2X群益47購07,0,0,0,0,0,0,0,0,0,"276,000",0,0,0,"591,000","315,000","276,000","276,000"
"=""051313""",台積電元富49購03,0,0,0,0,0,0,0,0,0,"275,000",0,0,0,"285,000","10,000","275,000","275,000"
"=""063233""",鴻準元大46購25  ,0,0,0,0,0,0,0,0,0,"274,000",0,0,0,"283,000","9,000","274,000","274,000"
"=""060724""",長榮群益46購07  ,0,0,0,0,0,0,0,0,0,"274,000",0,0,0,"294,000","20,000","274,000","274,000"
"=""07651U""",台積電凱基36售04,0,0,0,0,0,0,0,0,0,"274,000",0,0,0,"274,000",0,"274,000","274,000"
"=""066016""",勤誠統一41購01  ,0,0,0,0,0,0,0,0,0,"273,000",0,0,0,"273,000",0,"273,000","273,000"
3437,榮創            ,"301,000","38,000","263,000",0,0,0,0,0,0,"10,000",0,0,0,"10,000",0,"10,000","273,000"
"=""051781""",矽力中信43購01  ,0,0,0,0,0,0,0,0,0,"273,000",0,0,0,"493,000","220,000","273,000","273,000"
"=""059087""",全漢元富45購02  ,0,0,0,0,0,0,0,0,0,"273,000",0,0,0,"275,000","2,000","273,000","273,000"
"=""064257""",材料群益46購16  ,0,0,0,0,0,0,0,0,0,"272,000",0,0,0,"272,000",0,"272,000","272,000"
"=""063004""",佳能群益47購01  ,0,0,0,0,0,0,0,0,0,"272,000",0,0,0,"273,000","1,000","272,000","272,000"
"=""067784""",電子類國票48購01,0,0,0,0,0,0,0,0,0,"272,000",0,0,0,"725,000","453,000","272,000","272,000"
"=""062302""",精成科群益46購01,0,0,0,0,0,0,0,0,0,"272,000",0,0,0,"273,000","1,000","272,000","272,000"
"=""068671""",台積電永豐48購10,0,0,0,0,0,0,0,0,0,"272,000",0,0,0,"274,000","2,000","272,000","272,000"
"=""059981""",長榮元大45購31  ,0,0,0,0,0,0,0,0,0,"271,000",0,0,0,"271,000",0,"271,000","271,000"
"=""065089""",台達電台新47購01,0,0,0,0,0,0,0,0,0,"271,000",0,0,0,"370,000","99,000","271,000","271,000"
"=""069233""",奇鋐元富48購03  ,0,0,0,0,0,0,0,0,0,"270,000",0,0,0,"272,000","2,000","270,000","270,000"
"=""057434""",美時中信48購01  ,0,0,0,0,0,0,0,0,0,"270,000",0,0,0,"270,000",0,"270,000","270,000"
1471,首利            ,"531,000","255,000","276,000",0,0,0,0,0,0,"-6,000",0,"6,000","-6,000",0,0,0,"270,000"
"=""050982""",潤隆國票45購01  ,0,0,0,0,0,0,0,0,0,"270,000",0,0,0,"959,000","689,000","270,000","270,000"
"=""053341""",迅得群益46購02  ,0,0,0,0,0,0,0,0,0,"270,000",0,0,0,"270,000",0,"270,000","270,000"
"=""049813""",亞力群益43購02  ,0,0,0,0,0,0,0,0,0,"269,000",0,0,0,"281,000","12,000","269,000","269,000"
"=""067435""",鴻海台新47購02  ,0,0,0,0,0,0,0,0,0,"269,000",0,0,0,"309,000","40,000","269,000","269,000"
"=""058478""",日電貿國票46購01,0,0,0,0,0,0,0,0,0,"268,000",0,0,0,"349,000","81,000","268,000","268,000"
"=""068025""",台積電元大47購45,0,0,0,0,0,0,0,0,0,"268,000",0,0,0,"281,000","13,000","268,000","268,000"
"=""04574T""",臺股指元大36售70,0,0,0,0,0,0,0,0,0,"268,000",0,0,0,"399,000","131,000","268,000","268,000"
"=""061671""",聯電群益46購04  ,0,0,0,0,0,0,0,0,0,"268,000",0,0,0,"333,000","65,000","268,000","268,000"
"=""044670""",台塑化群益55購01,0,0,0,0,0,0,0,0,0,"267,000",0,0,0,"269,000","2,000","267,000","267,000"
"=""067419""",台塑永豐49購01  ,0,0,0,0,0,0,0,0,0,"267,000",0,0,0,"272,000","5,000","267,000","267,000"
"=""060768""",燿華兆豐3A購01  ,0,0,0,0,0,0,0,0,0,"266,000",0,0,0,"266,000",0,"266,000","266,000"
"=""048601""",友達國票42購02  ,0,0,0,0,0,0,0,0,0,"266,000",0,0,0,"269,000","3,000","266,000","266,000"
2405,輔信            ,"1,606,000","1,344,000","262,000",0,0,0,0,0,0,"4,000","4,000",0,"4,000",0,0,0,"266,000"
"=""052563""",全新凱基45購02  ,"289,000",0,"289,000",0,0,0,0,0,0,"-23,000",0,0,0,0,"23,000","-23,000","266,000"
"=""040406""",國企2X國票56購01,0,0,0,0,0,0,0,0,0,"266,000",0,0,0,"391,000","125,000","266,000","266,000"
"=""064525""",穎崴群益46購03  ,0,0,0,0,0,0,0,0,0,"265,000",0,0,0,"265,000",0,"265,000","265,000"
1444,力麗            ,"448,000","183,000","265,000",0,0,0,0,0,0,0,0,0,0,0,0,0,"265,000"
"=""066511""",玉晶光群益47購06,0,0,0,0,0,0,0,0,0,"265,000",0,0,0,"285,000","20,000","265,000","265,000"
"=""03461T""",華通元大33售06  ,0,0,0,0,0,0,0,0,0,"264,000",0,0,0,"315,000","51,000","264,000","264,000"
"=""060922""",緯穎國泰48購01  ,0,0,0,0,0,0,0,0,0,"264,000",0,0,0,"461,000","197,000","264,000","264,000"
"=""08596U""",健策群益34售01  ,0,0,0,0,0,0,0,0,0,"263,000",0,0,0,"263,000",0,"263,000","263,000"
"=""046542""",宏璟凱基43購01  ,0,0,0,0,0,0,0,0,0,"263,000",0,0,0,"263,000",0,"263,000","263,000"
"=""047525""",台積電群益44購28,0,0,0,0,0,0,0,0,0,"262,000",0,0,0,"268,000","6,000","262,000","262,000"
"=""067644""",台塑永豐51購01  ,0,0,0,0,0,0,0,0,0,"262,000",0,0,0,"342,000","80,000","262,000","262,000"
1229,聯華            ,"714,026","468,000","246,026",0,0,0,0,"3,000","-3,000","18,366","15,000","5,093","9,907","22,000","13,541","8,459","261,392"
"=""061690""",敦泰群益46購02  ,0,0,0,0,0,0,0,0,0,"261,000",0,0,0,"326,000","65,000","261,000","261,000"
"=""067431""",達興永豐47購02  ,0,0,0,0,0,0,0,0,0,"261,000",0,0,0,"261,000",0,"261,000","261,000"
"=""04413T""",全新元大35售05  ,0,0,0,0,0,0,0,0,0,"261,000",0,0,0,"310,000","49,000","261,000","261,000"
"=""064743""",和碩富邦49購01  ,0,0,0,0,0,0,0,0,0,"260,000",0,0,0,"289,000","29,000","260,000","260,000"
"=""052331""",台灣50中信47購02,0,0,0,0,0,0,0,0,0,"260,000",0,0,0,"260,000",0,"260,000","260,000"
"=""061597""",可成國票49購01  ,0,0,0,0,0,0,0,0,0,"260,000",0,0,0,"271,000","11,000","260,000","260,000"
"=""069004""",瑞昱國票49購01  ,0,0,0,0,0,0,0,0,0,"260,000",0,0,0,"260,000",0,"260,000","260,000"
"=""068270""",中興電凱基48購02,0,0,0,0,0,0,0,0,0,"258,000",0,0,0,"258,000",0,"258,000","258,000"
"=""037621""",晶豪科群益53購02,0,0,0,0,0,0,0,0,0,"258,000",0,0,0,"331,000","73,000","258,000","258,000"
"=""052308""",正崴凱基43購03  ,0,0,0,0,0,0,0,0,0,"257,000",0,0,0,"292,000","35,000","257,000","257,000"
"=""051880""",長榮中信46購02  ,0,0,0,0,0,0,0,0,0,"256,000",0,0,0,"256,000",0,"256,000","256,000"
"=""055283""",國企2X元大44購07,0,0,0,0,0,0,0,0,0,"256,000",0,0,0,"256,000",0,"256,000","256,000"
"=""053027""",長興元大44購02  ,0,0,0,0,0,0,0,0,0,"255,000",0,0,0,"266,000","11,000","255,000","255,000"
"=""059055""",全漢統一53購01  ,0,0,0,0,0,0,0,0,0,"254,000",0,0,0,"354,000","100,000","254,000","254,000"
"=""061392""",旺宏群益47購01  ,0,0,0,0,0,0,0,0,0,"254,000",0,0,0,"254,000",0,"254,000","254,000"
"=""067522""",景碩元大47購05  ,0,0,0,0,0,0,0,0,0,"254,000",0,0,0,"254,000",0,"254,000","254,000"
"=""058450""",日電貿永豐46購01,0,0,0,0,0,0,0,0,0,"254,000",0,0,0,"294,000","40,000","254,000","254,000"
"=""058542""",漢唐元大45購02  ,0,0,0,0,0,0,0,0,0,"253,000",0,0,0,"260,000","7,000","253,000","253,000"
"=""066896""",元債2X群益51購06,0,0,0,0,0,0,0,0,0,"253,000",0,0,0,"408,000","155,000","253,000","253,000"
"=""03526T""",祥碩國票33售02  ,0,0,0,0,0,0,0,0,0,"253,000",0,0,0,"253,000",0,"253,000","253,000"
"=""065357""",光寶科兆豐3B購01,0,0,0,0,0,0,0,0,0,"253,000",0,0,0,"253,000",0,"253,000","253,000"
"=""062888""",富邦金元富4C購01,0,0,0,0,0,0,0,0,0,"253,000",0,0,0,"253,000",0,"253,000","253,000"
"=""04656T""",虹堡元大35售04  ,0,0,0,0,0,0,0,0,0,"253,000",0,0,0,"375,000","122,000","253,000","253,000"
"=""048990""",三商壽元富48購01,0,0,0,0,0,0,0,0,0,"253,000",0,0,0,"253,000",0,"253,000","253,000"
"=""064689""",玉晶光元大46購13,0,0,0,0,0,0,0,0,0,"253,000",0,0,0,"267,000","14,000","253,000","253,000"
"=""053950""",矽力兆豐45購01  ,0,0,0,0,0,0,0,0,0,"252,000",0,0,0,"330,000","78,000","252,000","252,000"
"=""052162""",長華元大45購01  ,0,0,0,0,0,0,0,0,0,"252,000",0,0,0,"252,000",0,"252,000","252,000"
"=""051645""",光寶科群益46購01,0,0,0,0,0,0,0,0,0,"252,000",0,0,0,"254,000","2,000","252,000","252,000"
"=""062732""",世芯元富47購05  ,0,0,0,0,0,0,0,0,0,"252,000",0,0,0,"288,000","36,000","252,000","252,000"
"=""069141""",世芯群益49購06  ,0,0,0,0,0,0,0,0,0,"252,000",0,0,0,"257,000","5,000","252,000","252,000"
"=""066155""",緯穎統一51購03  ,0,0,0,0,0,0,0,0,0,"252,000",0,0,0,"252,000",0,"252,000","252,000"
"=""065831""",瑞昱統一51購01  ,0,0,0,0,0,0,0,0,0,"252,000",0,0,0,"255,000","3,000","252,000","252,000"
"=""059790""",正崴中信48購01  ,0,0,0,0,0,0,0,0,0,"252,000",0,0,0,"252,000",0,"252,000","252,000"
"=""057030""",緯穎富邦49購01  ,0,0,0,0,0,0,0,0,0,"251,000",0,0,0,"251,000",0,"251,000","251,000"
"=""055122""",達發元大44購03  ,0,0,0,0,0,0,0,0,0,"251,000",0,0,0,"251,000",0,"251,000","251,000"
"=""057944""",貿聯元大48購02  ,0,0,0,0,0,0,0,0,0,"250,000",0,0,0,"290,000","40,000","250,000","250,000"
"=""061570""",世芯凱基47購05  ,0,0,0,0,0,0,0,0,0,"250,000",0,0,0,"256,000","6,000","250,000","250,000"
"=""061343""",華擎凱基46購02  ,0,0,0,0,0,0,0,0,0,"250,000",0,0,0,"793,000","543,000","250,000","250,000"
"=""068184""",緯創永豐48購03  ,0,0,0,0,0,0,0,0,0,"250,000",0,0,0,"250,000",0,"250,000","250,000"
"=""043509""",微星元大55購01  ,0,0,0,0,0,0,0,0,0,"250,000",0,0,0,"250,000",0,"250,000","250,000"
"=""03662T""",台光電國票35售01,0,0,0,0,0,0,0,0,0,"250,000",0,0,0,"250,000",0,"250,000","250,000"
"=""051176""",玉晶光國泰45購03,0,0,0,0,0,0,0,0,0,"250,000",0,0,0,"250,000",0,"250,000","250,000"
"=""04794T""",材料元大35售13  ,0,0,0,0,0,0,0,0,0,"250,000",0,0,0,"250,000",0,"250,000","250,000"
"=""065041""",瑞昱元大47購01  ,0,0,0,0,0,0,0,0,0,"250,000",0,0,0,"250,000",0,"250,000","250,000"
3014,聯陽            ,"458,000","200,000","258,000",0,0,0,0,"1,000","-1,000","-7,080","17,889","20,968","-3,079","34,000","38,001","-4,001","249,920"
3024,憶聲            ,"407,000","168,000","239,000",0,0,0,0,0,0,"10,000","10,000",0,"10,000",0,0,0,"249,000"
"=""04270T""",台積電凱基35售26,0,0,0,0,0,0,0,0,0,"249,000",0,0,0,"249,000",0,"249,000","249,000"
"=""065299""",鴻海統一57購04  ,0,0,0,0,0,0,0,0,0,"249,000",0,0,0,"249,000",0,"249,000","249,000"
"=""060826""",達發兆豐47購01  ,0,0,0,0,0,0,0,0,0,"249,000",0,0,0,"251,000","2,000","249,000","249,000"
"=""045846""",世芯元大43購13  ,0,0,0,0,0,0,0,0,0,"249,000",0,0,0,"297,000","48,000","249,000","249,000"
"=""057760""",京元電群益48購01,0,0,0,0,0,0,0,0,0,"249,000",0,0,0,"249,000",0,"249,000","249,000"
6117,迎廣            ,"252,000","5,200","246,800",0,0,0,0,0,0,"2,000",0,"3,000","-3,000","5,000",0,"5,000","248,800"
"=""062521""",所羅門國票46購01,0,0,0,0,0,0,0,0,0,"248,000",0,0,0,"359,000","111,000","248,000","248,000"
"=""069321""",材料國票49購01  ,0,0,0,0,0,0,0,0,0,"248,000",0,0,0,"274,000","26,000","248,000","248,000"
"=""00645""",富邦日本        ,0,0,0,0,0,0,0,0,0,"247,785",0,0,0,"429,274","181,489","247,785","247,785"
"=""061755""",鴻準元富46購02  ,0,0,0,0,0,0,0,0,0,"247,000",0,0,0,"247,000",0,"247,000","247,000"
"=""057599""",巨大群益45購01  ,0,0,0,0,0,0,0,0,0,"247,000",0,0,0,"247,000",0,"247,000","247,000"
6695,芯鼎            ,"793,000","546,000","247,000",0,0,0,0,0,0,0,0,0,0,0,0,0,"247,000"
"=""049082""",微星元大43購02  ,0,0,0,0,0,0,0,0,0,"247,000",0,0,0,"493,000","246,000","247,000","247,000"
"=""064192""",S&P正2國票4C購01,0,0,0,0,0,0,0,0,0,"246,000",0,0,0,"246,000",0,"246,000","246,000"
"=""067250""",統一國票48購01  ,0,0,0,0,0,0,0,0,0,"246,000",0,0,0,"246,000",0,"246,000","246,000"
"=""067205""",全新凱基47購03  ,0,0,0,0,0,0,0,0,0,"245,000",0,0,0,"266,000","21,000","245,000","245,000"
"=""065248""",川湖元富47購04  ,0,0,0,0,0,0,0,0,0,"245,000",0,0,0,"330,000","85,000","245,000","245,000"
"=""057975""",緯創群益45購09  ,0,0,0,0,0,0,0,0,0,"245,000",0,0,0,"265,000","20,000","245,000","245,000"
6112,邁達特          ,"793,000","544,000","249,000",0,0,0,0,0,0,"-4,887",0,"1,000","-1,000","11,000","14,887","-3,887","244,113"
2462,良得電          ,"463,000","220,000","243,000",0,0,0,0,0,0,"1,000","2,000","1,000","1,000",0,0,0,"244,000"
"=""065194""",大立光凱基47購07,0,0,0,0,0,0,0,0,0,"244,000",0,0,0,"332,000","88,000","244,000","244,000"
"=""068191""",泰金寶永豐49購01,0,0,0,0,0,0,0,0,0,"244,000",0,0,0,"252,000","8,000","244,000","244,000"
"=""067579""",勤誠富邦49購01  ,0,0,0,0,0,0,0,0,0,"243,000",0,0,0,"245,000","2,000","243,000","243,000"
"=""046737""",華航國泰44購01  ,0,0,0,0,0,0,0,0,0,"243,000",0,0,0,"246,000","3,000","243,000","243,000"
"=""054005""",世紀鋼國泰46購04,0,0,0,0,0,0,0,0,0,"243,000",0,0,0,"246,000","3,000","243,000","243,000"
"=""064858""",長榮航國泰48購02,0,0,0,0,0,0,0,0,0,"243,000",0,0,0,"250,000","7,000","243,000","243,000"
"=""040251""",大立光富邦56購01,0,0,0,0,0,0,0,0,0,"243,000",0,0,0,"514,000","271,000","243,000","243,000"
"=""061556""",旺宏凱基47購01  ,0,0,0,0,0,0,0,0,0,"242,000",0,0,0,"252,000","10,000","242,000","242,000"
"=""061393""",致茂群益46購05  ,0,0,0,0,0,0,0,0,0,"242,000",0,0,0,"296,000","54,000","242,000","242,000"
"=""069003""",瑞昱國票48購01  ,0,0,0,0,0,0,0,0,0,"242,000",0,0,0,"324,000","82,000","242,000","242,000"
"=""062612""",祥碩國泰48購01  ,0,0,0,0,0,0,0,0,0,"240,000",0,0,0,"240,000",0,"240,000","240,000"
"=""062916""",長榮凱基48購03  ,0,0,0,0,0,0,0,0,0,"240,000",0,0,0,"421,000","181,000","240,000","240,000"
"=""055391""",緯穎凱基44購07  ,0,0,0,0,0,0,0,0,0,"240,000",0,0,0,"260,000","20,000","240,000","240,000"
"=""058697""",志聖國票46購03  ,0,0,0,0,0,0,0,0,0,"240,000",0,0,0,"240,000",0,"240,000","240,000"
"=""058210""",技嘉元富4A購03  ,0,0,0,0,0,0,0,0,0,"240,000",0,0,0,"260,000","20,000","240,000","240,000"
"=""066777""",同欣電元大47購03,0,0,0,0,0,0,0,0,0,"240,000",0,0,0,"272,000","32,000","240,000","240,000"
"=""064149""",群創富邦46購03  ,0,0,0,0,0,0,0,0,0,"240,000",0,0,0,"405,000","165,000","240,000","240,000"
"=""050011""",和大國票44購01  ,0,0,0,0,0,0,0,0,0,"240,000",0,0,0,"360,000","120,000","240,000","240,000"
1476,儒鴻            ,"410,361","62,624","347,737",0,0,0,"1,000","89,000","-88,000","-19,789","20,000","40,000","-20,000",619,408,211,"239,948"
2915,潤泰全          ,"826,000","569,000","257,000",0,0,0,0,"14,000","-14,000","-3,244","15,000","3,244","11,756","1,000","16,000","-15,000","239,756"
"=""056375""",鴻準元大45購01  ,0,0,0,0,0,0,0,0,0,"239,000",0,0,0,"239,000",0,"239,000","239,000"
"=""050706""",正崴凱基43購01  ,0,0,0,0,0,0,0,0,0,"239,000",0,0,0,"260,000","21,000","239,000","239,000"
"=""047744""",台積電永豐46購07,0,0,0,0,0,0,0,0,0,"239,000",0,0,0,"239,000",0,"239,000","239,000"
"=""061829""",臺股指凱基46購28,0,0,0,0,0,0,0,0,0,"239,000",0,0,0,"239,000",0,"239,000","239,000"
"=""056690""",技嘉元大45購04  ,0,0,0,0,0,0,0,0,0,"238,000",0,0,0,"268,000","30,000","238,000","238,000"
"=""055244""",世芯凱基47購03  ,"238,000",0,"238,000",0,0,0,0,0,0,0,0,0,0,0,0,0,"238,000"
"=""057559""",緯穎元大45購13  ,0,0,0,0,0,0,0,0,0,"238,000",0,0,0,"239,000","1,000","238,000","238,000"
"=""066030""",大立光群益47購07,0,0,0,0,0,0,0,0,0,"238,000",0,0,0,"444,000","206,000","238,000","238,000"
"=""049268""",臺股指元大43購68,0,0,0,0,0,0,0,0,0,"238,000",0,0,0,"238,000",0,"238,000","238,000"
"=""063439""",鴻海元大46購28  ,0,0,0,0,0,0,0,0,0,"238,000",0,0,0,"289,000","51,000","238,000","238,000"
"=""063596""",日月光凱基47購02,0,0,0,0,0,0,0,0,0,"238,000",0,0,0,"243,000","5,000","238,000","238,000"
"=""041308""",南電元大54購26  ,0,0,0,0,0,0,0,0,0,"237,000",0,0,0,"333,000","96,000","237,000","237,000"
"=""065806""",致茂國票48購01  ,0,0,0,0,0,0,0,0,0,"237,000",0,0,0,"237,000",0,"237,000","237,000"
"=""065725""",輔信元大47購01  ,0,0,0,0,0,0,0,0,0,"237,000",0,0,0,"307,000","70,000","237,000","237,000"
1218,泰山            ,"319,000","81,000","238,000",0,0,0,0,0,0,"-1,000",0,"1,000","-1,000",0,0,0,"237,000"
"=""055070""",建準群益45購04  ,0,0,0,0,0,0,0,0,0,"236,000",0,0,0,"236,000",0,"236,000","236,000"
"=""062193""",健鼎永豐48購01  ,0,0,0,0,0,0,0,0,0,"236,000",0,0,0,"342,000","106,000","236,000","236,000"
"=""062029""",泰金寶國票47購01,0,0,0,0,0,0,0,0,0,"236,000",0,0,0,"268,000","32,000","236,000","236,000"
"=""065091""",玉晶光台新47購01,0,0,0,0,0,0,0,0,0,"236,000",0,0,0,"239,000","3,000","236,000","236,000"
"=""067513""",長榮元大48購03  ,0,0,0,0,0,0,0,0,0,"236,000",0,0,0,"238,000","2,000","236,000","236,000"
"=""058453""",迅得永豐45購01  ,0,0,0,0,0,0,0,0,0,"236,000",0,0,0,"236,000",0,"236,000","236,000"
"=""044542""",緯穎凱基55購10  ,0,0,0,0,0,0,0,0,0,"236,000",0,0,0,"351,000","115,000","236,000","236,000"
2395,研華            ,"790,000","554,718","235,282",0,0,0,0,"1,000","-1,000",914,0,0,0,"9,914","9,000",914,"235,196"
"=""048107""",潤隆國票42購01  ,0,0,0,0,0,0,0,0,0,"235,000",0,0,0,"235,000",0,"235,000","235,000"
"=""068154""",友訊統一52購01  ,0,0,0,0,0,0,0,0,0,"235,000",0,0,0,"235,000",0,"235,000","235,000"
"=""065564""",南亞科元富47購01,0,0,0,0,0,0,0,0,0,"235,000",0,0,0,"258,000","23,000","235,000","235,000"
"=""039113""",事欣科元富54購01,0,0,0,0,0,0,0,0,0,"234,000",0,0,0,"300,000","66,000","234,000","234,000"
"=""049063""",材料凱基43購09  ,0,0,0,0,0,0,0,0,0,"234,000",0,0,0,"391,000","157,000","234,000","234,000"
"=""059186""",慧洋元大45購02  ,0,0,0,0,0,0,0,0,0,"234,000",0,0,0,"254,000","20,000","234,000","234,000"
"=""050465""",零壹凱基44購01  ,0,0,0,0,0,0,0,0,0,"233,000",0,0,0,"233,000",0,"233,000","233,000"
"=""065637""",海華群益47購01  ,0,0,0,0,0,0,0,0,0,"233,000",0,0,0,"234,000","1,000","233,000","233,000"
"=""061331""",鴻海凱基46購13  ,0,0,0,0,0,0,0,0,0,"233,000",0,0,0,"233,000",0,"233,000","233,000"
"=""062631""",達發中信48購01  ,0,0,0,0,0,0,0,0,0,"233,000",0,0,0,"238,000","5,000","233,000","233,000"
"=""047495""",鴻海元富4B購01  ,0,0,0,0,0,0,0,0,0,"233,000",0,0,0,"233,000",0,"233,000","233,000"
3545,敦泰            ,"2,059,000","1,840,750","218,250",0,0,0,0,0,0,"13,854","5,000","20,780","-15,780","47,099","17,465","29,634","232,104"
"=""063925""",元金2X國票48購01,0,0,0,0,0,0,0,0,0,"231,000",0,0,0,"269,000","38,000","231,000","231,000"
"=""060875""",南亞中信46購01  ,0,0,0,0,0,0,0,0,0,"231,000",0,0,0,"234,000","3,000","231,000","231,000"
"=""060701""",啟�皏藕�46購02  ,0,0,0,0,0,0,0,0,0,"231,000",0,0,0,"275,000","44,000","231,000","231,000"
8271,宇瞻            ,"304,000","99,000","205,000",0,0,0,0,0,0,"25,118","25,118",0,"25,118",0,0,0,"230,118"
"=""048356""",美律凱基43購01  ,0,0,0,0,0,0,0,0,0,"230,000",0,0,0,"230,000",0,"230,000","230,000"
"=""061338""",華航凱基46購02  ,0,0,0,0,0,0,0,0,0,"230,000",0,0,0,"230,000",0,"230,000","230,000"
"=""08404U""",滬深2X凱基33售02,0,0,0,0,0,0,0,0,0,"230,000",0,0,0,"355,000","125,000","230,000","230,000"
"=""04549T""",祥碩元富35售04  ,0,0,0,0,0,0,0,0,0,"230,000",0,0,0,"230,000",0,"230,000","230,000"
"=""066795""",玉晶光永豐51購01,0,0,0,0,0,0,0,0,0,"230,000",0,0,0,"230,000",0,"230,000","230,000"
"=""058446""",大立光永豐45購02,0,0,0,0,0,0,0,0,0,"230,000",0,0,0,"230,000",0,"230,000","230,000"
"=""058403""",長榮航元富48購01,0,0,0,0,0,0,0,0,0,"229,000",0,0,0,"459,000","230,000","229,000","229,000"
"=""065338""",采鈺統一55購01  ,0,0,0,0,0,0,0,0,0,"229,000",0,0,0,"274,000","45,000","229,000","229,000"
"=""078869""",日月光富邦4A購03,0,0,0,0,0,0,0,0,0,"229,000",0,0,0,"229,000",0,"229,000","229,000"
"=""061276""",矽創凱基46購01  ,0,0,0,0,0,0,0,0,0,"228,000",0,0,0,"242,000","14,000","228,000","228,000"
"=""061463""",正崴元大46購11  ,0,0,0,0,0,0,0,0,0,"228,000",0,0,0,"228,000",0,"228,000","228,000"
"=""067129""",旺宏國票47購01  ,0,0,0,0,0,0,0,0,0,"228,000",0,0,0,"361,000","133,000","228,000","228,000"
"=""052055""",萬海富邦44購02  ,0,0,0,0,0,0,0,0,0,"228,000",0,0,0,"244,000","16,000","228,000","228,000"
"=""050093""",大亞元富49購01  ,0,0,0,0,0,0,0,0,0,"228,000",0,0,0,"228,000",0,"228,000","228,000"
"=""051771""",新日興國泰45購02,0,0,0,0,0,0,0,0,0,"228,000",0,0,0,"228,000",0,"228,000","228,000"
"=""064355""",盟立國票48購01  ,0,0,0,0,0,0,0,0,0,"228,000",0,0,0,"228,000",0,"228,000","228,000"
"=""063781""",精銳元富4C購01  ,0,0,0,0,0,0,0,0,0,"227,000",0,0,0,"343,000","116,000","227,000","227,000"
"=""03651T""",天鈺元大34售05  ,0,0,0,0,0,0,0,0,0,"227,000",0,0,0,"227,000",0,"227,000","227,000"
"=""066834""",長榮凱基49購02  ,0,0,0,0,0,0,0,0,0,"226,000",0,0,0,"316,000","90,000","226,000","226,000"
"=""067300""",世芯群益49購03  ,0,0,0,0,0,0,0,0,0,"226,000",0,0,0,"226,000",0,"226,000","226,000"
"=""068997""",T50正2國票49購02,0,0,0,0,0,0,0,0,0,"226,000",0,0,0,"302,000","76,000","226,000","226,000"
"=""044061""",碩天國泰56購01  ,0,0,0,0,0,0,0,0,0,"226,000",0,0,0,"325,000","99,000","226,000","226,000"
"=""065068""",愛普元大47購06  ,0,0,0,0,0,0,0,0,0,"226,000",0,0,0,"246,000","20,000","226,000","226,000"
"=""052285""",中興電國票44購03,0,0,0,0,0,0,0,0,0,"225,000",0,0,0,"395,000","170,000","225,000","225,000"
"=""063535""",國巨台新46購01  ,0,0,0,0,0,0,0,0,0,"225,000",0,0,0,"225,000",0,"225,000","225,000"
"=""063257""",世芯元大46購27  ,0,0,0,0,0,0,0,0,0,"225,000",0,0,0,"328,000","103,000","225,000","225,000"
"=""08386U""",台灣50元富31售03,0,0,0,0,0,0,0,0,0,"225,000",0,0,0,"225,000",0,"225,000","225,000"
"=""055511""",臺股指元大45購25,0,0,0,0,0,0,0,0,0,"224,000",0,0,0,"226,000","2,000","224,000","224,000"
"=""062652""",威盛凱基46購02  ,0,0,0,0,0,0,0,0,0,"223,000",0,0,0,"587,000","364,000","223,000","223,000"
"=""067592""",台塑元富47購11  ,0,0,0,0,0,0,0,0,0,"223,000",0,0,0,"363,000","140,000","223,000","223,000"
"=""059569""",萬海元大45購07  ,0,0,0,0,0,0,0,0,0,"223,000",0,0,0,"288,000","65,000","223,000","223,000"
"=""060310""",大同群益46購01  ,0,0,0,0,0,0,0,0,0,"222,000",0,0,0,"222,000",0,"222,000","222,000"
"=""068655""",日月光統一51購03,0,0,0,0,0,0,0,0,0,"222,000",0,0,0,"312,000","90,000","222,000","222,000"
"=""049810""",長華元大43購06  ,0,0,0,0,0,0,0,0,0,"222,000",0,0,0,"222,000",0,"222,000","222,000"
"=""064816""",神達元大47購06  ,0,0,0,0,0,0,0,0,0,"221,000",0,0,0,"269,000","48,000","221,000","221,000"
"=""060583""",正崴元大46購07  ,0,0,0,0,0,0,0,0,0,"221,000",0,0,0,"222,000","1,000","221,000","221,000"
"=""067114""",台達電統一3B購01,0,0,0,0,0,0,0,0,0,"221,000",0,0,0,"221,000",0,"221,000","221,000"
"=""062459""",佳能群益48購01  ,0,0,0,0,0,0,0,0,0,"220,000",0,0,0,"223,000","3,000","220,000","220,000"
"=""040041""",元金2X永豐5A購01,0,0,0,0,0,0,0,0,0,"220,000",0,0,0,"544,000","324,000","220,000","220,000"
"=""053310""",辛耘凱基46購02  ,0,0,0,0,0,0,0,0,0,"220,000",0,0,0,"220,000",0,"220,000","220,000"
"=""051277""",辛耘永豐45購04  ,0,0,0,0,0,0,0,0,0,"220,000",0,0,0,"220,000",0,"220,000","220,000"
"=""043769""",可成元富55購01  ,0,0,0,0,0,0,0,0,0,"220,000",0,0,0,"220,000",0,"220,000","220,000"
"=""048428""",台積電元大44購12,0,0,0,0,0,0,0,0,0,"219,000",0,0,0,"219,000",0,"219,000","219,000"
"=""068753""",台積電凱基4A購18,0,0,0,0,0,0,0,0,0,"219,000",0,0,0,"255,000","36,000","219,000","219,000"
"=""066970""",緯創元大49購03  ,0,0,0,0,0,0,0,0,0,"219,000",0,0,0,"219,000",0,"219,000","219,000"
"=""065136""",智邦群益49購02  ,0,0,0,0,0,0,0,0,0,"219,000",0,0,0,"220,000","1,000","219,000","219,000"
"=""067315""",台灣50元大47購16,0,0,0,0,0,0,0,0,0,"218,000",0,0,0,"534,000","316,000","218,000","218,000"
"=""068245""",聯發科國票49購02,"268,000",0,"268,000",0,0,0,0,0,0,"-50,000",0,0,0,0,"50,000","-50,000","218,000"
"=""064293""",智原元大4B購02  ,0,0,0,0,0,0,0,0,0,"218,000",0,0,0,"259,000","41,000","218,000","218,000"
"=""063332""",迅得國票47購02  ,0,0,0,0,0,0,0,0,0,"217,000",0,0,0,"234,000","17,000","217,000","217,000"
"=""067905""",台積電元大47購42,0,0,0,0,0,0,0,0,0,"217,000",0,0,0,"242,000","25,000","217,000","217,000"
"=""067865""",南電凱基47購03  ,0,0,0,0,0,0,0,0,0,"217,000",0,0,0,"377,000","160,000","217,000","217,000"
"=""059497""",聯發科永豐46購08,0,0,0,0,0,0,0,0,0,"217,000",0,0,0,"217,000",0,"217,000","217,000"
"=""052040""",潤隆凱基48購01  ,0,0,0,0,0,0,0,0,0,"217,000",0,0,0,"271,000","54,000","217,000","217,000"
"=""045321""",台積電永豐55購11,0,0,0,0,0,0,0,0,0,"217,000",0,0,0,"223,000","6,000","217,000","217,000"
3038,全台            ,"249,000","55,000","194,000",0,0,0,0,0,0,"22,907","26,000","3,093","22,907",0,0,0,"216,907"
8016,矽創            ,"219,000","126,100","92,900",0,0,0,"147,000","8,606","138,394","-14,836","52,164","31,000","21,164",0,"36,000","-36,000","216,458"
"=""063418""",達發群益48購03  ,0,0,0,0,0,0,0,0,0,"216,000",0,0,0,"236,000","20,000","216,000","216,000"
"=""045360""",神達凱基59購02  ,0,0,0,0,0,0,0,0,0,"216,000",0,0,0,"216,000",0,"216,000","216,000"
"=""058558""",緯穎元大45購23  ,0,0,0,0,0,0,0,0,0,"216,000",0,0,0,"217,000","1,000","216,000","216,000"
"=""062463""",全新群益46購08  ,0,0,0,0,0,0,0,0,0,"216,000",0,0,0,"216,000",0,"216,000","216,000"
"=""057516""",立積凱基45購03  ,0,0,0,0,0,0,0,0,0,"216,000",0,0,0,"260,000","44,000","216,000","216,000"
"=""047273""",國巨元富48購01  ,0,0,0,0,0,0,0,0,0,"216,000",0,0,0,"221,000","5,000","216,000","216,000"
"=""057012""",鴻海統一4A購05  ,0,0,0,0,0,0,0,0,0,"215,000",0,0,0,"215,000",0,"215,000","215,000"
"=""066418""",中砂統一51購01  ,0,0,0,0,0,0,0,0,0,"215,000",0,0,0,"215,000",0,"215,000","215,000"
"=""054664""",鴻海元大44購22  ,0,0,0,0,0,0,0,0,0,"215,000",0,0,0,"215,000",0,"215,000","215,000"
"=""056298""",新唐中信46購01  ,0,0,0,0,0,0,0,0,0,"215,000",0,0,0,"215,000",0,"215,000","215,000"
"=""050565""",威盛國票44購01  ,0,0,0,0,0,0,0,0,0,"214,000",0,0,0,"224,000","10,000","214,000","214,000"
"=""04164T""",威盛國票36售01  ,0,0,0,0,0,0,0,0,0,"214,000",0,0,0,"626,000","412,000","214,000","214,000"
"=""065351""",川湖群益47購06  ,0,0,0,0,0,0,0,0,0,"214,000",0,0,0,"218,000","4,000","214,000","214,000"
"=""061849""",陽明群益47購02  ,0,0,0,0,0,0,0,0,0,"214,000",0,0,0,"314,000","100,000","214,000","214,000"
"=""057538""",友訊元大45購04  ,0,0,0,0,0,0,0,0,0,"214,000",0,0,0,"546,000","332,000","214,000","214,000"
"=""057842""",川湖凱基45購05  ,0,0,0,0,0,0,0,0,0,"214,000",0,0,0,"373,000","159,000","214,000","214,000"
"=""047412""",力成永豐44購01  ,0,0,0,0,0,0,0,0,0,"213,000",0,0,0,"217,000","4,000","213,000","213,000"
"=""065634""",揚明光群益47購01,0,0,0,0,0,0,0,0,0,"213,000",0,0,0,"215,000","2,000","213,000","213,000"
"=""050673""",長榮國泰45購08  ,0,0,0,0,0,0,0,0,0,"213,000",0,0,0,"213,000",0,"213,000","213,000"
"=""054666""",台積電元大44購59,0,0,0,0,0,0,0,0,0,"213,000",0,0,0,"327,000","114,000","213,000","213,000"
"=""063168""",世芯元富46購13  ,0,0,0,0,0,0,0,0,0,"213,000",0,0,0,"215,000","2,000","213,000","213,000"
"=""059364""",萬海元大45購06  ,0,0,0,0,0,0,0,0,0,"213,000",0,0,0,"213,000",0,"213,000","213,000"
"=""065401""",台灣50元大47購12,0,0,0,0,0,0,0,0,0,"212,000",0,0,0,"212,000",0,"212,000","212,000"
"=""058081""",裕隆元富46購01  ,0,0,0,0,0,0,0,0,0,"212,000",0,0,0,"212,000",0,"212,000","212,000"
"=""062017""",正崴國票47購01  ,0,0,0,0,0,0,0,0,0,"212,000",0,0,0,"237,000","25,000","212,000","212,000"
"=""068675""",聯發科永豐4B購02,0,0,0,0,0,0,0,0,0,"212,000",0,0,0,"212,000",0,"212,000","212,000"
6202,盛群            ,"584,000","380,000","204,000",0,0,0,"3,000","3,451",-451,"8,224",0,394,-394,"9,000",382,"8,618","211,773"
"=""055738""",長榮航元大44購04,0,0,0,0,0,0,0,0,0,"211,000",0,0,0,"251,000","40,000","211,000","211,000"
"=""065185""",台積電凱基48購07,0,0,0,0,0,0,0,0,0,"211,000",0,0,0,"216,000","5,000","211,000","211,000"
"=""03598T""",元債2X元大38售02,0,0,0,0,0,0,0,0,0,"211,000",0,0,0,"211,000",0,"211,000","211,000"
"=""065802""",泰金寶國泰48購02,0,0,0,0,0,0,0,0,0,"211,000",0,0,0,"297,000","86,000","211,000","211,000"
"=""058532""",鴻準元大46購04  ,"211,000",0,"211,000",0,0,0,0,0,0,0,0,0,0,0,0,0,"211,000"
"=""068007""",創意群益47購04  ,0,0,0,0,0,0,0,0,0,"211,000",0,0,0,"218,000","7,000","211,000","211,000"
"=""058246""",京元電凱基45購03,0,0,0,0,0,0,0,0,0,"210,000",0,0,0,"220,000","10,000","210,000","210,000"
"=""058258""",臻鼎凱基47購01  ,0,0,0,0,0,0,0,0,0,"210,000",0,0,0,"220,000","10,000","210,000","210,000"
"=""065966""",盟立元大47購02  ,0,0,0,0,0,0,0,0,0,"210,000",0,0,0,"320,000","110,000","210,000","210,000"
"=""03472T""",金像電國票34售02,0,0,0,0,0,0,0,0,0,"210,000",0,0,0,"260,000","50,000","210,000","210,000"
"=""044302""",大同群益55購02  ,0,0,0,0,0,0,0,0,0,"210,000",0,0,0,"210,000",0,"210,000","210,000"
"=""00634R""",富邦上証反1     ,0,0,0,0,0,0,0,0,0,"209,089",0,0,0,"415,089","206,000","209,089","209,089"
"=""066294""",和椿元大47購04  ,0,0,0,0,0,0,0,0,0,"209,000",0,0,0,"209,000",0,"209,000","209,000"
"=""045741""",龍德船統一48購01,0,0,0,0,0,0,0,0,0,"209,000",0,0,0,"509,000","300,000","209,000","209,000"
"=""065287""",潤泰新永豐4A購01,0,0,0,0,0,0,0,0,0,"209,000",0,0,0,"209,000",0,"209,000","209,000"
"=""040080""",聯發科元大57購07,0,0,0,0,0,0,0,0,0,"209,000",0,0,0,"211,000","2,000","209,000","209,000"
"=""063598""",臻鼎凱基4A購01  ,0,0,0,0,0,0,0,0,0,"209,000",0,0,0,"1,270,000","1,061,000","209,000","209,000"
"=""047909""",南亞科凱基42購04,0,0,0,0,0,0,0,0,0,"208,000",0,0,0,"208,000",0,"208,000","208,000"
"=""059392""",威盛中信46購01  ,0,0,0,0,0,0,0,0,0,"208,000",0,0,0,"372,000","164,000","208,000","208,000"
"=""067961""",創意永豐4C購02  ,0,0,0,0,0,0,0,0,0,"208,000",0,0,0,"208,000",0,"208,000","208,000"
"=""068220""",威盛群益4A購03  ,0,0,0,0,0,0,0,0,0,"207,000",0,0,0,"207,000",0,"207,000","207,000"
"=""058720""",SGBR2X群益45購02,0,0,0,0,0,0,0,0,0,"207,000",0,0,0,"222,000","15,000","207,000","207,000"
"=""058653""",嘉澤凱基45購03  ,0,0,0,0,0,0,0,0,0,"207,000",0,0,0,"207,000",0,"207,000","207,000"
"=""050226""",臺股指群益44購11,0,0,0,0,0,0,0,0,0,"207,000",0,0,0,"207,000",0,"207,000","207,000"
"=""055573""",辛耘元富44購03  ,0,0,0,0,0,0,0,0,0,"207,000",0,0,0,"207,000",0,"207,000","207,000"
"=""04259T""",威盛元大35售11  ,0,0,0,0,0,0,0,0,0,"206,000",0,0,0,"327,000","121,000","206,000","206,000"
"=""065522""",華航統一51購01  ,0,0,0,0,0,0,0,0,0,"206,000",0,0,0,"210,000","4,000","206,000","206,000"
"=""065563""",台積電中信3B購01,0,0,0,0,0,0,0,0,0,"206,000",0,0,0,"254,000","48,000","206,000","206,000"
"=""057558""",緯穎元大45購12  ,0,0,0,0,0,0,0,0,0,"206,000",0,0,0,"206,000",0,"206,000","206,000"
"=""068439""",T50正2凱基49購03,0,0,0,0,0,0,0,0,0,"205,000",0,0,0,"213,000","8,000","205,000","205,000"
"=""065941""",泰金寶元富47購01,0,0,0,0,0,0,0,0,0,"205,000",0,0,0,"205,000",0,"205,000","205,000"
"=""064886""",聯發科凱基3B購01,0,0,0,0,0,0,0,0,0,"205,000",0,0,0,"225,000","20,000","205,000","205,000"
"=""048637""",SGBR2X元大42購02,0,0,0,0,0,0,0,0,0,"204,000",0,0,0,"261,000","57,000","204,000","204,000"
"=""068201""",緯創元富48購05  ,0,0,0,0,0,0,0,0,0,"204,000",0,0,0,"286,000","82,000","204,000","204,000"
"=""060282""",台灣50富邦48購03,0,0,0,0,0,0,0,0,0,"204,000",0,0,0,"300,000","96,000","204,000","204,000"
"=""054434""",中砂群益44購01  ,0,0,0,0,0,0,0,0,0,"204,000",0,0,0,"318,000","114,000","204,000","204,000"
"=""061272""",保瑞凱基4A購01  ,0,0,0,0,0,0,0,0,0,"203,000",0,0,0,"213,000","10,000","203,000","203,000"
"=""057057""",滬深2X元大49購03,0,0,0,0,0,0,0,0,0,"203,000",0,0,0,"203,000",0,"203,000","203,000"
"=""066949""",美債2X元大57購01,0,0,0,0,0,0,0,0,0,"203,000",0,0,0,"250,000","47,000","203,000","203,000"
1733,五鼎            ,"484,000","265,000","219,000",0,0,0,0,0,0,"-16,000","2,000","18,000","-16,000",0,0,0,"203,000"
"=""059376""",康舒元大45購02  ,"207,000","5,000","202,000",0,0,0,0,0,0,0,0,0,0,0,0,0,"202,000"
"=""063746""",奇鋐國票47購02  ,0,0,0,0,0,0,0,0,0,"202,000",0,0,0,"203,000","1,000","202,000","202,000"
"=""065162""",瀚宇博群益48購01,0,0,0,0,0,0,0,0,0,"202,000",0,0,0,"204,000","2,000","202,000","202,000"
"=""046222""",辛耘群益42購05  ,0,0,0,0,0,0,0,0,0,"202,000",0,0,0,"202,000",0,"202,000","202,000"
6515,穎崴            ,"394,010","428,000","-33,990",0,0,0,"229,000",0,"229,000","6,792","9,000","5,000","4,000","64,855","62,063","2,792","201,802"
"=""065745""",玉晶光統一3B購01,0,0,0,0,0,0,0,0,0,"201,000",0,0,0,"258,000","57,000","201,000","201,000"
"=""060216""",台積電凱基46購18,0,0,0,0,0,0,0,0,0,"201,000",0,0,0,"202,000","1,000","201,000","201,000"
"=""068064""",矽統凱基47購03  ,0,0,0,0,0,0,0,0,0,"201,000",0,0,0,"201,000",0,"201,000","201,000"
"=""067758""",愛普兆豐47購02  ,0,0,0,0,0,0,0,0,0,"201,000",0,0,0,"201,000",0,"201,000","201,000"
"=""059664""",晶碩永豐45購01  ,0,0,0,0,0,0,0,0,0,"200,000",0,0,0,"200,000",0,"200,000","200,000"
"=""03725T""",台積電凱基34售10,0,0,0,0,0,0,0,0,0,"200,000",0,0,0,"200,000",0,"200,000","200,000"
"=""066738""",元債2X元大4A購03,0,0,0,0,0,0,0,0,0,"200,000",0,0,0,"200,000",0,"200,000","200,000"
"=""066701""",立積統一43購01  ,0,0,0,0,0,0,0,0,0,"200,000",0,0,0,"200,000",0,"200,000","200,000"
"=""03164T""",祥碩元大34售01  ,0,0,0,0,0,0,0,0,0,"200,000",0,0,0,"200,000",0,"200,000","200,000"
"=""042114""",大同國票54購01  ,0,0,0,0,0,0,0,0,0,"200,000",0,0,0,"200,000",0,"200,000","200,000"
"=""045280""",鴻海統一56購03  ,0,0,0,0,0,0,0,0,0,"200,000",0,0,0,"200,000",0,"200,000","200,000"
"=""042130""",華擎國票55購01  ,0,0,0,0,0,0,0,0,0,"200,000",0,0,0,"200,000",0,"200,000","200,000"
"=""042380""",禾伸堂元大54購05,0,0,0,0,0,0,0,0,0,"200,000",0,0,0,"200,000",0,"200,000","200,000"
"=""04243T""",臺股指國票35售11,0,0,0,0,0,0,0,0,0,"200,000",0,0,0,"200,000",0,"200,000","200,000"
"=""046160""",全新統一48購03  ,0,0,0,0,0,0,0,0,0,"200,000",0,0,0,"200,000",0,"200,000","200,000"
"=""056786""",微星國票46購01  ,0,0,0,0,0,0,0,0,0,"200,000",0,0,0,"229,000","29,000","200,000","200,000"
"=""045852""",亞翔元大48購01  ,0,0,0,0,0,0,0,0,0,"200,000",0,0,0,"200,000",0,"200,000","200,000"
"=""054394""",采鈺凱基45購01  ,0,0,0,0,0,0,0,0,0,"200,000",0,0,0,"200,000",0,"200,000","200,000"
"=""055371""",中環凱基45購01  ,0,0,0,0,0,0,0,0,0,"200,000",0,0,0,"200,000",0,"200,000","200,000"
"=""08296U""",一詮群益33售03  ,0,0,0,0,0,0,0,0,0,"200,000",0,0,0,"200,000",0,"200,000","200,000"
"=""062074""",台達電元大46購03,0,0,0,0,0,0,0,0,0,"200,000",0,0,0,"200,000",0,"200,000","200,000"
"=""052416""",萬海元大44購02  ,0,0,0,0,0,0,0,0,0,"200,000",0,0,0,"200,000",0,"200,000","200,000"
"=""052257""",致茂兆豐44購01  ,0,0,0,0,0,0,0,0,0,"200,000",0,0,0,"200,000",0,"200,000","200,000"
"=""051843""",台灣50元大44購08,0,0,0,0,0,0,0,0,0,"200,000",0,0,0,"200,000",0,"200,000","200,000"
"=""064220""",達麗永豐46購01  ,0,0,0,0,0,0,0,0,0,"200,000",0,0,0,"202,000","2,000","200,000","200,000"
"=""054026""",力智元富4A購01  ,0,0,0,0,0,0,0,0,0,"200,000",0,0,0,"200,000",0,"200,000","200,000"
"=""053925""",台達電國泰46購02,0,0,0,0,0,0,0,0,0,"200,000",0,0,0,"200,000",0,"200,000","200,000"
"=""054191""",致茂元富4A購01  ,0,0,0,0,0,0,0,0,0,"200,000",0,0,0,"200,000",0,"200,000","200,000"
"=""054192""",技嘉元富44購01  ,0,0,0,0,0,0,0,0,0,"200,000",0,0,0,"200,000",0,"200,000","200,000"
"=""054756""",台積電永豐46購15,0,0,0,0,0,0,0,0,0,"200,000",0,0,0,"401,000","201,000","200,000","200,000"
"=""049011""",貿聯永豐43購01  ,0,0,0,0,0,0,0,0,0,"200,000",0,0,0,"200,000",0,"200,000","200,000"
"=""048894""",微星統一48購01  ,0,0,0,0,0,0,0,0,0,"200,000",0,0,0,"200,000",0,"200,000","200,000"
"=""048917""",微星永豐43購01  ,0,0,0,0,0,0,0,0,0,"200,000",0,0,0,"200,000",0,"200,000","200,000"
"=""048671""",晶心科群益43購01,0,0,0,0,0,0,0,0,0,"200,000",0,0,0,"200,000",0,"200,000","200,000"
"=""049216""",宏達電群益43購01,0,0,0,0,0,0,0,0,0,"200,000",0,0,0,"200,000",0,"200,000","200,000"
"=""049421""",華通元富44購02  ,0,0,0,0,0,0,0,0,0,"200,000",0,0,0,"270,000","70,000","200,000","200,000"
"=""050221""",佳必琪群益44購01,0,0,0,0,0,0,0,0,0,"199,000",0,0,0,"200,000","1,000","199,000","199,000"
"=""059388""",日月光兆豐46購01,0,0,0,0,0,0,0,0,0,"199,000",0,0,0,"252,000","53,000","199,000","199,000"
"=""051499""",達興國票44購01  ,0,0,0,0,0,0,0,0,0,"199,000",0,0,0,"199,000",0,"199,000","199,000"
"=""061714""",洋基中信48購01  ,0,0,0,0,0,0,0,0,0,"199,000",0,0,0,"200,000","1,000","199,000","199,000"
"=""061637""",陽明元大46購14  ,0,0,0,0,0,0,0,0,0,"199,000",0,0,0,"263,000","64,000","199,000","199,000"
"=""062715""",鴻海元富46購12  ,0,0,0,0,0,0,0,0,0,"199,000",0,0,0,"571,000","372,000","199,000","199,000"
"=""067412""",達興統一51購02  ,0,0,0,0,0,0,0,0,0,"199,000",0,0,0,"199,000",0,"199,000","199,000"
"=""057647""",振樺電凱基45購01,0,0,0,0,0,0,0,0,0,"198,000",0,0,0,"200,000","2,000","198,000","198,000"
"=""057873""",鴻準富邦48購01  ,0,0,0,0,0,0,0,0,0,"198,000",0,0,0,"581,000","383,000","198,000","198,000"
"=""047390""",美債2X永豐43購02,0,0,0,0,0,0,0,0,0,"198,000",0,0,0,"200,000","2,000","198,000","198,000"
"=""056518""",創意凱基46購01  ,0,0,0,0,0,0,0,0,0,"198,000",0,0,0,"199,000","1,000","198,000","198,000"
"=""039461""",欣興統一59購03  ,0,0,0,0,0,0,0,0,0,"198,000",0,0,0,"198,000",0,"198,000","198,000"
"=""050048""",陽明元大43購11  ,0,0,0,0,0,0,0,0,0,"198,000",0,0,0,"198,000",0,"198,000","198,000"
1809,中釉            ,"217,000","19,000","198,000",0,0,0,0,0,0,"-1,000",0,"1,000","-1,000",0,0,0,"197,000"
"=""069197""",華航統一3C購01  ,0,0,0,0,0,0,0,0,0,"197,000",0,0,0,"232,000","35,000","197,000","197,000"
"=""065993""",川湖群益48購03  ,0,0,0,0,0,0,0,0,0,"197,000",0,0,0,"197,000",0,"197,000","197,000"
"=""068757""",欣興凱基4C購02  ,0,0,0,0,0,0,0,0,0,"196,000",0,0,0,"278,000","82,000","196,000","196,000"
"=""063378""",辛耘國泰48購02  ,0,0,0,0,0,0,0,0,0,"196,000",0,0,0,"285,000","89,000","196,000","196,000"
"=""053836""",美指2X元富47購01,0,0,0,0,0,0,0,0,0,"196,000",0,0,0,"223,000","27,000","196,000","196,000"
"=""049806""",碩天元大46購01  ,0,0,0,0,0,0,0,0,0,"195,000",0,0,0,"200,000","5,000","195,000","195,000"
"=""049761""",滬深2X凱基48購02,0,0,0,0,0,0,0,0,0,"195,000",0,0,0,"275,000","80,000","195,000","195,000"
"=""047820""",元債2X群益44購04,0,0,0,0,0,0,0,0,0,"195,000",0,0,0,"286,000","91,000","195,000","195,000"
"=""069384""",大成鋼統一52購05,0,0,0,0,0,0,0,0,0,"195,000",0,0,0,"197,000","2,000","195,000","195,000"
"=""057210""",神達永豐47購01  ,0,0,0,0,0,0,0,0,0,"195,000",0,0,0,"205,000","10,000","195,000","195,000"
"=""08318U""",威盛元大31售06  ,0,0,0,0,0,0,0,0,0,"195,000",0,0,0,"195,000",0,"195,000","195,000"
"=""062357""",臺股指元大48購13,0,0,0,0,0,0,0,0,0,"195,000",0,0,0,"200,000","5,000","195,000","195,000"
"=""066015""",勤誠統一3B購03  ,0,0,0,0,0,0,0,0,0,"195,000",0,0,0,"206,000","11,000","195,000","195,000"
"=""04207T""",技嘉台新35售02  ,0,0,0,0,0,0,0,0,0,"195,000",0,0,0,"315,000","120,000","195,000","195,000"
"=""067063""",所羅門群益4B購01,0,0,0,0,0,0,0,0,0,"194,000",0,0,0,"194,000",0,"194,000","194,000"
"=""058267""",元債2X元大53購01,0,0,0,0,0,0,0,0,0,"194,000",0,0,0,"244,000","50,000","194,000","194,000"
"=""058284""",英業達元大45購03,0,0,0,0,0,0,0,0,0,"194,000",0,0,0,"253,000","59,000","194,000","194,000"
"=""050663""",台灣50國泰45購01,0,0,0,0,0,0,0,0,0,"194,000",0,0,0,"199,000","5,000","194,000","194,000"
"=""03978T""",華擎國票35售01  ,0,0,0,0,0,0,0,0,0,"194,000",0,0,0,"234,000","40,000","194,000","194,000"
"=""052299""",正文國票46購01  ,0,0,0,0,0,0,0,0,0,"194,000",0,0,0,"194,000",0,"194,000","194,000"
"=""063202""",世芯群益53購01  ,0,0,0,0,0,0,0,0,0,"193,000",0,0,0,"405,000","212,000","193,000","193,000"
"=""040172""",道瓊銀永豐55購01,0,0,0,0,0,0,0,0,0,"193,000",0,0,0,"196,000","3,000","193,000","193,000"
"=""058665""",臺股指凱基4B購07,0,0,0,0,0,0,0,0,0,"193,000",0,0,0,"203,000","10,000","193,000","193,000"
"=""060183""",陽明元大46購05  ,0,0,0,0,0,0,0,0,0,"193,000",0,0,0,"194,000","1,000","193,000","193,000"
"=""068001""",佳能群益49購01  ,0,0,0,0,0,0,0,0,0,"193,000",0,0,0,"198,000","5,000","193,000","193,000"
"=""042132""",貿聯國票55購01  ,0,0,0,0,0,0,0,0,0,"193,000",0,0,0,"233,000","40,000","193,000","193,000"
"=""038401""",台達電永豐54購06,0,0,0,0,0,0,0,0,0,"193,000",0,0,0,"240,000","47,000","193,000","193,000"
"=""046083""",SGBR2X群益44購01,0,0,0,0,0,0,0,0,0,"193,000",0,0,0,"244,000","51,000","193,000","193,000"
"=""062863""",亞光兆豐48購01  ,0,0,0,0,0,0,0,0,0,"193,000",0,0,0,"448,000","255,000","193,000","193,000"
"=""062833""",力積電元大46購02,0,0,0,0,0,0,0,0,0,"193,000",0,0,0,"193,000",0,"193,000","193,000"
"=""061307""",采鈺中信47購01  ,0,0,0,0,0,0,0,0,0,"193,000",0,0,0,"193,000",0,"193,000","193,000"
6189,豐藝            ,"238,000","458,000","-220,000",0,0,0,"404,000",0,"404,000","8,206","31,000","46,000","-15,000","23,454",248,"23,206","192,206"
"=""059157""",矽創群益45購01  ,0,0,0,0,0,0,0,0,0,"192,000",0,0,0,"236,000","44,000","192,000","192,000"
"=""056205""",晨訊科國票46購01,0,0,0,0,0,0,0,0,0,"192,000",0,0,0,"352,000","160,000","192,000","192,000"
"=""060923""",寶成國泰48購01  ,0,0,0,0,0,0,0,0,0,"192,000",0,0,0,"358,000","166,000","192,000","192,000"
"=""060731""",材料群益47購02  ,0,0,0,0,0,0,0,0,0,"192,000",0,0,0,"196,000","4,000","192,000","192,000"
"=""04636T""",金像電群益35售05,0,0,0,0,0,0,0,0,0,"192,000",0,0,0,"192,000",0,"192,000","192,000"
"=""058888""",金寶元大45購02  ,0,0,0,0,0,0,0,0,0,"191,000",0,0,0,"279,000","88,000","191,000","191,000"
"=""052204""",日本2X元富43購02,0,0,0,0,0,0,0,0,0,"191,000",0,0,0,"191,000",0,"191,000","191,000"
"=""056508""",仁寶凱基45購01  ,0,0,0,0,0,0,0,0,0,"190,000",0,0,0,"190,000",0,"190,000","190,000"
"=""064287""",長榮航元大46購25,0,0,0,0,0,0,0,0,0,"190,000",0,0,0,"190,000",0,"190,000","190,000"
"=""056260""",材料元大44購18  ,0,0,0,0,0,0,0,0,0,"190,000",0,0,0,"386,000","196,000","190,000","190,000"
"=""064631""",臺股指凱基4C購04,0,0,0,0,0,0,0,0,0,"190,000",0,0,0,"193,000","3,000","190,000","190,000"
"=""03407T""",定穎控元富36售03,0,0,0,0,0,0,0,0,0,"190,000",0,0,0,"290,000","100,000","190,000","190,000"
"=""066062""",世芯元富48購07  ,0,0,0,0,0,0,0,0,0,"190,000",0,0,0,"200,000","10,000","190,000","190,000"
"=""060307""",智邦群益46購04  ,0,0,0,0,0,0,0,0,0,"190,000",0,0,0,"218,000","28,000","190,000","190,000"
2031,新光鋼          ,"343,000","151,000","192,000",0,0,0,0,0,0,"-2,001",0,"2,001","-2,001",0,0,0,"189,999"
"=""056440""",鴻準統一4B購02  ,0,0,0,0,0,0,0,0,0,"189,000",0,0,0,"229,000","40,000","189,000","189,000"
"=""057178""",神基凱基45購01  ,0,0,0,0,0,0,0,0,0,"189,000",0,0,0,"210,000","21,000","189,000","189,000"
"=""058533""",英業達元大45購04,"189,000",0,"189,000",0,0,0,0,0,0,0,0,0,0,0,0,0,"189,000"
"=""067689""",台塑化凱基48購02,0,0,0,0,0,0,0,0,0,"189,000",0,0,0,"204,000","15,000","189,000","189,000"
"=""067911""",神基元大3B購01  ,0,0,0,0,0,0,0,0,0,"188,000",0,0,0,"188,000",0,"188,000","188,000"
"=""061089""",華新科永豐47購01,0,0,0,0,0,0,0,0,0,"188,000",0,0,0,"248,000","60,000","188,000","188,000"
"=""047018""",祥碩富邦43購04  ,0,0,0,0,0,0,0,0,0,"188,000",0,0,0,"188,000",0,"188,000","188,000"
6168,宏齊            ,"335,000","147,000","188,000",0,0,0,0,0,0,0,0,0,0,0,0,0,"188,000"
"=""064885""",群創群益47購01  ,0,0,0,0,0,0,0,0,0,"188,000",0,0,0,"210,000","22,000","188,000","188,000"
"=""065020""",迅得國票48購02  ,0,0,0,0,0,0,0,0,0,"188,000",0,0,0,"188,000",0,"188,000","188,000"
2548,華固            ,"39,552","17,000","22,552",0,0,0,"155,000",0,"155,000","10,000","10,000",0,"10,000",0,0,0,"187,552"
"=""063280""",大立光統一5C購01,0,0,0,0,0,0,0,0,0,"187,000",0,0,0,"187,000",0,"187,000","187,000"
"=""059290""",陽明統一4B購06  ,0,0,0,0,0,0,0,0,0,"187,000",0,0,0,"187,000",0,"187,000","187,000"
"=""045384""",昇貿國泰56購01  ,0,0,0,0,0,0,0,0,0,"187,000",0,0,0,"187,000",0,"187,000","187,000"
"=""049812""",臺股指元大45購13,0,0,0,0,0,0,0,0,0,"186,000",0,0,0,"406,000","220,000","186,000","186,000"
"=""048291""",T50反1元大47購03,0,0,0,0,0,0,0,0,0,"186,000",0,0,0,"211,000","25,000","186,000","186,000"
2601,益航            ,"819,000","633,000","186,000",0,0,0,0,0,0,0,0,0,0,0,0,0,"186,000"
"=""054728""",華碩國泰46購01  ,0,0,0,0,0,0,0,0,0,"185,000",0,0,0,"198,000","13,000","185,000","185,000"
"=""053319""",上証2X群益44購03,0,0,0,0,0,0,0,0,0,"185,000",0,0,0,"190,000","5,000","185,000","185,000"
"=""063937""",盟立國票47購01  ,0,0,0,0,0,0,0,0,0,"185,000",0,0,0,"188,000","3,000","185,000","185,000"
"=""065955""",台積電元大47購17,0,0,0,0,0,0,0,0,0,"185,000",0,0,0,"215,000","30,000","185,000","185,000"
"=""020030""",統一智慧電動車N ,0,0,0,0,0,0,0,0,0,"185,000",0,0,0,"202,000","17,000","185,000","185,000"
"=""066718""",華碩群益49購01  ,0,0,0,0,0,0,0,0,0,"185,000",0,0,0,"638,000","453,000","185,000","185,000"
"=""068213""",中興電群益4B購01,0,0,0,0,0,0,0,0,0,"185,000",0,0,0,"185,000",0,"185,000","185,000"
"=""059496""",聯發科永豐46購07,0,0,0,0,0,0,0,0,0,"185,000",0,0,0,"298,000","113,000","185,000","185,000"
"=""067595""",台塑元富51購02  ,0,0,0,0,0,0,0,0,0,"185,000",0,0,0,"185,000",0,"185,000","185,000"
"=""067325""",鴻海元大47購17  ,0,0,0,0,0,0,0,0,0,"185,000",0,0,0,"306,000","121,000","185,000","185,000"
"=""068936""",長榮航統一3C購03,0,0,0,0,0,0,0,0,0,"185,000",0,0,0,"185,000",0,"185,000","185,000"
"=""061814""",敦泰凱基46購01  ,0,0,0,0,0,0,0,0,0,"185,000",0,0,0,"191,000","6,000","185,000","185,000"
"=""059468""",名軒國票46購02  ,0,0,0,0,0,0,0,0,0,"184,000",0,0,0,"255,000","71,000","184,000","184,000"
"=""067928""",南電元大47購04  ,0,0,0,0,0,0,0,0,0,"184,000",0,0,0,"184,000",0,"184,000","184,000"
"=""065963""",威盛元大47購06  ,0,0,0,0,0,0,0,0,0,"184,000",0,0,0,"190,000","6,000","184,000","184,000"
"=""065585""",香港2X國票48購02,0,0,0,0,0,0,0,0,0,"184,000",0,0,0,"189,000","5,000","184,000","184,000"
"=""052760""",鴻海凱基45購09  ,0,0,0,0,0,0,0,0,0,"184,000",0,0,0,"184,000",0,"184,000","184,000"
"=""050828""",藍天國泰45購01  ,0,0,0,0,0,0,0,0,0,"184,000",0,0,0,"189,000","5,000","184,000","184,000"
"=""00916""",國泰全球品牌50  ,"23,000",0,"23,000",0,0,0,0,0,0,"160,722",0,0,0,"337,999","177,277","160,722","183,722"
"=""066579""",陽明元富47購03  ,0,0,0,0,0,0,0,0,0,"183,000",0,0,0,"257,000","74,000","183,000","183,000"
"=""061966""",仁寶凱基47購02  ,0,0,0,0,0,0,0,0,0,"183,000",0,0,0,"211,000","28,000","183,000","183,000"
"=""063119""",聯電凱基47購02  ,0,0,0,0,0,0,0,0,0,"183,000",0,0,0,"212,000","29,000","183,000","183,000"
"=""051435""",華航國泰45購02  ,0,0,0,0,0,0,0,0,0,"183,000",0,0,0,"183,000",0,"183,000","183,000"
6526,達發            ,"196,000","15,000","181,000",0,0,0,0,"2,000","-2,000","3,000","3,000",0,"3,000",0,0,0,"182,000"
"=""050431""",新光金國泰45購01,0,0,0,0,0,0,0,0,0,"182,000",0,0,0,"182,000",0,"182,000","182,000"
"=""046245""",盟立國票43購01  ,0,0,0,0,0,0,0,0,0,"182,000",0,0,0,"186,000","4,000","182,000","182,000"
"=""057929""",長榮元大45購12  ,"195,000","13,000","182,000",0,0,0,0,0,0,0,0,0,0,0,0,0,"182,000"
"=""037481""",華邦電元富53購02,0,0,0,0,0,0,0,0,0,"181,000",0,0,0,"186,000","5,000","181,000","181,000"
"=""066401""",漢唐國票48購02  ,0,0,0,0,0,0,0,0,0,"181,000",0,0,0,"192,000","11,000","181,000","181,000"
"=""063386""",中興電群益46購02,0,0,0,0,0,0,0,0,0,"181,000",0,0,0,"337,000","156,000","181,000","181,000"
"=""063690""",宇隆永豐49購02  ,0,0,0,0,0,0,0,0,0,"181,000",0,0,0,"181,000",0,"181,000","181,000"
"=""053929""",智原國泰46購01  ,0,0,0,0,0,0,0,0,0,"181,000",0,0,0,"190,000","9,000","181,000","181,000"
"=""064889""",碩天群益47購04  ,0,0,0,0,0,0,0,0,0,"181,000",0,0,0,"259,000","78,000","181,000","181,000"
"=""064496""",盟立群益49購01  ,0,0,0,0,0,0,0,0,0,"180,000",0,0,0,"190,000","10,000","180,000","180,000"
"=""054278""",凱基金元大47購03,0,0,0,0,0,0,0,0,0,"180,000",0,0,0,"328,000","148,000","180,000","180,000"
"=""052142""",致茂元大43購06  ,0,0,0,0,0,0,0,0,0,"180,000",0,0,0,"1,267,000","1,087,000","180,000","180,000"
"=""052751""",上証2X凱基46購03,0,0,0,0,0,0,0,0,0,"180,000",0,0,0,"230,000","50,000","180,000","180,000"
"=""052462""",長榮元富54購01  ,0,0,0,0,0,0,0,0,0,"180,000",0,0,0,"200,000","20,000","180,000","180,000"
"=""058633""",A50正2凱基45購03,0,0,0,0,0,0,0,0,0,"180,000",0,0,0,"180,000",0,"180,000","180,000"
"=""061590""",燿華國票46購01  ,0,0,0,0,0,0,0,0,0,"180,000",0,0,0,"201,000","21,000","180,000","180,000"
"=""061242""",華航台新46購02  ,0,0,0,0,0,0,0,0,0,"180,000",0,0,0,"322,000","142,000","180,000","180,000"
"=""068555""",聯發科元富43購02,0,0,0,0,0,0,0,0,0,"180,000",0,0,0,"180,000",0,"180,000","180,000"
4104,佳醫            ,"193,300","20,000","173,300",0,0,0,0,0,0,"5,999","16,000","10,001","5,999",0,0,0,"179,299"
6668,中揚光          ,"1,151,000","971,000","180,000",0,0,0,0,0,0,"-1,000",0,"1,000","-1,000",0,0,0,"179,000"
"=""054098""",訊芯富邦47購01  ,0,0,0,0,0,0,0,0,0,"179,000",0,0,0,"214,000","35,000","179,000","179,000"
"=""068612""",陽明元大4A購06  ,0,0,0,0,0,0,0,0,0,"179,000",0,0,0,"199,000","20,000","179,000","179,000"
"=""068108""",奇鋐元富47購07  ,0,0,0,0,0,0,0,0,0,"179,000",0,0,0,"220,000","41,000","179,000","179,000"
"=""058376""",益登國票45購01  ,0,0,0,0,0,0,0,0,0,"179,000",0,0,0,"179,000",0,"179,000","179,000"
"=""00875""",國泰網路資安    ,"59,100",0,"59,100",0,0,0,0,0,0,"119,065",0,0,0,"120,148","1,083","119,065","178,165"
1904,正隆            ,"432,000","239,000","193,000",0,0,0,0,0,0,"-14,889","3,000","1,889","1,111",0,"16,000","-16,000","178,111"
2468,華經            ,"428,000","254,000","174,000",0,0,0,0,0,0,"4,000","4,000",0,"4,000",0,0,0,"178,000"
"=""043132""",長榮群益55購03  ,0,0,0,0,0,0,0,0,0,"178,000",0,0,0,"190,000","12,000","178,000","178,000"
"=""068475""",美食群益4A購01  ,0,0,0,0,0,0,0,0,0,"178,000",0,0,0,"344,000","166,000","178,000","178,000"
"=""061101""",愛普永豐47購03  ,0,0,0,0,0,0,0,0,0,"178,000",0,0,0,"178,000",0,"178,000","178,000"
"=""061967""",華邦電凱基46購01,0,0,0,0,0,0,0,0,0,"178,000",0,0,0,"178,000",0,"178,000","178,000"
"=""054470""",台積電元大44購56,0,0,0,0,0,0,0,0,0,"178,000",0,0,0,"178,000",0,"178,000","178,000"
"=""07852U""",元金2X元大33售02,0,0,0,0,0,0,0,0,0,"177,000",0,0,0,"183,000","6,000","177,000","177,000"
"=""061265""",元大金凱基4A購01,0,0,0,0,0,0,0,0,0,"177,000",0,0,0,"180,000","3,000","177,000","177,000"
"=""066878""",華泰統一45購01  ,0,0,0,0,0,0,0,0,0,"177,000",0,0,0,"184,000","7,000","177,000","177,000"
"=""068258""",達發國票48購03  ,0,0,0,0,0,0,0,0,0,"177,000",0,0,0,"281,000","104,000","177,000","177,000"
"=""058281""",鴻準元大46購03  ,0,0,0,0,0,0,0,0,0,"177,000",0,0,0,"183,000","6,000","177,000","177,000"
"=""065141""",威盛群益47購07  ,0,0,0,0,0,0,0,0,0,"176,000",0,0,0,"179,000","3,000","176,000","176,000"
"=""060677""",世芯凱基46購12  ,0,0,0,0,0,0,0,0,0,"176,000",0,0,0,"188,000","12,000","176,000","176,000"
"=""062990""",保瑞元大46購12  ,0,0,0,0,0,0,0,0,0,"176,000",0,0,0,"176,000",0,"176,000","176,000"
"=""051683""",矽力凱基44購02  ,0,0,0,0,0,0,0,0,0,"176,000",0,0,0,"176,000",0,"176,000","176,000"
6024,群益期          ,"240,000","64,000","176,000",0,0,0,0,0,0,0,0,0,0,0,0,0,"176,000"
"=""051247""",碩天富邦43購01  ,0,0,0,0,0,0,0,0,0,"175,000",0,0,0,"177,000","2,000","175,000","175,000"
"=""063416""",T50反1兆豐44購01,0,0,0,0,0,0,0,0,0,"175,000",0,0,0,"175,000",0,"175,000","175,000"
"=""055066""",威盛群益44購11  ,0,0,0,0,0,0,0,0,0,"175,000",0,0,0,"180,000","5,000","175,000","175,000"
"=""044675""",勤誠群益55購05  ,"175,000",0,"175,000",0,0,0,0,0,0,0,0,0,0,0,0,0,"175,000"
"=""03403T""",中砂國票34售02  ,0,0,0,0,0,0,0,0,0,"175,000",0,0,0,"175,000",0,"175,000","175,000"
6790,永豐實          ,"155,000","35,000","120,000",0,0,0,0,0,0,"54,184","54,319",0,"54,319",0,135,-135,"174,184"
3149,正達            ,"196,000","15,000","181,000",0,0,0,0,0,0,"-7,000",0,"7,000","-7,000",0,0,0,"174,000"
"=""053901""",致茂元大44購05  ,0,0,0,0,0,0,0,0,0,"174,000",0,0,0,"174,000",0,"174,000","174,000"
"=""063360""",世芯凱基46購21  ,0,0,0,0,0,0,0,0,0,"174,000",0,0,0,"356,000","182,000","174,000","174,000"
"=""058184""",緯創富邦4B購01  ,0,0,0,0,0,0,0,0,0,"174,000",0,0,0,"177,000","3,000","174,000","174,000"
"=""057365""",電子類群益46購01,0,0,0,0,0,0,0,0,0,"174,000",0,0,0,"607,000","433,000","174,000","174,000"
"=""046898""",鴻海統一48購05  ,0,0,0,0,0,0,0,0,0,"173,000",0,0,0,"173,000",0,"173,000","173,000"
"=""067324""",鴻海元大47購16  ,0,0,0,0,0,0,0,0,0,"173,000",0,0,0,"173,000",0,"173,000","173,000"
"=""037424""",聯鈞群益53購04  ,0,0,0,0,0,0,0,0,0,"173,000",0,0,0,"281,000","108,000","173,000","173,000"
"=""063211""",T50反1元大46購09,0,0,0,0,0,0,0,0,0,"173,000",0,0,0,"173,000",0,"173,000","173,000"
"=""064390""",啟�硒I邦48購02  ,0,0,0,0,0,0,0,0,0,"173,000",0,0,0,"173,000",0,"173,000","173,000"
"=""064926""",啟�硈肭�48購02  ,0,0,0,0,0,0,0,0,0,"172,000",0,0,0,"202,000","30,000","172,000","172,000"
6743,安普新          ,"251,000","77,000","174,000",0,0,0,0,0,0,"-2,000","1,000","3,000","-2,000",0,0,0,"172,000"
"=""066012""",矽統群益49購01  ,0,0,0,0,0,0,0,0,0,"172,000",0,0,0,"173,000","1,000","172,000","172,000"
3661,世芯-KY         ,"803,312","677,282","126,030",0,0,0,"47,000","1,000","46,000",-956,"18,337","13,734","4,603","5,708","11,267","-5,559","171,074"
"=""063660""",大立光元大46購14,0,0,0,0,0,0,0,0,0,"171,000",0,0,0,"282,000","111,000","171,000","171,000"
"=""063537""",光寶科國泰48購01,0,0,0,0,0,0,0,0,0,"171,000",0,0,0,"171,000",0,"171,000","171,000"
"=""068624""",國巨統一3C購01  ,0,0,0,0,0,0,0,0,0,"171,000",0,0,0,"214,000","43,000","171,000","171,000"
"=""061121""",元債2X元富5C購01,0,0,0,0,0,0,0,0,0,"171,000",0,0,0,"196,000","25,000","171,000","171,000"
"=""061185""",長榮群益46購09  ,0,0,0,0,0,0,0,0,0,"171,000",0,0,0,"174,000","3,000","171,000","171,000"
"=""068894""",大成鋼元大48購02,0,0,0,0,0,0,0,0,0,"171,000",0,0,0,"350,000","179,000","171,000","171,000"
2535,達欣工          ,"108,800","31,000","77,800",0,0,0,0,0,0,"93,000","93,000",0,"93,000",0,0,0,"170,800"
3530,晶相光          ,"587,000","417,000","170,000",0,0,0,0,0,0,384,"1,000",616,384,0,0,0,"170,384"
"=""054175""",嘉基國票45購01  ,0,0,0,0,0,0,0,0,0,"170,000",0,0,0,"170,000",0,"170,000","170,000"
"=""054285""",宏致元大44購04  ,0,0,0,0,0,0,0,0,0,"170,000",0,0,0,"170,000",0,"170,000","170,000"
"=""054759""",緯穎統一39購01  ,0,0,0,0,0,0,0,0,0,"170,000",0,0,0,"235,000","65,000","170,000","170,000"
"=""069005""",德律國票49購01  ,0,0,0,0,0,0,0,0,0,"170,000",0,0,0,"194,000","24,000","170,000","170,000"
"=""066170""",泓德統一55購02  ,0,0,0,0,0,0,0,0,0,"170,000",0,0,0,"170,000",0,"170,000","170,000"
"=""068569""",志強國票4A購01  ,0,0,0,0,0,0,0,0,0,"169,000",0,0,0,"244,000","75,000","169,000","169,000"
"=""061771""",采鈺元富46購01  ,0,0,0,0,0,0,0,0,0,"169,000",0,0,0,"169,000",0,"169,000","169,000"
"=""055872""",元債2X國票48購01,0,0,0,0,0,0,0,0,0,"169,000",0,0,0,"329,000","160,000","169,000","169,000"
"=""056961""",技嘉永豐45購03  ,0,0,0,0,0,0,0,0,0,"168,000",0,0,0,"233,000","65,000","168,000","168,000"
"=""066688""",玉晶光凱基49購02,0,0,0,0,0,0,0,0,0,"168,000",0,0,0,"168,000",0,"168,000","168,000"
"=""059985""",陽明元大48購03  ,0,0,0,0,0,0,0,0,0,"168,000",0,0,0,"436,000","268,000","168,000","168,000"
"=""059367""",偉訓元大45購03  ,0,0,0,0,0,0,0,0,0,"168,000",0,0,0,"180,000","12,000","168,000","168,000"
"=""063662""",新日興元大46購05,0,0,0,0,0,0,0,0,0,"167,000",0,0,0,"176,000","9,000","167,000","167,000"
"=""066597""",大立光群益3B購03,0,0,0,0,0,0,0,0,0,"167,000",0,0,0,"167,000",0,"167,000","167,000"
"=""060635""",大聯大台新46購01,0,0,0,0,0,0,0,0,0,"167,000",0,0,0,"167,000",0,"167,000","167,000"
6781,AES-KY          ,"203,000","40,000","163,000",0,0,0,0,0,0,"3,354",0,"2,000","-2,000","11,785","6,431","5,354","166,354"
"=""051912""",上緯控國泰45購03,0,0,0,0,0,0,0,0,0,"166,000",0,0,0,"808,000","642,000","166,000","166,000"
"=""054676""",陽明元大44購15  ,0,0,0,0,0,0,0,0,0,"166,000",0,0,0,"205,000","39,000","166,000","166,000"
"=""063403""",大立光群益46購13,0,0,0,0,0,0,0,0,0,"166,000",0,0,0,"166,000",0,"166,000","166,000"
"=""057540""",技嘉元大45購10  ,0,0,0,0,0,0,0,0,0,"166,000",0,0,0,"172,000","6,000","166,000","166,000"
"=""065706""",群創群益3B購01  ,0,0,0,0,0,0,0,0,0,"166,000",0,0,0,"176,000","10,000","166,000","166,000"
"=""065744""",瑞鼎元大47購01  ,0,0,0,0,0,0,0,0,0,"165,000",0,0,0,"173,000","8,000","165,000","165,000"
"=""062020""",萬海國票47購02  ,0,0,0,0,0,0,0,0,0,"165,000",0,0,0,"535,000","370,000","165,000","165,000"
"=""063443""",台積電元大49購04,0,0,0,0,0,0,0,0,0,"165,000",0,0,0,"165,000",0,"165,000","165,000"
"=""043775""",碩天元富55購01  ,0,0,0,0,0,0,0,0,0,"165,000",0,0,0,"469,000","304,000","165,000","165,000"
"=""052985""",中502X元富44購02,0,0,0,0,0,0,0,0,0,"165,000",0,0,0,"165,000",0,"165,000","165,000"
"=""04383T""",立積元富35售01  ,0,0,0,0,0,0,0,0,0,"165,000",0,0,0,"165,000",0,"165,000","165,000"
"=""064503""",台積電統一3C購01,0,0,0,0,0,0,0,0,0,"164,000",0,0,0,"207,000","43,000","164,000","164,000"
"=""064653""",海悅國泰47購01  ,0,0,0,0,0,0,0,0,0,"164,000",0,0,0,"164,000",0,"164,000","164,000"
"=""052733""",裕融國票47購01  ,0,0,0,0,0,0,0,0,0,"164,000",0,0,0,"174,000","10,000","164,000","164,000"
1701,中化            ,"333,000","188,000","145,000",0,0,0,0,0,0,"19,000","19,000",0,"19,000",0,0,0,"164,000"
"=""057948""",華孚元大45購01  ,0,0,0,0,0,0,0,0,0,"164,000",0,0,0,"164,000",0,"164,000","164,000"
"=""062803""",台積電元大46購22,0,0,0,0,0,0,0,0,0,"164,000",0,0,0,"179,000","15,000","164,000","164,000"
"=""055510""",臺股指元大45購24,0,0,0,0,0,0,0,0,0,"164,000",0,0,0,"165,000","1,000","164,000","164,000"
"=""066512""",京鼎群益47購01  ,0,0,0,0,0,0,0,0,0,"164,000",0,0,0,"164,000",0,"164,000","164,000"
"=""03584T""",金像電元大33售28,0,0,0,0,0,0,0,0,0,"163,000",0,0,0,"226,000","63,000","163,000","163,000"
"=""058851""",台積電凱基46購16,0,0,0,0,0,0,0,0,0,"163,000",0,0,0,"202,000","39,000","163,000","163,000"
"=""067158""",聯發科元大51購01,0,0,0,0,0,0,0,0,0,"163,000",0,0,0,"163,000",0,"163,000","163,000"
"=""061328""",中砂凱基46購02  ,0,0,0,0,0,0,0,0,0,"163,000",0,0,0,"230,000","67,000","163,000","163,000"
"=""050492""",景碩元大43購26  ,"163,000",0,"163,000",0,0,0,0,0,0,0,0,0,0,0,0,0,"163,000"
"=""064333""",盟立凱基47購02  ,0,0,0,0,0,0,0,0,0,"163,000",0,0,0,"276,000","113,000","163,000","163,000"
"=""064468""",佳必琪元大46購03,0,0,0,0,0,0,0,0,0,"163,000",0,0,0,"186,000","23,000","163,000","163,000"
2049,上銀            ,"590,000","478,681","111,319",0,0,0,0,"1,000","-1,000","52,222","38,100","11,000","27,100","42,232","17,110","25,122","162,541"
"=""064088""",臺股指元大46購45,0,0,0,0,0,0,0,0,0,"162,000",0,0,0,"162,000",0,"162,000","162,000"
"=""055053""",友訊統一4A購01  ,0,0,0,0,0,0,0,0,0,"162,000",0,0,0,"167,000","5,000","162,000","162,000"
"=""067031""",台塑中信48購02  ,0,0,0,0,0,0,0,0,0,"162,000",0,0,0,"226,000","64,000","162,000","162,000"
"=""006207""",復華滬深        ,"53,000","1,000","52,000",0,0,0,0,0,0,"109,537",0,0,0,"335,527","225,990","109,537","161,537"
"=""066694""",技嘉統一41購01  ,0,0,0,0,0,0,0,0,0,"161,000",0,0,0,"171,000","10,000","161,000","161,000"
"=""066799""",文曄國泰48購01  ,0,0,0,0,0,0,0,0,0,"161,000",0,0,0,"168,000","7,000","161,000","161,000"
"=""066985""",智原第一47購01  ,0,0,0,0,0,0,0,0,0,"161,000",0,0,0,"161,000",0,"161,000","161,000"
"=""053600""",華通國泰46購01  ,0,0,0,0,0,0,0,0,0,"161,000",0,0,0,"161,000",0,"161,000","161,000"
"=""059750""",一詮元大45購02  ,0,0,0,0,0,0,0,0,0,"161,000",0,0,0,"181,000","20,000","161,000","161,000"
"=""068075""",大立光凱基56購01,0,0,0,0,0,0,0,0,0,"161,000",0,0,0,"165,000","4,000","161,000","161,000"
"=""055401""",一詮統一4A購04  ,0,0,0,0,0,0,0,0,0,"161,000",0,0,0,"259,000","98,000","161,000","161,000"
"=""055325""",鈞興元大44購04  ,0,0,0,0,0,0,0,0,0,"161,000",0,0,0,"300,000","139,000","161,000","161,000"
"=""061753""",廣宇元富46購01  ,0,0,0,0,0,0,0,0,0,"161,000",0,0,0,"221,000","60,000","161,000","161,000"
"=""052595""",威盛元大44購01  ,0,0,0,0,0,0,0,0,0,"161,000",0,0,0,"161,000",0,"161,000","161,000"
"=""049849""",緯創統一37購01  ,0,0,0,0,0,0,0,0,0,"161,000",0,0,0,"184,000","23,000","161,000","161,000"
"=""040566""",致茂國票55購01  ,0,0,0,0,0,0,0,0,0,"161,000",0,0,0,"179,000","18,000","161,000","161,000"
"=""064744""",臺股指富邦48購09,0,0,0,0,0,0,0,0,0,"161,000",0,0,0,"161,000",0,"161,000","161,000"
"=""064701""",啟�痐舅j46購07  ,0,0,0,0,0,0,0,0,0,"160,000",0,0,0,"160,000",0,"160,000","160,000"
"=""064901""",巨大第一49購01  ,0,0,0,0,0,0,0,0,0,"160,000",0,0,0,"164,000","4,000","160,000","160,000"
"=""048911""",台虹統一53購01  ,0,0,0,0,0,0,0,0,0,"160,000",0,0,0,"180,000","20,000","160,000","160,000"
1752,南光            ,"307,000","87,000","220,000",0,0,0,0,0,0,"-60,000",0,"60,000","-60,000",0,0,0,"160,000"
"=""050790""",長榮富邦46購03  ,0,0,0,0,0,0,0,0,0,"160,000",0,0,0,"340,000","180,000","160,000","160,000"
"=""051729""",萬海元大43購21  ,0,0,0,0,0,0,0,0,0,"160,000",0,0,0,"170,000","10,000","160,000","160,000"
"=""063823""",矽創凱基46購02  ,0,0,0,0,0,0,0,0,0,"160,000",0,0,0,"160,000",0,"160,000","160,000"
"=""054100""",臺股指法興44購02,0,0,0,0,0,0,0,0,0,"160,000",0,0,0,"201,000","41,000","160,000","160,000"
"=""060935""",一詮凱基48購01  ,0,0,0,0,0,0,0,0,0,"160,000",0,0,0,"160,000",0,"160,000","160,000"
1325,恆大            ,"161,000","1,000","160,000",0,0,0,0,0,0,0,0,0,0,0,0,0,"160,000"
"=""047417""",富邦媒永豐43購01,0,0,0,0,0,0,0,0,0,"160,000",0,0,0,"160,000",0,"160,000","160,000"
"=""046207""",國巨群益42購02  ,0,0,0,0,0,0,0,0,0,"160,000",0,0,0,"160,000",0,"160,000","160,000"
"=""062320""",台泥元大46購02  ,0,0,0,0,0,0,0,0,0,"160,000",0,0,0,"294,000","134,000","160,000","160,000"
"=""067894""",滬深2X元大55購01,0,0,0,0,0,0,0,0,0,"160,000",0,0,0,"160,000",0,"160,000","160,000"
"=""058658""",迅得凱基48購01  ,0,0,0,0,0,0,0,0,0,"160,000",0,0,0,"160,000",0,"160,000","160,000"
"=""03304T""",創意國票34售03  ,0,0,0,0,0,0,0,0,0,"160,000",0,0,0,"270,000","110,000","160,000","160,000"
"=""065810""",第一金國票48購01,0,0,0,0,0,0,0,0,0,"160,000",0,0,0,"160,000",0,"160,000","160,000"
"=""045180""",亞翔國泰56購01  ,0,0,0,0,0,0,0,0,0,"160,000",0,0,0,"180,000","20,000","160,000","160,000"
"=""066267""",燿華元大47購04  ,0,0,0,0,0,0,0,0,0,"159,000",0,0,0,"159,000",0,"159,000","159,000"
"=""067252""",台積電國票48購06,0,0,0,0,0,0,0,0,0,"159,000",0,0,0,"330,000","171,000","159,000","159,000"
"=""068163""",聯發科元富43購01,0,0,0,0,0,0,0,0,0,"159,000",0,0,0,"315,000","156,000","159,000","159,000"
"=""061401""",長榮群益46購10  ,0,0,0,0,0,0,0,0,0,"159,000",0,0,0,"169,000","10,000","159,000","159,000"
"=""061149""",世芯元富46購07  ,0,0,0,0,0,0,0,0,0,"159,000",0,0,0,"205,000","46,000","159,000","159,000"
"=""064652""",鴻海國泰4C購01  ,0,0,0,0,0,0,0,0,0,"159,000",0,0,0,"159,000",0,"159,000","159,000"
"=""064412""",國巨凱基48購02  ,0,0,0,0,0,0,0,0,0,"159,000",0,0,0,"169,000","10,000","159,000","159,000"
"=""063758""",台灣50元富46購21,0,0,0,0,0,0,0,0,0,"158,000",0,0,0,"167,000","9,000","158,000","158,000"
"=""053020""",台達化元大44購01,0,0,0,0,0,0,0,0,0,"158,000",0,0,0,"158,000",0,"158,000","158,000"
"=""052187""",天鈺國票44購02  ,0,0,0,0,0,0,0,0,0,"158,000",0,0,0,"246,000","88,000","158,000","158,000"
"=""061394""",燿華群益46購01  ,0,0,0,0,0,0,0,0,0,"158,000",0,0,0,"158,000",0,"158,000","158,000"
"=""057822""",神達第一45購01  ,0,0,0,0,0,0,0,0,0,"158,000",0,0,0,"173,000","15,000","158,000","158,000"
"=""058742""",萬海群益45購08  ,0,0,0,0,0,0,0,0,0,"158,000",0,0,0,"158,000",0,"158,000","158,000"
"=""060047""",鴻海凱基48購01  ,0,0,0,0,0,0,0,0,0,"158,000",0,0,0,"158,000",0,"158,000","158,000"
"=""067266""",亞翔國票48購02  ,0,0,0,0,0,0,0,0,0,"158,000",0,0,0,"158,000",0,"158,000","158,000"
"=""065884""",統一凱基47購01  ,0,0,0,0,0,0,0,0,0,"158,000",0,0,0,"204,000","46,000","158,000","158,000"
"=""065769""",伊雲谷元大47購02,0,0,0,0,0,0,0,0,0,"158,000",0,0,0,"186,000","28,000","158,000","158,000"
"=""065381""",世芯群益47購11  ,0,0,0,0,0,0,0,0,0,"158,000",0,0,0,"158,000",0,"158,000","158,000"
"=""065882""",道瓊銀凱基4B購01,0,0,0,0,0,0,0,0,0,"157,000",0,0,0,"157,000",0,"157,000","157,000"
"=""066243""",技嘉國票49購01  ,0,0,0,0,0,0,0,0,0,"157,000",0,0,0,"232,000","75,000","157,000","157,000"
"=""066684""",智原凱基47購04  ,0,0,0,0,0,0,0,0,0,"157,000",0,0,0,"173,000","16,000","157,000","157,000"
"=""058270""",華城元大48購02  ,0,0,0,0,0,0,0,0,0,"157,000",0,0,0,"157,000",0,"157,000","157,000"
"=""059693""",同欣電凱基45購01,0,0,0,0,0,0,0,0,0,"157,000",0,0,0,"157,000",0,"157,000","157,000"
"=""059738""",中華元大45購05  ,0,0,0,0,0,0,0,0,0,"157,000",0,0,0,"157,000",0,"157,000","157,000"
"=""057700""",奇鋐富邦48購01  ,0,0,0,0,0,0,0,0,0,"157,000",0,0,0,"295,000","138,000","157,000","157,000"
"=""062442""",達發兆豐47購02  ,0,0,0,0,0,0,0,0,0,"157,000",0,0,0,"255,000","98,000","157,000","157,000"
"=""057139""",碩天群益47購01  ,0,0,0,0,0,0,0,0,0,"157,000",0,0,0,"157,000",0,"157,000","157,000"
"=""048136""",台光電元大45購03,0,0,0,0,0,0,0,0,0,"157,000",0,0,0,"172,000","15,000","157,000","157,000"
"=""061954""",南亞科第一46購01,0,0,0,0,0,0,0,0,0,"156,000",0,0,0,"234,000","78,000","156,000","156,000"
"=""068128""",富世達第一48購01,0,0,0,0,0,0,0,0,0,"156,000",0,0,0,"206,000","50,000","156,000","156,000"
"=""068014""",富世達群益47購01,0,0,0,0,0,0,0,0,0,"156,000",0,0,0,"156,000",0,"156,000","156,000"
3380,明泰            ,"1,008,000","925,000","83,000",0,0,0,0,0,0,"72,269","37,002","4,643","32,359","40,000",90,"39,910","155,269"
"=""00678""",群益那斯達克生技,0,0,0,0,0,0,0,0,0,"155,080",0,0,0,"356,080","201,000","155,080","155,080"
"=""04340T""",中鋼凱基35售02  ,0,0,0,0,0,0,0,0,0,"155,000",0,0,0,"155,000",0,"155,000","155,000"
"=""068146""",中租富邦49購01  ,0,0,0,0,0,0,0,0,0,"155,000",0,0,0,"210,000","55,000","155,000","155,000"
"=""067602""",中鋼元富47購02  ,0,0,0,0,0,0,0,0,0,"155,000",0,0,0,"184,000","29,000","155,000","155,000"
"=""057766""",陽明群益4A購01  ,0,0,0,0,0,0,0,0,0,"155,000",0,0,0,"340,000","185,000","155,000","155,000"
"=""07370U""",臺股指國泰34售01,0,0,0,0,0,0,0,0,0,"155,000",0,0,0,"196,000","41,000","155,000","155,000"
"=""051321""",名軒國票44購01  ,0,0,0,0,0,0,0,0,0,"155,000",0,0,0,"181,000","26,000","155,000","155,000"
"=""00712""",復華富時不動產  ,"1,799,000","1,000","1,798,000",0,0,0,0,0,0,"-1,643,990",0,0,0,"1,141,000","2,784,990","-1,643,990","154,010"
"=""067233""",SGBR2X元富47購05,"154,000",0,"154,000",0,0,0,0,0,0,0,0,0,0,0,0,0,"154,000"
"=""068101""",致茂元富47購01  ,0,0,0,0,0,0,0,0,0,"154,000",0,0,0,"154,000",0,"154,000","154,000"
"=""062817""",亞光元大49購02  ,0,0,0,0,0,0,0,0,0,"154,000",0,0,0,"189,000","35,000","154,000","154,000"
"=""056887""",技嘉元大45購07  ,0,0,0,0,0,0,0,0,0,"154,000",0,0,0,"163,000","9,000","154,000","154,000"
"=""060876""",GIS群益3A購01   ,0,0,0,0,0,0,0,0,0,"154,000",0,0,0,"154,000",0,"154,000","154,000"
"=""063872""",台積電元大46購32,0,0,0,0,0,0,0,0,0,"154,000",0,0,0,"154,000",0,"154,000","154,000"
"=""059129""",貿聯凱基46購04  ,0,0,0,0,0,0,0,0,0,"154,000",0,0,0,"170,000","16,000","154,000","154,000"
1718,中纖            ,"496,000","349,000","147,000",0,0,0,0,0,0,"7,000","19,000","12,000","7,000",0,0,0,"154,000"
"=""054724""",台積電台新44購03,0,0,0,0,0,0,0,0,0,"154,000",0,0,0,"370,000","216,000","154,000","154,000"
2855,統一證          ,"202,000","49,000","153,000",0,0,0,0,0,0,0,0,0,0,0,0,0,"153,000"
"=""048193""",鴻海永豐49購02  ,0,0,0,0,0,0,0,0,0,"153,000",0,0,0,"153,000",0,"153,000","153,000"
"=""051870""",京元電富邦45購04,0,0,0,0,0,0,0,0,0,"153,000",0,0,0,"154,000","1,000","153,000","153,000"
"=""061523""",台積電中信49購02,0,0,0,0,0,0,0,0,0,"153,000",0,0,0,"257,000","104,000","153,000","153,000"
"=""058023""",台積電凱基47購07,0,0,0,0,0,0,0,0,0,"153,000",0,0,0,"153,000",0,"153,000","153,000"
"=""059990""",文曄元大45購06  ,0,0,0,0,0,0,0,0,0,"153,000",0,0,0,"161,000","8,000","153,000","153,000"
"=""058869""",臺股指凱基45購50,0,0,0,0,0,0,0,0,0,"153,000",0,0,0,"177,000","24,000","153,000","153,000"
"=""065803""",A50正2國票48購01,0,0,0,0,0,0,0,0,0,"153,000",0,0,0,"162,000","9,000","153,000","153,000"
"=""066842""",台表科凱基49購01,0,0,0,0,0,0,0,0,0,"152,000",0,0,0,"182,000","30,000","152,000","152,000"
"=""066529""",香港2X凱基47購01,0,0,0,0,0,0,0,0,0,"152,000",0,0,0,"208,000","56,000","152,000","152,000"
"=""04258T""",威盛元大35售10  ,0,0,0,0,0,0,0,0,0,"152,000",0,0,0,"272,000","120,000","152,000","152,000"
"=""068281""",緯創凱基4C購01  ,0,0,0,0,0,0,0,0,0,"152,000",0,0,0,"152,000",0,"152,000","152,000"
"=""069211""",迅得統一52購01  ,0,0,0,0,0,0,0,0,0,"152,000",0,0,0,"152,000",0,"152,000","152,000"
"=""063768""",友訊元富4C購01  ,0,0,0,0,0,0,0,0,0,"152,000",0,0,0,"152,000",0,"152,000","152,000"
"=""048277""",東科群益44購01  ,0,0,0,0,0,0,0,0,0,"152,000",0,0,0,"152,000",0,"152,000","152,000"
"=""063391""",宇隆群益47購02  ,0,0,0,0,0,0,0,0,0,"152,000",0,0,0,"152,000",0,"152,000","152,000"
9939,宏全            ,"1,205,010","679,000","526,010",0,0,0,"21,000","437,000","-416,000","41,112","49,000","6,917","42,083",0,971,-971,"151,122"
"=""063269""",上銀元富4C購01  ,0,0,0,0,0,0,0,0,0,"151,000",0,0,0,"151,000",0,"151,000","151,000"
"=""057166""",上銀凱基49購01  ,0,0,0,0,0,0,0,0,0,"151,000",0,0,0,"215,000","64,000","151,000","151,000"
"=""060707""",元債2X群益4C購03,0,0,0,0,0,0,0,0,0,"151,000",0,0,0,"202,000","51,000","151,000","151,000"
"=""062730""",緯創元富46購02  ,0,0,0,0,0,0,0,0,0,"151,000",0,0,0,"151,000",0,"151,000","151,000"
"=""062466""",皇昌群益49購01  ,0,0,0,0,0,0,0,0,0,"150,000",0,0,0,"150,000",0,"150,000","150,000"
"=""07586U""",技嘉元富33售02  ,0,0,0,0,0,0,0,0,0,"150,000",0,0,0,"150,000",0,"150,000","150,000"
"=""057554""",貿聯元大45購07  ,0,0,0,0,0,0,0,0,0,"150,000",0,0,0,"150,000",0,"150,000","150,000"
"=""047168""",元債2X元大46購04,0,0,0,0,0,0,0,0,0,"150,000",0,0,0,"150,000",0,"150,000","150,000"
"=""07898U""",創意元大2C售26  ,0,0,0,0,0,0,0,0,0,"150,000",0,0,0,"150,000",0,"150,000","150,000"
"=""07923U""",中興電統一33售08,0,0,0,0,0,0,0,0,0,"150,000",0,0,0,"150,000",0,"150,000","150,000"
"=""08320U""",威盛元大31售08  ,0,0,0,0,0,0,0,0,0,"150,000",0,0,0,"150,000",0,"150,000","150,000"
"=""055334""",智邦兆豐46購02  ,0,0,0,0,0,0,0,0,0,"150,000",0,0,0,"150,000",0,"150,000","150,000"
"=""060595""",日電貿元大49購01,0,0,0,0,0,0,0,0,0,"150,000",0,0,0,"200,000","50,000","150,000","150,000"
"=""060531""",穎崴凱基47購01  ,0,0,0,0,0,0,0,0,0,"150,000",0,0,0,"153,000","3,000","150,000","150,000"
"=""068427""",合機國票48購02  ,0,0,0,0,0,0,0,0,0,"150,000",0,0,0,"158,000","8,000","150,000","150,000"
"=""060794""",台積電元富46購05,0,0,0,0,0,0,0,0,0,"150,000",0,0,0,"150,000",0,"150,000","150,000"
"=""061006""",碩天群益46購01  ,0,0,0,0,0,0,0,0,0,"150,000",0,0,0,"150,000",0,"150,000","150,000"
"=""061514""",穎崴元富47購03  ,0,0,0,0,0,0,0,0,0,"150,000",0,0,0,"170,000","20,000","150,000","150,000"
"=""061505""",威盛元富4C購01  ,0,0,0,0,0,0,0,0,0,"150,000",0,0,0,"150,000",0,"150,000","150,000"
"=""057368""",英業達富邦45購02,0,0,0,0,0,0,0,0,0,"150,000",0,0,0,"190,000","40,000","150,000","150,000"
"=""056588""",樺漢元大45購02  ,0,0,0,0,0,0,0,0,0,"150,000",0,0,0,"150,000",0,"150,000","150,000"
"=""061630""",鴻準元大46購13  ,"186,000",0,"186,000",0,0,0,0,0,0,"-36,000",0,0,0,0,"36,000","-36,000","150,000"
"=""068274""",瑞昱凱基48購01  ,0,0,0,0,0,0,0,0,0,"150,000",0,0,0,"150,000",0,"150,000","150,000"
"=""060254""",台灣50國票46購02,0,0,0,0,0,0,0,0,0,"150,000",0,0,0,"150,000",0,"150,000","150,000"
"=""058899""",陽明元大45購10  ,0,0,0,0,0,0,0,0,0,"150,000",0,0,0,"150,000",0,"150,000","150,000"
"=""060001""",緯穎元大45購34  ,0,0,0,0,0,0,0,0,0,"150,000",0,0,0,"290,000","140,000","150,000","150,000"
"=""058722""",國喬群益45購02  ,0,0,0,0,0,0,0,0,0,"150,000",0,0,0,"150,000",0,"150,000","150,000"
"=""052080""",嘉澤永豐44購01  ,0,0,0,0,0,0,0,0,0,"150,000",0,0,0,"150,000",0,"150,000","150,000"
"=""03352T""",矽力群益33售02  ,0,0,0,0,0,0,0,0,0,"150,000",0,0,0,"150,000",0,"150,000","150,000"
"=""042860""",士電統一4B購01  ,0,0,0,0,0,0,0,0,0,"150,000",0,0,0,"150,000",0,"150,000","150,000"
"=""065187""",雄獅統一3B購01  ,0,0,0,0,0,0,0,0,0,"150,000",0,0,0,"150,000",0,"150,000","150,000"
"=""065332""",虹堡統一55購01  ,0,0,0,0,0,0,0,0,0,"150,000",0,0,0,"150,000",0,"150,000","150,000"
"=""038946""",精誠凱基55購01  ,0,0,0,0,0,0,0,0,0,"150,000",0,0,0,"150,000",0,"150,000","150,000"
"=""03206T""",晶碩國票34售01  ,0,0,0,0,0,0,0,0,0,"150,000",0,0,0,"150,000",0,"150,000","150,000"
"=""045279""",鴻海統一4C購06  ,0,0,0,0,0,0,0,0,0,"150,000",0,0,0,"200,000","50,000","150,000","150,000"
"=""043419""",永豐金凱基55購01,0,0,0,0,0,0,0,0,0,"150,000",0,0,0,"150,000",0,"150,000","150,000"
"=""049899""",世紀鋼統一49購05,0,0,0,0,0,0,0,0,0,"150,000",0,0,0,"200,000","50,000","150,000","150,000"
"=""050315""",雷虎統一59購03  ,0,0,0,0,0,0,0,0,0,"150,000",0,0,0,"150,000",0,"150,000","150,000"
"=""063584""",鴻海凱基48購02  ,0,0,0,0,0,0,0,0,0,"150,000",0,0,0,"150,000",0,"150,000","150,000"
"=""056100""",奇鋐元大44購15  ,0,0,0,0,0,0,0,0,0,"150,000",0,0,0,"150,000",0,"150,000","150,000"
"=""054123""",皇昌群益46購03  ,0,0,0,0,0,0,0,0,0,"150,000",0,0,0,"150,000",0,"150,000","150,000"
"=""063850""",新日興群益46購03,0,0,0,0,0,0,0,0,0,"150,000",0,0,0,"150,000",0,"150,000","150,000"
"=""052841""",矽力元大44購02  ,0,0,0,0,0,0,0,0,0,"150,000",0,0,0,"150,000",0,"150,000","150,000"
"=""053131""",致伸凱基46購01  ,0,0,0,0,0,0,0,0,0,"150,000",0,0,0,"150,000",0,"150,000","150,000"
"=""06451U""",定穎控群益56售04,0,0,0,0,0,0,0,0,0,"150,000",0,0,0,"150,000",0,"150,000","150,000"
"=""064853""",川湖國泰48購04  ,0,0,0,0,0,0,0,0,0,"149,000",0,0,0,"149,000",0,"149,000","149,000"
"=""053012""",迅得統一54購01  ,0,0,0,0,0,0,0,0,0,"149,000",0,0,0,"160,000","11,000","149,000","149,000"
"=""063718""",元債反中信46購01,0,0,0,0,0,0,0,0,0,"149,000",0,0,0,"161,000","12,000","149,000","149,000"
"=""066102""",所羅門凱基48購02,0,0,0,0,0,0,0,0,0,"149,000",0,0,0,"252,000","103,000","149,000","149,000"
"=""067952""",大立光永豐47購07,0,0,0,0,0,0,0,0,0,"149,000",0,0,0,"149,000",0,"149,000","149,000"
"=""057116""",英業達群益45購02,0,0,0,0,0,0,0,0,0,"149,000",0,0,0,"152,000","3,000","149,000","149,000"
"=""061116""",凱美國票4A購01  ,0,0,0,0,0,0,0,0,0,"149,000",0,0,0,"149,000",0,"149,000","149,000"
"=""061396""",聯發科群益47購03,0,0,0,0,0,0,0,0,0,"149,000",0,0,0,"154,000","5,000","149,000","149,000"
"=""068928""",立積元大4A購01  ,0,0,0,0,0,0,0,0,0,"149,000",0,0,0,"235,000","86,000","149,000","149,000"
"=""062903""",和大凱基46購01  ,0,0,0,0,0,0,0,0,0,"149,000",0,0,0,"151,000","2,000","149,000","149,000"
"=""057491""",川湖凱基45購04  ,0,0,0,0,0,0,0,0,0,"149,000",0,0,0,"154,000","5,000","149,000","149,000"
"=""045915""",和大凱基43購03  ,0,0,0,0,0,0,0,0,0,"149,000",0,0,0,"149,000",0,"149,000","149,000"
"=""068512""",信邦元大48購01  ,0,0,0,0,0,0,0,0,0,"148,000",0,0,0,"169,000","21,000","148,000","148,000"
"=""060668""",大同凱基46購02  ,0,0,0,0,0,0,0,0,0,"148,000",0,0,0,"150,000","2,000","148,000","148,000"
"=""069028""",台積電永豐49購13,0,0,0,0,0,0,0,0,0,"148,000",0,0,0,"469,000","321,000","148,000","148,000"
"=""059615""",正崴元富45購06  ,0,0,0,0,0,0,0,0,0,"148,000",0,0,0,"150,000","2,000","148,000","148,000"
"=""066365""",世芯元富51購03  ,0,0,0,0,0,0,0,0,0,"148,000",0,0,0,"160,000","12,000","148,000","148,000"
"=""045732""",創意統一52購01  ,0,0,0,0,0,0,0,0,0,"148,000",0,0,0,"148,000",0,"148,000","148,000"
"=""065362""",威盛兆豐3B購02  ,0,0,0,0,0,0,0,0,0,"148,000",0,0,0,"174,000","26,000","148,000","148,000"
"=""065216""",奇鋐兆豐47購01  ,0,0,0,0,0,0,0,0,0,"148,000",0,0,0,"180,000","32,000","148,000","148,000"
"=""063973""",晟銘電富邦48購01,0,0,0,0,0,0,0,0,0,"148,000",0,0,0,"155,000","7,000","148,000","148,000"
"=""054692""",滬深2X凱基45購08,0,0,0,0,0,0,0,0,0,"148,000",0,0,0,"148,000",0,"148,000","148,000"
"=""063250""",智原元大4B購01  ,0,0,0,0,0,0,0,0,0,"148,000",0,0,0,"149,000","1,000","148,000","148,000"
"=""050957""",愛普群益44購01  ,0,0,0,0,0,0,0,0,0,"147,000",0,0,0,"157,000","10,000","147,000","147,000"
6206,飛捷            ,"159,000","8,000","151,000",0,0,0,"1,000",0,"1,000","-5,000",0,"5,000","-5,000",0,0,0,"147,000"
"=""066606""",裕慶國票49購01  ,0,0,0,0,0,0,0,0,0,"147,000",0,0,0,"147,000",0,"147,000","147,000"
"=""066407""",智原國票48購02  ,0,0,0,0,0,0,0,0,0,"147,000",0,0,0,"199,000","52,000","147,000","147,000"
"=""066667""",元債2X凱基4B購04,0,0,0,0,0,0,0,0,0,"147,000",0,0,0,"147,000",0,"147,000","147,000"
"=""065992""",上銀群益47購01  ,0,0,0,0,0,0,0,0,0,"147,000",0,0,0,"157,000","10,000","147,000","147,000"
"=""067370""",鴻海國泰48購04  ,0,0,0,0,0,0,0,0,0,"147,000",0,0,0,"220,000","73,000","147,000","147,000"
"=""057809""",鴻準元富45購03  ,0,0,0,0,0,0,0,0,0,"147,000",0,0,0,"149,000","2,000","147,000","147,000"
"=""055229""",華泰凱基44購01  ,0,0,0,0,0,0,0,0,0,"147,000",0,0,0,"187,000","40,000","147,000","147,000"
"=""062173""",世紀鋼中信46購01,0,0,0,0,0,0,0,0,0,"146,000",0,0,0,"168,000","22,000","146,000","146,000"
"=""056584""",世芯元大45購08  ,0,0,0,0,0,0,0,0,0,"146,000",0,0,0,"151,000","5,000","146,000","146,000"
"=""068580""",立隆電群益48購03,"156,000","10,000","146,000",0,0,0,0,0,0,0,0,0,0,0,0,0,"146,000"
"=""067190""",達興統一55購01  ,0,0,0,0,0,0,0,0,0,"146,000",0,0,0,"152,000","6,000","146,000","146,000"
"=""041816""",京元電群益54購08,0,0,0,0,0,0,0,0,0,"146,000",0,0,0,"146,000",0,"146,000","146,000"
"=""058744""",凱基金群益45購03,0,"2,000","-2,000",0,0,0,0,0,0,"148,000",0,0,0,"158,000","10,000","148,000","146,000"
3028,增你強          ,"193,000","13,000","180,000",0,0,0,0,0,0,"-34,000","7,000","41,000","-34,000",0,0,0,"146,000"
"=""044611""",建準統一6B購02  ,0,0,0,0,0,0,0,0,0,"146,000",0,0,0,"146,000",0,"146,000","146,000"
"=""049491""",安普新國票44購01,0,0,0,0,0,0,0,0,0,"146,000",0,0,0,"146,000",0,"146,000","146,000"
"=""049955""",長榮國泰45購05  ,0,0,0,0,0,0,0,0,0,"146,000",0,0,0,"146,000",0,"146,000","146,000"
8081,致新            ,"203,000","68,000","135,000",0,0,0,0,"1,000","-1,000","11,483","10,000","1,543","8,457","3,026",0,"3,026","145,483"
"=""064334""",鉅祥凱基46購02  ,0,0,0,0,0,0,0,0,0,"145,000",0,0,0,"185,000","40,000","145,000","145,000"
"=""058938""",中信金群益45購02,0,0,0,0,0,0,0,0,0,"145,000",0,0,0,"271,000","126,000","145,000","145,000"
"=""068121""",富世達元富47購01,0,0,0,0,0,0,0,0,0,"145,000",0,0,0,"185,000","40,000","145,000","145,000"
"=""066095""",川湖凱基47購04  ,0,0,0,0,0,0,0,0,0,"145,000",0,0,0,"150,000","5,000","145,000","145,000"
"=""061440""",復盛元富46購01  ,0,0,0,0,0,0,0,0,0,"145,000",0,0,0,"150,000","5,000","145,000","145,000"
"=""062038""",台灣50群益46購08,0,0,0,0,0,0,0,0,0,"145,000",0,0,0,"288,000","143,000","145,000","145,000"
"=""057807""",台積電元富45購16,0,0,0,0,0,0,0,0,0,"145,000",0,0,0,"160,000","15,000","145,000","145,000"
"=""054415""",新唐永豐45購01  ,"145,000",0,"145,000",0,0,0,0,0,0,0,0,0,0,0,0,0,"145,000"
"=""062295""",大立光群益46購09,0,0,0,0,0,0,0,0,0,"144,000",0,0,0,"157,000","13,000","144,000","144,000"
"=""046955""",勤誠群益46購01  ,0,0,0,0,0,0,0,0,0,"144,000",0,0,0,"160,000","16,000","144,000","144,000"
"=""068352""",訊芯永豐48購02  ,0,0,0,0,0,0,0,0,0,"144,000",0,0,0,"144,000",0,"144,000","144,000"
"=""065873""",和大台新47購01  ,0,0,0,0,0,0,0,0,0,"144,000",0,0,0,"144,000",0,"144,000","144,000"
"=""066655""",盛群統一51購01  ,0,0,0,0,0,0,0,0,0,"144,000",0,0,0,"159,000","15,000","144,000","144,000"
"=""066498""",鴻海群益51購02  ,0,0,0,0,0,0,0,0,0,"144,000",0,0,0,"159,000","15,000","144,000","144,000"
"=""03211T""",台積電第一37售01,0,0,0,0,0,0,0,0,0,"144,000",0,0,0,"144,000",0,"144,000","144,000"
"=""068259""",台虹國票49購01  ,0,0,0,0,0,0,0,0,0,"144,000",0,0,0,"147,000","3,000","144,000","144,000"
"=""059534""",瑞鼎凱基46購01  ,0,0,0,0,0,0,0,0,0,"144,000",0,0,0,"144,000",0,"144,000","144,000"
"=""039333""",華邦電國票58購01,0,0,0,0,0,0,0,0,0,"144,000",0,0,0,"144,000",0,"144,000","144,000"
"=""050313""",緯創凱基3C購01  ,0,0,0,0,0,0,0,0,0,"144,000",0,0,0,"154,000","10,000","144,000","144,000"
"=""056054""",大亞群益46購01  ,0,0,0,0,0,0,0,0,0,"144,000",0,0,0,"154,000","10,000","144,000","144,000"
"=""00670L""",富邦NASDAQ正2   ,"1,000","11,000","-10,000",0,0,0,0,0,0,"153,353",0,0,0,"565,512","412,159","153,353","143,353"
"=""065703""",長榮鋼元大47購03,0,0,0,0,0,0,0,0,0,"143,000",0,0,0,"144,000","1,000","143,000","143,000"
"=""067203""",威盛凱基47購07  ,0,0,0,0,0,0,0,0,0,"143,000",0,0,0,"153,000","10,000","143,000","143,000"
"=""067299""",群創群益48購02  ,0,0,0,0,0,0,0,0,0,"143,000",0,0,0,"169,000","26,000","143,000","143,000"
"=""057622""",台灣50凱基45購08,0,0,0,0,0,0,0,0,0,"143,000",0,0,0,"298,000","155,000","143,000","143,000"
"=""061075""",新日興中信46購01,0,0,0,0,0,0,0,0,0,"143,000",0,0,0,"149,000","6,000","143,000","143,000"
"=""046961""",南亞科元富43購01,0,0,0,0,0,0,0,0,0,"143,000",0,0,0,"143,000",0,"143,000","143,000"
3645,達邁            ,"229,000","89,000","140,000",0,0,0,0,0,0,"3,000","3,000",0,"3,000",0,0,0,"143,000"
"=""052812""",祥碩群益45購02  ,0,0,0,0,0,0,0,0,0,"143,000",0,0,0,"143,000",0,"143,000","143,000"
8454,富邦媒          ,"257,000","110,631","146,369",0,0,0,0,"12,000","-12,000","8,571","12,549","4,000","8,549","1,022","1,000",22,"142,940"
9938,百和            ,"294,000","170,000","124,000",0,0,0,0,0,0,"18,892","10,000","3,095","6,905","12,000",13,"11,987","142,892"
"=""063862""",巨大群益47購01  ,0,0,0,0,0,0,0,0,0,"142,000",0,0,0,"186,000","44,000","142,000","142,000"
"=""056341""",台塑凱基45購02  ,0,0,0,0,0,0,0,0,0,"142,000",0,0,0,"142,000",0,"142,000","142,000"
"=""068714""",穎崴凱基48購02  ,0,0,0,0,0,0,0,0,0,"142,000",0,0,0,"142,000",0,"142,000","142,000"
"=""058684""",光寶科國票46購02,0,0,0,0,0,0,0,0,0,"142,000",0,0,0,"284,000","142,000","142,000","142,000"
"=""065844""",泓德統一51購02  ,0,0,0,0,0,0,0,0,0,"142,000",0,0,0,"143,000","1,000","142,000","142,000"
"=""066663""",雲豹第一47購01  ,0,0,0,0,0,0,0,0,0,"142,000",0,0,0,"142,000",0,"142,000","142,000"
"=""058806""",中租富邦46購01  ,0,0,0,0,0,0,0,0,0,"141,000",0,0,0,"141,000",0,"141,000","141,000"
"=""068451""",緯創凱基49購01  ,0,0,0,0,0,0,0,0,0,"141,000",0,0,0,"141,000",0,"141,000","141,000"
"=""069474""",聯發科元大51購02,0,0,0,0,0,0,0,0,0,"141,000",0,0,0,"184,000","43,000","141,000","141,000"
"=""057356""",世芯群益47購06  ,0,0,0,0,0,0,0,0,0,"141,000",0,0,0,"141,000",0,"141,000","141,000"
"=""046650""",智原群益42購07  ,0,0,0,0,0,0,0,0,0,"141,000",0,0,0,"141,000",0,"141,000","141,000"
"=""07968U""",臺股指群益33售16,0,0,0,0,0,0,0,0,0,"141,000",0,0,0,"206,000","65,000","141,000","141,000"
"=""058115""",神達元大48購02  ,0,0,0,0,0,0,0,0,0,"141,000",0,0,0,"141,000",0,"141,000","141,000"
"=""050153""",華紙國票43購01  ,0,0,0,0,0,0,0,0,0,"141,000",0,0,0,"141,000",0,"141,000","141,000"
6863,永道-KY         ,"221,000","81,000","140,000",0,0,0,0,0,0,413,0,1,-1,414,0,414,"140,413"
3048,益登            ,"160,000","13,000","147,000",0,0,0,0,0,0,"-6,845","17,000","23,845","-6,845",0,0,0,"140,155"
"=""051256""",臺股指法興43購15,0,0,0,0,0,0,0,0,0,"140,000",0,0,0,"140,000",0,"140,000","140,000"
"=""03928T""",技嘉群益34售20  ,0,0,0,0,0,0,0,0,0,"140,000",0,0,0,"140,000",0,"140,000","140,000"
"=""050212""",萬海群益43購04  ,0,0,0,0,0,0,0,0,0,"140,000",0,0,0,"140,000",0,"140,000","140,000"
"=""050961""",臺股指群益49購04,0,0,0,0,0,0,0,0,0,"140,000",0,0,0,"150,000","10,000","140,000","140,000"
"=""050876""",威盛元大49購02  ,0,0,0,0,0,0,0,0,0,"140,000",0,0,0,"229,000","89,000","140,000","140,000"
"=""047055""",元債2X台新44購01,0,0,0,0,0,0,0,0,0,"140,000",0,0,0,"140,000",0,"140,000","140,000"
"=""055167""",矽統元富4A購02  ,0,0,0,0,0,0,0,0,0,"140,000",0,0,0,"140,000",0,"140,000","140,000"
"=""062547""",台虹國票47購01  ,0,0,0,0,0,0,0,0,0,"140,000",0,0,0,"140,000",0,"140,000","140,000"
"=""061067""",緯穎富邦49購03  ,0,0,0,0,0,0,0,0,0,"140,000",0,0,0,"140,000",0,"140,000","140,000"
"=""059751""",一詮元大45購03  ,0,0,0,0,0,0,0,0,0,"140,000",0,0,0,"140,000",0,"140,000","140,000"
"=""058595""",智原群益47購01  ,0,0,0,0,0,0,0,0,0,"140,000",0,0,0,"140,000",0,"140,000","140,000"
"=""03237T""",臺股指元大34售49,0,0,0,0,0,0,0,0,0,"140,000",0,0,0,"140,000",0,"140,000","140,000"
"=""066384""",鴻海國票49購04  ,0,0,0,0,0,0,0,0,0,"140,000",0,0,0,"140,000",0,"140,000","140,000"
"=""066020""",金像電群益47購08,0,0,0,0,0,0,0,0,0,"140,000",0,0,0,"143,000","3,000","140,000","140,000"
"=""042630""",台灣50永豐55購07,0,0,0,0,0,0,0,0,0,"140,000",0,0,0,"140,000",0,"140,000","140,000"
"=""03108T""",創意國票34售01  ,0,0,0,0,0,0,0,0,0,"140,000",0,0,0,"144,000","4,000","140,000","140,000"
"=""045229""",上銀富邦55購02  ,0,0,0,0,0,0,0,0,0,"140,000",0,0,0,"140,000",0,"140,000","140,000"
"=""03605B""",臺股指元大34熊03,0,0,0,0,0,0,0,0,0,"140,000",0,0,0,"140,000",0,"140,000","140,000"
"=""065224""",中纖凱基49購01  ,0,0,0,0,0,0,0,0,0,"139,000",0,0,0,"166,000","27,000","139,000","139,000"
"=""066123""",和大統一51購01  ,0,0,0,0,0,0,0,0,0,"139,000",0,0,0,"139,000",0,"139,000","139,000"
"=""061043""",漢翔元大46購01  ,0,0,0,0,0,0,0,0,0,"139,000",0,0,0,"154,000","15,000","139,000","139,000"
"=""060517""",台積電凱基4A購10,0,0,0,0,0,0,0,0,0,"139,000",0,0,0,"285,000","146,000","139,000","139,000"
6214,精誠            ,"595,000","472,530","122,470",0,0,0,0,0,0,"16,442",730,0,730,"17,712","2,000","15,712","138,912"
"=""051594""",弘憶股統一59購02,0,0,0,0,0,0,0,0,0,"138,000",0,0,0,"143,000","5,000","138,000","138,000"
"=""059354""",微星元大45購02  ,0,0,0,0,0,0,0,0,0,"138,000",0,0,0,"138,000",0,"138,000","138,000"
"=""063803""",智邦凱基46購10  ,0,0,0,0,0,0,0,0,0,"138,000",0,0,0,"138,000",0,"138,000","138,000"
"=""059006""",臺股指法興45購05,0,0,0,0,0,0,0,0,0,"138,000",0,0,0,"188,000","50,000","138,000","138,000"
"=""054727""",台積電國泰46購09,0,0,0,0,0,0,0,0,0,"138,000",0,0,0,"142,000","4,000","138,000","138,000"
"=""048065""",和大統一4B購01  ,0,0,0,0,0,0,0,0,0,"138,000",0,0,0,"198,000","60,000","138,000","138,000"
"=""064927""",威盛中信3B購01  ,0,0,0,0,0,0,0,0,0,"138,000",0,0,0,"148,000","10,000","138,000","138,000"
"=""057148""",佳必琪群益45購02,0,0,0,0,0,0,0,0,0,"138,000",0,0,0,"138,000",0,"138,000","138,000"
"=""056750""",聚陽凱基46購01  ,0,0,0,0,0,0,0,0,0,"138,000",0,0,0,"138,000",0,"138,000","138,000"
"=""065323""",融程電統一55購01,0,0,0,0,0,0,0,0,0,"138,000",0,0,0,"267,000","129,000","138,000","138,000"
"=""03848T""",臺股指群益34售52,0,0,0,0,0,0,0,0,0,"138,000",0,0,0,"288,000","150,000","138,000","138,000"
"=""036088""",新紡永豐54購01  ,0,0,0,0,0,0,0,0,0,"138,000",0,0,0,"139,000","1,000","138,000","138,000"
"=""067906""",台積電元大47購43,0,0,0,0,0,0,0,0,0,"138,000",0,0,0,"156,000","18,000","138,000","138,000"
2530,華建            ,"403,000","266,000","137,000",0,0,0,0,0,0,218,"1,000",782,218,0,0,0,"137,218"
"=""00714""",群益道瓊美國地產,"4,000","3,000","1,000",0,0,0,0,0,0,"136,070",0,0,0,"363,999","227,929","136,070","137,070"
"=""066033""",晟銘電群益47購03,0,0,0,0,0,0,0,0,0,"137,000",0,0,0,"137,000",0,"137,000","137,000"
"=""059869""",祥碩元富45購03  ,0,0,0,0,0,0,0,0,0,"137,000",0,0,0,"140,000","3,000","137,000","137,000"
"=""07275U""",道瓊銀凱基36售01,0,0,0,0,0,0,0,0,0,"137,000",0,0,0,"531,000","394,000","137,000","137,000"
"=""08234U""",智原統一34售07  ,0,0,0,0,0,0,0,0,0,"137,000",0,0,0,"237,000","100,000","137,000","137,000"
"=""060560""",潤泰新富邦46購01,0,0,0,0,0,0,0,0,0,"137,000",0,0,0,"157,000","20,000","137,000","137,000"
"=""063226""",台積電元大46購25,0,0,0,0,0,0,0,0,0,"137,000",0,0,0,"157,000","20,000","137,000","137,000"
"=""064128""",玉晶光群益46購04,0,0,0,0,0,0,0,0,0,"137,000",0,0,0,"296,000","159,000","137,000","137,000"
"=""051341""",大立光國泰45購05,0,0,0,0,0,0,0,0,0,"137,000",0,0,0,"140,000","3,000","137,000","137,000"
2059,川湖            ,"248,500","151,000","97,500",0,0,0,"31,000","2,000","29,000","10,159","3,000","3,000",0,"18,399","8,240","10,159","136,659"
"=""048023""",技嘉台新42購02  ,0,0,0,0,0,0,0,0,0,"136,000",0,0,0,"200,000","64,000","136,000","136,000"
"=""051261""",臺股指法興43購20,0,0,0,0,0,0,0,0,0,"136,000",0,0,0,"136,000",0,"136,000","136,000"
"=""040957""",亞翔群益54購04  ,0,0,0,0,0,0,0,0,0,"136,000",0,0,0,"146,000","10,000","136,000","136,000"
"=""069128""",台積電群益48購17,0,0,0,0,0,0,0,0,0,"136,000",0,0,0,"136,000",0,"136,000","136,000"
"=""069185""",創意統一5A購01  ,0,0,0,0,0,0,0,0,0,"136,000",0,0,0,"198,000","62,000","136,000","136,000"
"=""058078""",合機元富45購01  ,0,0,0,0,0,0,0,0,0,"136,000",0,0,0,"136,000",0,"136,000","136,000"
"=""059846""",緯穎凱基45購11  ,0,0,0,0,0,0,0,0,0,"136,000",0,0,0,"136,000",0,"136,000","136,000"
"=""041774""",技嘉元大54購11  ,0,0,0,0,0,0,0,0,0,"136,000",0,0,0,"141,000","5,000","136,000","136,000"
"=""059432""",康舒群益46購01  ,0,0,0,0,0,0,0,0,0,"136,000",0,0,0,"142,000","6,000","136,000","136,000"
"=""067532""",台塑群益49購02  ,0,0,0,0,0,0,0,0,0,"136,000",0,0,0,"136,000",0,"136,000","136,000"
"=""066400""",華邦電兆豐3B購01,0,0,0,0,0,0,0,0,0,"136,000",0,0,0,"315,000","179,000","136,000","136,000"
"=""066349""",台灣50元富47購05,0,0,0,0,0,0,0,0,0,"136,000",0,0,0,"142,000","6,000","136,000","136,000"
"=""038169""",FB臺反國票54購02,0,0,0,0,0,0,0,0,0,"135,000",0,0,0,"307,000","172,000","135,000","135,000"
"=""035275""",矽力國票54購01  ,0,0,0,0,0,0,0,0,0,"135,000",0,0,0,"137,000","2,000","135,000","135,000"
"=""067553""",臺股指群益47購01,0,0,0,0,0,0,0,0,0,"135,000",0,0,0,"165,000","30,000","135,000","135,000"
"=""059405""",貿聯統一4B購03  ,0,0,0,0,0,0,0,0,0,"135,000",0,0,0,"140,000","5,000","135,000","135,000"
"=""058794""",保瑞元大45購09  ,0,0,0,0,0,0,0,0,0,"135,000",0,0,0,"135,000",0,"135,000","135,000"
"=""067671""",華通凱基47購06  ,0,0,0,0,0,0,0,0,0,"135,000",0,0,0,"200,000","65,000","135,000","135,000"
"=""085034""",美利達群益52購01,0,0,0,0,0,0,0,0,0,"135,000",0,0,0,"135,000",0,"135,000","135,000"
"=""062025""",矽力國票47購01  ,0,0,0,0,0,0,0,0,0,"135,000",0,0,0,"369,000","234,000","135,000","135,000"
"=""044020""",宏達電國票57購02,0,0,0,0,0,0,0,0,0,"135,000",0,0,0,"145,000","10,000","135,000","135,000"
"=""054330""",神基群益44購02  ,0,0,0,0,0,0,0,0,0,"135,000",0,0,0,"135,000",0,"135,000","135,000"
"=""056129""",台積電國泰46購12,0,0,0,0,0,0,0,0,0,"135,000",0,0,0,"140,000","5,000","135,000","135,000"
"=""055743""",華擎元大44購02  ,0,0,0,0,0,0,0,0,0,"135,000",0,0,0,"135,000",0,"135,000","135,000"
"=""055584""",鴻準凱基45購01  ,0,0,0,0,0,0,0,0,0,"134,000",0,0,0,"155,000","21,000","134,000","134,000"
"=""050528""",立積統一59購01  ,0,0,0,0,0,0,0,0,0,"134,000",0,0,0,"134,000",0,"134,000","134,000"
"=""064699""",中磊元大46購06  ,0,0,0,0,0,0,0,0,0,"134,000",0,0,0,"135,000","1,000","134,000","134,000"
"=""061968""",智邦凱基48購02  ,0,0,0,0,0,0,0,0,0,"134,000",0,0,0,"245,000","111,000","134,000","134,000"
"=""060716""",大同群益46購02  ,0,0,0,0,0,0,0,0,0,"134,000",0,0,0,"180,000","46,000","134,000","134,000"
"=""068411""",臺股指統一48購01,0,0,0,0,0,0,0,0,0,"134,000",0,0,0,"198,000","64,000","134,000","134,000"
"=""062152""",力積電富邦48購01,0,0,0,0,0,0,0,0,0,"134,000",0,0,0,"214,000","80,000","134,000","134,000"
"=""058843""",FANG+凱基45購02 ,0,0,0,0,0,0,0,0,0,"134,000",0,0,0,"134,000",0,"134,000","134,000"
"=""055944""",零壹元大44購01  ,0,0,0,0,0,0,0,0,0,"134,000",0,0,0,"156,000","22,000","134,000","134,000"
"=""066333""",英業達兆豐47購01,0,0,0,0,0,0,0,0,0,"134,000",0,0,0,"134,000",0,"134,000","134,000"
3443,創意            ,"2,583,002","2,297,225","285,777",0,0,0,"11,000","98,044","-87,044","-65,126","67,224","98,322","-31,098","33,116","67,144","-34,028","133,607"
"=""00909""",國泰數位支付服務,"77,000","184,000","-107,000",0,0,0,0,0,0,"240,125",0,0,0,"384,125","144,000","240,125","133,125"
"=""065095""",威盛統一3B購04  ,0,0,0,0,0,0,0,0,0,"133,000",0,0,0,"143,000","10,000","133,000","133,000"
"=""054867""",宏達電元大4A購03,0,0,0,0,0,0,0,0,0,"133,000",0,0,0,"144,000","11,000","133,000","133,000"
"=""060197""",緯穎元大46購06  ,0,0,0,0,0,0,0,0,0,"133,000",0,0,0,"133,000",0,"133,000","133,000"
"=""057806""",鴻海元富45購09  ,0,0,0,0,0,0,0,0,0,"133,000",0,0,0,"468,000","335,000","133,000","133,000"
"=""057901""",群創國票45購01  ,0,0,0,0,0,0,0,0,0,"133,000",0,0,0,"571,000","438,000","133,000","133,000"
"=""062633""",力積電中信46購03,0,0,0,0,0,0,0,0,0,"133,000",0,0,0,"143,000","10,000","133,000","133,000"
"=""061137""",台積電統一3A購02,0,0,0,0,0,0,0,0,0,"133,000",0,0,0,"258,000","125,000","133,000","133,000"
"=""064201""",昆盈國票48購01  ,0,0,0,0,0,0,0,0,0,"133,000",0,0,0,"155,000","22,000","133,000","133,000"
"=""051832""",達發群益44購02  ,0,0,0,0,0,0,0,0,0,"133,000",0,0,0,"175,000","42,000","133,000","133,000"
3011,今皓            ,"239,000","106,000","133,000",0,0,0,0,0,0,0,0,0,0,0,0,0,"133,000"
"=""063122""",台積電凱基4B購02,0,0,0,0,0,0,0,0,0,"133,000",0,0,0,"173,000","40,000","133,000","133,000"
"=""050175""",毅嘉元大46購03  ,0,0,0,0,0,0,0,0,0,"132,000",0,0,0,"133,000","1,000","132,000","132,000"
"=""055741""",奇鋐元大44購13  ,0,0,0,0,0,0,0,0,0,"132,000",0,0,0,"132,000",0,"132,000","132,000"
"=""055662""",宏盛群益4A購01  ,0,0,0,0,0,0,0,0,0,"132,000",0,0,0,"132,000",0,"132,000","132,000"
"=""056633""",元金2X元富48購01,0,0,0,0,0,0,0,0,0,"132,000",0,0,0,"132,000",0,"132,000","132,000"
"=""068262""",鈺齊國票4A購01  ,0,0,0,0,0,0,0,0,0,"132,000",0,0,0,"134,000","2,000","132,000","132,000"
"=""066887""",長榮元富47購04  ,0,0,0,0,0,0,0,0,0,"131,000",0,0,0,"131,000",0,"131,000","131,000"
"=""067066""",威盛元富3B購04  ,0,0,0,0,0,0,0,0,0,"131,000",0,0,0,"131,000",0,"131,000","131,000"
"=""066013""",勤誠統一3B購01  ,0,0,0,0,0,0,0,0,0,"131,000",0,0,0,"133,000","2,000","131,000","131,000"
"=""065989""",SGBR2X群益51購01,0,0,0,0,0,0,0,0,0,"131,000",0,0,0,"151,000","20,000","131,000","131,000"
"=""066575""",道瓊銀元富47購01,0,0,0,0,0,0,0,0,0,"131,000",0,0,0,"131,000",0,"131,000","131,000"
"=""057112""",華泰群益45購02  ,0,0,0,0,0,0,0,0,0,"131,000",0,0,0,"141,000","10,000","131,000","131,000"
"=""060563""",台灣50元大47購06,0,0,0,0,0,0,0,0,0,"131,000",0,0,0,"131,000",0,"131,000","131,000"
"=""053362""",陽明統一48購02  ,0,0,0,0,0,0,0,0,0,"131,000",0,0,0,"131,000",0,"131,000","131,000"
"=""064820""",中磊元大47購01  ,0,0,0,0,0,0,0,0,0,"131,000",0,0,0,"131,000",0,"131,000","131,000"
"=""064875""",全新群益47購02  ,0,0,0,0,0,0,0,0,0,"130,000",0,0,0,"130,000",0,"130,000","130,000"
"=""055590""",全新凱基46購03  ,0,0,0,0,0,0,0,0,0,"130,000",0,0,0,"130,000",0,"130,000","130,000"
"=""050600""",亞光元大43購11  ,0,0,0,0,0,0,0,0,0,"130,000",0,0,0,"130,000",0,"130,000","130,000"
"=""063082""",華邦電國票47購02,0,0,0,0,0,0,0,0,0,"130,000",0,0,0,"210,000","80,000","130,000","130,000"
"=""054335""",創意群益44購06  ,0,0,0,0,0,0,0,0,0,"130,000",0,0,0,"130,000",0,"130,000","130,000"
"=""039574""",意騰元富54購01  ,0,0,0,0,0,0,0,0,0,"130,000",0,0,0,"130,000",0,"130,000","130,000"
"=""053890""",T50正2元大47購01,0,0,0,0,0,0,0,0,0,"130,000",0,0,0,"596,000","466,000","130,000","130,000"
4720,德淵            ,"124,000",0,"124,000",0,0,0,0,0,0,"6,000","6,000",0,"6,000",0,0,0,"130,000"
"=""063652""",燿華元大46購05  ,0,0,0,0,0,0,0,0,0,"130,000",0,0,0,"203,000","73,000","130,000","130,000"
"=""052407""",昆盈元大43購01  ,0,0,0,0,0,0,0,0,0,"130,000",0,0,0,"130,000",0,"130,000","130,000"
"=""061274""",雲豹凱基46購02  ,0,0,0,0,0,0,0,0,0,"130,000",0,0,0,"150,000","20,000","130,000","130,000"
"=""056593""",臺股指元大45購36,0,0,0,0,0,0,0,0,0,"130,000",0,0,0,"130,000",0,"130,000","130,000"
"=""061580""",波力凱基46購01  ,0,0,0,0,0,0,0,0,0,"130,000",0,0,0,"132,000","2,000","130,000","130,000"
"=""062665""",台塑化凱基46購01,0,0,0,0,0,0,0,0,0,"130,000",0,0,0,"190,000","60,000","130,000","130,000"
"=""062706""",緯穎永豐46購11  ,0,0,0,0,0,0,0,0,0,"130,000",0,0,0,"137,000","7,000","130,000","130,000"
"=""075057""",皇昌國泰4A購02  ,0,0,0,0,0,0,0,0,0,"130,000",0,0,0,"130,000",0,"130,000","130,000"
1108,幸福            ,"143,000","8,000","135,000",0,0,0,0,0,0,"-5,000",0,"5,000","-5,000",0,0,0,"130,000"
"=""04476T""",建準群益35售03  ,0,0,0,0,0,0,0,0,0,"130,000",0,0,0,"150,000","20,000","130,000","130,000"
"=""066868""",聯發科元富47購12,"130,000",0,"130,000",0,0,0,0,0,0,0,0,0,0,0,0,0,"130,000"
"=""059577""",文曄元大45購04  ,0,0,0,0,0,0,0,0,0,"130,000",0,0,0,"149,000","19,000","130,000","130,000"
2527,宏璟            ,"215,000","96,000","119,000",0,0,0,0,0,0,"10,002","10,002",0,"10,002",0,0,0,"129,002"
"=""050884""",景碩元大43購29  ,0,0,0,0,0,0,0,0,0,"129,000",0,0,0,"140,000","11,000","129,000","129,000"
"=""064896""",達發群益47購01  ,0,0,0,0,0,0,0,0,0,"129,000",0,0,0,"279,000","150,000","129,000","129,000"
"=""066915""",國產群益4C購01  ,0,0,0,0,0,0,0,0,0,"129,000",0,0,0,"229,000","100,000","129,000","129,000"
"=""03410T""",愛普元富33售04  ,0,0,0,0,0,0,0,0,0,"129,000",0,0,0,"129,000",0,"129,000","129,000"
"=""067997""",台玻群益48購02  ,0,0,0,0,0,0,0,0,0,"129,000",0,0,0,"130,000","1,000","129,000","129,000"
"=""054593""",台積電群益4A購12,0,0,0,0,0,0,0,0,0,"129,000",0,0,0,"129,000",0,"129,000","129,000"
"=""047562""",京元電永豐44購01,0,0,0,0,0,0,0,0,0,"129,000",0,0,0,"130,000","1,000","129,000","129,000"
"=""055812""",技嘉群益4C購01  ,0,0,0,0,0,0,0,0,0,"129,000",0,0,0,"129,000",0,"129,000","129,000"
"=""062224""",偉訓元富46購01  ,0,0,0,0,0,0,0,0,0,"129,000",0,0,0,"129,000",0,"129,000","129,000"
"=""062319""",中502X元大49購01,0,0,0,0,0,0,0,0,0,"129,000",0,0,0,"149,000","20,000","129,000","129,000"
"=""04609T""",台積電凱基3B售03,0,0,0,0,0,0,0,0,0,"129,000",0,0,0,"129,000",0,"129,000","129,000"
"=""056940""",材料群益45購03  ,0,0,0,0,0,0,0,0,0,"129,000",0,0,0,"258,000","129,000","129,000","129,000"
"=""060652""",辛耘中信47購01  ,0,0,0,0,0,0,0,0,0,"129,000",0,0,0,"129,000",0,"129,000","129,000"
3703,欣陸            ,"209,000","82,000","127,000",0,0,0,"7,000","5,456","1,544",-166,0,166,-166,0,0,0,"128,378"
"=""054017""",皇昌元富47購01  ,0,0,0,0,0,0,0,0,0,"128,000",0,0,0,"156,000","28,000","128,000","128,000"
"=""063816""",祥碩凱基46購05  ,0,0,0,0,0,0,0,0,0,"128,000",0,0,0,"183,000","55,000","128,000","128,000"
"=""063989""",金像電元富49購01,0,0,0,0,0,0,0,0,0,"128,000",0,0,0,"128,000",0,"128,000","128,000"
"=""064103""",台積電群益47購22,0,0,0,0,0,0,0,0,0,"128,000",0,0,0,"128,000",0,"128,000","128,000"
"=""054768""",雲豹永豐46購01  ,0,0,0,0,0,0,0,0,0,"128,000",0,0,0,"128,000",0,"128,000","128,000"
"=""057218""",廣宇統一53購01  ,0,0,0,0,0,0,0,0,0,"128,000",0,0,0,"128,000",0,"128,000","128,000"
"=""047426""",台灣50康和42購01,0,0,0,0,0,0,0,0,0,"128,000",0,0,0,"128,000",0,"128,000","128,000"
"=""055219""",辛耘永豐46購06  ,0,0,0,0,0,0,0,0,0,"128,000",0,0,0,"208,000","80,000","128,000","128,000"
"=""067987""",保瑞統一51購03  ,0,0,0,0,0,0,0,0,0,"128,000",0,0,0,"128,000",0,"128,000","128,000"
"=""058219""",保瑞元富45購02  ,0,0,0,0,0,0,0,0,0,"128,000",0,0,0,"128,000",0,"128,000","128,000"
"=""067202""",所羅門凱基47購02,0,0,0,0,0,0,0,0,0,"128,000",0,0,0,"156,000","28,000","128,000","128,000"
"=""044958""",亞翔元大55購08  ,0,0,0,0,0,0,0,0,0,"128,000",0,0,0,"128,000",0,"128,000","128,000"
"=""03568T""",創意國泰35售04  ,0,0,0,0,0,0,0,0,0,"127,000",0,0,0,"127,000",0,"127,000","127,000"
"=""066181""",直得永豐47購01  ,0,0,0,0,0,0,0,0,0,"127,000",0,0,0,"127,000",0,"127,000","127,000"
"=""065951""",上銀元大47購02  ,"236,000","109,000","127,000",0,0,0,0,0,0,0,0,0,0,0,0,0,"127,000"
"=""068287""",世紀鋼中信3B購01,0,0,0,0,0,0,0,0,0,"127,000",0,0,0,"147,000","20,000","127,000","127,000"
"=""056941""",亞翔群益45購01  ,0,0,0,0,0,0,0,0,0,"127,000",0,0,0,"145,000","18,000","127,000","127,000"
"=""060393""",臺股指元大47購13,0,0,0,0,0,0,0,0,0,"127,000",0,0,0,"129,000","2,000","127,000","127,000"
"=""050869""",鴻海元大47購03  ,0,0,0,0,0,0,0,0,0,"127,000",0,0,0,"281,000","154,000","127,000","127,000"
"=""063787""",上銀台新46購02  ,0,0,0,0,0,0,0,0,0,"127,000",0,0,0,"187,000","60,000","127,000","127,000"
"=""063735""",台玻國票47購02  ,0,0,0,0,0,0,0,0,0,"127,000",0,0,0,"127,000",0,"127,000","127,000"
6412,群電            ,"469,000","263,000","206,000",0,0,0,"1,000","80,000","-79,000",-910,"1,000","2,878","-1,878","1,000",32,968,"126,090"
"=""056105""",明泰元大44購01  ,0,0,0,0,0,0,0,0,0,"126,000",0,0,0,"136,000","10,000","126,000","126,000"
"=""055752""",訊芯元大49購02  ,0,0,0,0,0,0,0,0,0,"126,000",0,0,0,"144,000","18,000","126,000","126,000"
"=""04778T""",高力元富35售03  ,"300,000",0,"300,000",0,0,0,0,0,0,"-174,000",0,0,0,"146,000","320,000","-174,000","126,000"
"=""063262""",波力元大46購01  ,0,0,0,0,0,0,0,0,0,"126,000",0,0,0,"126,000",0,"126,000","126,000"
"=""057340""",友達群益45購03  ,0,0,0,0,0,0,0,0,0,"126,000",0,0,0,"126,000",0,"126,000","126,000"
"=""047292""",國巨國泰44購02  ,0,0,0,0,0,0,0,0,0,"126,000",0,0,0,"136,000","10,000","126,000","126,000"
"=""055367""",香港2X凱基45購04,0,0,0,0,0,0,0,0,0,"126,000",0,0,0,"242,000","116,000","126,000","126,000"
"=""067318""",台塑元大4A購03  ,0,0,0,0,0,0,0,0,0,"126,000",0,0,0,"206,000","80,000","126,000","126,000"
"=""067530""",台虹元大47購01  ,0,0,0,0,0,0,0,0,0,"126,000",0,0,0,"126,000",0,"126,000","126,000"
"=""066869""",聯發科元富47購13,"126,000",0,"126,000",0,0,0,0,0,0,0,0,0,0,0,0,0,"126,000"
"=""066261""",直得元大47購02  ,0,0,0,0,0,0,0,0,0,"126,000",0,0,0,"127,000","1,000","126,000","126,000"
"=""044950""",緯創元大55購13  ,0,0,0,0,0,0,0,0,0,"126,000",0,0,0,"126,000",0,"126,000","126,000"
"=""065101""",威盛統一43購03  ,0,0,0,0,0,0,0,0,0,"126,000",0,0,0,"132,000","6,000","126,000","126,000"
"=""066705""",盛群凱基48購01  ,0,0,0,0,0,0,0,0,0,"125,000",0,0,0,"125,000",0,"125,000","125,000"
"=""054344""",緯穎群益46購03  ,0,0,0,0,0,0,0,0,0,"125,000",0,0,0,"139,000","14,000","125,000","125,000"
"=""062347""",牧德元大46購08  ,0,0,0,0,0,0,0,0,0,"125,000",0,0,0,"125,000",0,"125,000","125,000"
"=""056896""",奇鋐元大45購10  ,0,0,0,0,0,0,0,0,0,"125,000",0,0,0,"125,000",0,"125,000","125,000"
"=""061312""",聯發科富邦46購03,0,0,0,0,0,0,0,0,0,"125,000",0,0,0,"179,000","54,000","125,000","125,000"
"=""061187""",日電貿群益47購02,0,0,0,0,0,0,0,0,0,"125,000",0,0,0,"230,000","105,000","125,000","125,000"
"=""068719""",敬鵬兆豐4A購01  ,0,0,0,0,0,0,0,0,0,"125,000",0,0,0,"218,000","93,000","125,000","125,000"
"=""068983""",台光電兆豐48購01,0,0,0,0,0,0,0,0,0,"125,000",0,0,0,"185,000","60,000","125,000","125,000"
"=""049506""",臻鼎凱基43購05  ,0,0,0,0,0,0,0,0,0,"125,000",0,0,0,"130,000","5,000","125,000","125,000"
"=""063553""",新日興元富46購02,0,0,0,0,0,0,0,0,0,"125,000",0,0,0,"125,000",0,"125,000","125,000"
"=""048544""",晶心科凱基42購01,0,0,0,0,0,0,0,0,0,"125,000",0,0,0,"130,000","5,000","125,000","125,000"
"=""048446""",亞翔元大43購14  ,0,0,0,0,0,0,0,0,0,"125,000",0,0,0,"125,000",0,"125,000","125,000"
"=""054110""",中鴻群益46購01  ,0,0,0,0,0,0,0,0,0,"125,000",0,0,0,"150,000","25,000","125,000","125,000"
"=""04450T""",愛普國票35售04  ,0,0,0,0,0,0,0,0,0,"125,000",0,0,0,"125,000",0,"125,000","125,000"
"=""056398""",穎崴元大45購04  ,0,0,0,0,0,0,0,0,0,"124,000",0,0,0,"310,000","186,000","124,000","124,000"
"=""068620""",玉晶光元大48購01,0,0,0,0,0,0,0,0,0,"124,000",0,0,0,"187,000","63,000","124,000","124,000"
"=""061525""",鴻準中信49購01  ,0,0,0,0,0,0,0,0,0,"124,000",0,0,0,"124,000",0,"124,000","124,000"
"=""057245""",建準元富46購02  ,0,0,0,0,0,0,0,0,0,"124,000",0,0,0,"124,000",0,"124,000","124,000"
"=""069329""",寶成國票49購01  ,0,0,0,0,0,0,0,0,0,"124,000",0,0,0,"146,000","22,000","124,000","124,000"
"=""068346""",德律永豐49購01  ,0,0,0,0,0,0,0,0,0,"124,000",0,0,0,"150,000","26,000","124,000","124,000"
"=""057604""",臺股指中信46購06,0,0,0,0,0,0,0,0,0,"124,000",0,0,0,"203,000","79,000","124,000","124,000"
"=""067942""",T50反1永豐47購03,0,0,0,0,0,0,0,0,0,"123,000",0,0,0,"123,000",0,"123,000","123,000"
"=""067665""",台塑凱基4B購02  ,0,0,0,0,0,0,0,0,0,"123,000",0,0,0,"123,000",0,"123,000","123,000"
"=""03362T""",金像電凱基33售10,0,0,0,0,0,0,0,0,0,"123,000",0,0,0,"123,000",0,"123,000","123,000"
"=""067259""",亞翔統一41購01  ,0,0,0,0,0,0,0,0,0,"123,000",0,0,0,"123,000",0,"123,000","123,000"
"=""067608""",保瑞元富47購03  ,0,0,0,0,0,0,0,0,0,"123,000",0,0,0,"143,000","20,000","123,000","123,000"
"=""065906""",矽力凱基47購02  ,0,0,0,0,0,0,0,0,0,"123,000",0,0,0,"123,000",0,"123,000","123,000"
"=""00717""",富邦美國特別股  ,0,0,0,0,0,0,0,0,0,"123,000",0,0,0,"139,000","16,000","123,000","123,000"
"=""057414""",建漢元富47購03  ,0,0,0,0,0,0,0,0,0,"123,000",0,0,0,"185,000","62,000","123,000","123,000"
"=""049608""",可成兆豐45購01  ,0,0,0,0,0,0,0,0,0,"123,000",0,0,0,"125,000","2,000","123,000","123,000"
"=""052955""",劍麟群益45購01  ,0,0,0,0,0,0,0,0,0,"123,000",0,0,0,"173,000","50,000","123,000","123,000"
"=""040393""",台積電元富6A購01,0,0,0,0,0,0,0,0,0,"123,000",0,0,0,"177,000","54,000","123,000","123,000"
3017,奇鋐            ,"2,235,120","2,119,135","115,985",0,0,0,"132,000","131,000","1,000","6,004","214,683","167,000","47,683","51,960","93,639","-41,679","122,989"
2393,億光            ,"526,000","501,000","25,000",0,0,0,0,0,0,"97,654","78,391","2,080","76,311","21,343",0,"21,343","122,654"
"=""050588""",科妍元大43購02  ,0,0,0,0,0,0,0,0,0,"122,000",0,0,0,"192,000","70,000","122,000","122,000"
"=""063123""",台積電凱基53購05,0,0,0,0,0,0,0,0,0,"122,000",0,0,0,"163,000","41,000","122,000","122,000"
"=""051679""",台光電凱基45購03,0,0,0,0,0,0,0,0,0,"122,000",0,0,0,"122,000",0,"122,000","122,000"
"=""059272""",金像電永豐45購02,0,0,0,0,0,0,0,0,0,"122,000",0,0,0,"125,000","3,000","122,000","122,000"
"=""08951U""",矽力元富32售02  ,0,0,0,0,0,0,0,0,0,"122,000",0,0,0,"122,000",0,"122,000","122,000"
"=""062934""",亞光國票47購02  ,0,0,0,0,0,0,0,0,0,"122,000",0,0,0,"122,000",0,"122,000","122,000"
"=""069355""",立積凱基4A購02  ,0,0,0,0,0,0,0,0,0,"122,000",0,0,0,"162,000","40,000","122,000","122,000"
"=""061504""",鴻海元富4C購02  ,0,0,0,0,0,0,0,0,0,"122,000",0,0,0,"130,000","8,000","122,000","122,000"
"=""065878""",滬深2X凱基47購04,0,0,0,0,0,0,0,0,0,"122,000",0,0,0,"123,000","1,000","122,000","122,000"
"=""067199""",台積電凱基49購12,0,0,0,0,0,0,0,0,0,"122,000",0,0,0,"122,000",0,"122,000","122,000"
"=""067055""",元債2X群益51購07,0,0,0,0,0,0,0,0,0,"122,000",0,0,0,"122,000",0,"122,000","122,000"
"=""059894""",華碩群益45購05  ,0,0,0,0,0,0,0,0,0,"122,000",0,0,0,"155,000","33,000","122,000","122,000"
"=""00701""",國泰股利精選30  ,0,"15,000","-15,000",0,0,0,0,0,0,"136,392",0,0,0,"516,112","379,720","136,392","121,392"
"=""066482""",健策元大47購02  ,0,0,0,0,0,0,0,0,0,"121,000",0,0,0,"121,000",0,"121,000","121,000"
"=""066355""",漢唐元富47購04  ,0,0,0,0,0,0,0,0,0,"121,000",0,0,0,"124,000","3,000","121,000","121,000"
"=""067693""",元金反元大4A購01,0,0,0,0,0,0,0,0,0,"121,000",0,0,0,"133,000","12,000","121,000","121,000"
"=""067688""",保瑞凱基47購04  ,0,0,0,0,0,0,0,0,0,"121,000",0,0,0,"136,000","15,000","121,000","121,000"
"=""067938""",景碩台新47購01  ,0,0,0,0,0,0,0,0,0,"121,000",0,0,0,"136,000","15,000","121,000","121,000"
"=""067386""",聚陽第一47購01  ,0,0,0,0,0,0,0,0,0,"121,000",0,0,0,"121,000",0,"121,000","121,000"
"=""057072""",威盛元大4B購01  ,0,0,0,0,0,0,0,0,0,"121,000",0,0,0,"174,000","53,000","121,000","121,000"
"=""068626""",玉晶光統一3C購01,0,0,0,0,0,0,0,0,0,"121,000",0,0,0,"121,000",0,"121,000","121,000"
"=""060334""",川湖元大46購02  ,0,0,0,0,0,0,0,0,0,"121,000",0,0,0,"124,000","3,000","121,000","121,000"
"=""068950""",昇陽半元大48購04,0,0,0,0,0,0,0,0,0,"121,000",0,0,0,"127,000","6,000","121,000","121,000"
"=""052983""",國企2X元富45購01,0,0,0,0,0,0,0,0,0,"121,000",0,0,0,"121,000",0,"121,000","121,000"
"=""047830""",技嘉群益42購16  ,0,0,0,0,0,0,0,0,0,"121,000",0,0,0,"121,000",0,"121,000","121,000"
"=""063586""",國巨凱基46購02  ,0,0,0,0,0,0,0,0,0,"121,000",0,0,0,"241,000","120,000","121,000","121,000"
"=""049967""",可成凱基43購01  ,0,0,0,0,0,0,0,0,0,"121,000",0,0,0,"123,000","2,000","121,000","121,000"
"=""050668""",長榮航統一41購01,0,0,0,0,0,0,0,0,0,"121,000",0,0,0,"131,000","10,000","121,000","121,000"
"=""050475""",臺股指凱基44購27,0,0,0,0,0,0,0,0,0,"120,000",0,0,0,"120,000",0,"120,000","120,000"
"=""050885""",辛耘元大43購06  ,0,0,0,0,0,0,0,0,0,"120,000",0,0,0,"120,000",0,"120,000","120,000"
"=""055766""",玉晶光富邦46購02,0,0,0,0,0,0,0,0,0,"120,000",0,0,0,"147,000","27,000","120,000","120,000"
"=""063481""",臺股指元大49購17,0,0,0,0,0,0,0,0,0,"120,000",0,0,0,"150,000","30,000","120,000","120,000"
"=""04805T""",A50正2元富36售03,0,0,0,0,0,0,0,0,0,"120,000",0,0,0,"120,000",0,"120,000","120,000"
"=""048197""",技嘉第一42購01  ,0,0,0,0,0,0,0,0,0,"120,000",0,0,0,"120,000",0,"120,000","120,000"
"=""052445""",聯發科兆豐46購01,0,0,0,0,0,0,0,0,0,"120,000",0,0,0,"120,000",0,"120,000","120,000"
"=""051802""",光寶科凱基46購01,0,0,0,0,0,0,0,0,0,"120,000",0,0,0,"120,000",0,"120,000","120,000"
"=""063837""",國巨群益46購05  ,0,0,0,0,0,0,0,0,0,"120,000",0,0,0,"130,000","10,000","120,000","120,000"
"=""059078""",台灣50元富45購11,0,0,0,0,0,0,0,0,0,"120,000",0,0,0,"120,000",0,"120,000","120,000"
"=""053812""",陽明國票46購01  ,0,0,0,0,0,0,0,0,0,"120,000",0,0,0,"130,000","10,000","120,000","120,000"
"=""041080""",力積電元大54購18,0,0,0,0,0,0,0,0,0,"120,000",0,0,0,"120,000",0,"120,000","120,000"
"=""060680""",亞翔凱基49購01  ,0,0,0,0,0,0,0,0,0,"120,000",0,0,0,"301,000","181,000","120,000","120,000"
"=""056687""",技嘉群益3B購01  ,0,0,0,0,0,0,0,0,0,"120,000",0,0,0,"170,000","50,000","120,000","120,000"
"=""061847""",長榮群益48購05  ,0,0,0,0,0,0,0,0,0,"120,000",0,0,0,"120,000",0,"120,000","120,000"
"=""062000""",怡利電元富46購02,0,0,0,0,0,0,0,0,0,"120,000",0,0,0,"120,000",0,"120,000","120,000"
"=""062061""",材料群益46購12  ,0,0,0,0,0,0,0,0,0,"120,000",0,0,0,"120,000",0,"120,000","120,000"
"=""08308U""",創意國泰33售02  ,0,0,0,0,0,0,0,0,0,"120,000",0,0,0,"120,000",0,"120,000","120,000"
"=""08833U""",聯詠凱基32售01  ,0,0,0,0,0,0,0,0,0,"120,000",0,0,0,"120,000",0,"120,000","120,000"
"=""08687U""",FBNQ2X元大33售02,0,0,0,0,0,0,0,0,0,"120,000",0,0,0,"150,000","30,000","120,000","120,000"
"=""055352""",一詮元富5A購01  ,0,0,0,0,0,0,0,0,0,"120,000",0,0,0,"124,000","4,000","120,000","120,000"
"=""055838""",和大凱基45購01  ,0,0,0,0,0,0,0,0,0,"120,000",0,0,0,"123,000","3,000","120,000","120,000"
"=""072253""",智原元大48購07  ,0,0,0,0,0,0,0,0,0,"120,000",0,0,0,"190,000","70,000","120,000","120,000"
"=""062486""",神達統一4C購03  ,0,0,0,0,0,0,0,0,0,"120,000",0,0,0,"120,000",0,"120,000","120,000"
"=""062552""",T50反1元大47購04,0,0,0,0,0,0,0,0,0,"120,000",0,0,0,"120,000",0,"120,000","120,000"
"=""067446""",惠特國票49購01  ,0,0,0,0,0,0,0,0,0,"120,000",0,0,0,"126,000","6,000","120,000","120,000"
"=""067559""",臺股指群益47購07,0,0,0,0,0,0,0,0,0,"120,000",0,0,0,"133,000","13,000","120,000","120,000"
"=""060086""",可成國票46購02  ,0,0,0,0,0,0,0,0,0,"120,000",0,0,0,"120,000",0,"120,000","120,000"
"=""068162""",凌陽元富3B購01  ,0,0,0,0,0,0,0,0,0,"120,000",0,0,0,"120,000",0,"120,000","120,000"
"=""058792""",臻鼎元大45購06  ,0,0,0,0,0,0,0,0,0,"120,000",0,0,0,"127,000","7,000","120,000","120,000"
"=""03027T""",金像電群益32售17,0,0,0,0,0,0,0,0,0,"120,000",0,0,0,"120,000",0,"120,000","120,000"
"=""03066T""",矽力元大33售04  ,0,0,0,0,0,0,0,0,0,"120,000",0,0,0,"120,000",0,"120,000","120,000"
"=""043596""",祥碩國票56購01  ,0,0,0,0,0,0,0,0,0,"120,000",0,0,0,"120,000",0,"120,000","120,000"
"=""065929""",京鼎元富47購01  ,0,0,0,0,0,0,0,0,0,"119,000",0,0,0,"119,000",0,"119,000","119,000"
"=""066230""",洋基群益47購01  ,0,0,0,0,0,0,0,0,0,"119,000",0,0,0,"119,000",0,"119,000","119,000"
"=""066483""",世芯元大4A購04  ,0,0,0,0,0,0,0,0,0,"119,000",0,0,0,"124,000","5,000","119,000","119,000"
"=""059639""",世芯國泰47購01  ,0,0,0,0,0,0,0,0,0,"119,000",0,0,0,"127,000","8,000","119,000","119,000"
"=""068173""",富世達統一62購02,0,0,0,0,0,0,0,0,0,"119,000",0,0,0,"150,000","31,000","119,000","119,000"
"=""046239""",為升國票43購01  ,0,0,0,0,0,0,0,0,0,"119,000",0,0,0,"119,000",0,"119,000","119,000"
"=""062221""",南亞科元富46購01,0,0,0,0,0,0,0,0,0,"119,000",0,0,0,"119,000",0,"119,000","119,000"
"=""055831""",訊芯群益44購10  ,0,0,0,0,0,0,0,0,0,"119,000",0,0,0,"150,000","31,000","119,000","119,000"
"=""057812""",潤泰全元富4B購01,0,0,0,0,0,0,0,0,0,"119,000",0,0,0,"126,000","7,000","119,000","119,000"
"=""055157""",和碩中信45購01  ,0,0,0,0,0,0,0,0,0,"119,000",0,0,0,"119,000",0,"119,000","119,000"
"=""055164""",華通元富44購06  ,0,0,0,0,0,0,0,0,0,"119,000",0,0,0,"141,000","22,000","119,000","119,000"
"=""07998U""",緯創凱基3B售03  ,0,0,0,0,0,0,0,0,0,"119,000",0,0,0,"124,000","5,000","119,000","119,000"
"=""055071""",聯發科群益44購15,0,0,0,0,0,0,0,0,0,"119,000",0,0,0,"300,000","181,000","119,000","119,000"
"=""060351""",可成元大46購05  ,0,0,0,0,0,0,0,0,0,"119,000",0,0,0,"134,000","15,000","119,000","119,000"
"=""060927""",聯電凱基46購03  ,0,0,0,0,0,0,0,0,0,"119,000",0,0,0,"121,000","2,000","119,000","119,000"
"=""064395""",廣宇國泰47購02  ,0,0,0,0,0,0,0,0,0,"119,000",0,0,0,"244,000","125,000","119,000","119,000"
"=""053060""",視陽元大44購01  ,0,0,0,0,0,0,0,0,0,"119,000",0,0,0,"119,000",0,"119,000","119,000"
"=""048275""",敦泰群益42購02  ,0,0,0,0,0,0,0,0,0,"119,000",0,0,0,"119,000",0,"119,000","119,000"
"=""050441""",台塑群益43購02  ,0,0,0,0,0,0,0,0,0,"119,000",0,0,0,"147,000","28,000","119,000","119,000"
3591,艾笛森          ,"104,000","10,000","94,000",0,0,0,0,0,0,"24,002","24,002",0,"24,002",0,0,0,"118,002"
"=""056352""",奇鋐凱基49購03  ,"2,000",0,"2,000",0,0,0,0,0,0,"116,000",0,0,0,"236,000","120,000","116,000","118,000"
2387,精元            ,"367,000","176,000","191,000",0,0,0,0,0,0,"-73,000",0,0,0,0,"73,000","-73,000","118,000"
"=""048463""",上緯控國泰44購01,0,0,0,0,0,0,0,0,0,"118,000",0,0,0,"170,000","52,000","118,000","118,000"
"=""050280""",台勝科元富49購01,0,0,0,0,0,0,0,0,0,"118,000",0,0,0,"118,000",0,"118,000","118,000"
"=""063136""",緯創凱基4A購02  ,0,0,0,0,0,0,0,0,0,"118,000",0,0,0,"128,000","10,000","118,000","118,000"
"=""061429""",建漢元富4A購02  ,0,0,0,0,0,0,0,0,0,"118,000",0,0,0,"118,000",0,"118,000","118,000"
"=""062423""",皇昌永豐4A購01  ,0,0,0,0,0,0,0,0,0,"118,000",0,0,0,"119,000","1,000","118,000","118,000"
"=""060048""",仁寶凱基46購02  ,0,0,0,0,0,0,0,0,0,"118,000",0,0,0,"217,000","99,000","118,000","118,000"
"=""066797""",裕慶永豐48購01  ,0,0,0,0,0,0,0,0,0,"118,000",0,0,0,"173,000","55,000","118,000","118,000"
"=""065804""",宏�眥窶�48購01  ,0,0,0,0,0,0,0,0,0,"118,000",0,0,0,"118,000",0,"118,000","118,000"
"=""03235T""",臺股指元大33售44,0,0,0,0,0,0,0,0,0,"118,000",0,0,0,"341,000","223,000","118,000","118,000"
1326,台化            ,"1,264,000","1,130,254","133,746",0,0,0,0,0,0,"-15,836","9,000","14,836","-5,836",0,"10,000","-10,000","117,910"
3049,精金            ,"226,000","124,000","102,000",0,0,0,0,0,0,"15,001","15,001",0,"15,001",0,0,0,"117,001"
8103,瀚荃            ,"150,000","43,000","107,000",0,0,0,0,0,0,"10,000","10,000",0,"10,000",0,0,0,"117,000"
"=""064198""",海悅國票46購02  ,0,0,0,0,0,0,0,0,0,"117,000",0,0,0,"123,000","6,000","117,000","117,000"
"=""064240""",金寶群益46購03  ,0,0,0,0,0,0,0,0,0,"117,000",0,0,0,"117,000",0,"117,000","117,000"
"=""058132""",智邦群益47購01  ,0,0,0,0,0,0,0,0,0,"117,000",0,0,0,"286,000","169,000","117,000","117,000"
"=""062326""",鴻海元大46購18  ,0,0,0,0,0,0,0,0,0,"117,000",0,0,0,"117,000",0,"117,000","117,000"
"=""066378""",南電國泰48購01  ,0,0,0,0,0,0,0,0,0,"117,000",0,0,0,"127,000","10,000","117,000","117,000"
"=""067874""",威盛群益47購11  ,0,0,0,0,0,0,0,0,0,"117,000",0,0,0,"250,000","133,000","117,000","117,000"
"=""055934""",威盛元大49購05  ,0,0,0,0,0,0,0,0,0,"117,000",0,0,0,"117,000",0,"117,000","117,000"
"=""067231""",達興永豐48購01  ,"116,000",0,"116,000",0,0,0,0,0,0,0,0,0,0,0,0,0,"116,000"
"=""058480""",日電貿國票48購01,0,0,0,0,0,0,0,0,0,"116,000",0,0,0,"136,000","20,000","116,000","116,000"
"=""068051""",來億元大47購01  ,0,0,0,0,0,0,0,0,0,"116,000",0,0,0,"118,000","2,000","116,000","116,000"
"=""068098""",裕民兆豐3B購01  ,0,0,0,0,0,0,0,0,0,"116,000",0,0,0,"153,000","37,000","116,000","116,000"
"=""066576""",台塑元富47購03  ,0,0,0,0,0,0,0,0,0,"116,000",0,0,0,"146,000","30,000","116,000","116,000"
"=""062560""",大成鋼元大46購03,0,0,0,0,0,0,0,0,0,"116,000",0,0,0,"116,000",0,"116,000","116,000"
"=""068653""",創意統一52購04  ,0,0,0,0,0,0,0,0,0,"116,000",0,0,0,"116,000",0,"116,000","116,000"
"=""064104""",台積電群益47購23,0,0,0,0,0,0,0,0,0,"116,000",0,0,0,"118,000","2,000","116,000","116,000"
"=""063407""",世芯群益48購12  ,0,0,0,0,0,0,0,0,0,"116,000",0,0,0,"127,000","11,000","116,000","116,000"
"=""048059""",辛耘永豐45購02  ,0,0,0,0,0,0,0,0,0,"116,000",0,0,0,"116,000",0,"116,000","116,000"
"=""048132""",鴻海元大43購42  ,0,0,0,0,0,0,0,0,0,"116,000",0,0,0,"242,000","126,000","116,000","116,000"
"=""056190""",奇鋐國票46購01  ,0,0,0,0,0,0,0,0,0,"116,000",0,0,0,"118,000","2,000","116,000","116,000"
"=""053006""",宇隆統一54購01  ,0,0,0,0,0,0,0,0,0,"115,000",0,0,0,"125,000","10,000","115,000","115,000"
"=""056501""",T50反1凱基49購03,0,0,0,0,0,0,0,0,0,"115,000",0,0,0,"115,000",0,"115,000","115,000"
"=""061420""",緯穎群益46購14  ,0,0,0,0,0,0,0,0,0,"115,000",0,0,0,"120,000","5,000","115,000","115,000"
"=""065827""",台積電統一51購04,0,0,0,0,0,0,0,0,0,"115,000",0,0,0,"215,000","100,000","115,000","115,000"
"=""065784""",全新統一3B購01  ,0,0,0,0,0,0,0,0,0,"115,000",0,0,0,"115,000",0,"115,000","115,000"
"=""045831""",欣興元大46購02  ,0,0,0,0,0,0,0,0,0,"115,000",0,0,0,"115,000",0,"115,000","115,000"
"=""058362""",威盛國票46購03  ,0,0,0,0,0,0,0,0,0,"115,000",0,0,0,"130,000","15,000","115,000","115,000"
"=""067049""",神達永豐47購04  ,0,0,0,0,0,0,0,0,0,"115,000",0,0,0,"143,000","28,000","115,000","115,000"
"=""067077""",景碩群益51購02  ,0,0,0,0,0,0,0,0,0,"115,000",0,0,0,"127,000","12,000","115,000","115,000"
"=""052048""",上品凱基45購01  ,0,0,0,0,0,0,0,0,0,"115,000",0,0,0,"115,000",0,"115,000","115,000"
"=""067264""",達興國票47購02  ,0,0,0,0,0,0,0,0,0,"114,000",0,0,0,"199,000","85,000","114,000","114,000"
"=""059925""",振樺電群益45購01,0,0,0,0,0,0,0,0,0,"114,000",0,0,0,"161,000","47,000","114,000","114,000"
"=""067666""",南亞凱基47購02  ,0,0,0,0,0,0,0,0,0,"114,000",0,0,0,"255,000","141,000","114,000","114,000"
"=""065915""",台積電元富47購17,0,0,0,0,0,0,0,0,0,"114,000",0,0,0,"114,000",0,"114,000","114,000"
"=""066404""",晟銘電國票4A購01,0,0,0,0,0,0,0,0,0,"114,000",0,0,0,"201,000","87,000","114,000","114,000"
"=""062050""",皇昌群益46購07  ,0,0,0,0,0,0,0,0,0,"114,000",0,0,0,"187,000","73,000","114,000","114,000"
"=""069324""",中磊國票4C購01  ,0,0,0,0,0,0,0,0,0,"114,000",0,0,0,"114,000",0,"114,000","114,000"
"=""062555""",T50反1元大47購07,0,0,0,0,0,0,0,0,0,"114,000",0,0,0,"114,000",0,"114,000","114,000"
"=""063713""",精銳統一52購02  ,0,0,0,0,0,0,0,0,0,"114,000",0,0,0,"114,000",0,"114,000","114,000"
"=""064161""",可成兆豐48購01  ,0,0,0,0,0,0,0,0,0,"114,000",0,0,0,"117,000","3,000","114,000","114,000"
"=""051882""",定穎控中信44購01,0,0,0,0,0,0,0,0,0,"114,000",0,0,0,"184,000","70,000","114,000","114,000"
"=""059357""",漢唐元大48購02  ,0,0,0,0,0,0,0,0,0,"114,000",0,0,0,"114,000",0,"114,000","114,000"
"=""050981""",大亞國票44購02  ,0,0,0,0,0,0,0,0,0,"114,000",0,0,0,"114,000",0,"114,000","114,000"
"=""050108""",中興電國泰45購04,0,0,0,0,0,0,0,0,0,"114,000",0,0,0,"176,000","62,000","114,000","114,000"
"=""00710B""",復華彭博非投等債,"8,000","4,000","4,000",0,0,0,0,0,0,"109,007",0,0,0,"277,999","168,992","109,007","113,007"
"=""066857""",南亞科兆豐3B購01,0,0,0,0,0,0,0,0,0,"113,000",0,0,0,"113,000",0,"113,000","113,000"
"=""065247""",川湖元富47購03  ,0,0,0,0,0,0,0,0,0,"113,000",0,0,0,"113,000",0,"113,000","113,000"
"=""065689""",南電凱基49購01  ,0,0,0,0,0,0,0,0,0,"113,000",0,0,0,"113,000",0,"113,000","113,000"
"=""065625""",所羅門群益49購01,0,0,0,0,0,0,0,0,0,"113,000",0,0,0,"113,000",0,"113,000","113,000"
"=""068132""",力積電兆豐4B購02,0,0,0,0,0,0,0,0,0,"113,000",0,0,0,"113,000",0,"113,000","113,000"
"=""058894""",正崴元大49購01  ,0,0,0,0,0,0,0,0,0,"113,000",0,0,0,"155,000","42,000","113,000","113,000"
"=""057968""",威盛群益45購08  ,0,0,0,0,0,0,0,0,0,"113,000",0,0,0,"113,000",0,"113,000","113,000"
"=""060576""",鴻海元大46購08  ,0,0,0,0,0,0,0,0,0,"113,000",0,0,0,"116,000","3,000","113,000","113,000"
"=""063307""",智原永豐48購01  ,0,0,0,0,0,0,0,0,0,"113,000",0,0,0,"113,000",0,"113,000","113,000"
"=""064959""",凌華永豐4A購01  ,0,0,0,0,0,0,0,0,0,"113,000",0,0,0,"113,000",0,"113,000","113,000"
3008,大立光          ,"318,452","211,961","106,491",0,0,0,"27,000","12,199","14,801","-8,449","4,890","24,000","-19,110","24,839","14,178","10,661","112,843"
5434,崇越            ,"155,000","55,000","100,000",0,0,0,"11,000","1,083","9,917","2,365","1,000",0,"1,000","1,365",0,"1,365","112,282"
"=""051918""",光寶科群益45購01,0,0,0,0,0,0,0,0,0,"112,000",0,0,0,"446,000","334,000","112,000","112,000"
"=""059253""",材料元富49購01  ,0,0,0,0,0,0,0,0,0,"112,000",0,0,0,"132,000","20,000","112,000","112,000"
"=""049933""",大同元富43購01  ,0,0,0,0,0,0,0,0,0,"112,000",0,0,0,"168,000","56,000","112,000","112,000"
"=""050300""",長榮凱基3A購01  ,0,0,0,0,0,0,0,0,0,"112,000",0,0,0,"112,000",0,"112,000","112,000"
"=""048791""",T50反1凱基46購05,0,0,0,0,0,0,0,0,0,"112,000",0,0,0,"114,000","2,000","112,000","112,000"
"=""061882""",鴻準元大46購15  ,0,0,0,0,0,0,0,0,0,"112,000",0,0,0,"116,000","4,000","112,000","112,000"
"=""069014""",啟�眥窶�4A購01  ,0,0,0,0,0,0,0,0,0,"112,000",0,0,0,"112,000",0,"112,000","112,000"
"=""056965""",健策永豐46購01  ,0,0,0,0,0,0,0,0,0,"112,000",0,0,0,"184,000","72,000","112,000","112,000"
"=""062396""",聯茂凱基46購01  ,0,0,0,0,0,0,0,0,0,"112,000",0,0,0,"112,000",0,"112,000","112,000"
"=""062429""",緯創永豐4C購01  ,0,0,0,0,0,0,0,0,0,"112,000",0,0,0,"112,000",0,"112,000","112,000"
"=""055335""",技嘉兆豐45購01  ,0,0,0,0,0,0,0,0,0,"112,000",0,0,0,"112,000",0,"112,000","112,000"
"=""059928""",臺股指群益45購33,0,0,0,0,0,0,0,0,0,"112,000",0,0,0,"112,000",0,"112,000","112,000"
"=""058729""",台積電群益45購20,0,0,0,0,0,0,0,0,0,"112,000",0,0,0,"116,000","4,000","112,000","112,000"
"=""066534""",華通凱基47購03  ,0,0,0,0,0,0,0,0,0,"111,000",0,0,0,"111,000",0,"111,000","111,000"
"=""08863U""",金像電元大33售04,0,0,0,0,0,0,0,0,0,"111,000",0,0,0,"271,000","160,000","111,000","111,000"
"=""047695""",鴻海元大43購38  ,0,0,0,0,0,0,0,0,0,"111,000",0,0,0,"112,000","1,000","111,000","111,000"
"=""062237""",滬深2X凱基48購05,0,0,0,0,0,0,0,0,0,"111,000",0,0,0,"111,000",0,"111,000","111,000"
"=""046669""",鴻海元大43購28  ,0,0,0,0,0,0,0,0,0,"111,000",0,0,0,"179,000","68,000","111,000","111,000"
"=""060384""",臺股指元大46購29,0,0,0,0,0,0,0,0,0,"111,000",0,0,0,"111,000",0,"111,000","111,000"
"=""050309""",雷虎統一59購02  ,0,0,0,0,0,0,0,0,0,"111,000",0,0,0,"325,000","214,000","111,000","111,000"
"=""063268""",名軒元富47購01  ,0,0,0,0,0,0,0,0,0,"111,000",0,0,0,"162,000","51,000","111,000","111,000"
"=""056389""",世芯元大45購06  ,0,0,0,0,0,0,0,0,0,"111,000",0,0,0,"155,000","44,000","111,000","111,000"
"=""064932""",愛普凱基47購03  ,0,0,0,0,0,0,0,0,0,"111,000",0,0,0,"147,000","36,000","111,000","111,000"
"=""064804""",大立光元大47購03,0,0,0,0,0,0,0,0,0,"111,000",0,0,0,"111,000",0,"111,000","111,000"
"=""040391""",華通元富57購01  ,0,0,0,0,0,0,0,0,0,"111,000",0,0,0,"111,000",0,"111,000","111,000"
2426,鼎元            ,"136,000","25,000","111,000",0,0,0,0,0,0,-6,3,9,-6,0,0,0,"110,994"
3059,華晶科          ,"2,717,000","2,425,000","292,000",0,0,0,0,0,0,"-181,319",0,0,0,0,"181,319","-181,319","110,681"
1210,大成            ,"370,015","239,000","131,015",0,0,0,0,"11,000","-11,000","-9,808","2,192",0,"2,192",0,"12,000","-12,000","110,207"
"=""054513""",神達國票45購01  ,0,0,0,0,0,0,0,0,0,"110,000",0,0,0,"150,000","40,000","110,000","110,000"
"=""055413""",上証2X永豐44購04,0,0,0,"110,000",0,"110,000",0,0,0,"110,000",0,0,0,"110,000",0,"110,000","110,000"
"=""055340""",毅嘉富邦45購01  ,0,0,0,0,0,0,0,0,0,"110,000",0,0,0,"130,000","20,000","110,000","110,000"
"=""08330U""",英業達國泰33售03,0,0,0,0,0,0,0,0,0,"110,000",0,0,0,"110,000",0,"110,000","110,000"
"=""057845""",鴻海凱基47購06  ,0,0,0,0,0,0,0,0,0,"110,000",0,0,0,"249,000","139,000","110,000","110,000"
"=""057152""",保瑞群益45購05  ,0,0,0,0,0,0,0,0,0,"110,000",0,0,0,"124,000","14,000","110,000","110,000"
"=""057131""",亞光群益48購01  ,0,0,0,0,0,0,0,0,0,"110,000",0,0,0,"130,000","20,000","110,000","110,000"
"=""056546""",台灣50元大48購03,0,0,0,0,0,0,0,0,0,"110,000",0,0,0,"110,000",0,"110,000","110,000"
"=""066604""",伊雲谷國票48購02,0,0,0,0,0,0,0,0,0,"110,000",0,0,0,"265,000","155,000","110,000","110,000"
"=""065316""",緯創統一51購01  ,0,0,0,0,0,0,0,0,0,"110,000",0,0,0,"110,000",0,"110,000","110,000"
"=""058835""",皇昌統一53購02  ,0,0,0,0,0,0,0,0,0,"110,000",0,0,0,"110,000",0,"110,000","110,000"
"=""059797""",大成鋼永豐46購02,0,0,0,0,0,0,0,0,0,"110,000",0,0,0,"110,000",0,"110,000","110,000"
"=""068130""",華城兆豐4A購01  ,0,0,0,0,0,0,0,0,0,"110,000",0,0,0,"184,000","74,000","110,000","110,000"
"=""067737""",中鋼群益4B購01  ,0,0,0,0,0,0,0,0,0,"110,000",0,0,0,"110,000",0,"110,000","110,000"
"=""03349T""",華擎群益33售05  ,0,0,0,0,0,0,0,0,0,"110,000",0,0,0,"110,000",0,"110,000","110,000"
"=""051049""",台光電元大43購22,0,0,0,0,0,0,0,0,0,"110,000",0,0,0,"145,000","35,000","110,000","110,000"
"=""052546""",祥碩群益45購01  ,0,0,0,0,0,0,0,0,0,"110,000",0,0,0,"110,000",0,"110,000","110,000"
"=""052402""",劍麟元大43購03  ,0,0,0,0,0,0,0,0,0,"110,000",0,0,0,"110,000",0,"110,000","110,000"
"=""053306""",創意凱基44購05  ,0,0,0,0,0,0,0,0,0,"110,000",0,0,0,"114,000","4,000","110,000","110,000"
"=""049887""",材料統一59購01  ,0,0,0,0,0,0,0,0,0,"110,000",0,0,0,"110,000",0,"110,000","110,000"
"=""064973""",愛普國泰48購01  ,0,0,0,0,0,0,0,0,0,"110,000",0,0,0,"150,000","40,000","110,000","110,000"
6278,台表科          ,"293,000","204,000","89,000",0,0,0,"13,000",0,"13,000","7,519","15,301","11,000","4,301","8,218","5,000","3,218","109,519"
"=""063405""",世芯群益46購20  ,0,0,0,0,0,0,0,0,0,"109,000",0,0,0,"115,000","6,000","109,000","109,000"
"=""063627""",東台群益46購01  ,0,0,0,0,0,0,0,0,0,"109,000",0,0,0,"109,000",0,"109,000","109,000"
"=""064436""",台積電凱基43購02,0,0,0,0,0,0,0,0,0,"109,000",0,0,0,"109,000",0,"109,000","109,000"
"=""067691""",S&P反1元大4A購01,0,0,0,0,0,0,0,0,0,"109,000",0,0,0,"109,000",0,"109,000","109,000"
"=""065714""",鴻準元大47購02  ,0,0,0,0,0,0,0,0,0,"109,000",0,0,0,"109,000",0,"109,000","109,000"
"=""035401""",鴻海元大54購28  ,0,0,0,0,0,0,0,0,0,"109,000",0,0,0,"509,000","400,000","109,000","109,000"
"=""066745""",和大元大47購01  ,0,0,0,0,0,0,0,0,0,"109,000",0,0,0,"109,000",0,"109,000","109,000"
"=""066390""",智原統一43購01  ,0,0,0,0,0,0,0,0,0,"109,000",0,0,0,"111,000","2,000","109,000","109,000"
"=""057363""",緯穎群益45購06  ,0,0,0,0,0,0,0,0,0,"109,000",0,0,0,"160,000","51,000","109,000","109,000"
"=""068511""",大立光元大52購01,0,0,0,0,0,0,0,0,0,"109,000",0,0,0,"143,000","34,000","109,000","109,000"
"=""068853""",力積電中信48購01,0,0,0,0,0,0,0,0,0,"109,000",0,0,0,"109,000",0,"109,000","109,000"
"=""045958""",上緯控富邦43購01,0,0,0,0,0,0,0,0,0,"109,000",0,0,0,"134,000","25,000","109,000","109,000"
"=""055822""",群創群益44購06  ,0,0,0,0,0,0,0,0,0,"108,000",0,0,0,"108,000",0,"108,000","108,000"
"=""055797""",亞翔統一39購01  ,0,0,0,0,0,0,0,0,0,"108,000",0,0,0,"158,000","50,000","108,000","108,000"
"=""046051""",京城元大43購02  ,0,0,0,0,0,0,0,0,0,"108,000",0,0,0,"108,000",0,"108,000","108,000"
"=""06940U""",華城凱基57售01  ,0,0,0,0,0,0,0,0,0,"108,000",0,0,0,"129,000","21,000","108,000","108,000"
"=""068260""",勤誠國票48購01  ,0,0,0,0,0,0,0,0,0,"108,000",0,0,0,"158,000","50,000","108,000","108,000"
"=""067432""",威盛兆豐3B購03  ,0,0,0,0,0,0,0,0,0,"108,000",0,0,0,"108,000",0,"108,000","108,000"
"=""065045""",大立光元大47購05,0,0,0,0,0,0,0,0,0,"108,000",0,0,0,"124,000","16,000","108,000","108,000"
"=""054722""",雲豹統一56購01  ,0,0,0,0,0,0,0,0,0,"108,000",0,0,0,"304,000","196,000","108,000","108,000"
"=""050151""",中石化國票44購01,0,0,0,0,0,0,0,0,0,"108,000",0,0,0,"199,000","91,000","108,000","108,000"
"=""048128""",大亞元大45購01  ,0,0,0,0,0,0,0,0,0,"108,000",0,0,0,"108,000",0,"108,000","108,000"
"=""048134""",台積電元大43購78,0,0,0,0,0,0,0,0,0,"108,000",0,0,0,"118,000","10,000","108,000","108,000"
"=""048408""",台達電富邦42購04,0,0,0,0,0,0,0,0,0,"108,000",0,0,0,"131,000","23,000","108,000","108,000"
5244,弘凱            ,"104,000","5,000","99,000",0,0,0,0,0,0,"9,000","9,000",0,"9,000",0,0,0,"108,000"
"=""03935T""",訊芯元大34售10  ,0,0,0,0,0,0,0,0,0,"108,000",0,0,0,"108,000",0,"108,000","108,000"
"=""052199""",台灣50元富43購18,0,0,0,0,0,0,0,0,0,"107,000",0,0,0,"1,191,000","1,084,000","107,000","107,000"
"=""048442""",材料元大43購20  ,0,0,0,0,0,0,0,0,0,"107,000",0,0,0,"162,000","55,000","107,000","107,000"
"=""063614""",友訊群益48購02  ,0,0,0,0,0,0,0,0,0,"107,000",0,0,0,"107,000",0,"107,000","107,000"
"=""064915""",陽明凱基47購04  ,0,0,0,0,0,0,0,0,0,"107,000",0,0,0,"120,000","13,000","107,000","107,000"
"=""053280""",滬深反中信46購02,0,0,0,0,0,0,0,0,0,"107,000",0,0,0,"107,000",0,"107,000","107,000"
"=""041294""",群創元大54購17  ,0,0,0,0,0,0,0,0,0,"107,000",0,0,0,"109,000","2,000","107,000","107,000"
"=""057059""",華友聯元大45購01,0,0,0,0,0,0,0,0,0,"107,000",0,0,0,"107,000",0,"107,000","107,000"
"=""061113""",緯創國泰48購01  ,0,0,0,0,0,0,0,0,0,"107,000",0,0,0,"258,000","151,000","107,000","107,000"
"=""060535""",臺股指凱基47購05,0,0,0,0,0,0,0,0,0,"107,000",0,0,0,"107,000",0,"107,000","107,000"
"=""060760""",大同元大46購09  ,0,0,0,0,0,0,0,0,0,"107,000",0,0,0,"107,000",0,"107,000","107,000"
"=""055272""",群創群益44購04  ,0,0,0,0,0,0,0,0,0,"107,000",0,0,0,"107,000",0,"107,000","107,000"
"=""047565""",創意永豐45購03  ,0,0,0,0,0,0,0,0,0,"107,000",0,0,0,"131,000","24,000","107,000","107,000"
"=""055165""",華泰元富45購01  ,0,0,0,0,0,0,0,0,0,"106,000",0,0,0,"110,000","4,000","106,000","106,000"
"=""057533""",鴻海元大45購24  ,0,0,0,0,0,0,0,0,0,"106,000",0,0,0,"106,000",0,"106,000","106,000"
"=""065901""",美食凱基48購01  ,0,0,0,0,0,0,0,0,0,"106,000",0,0,0,"152,000","46,000","106,000","106,000"
"=""036232""",漢翔群益54購02  ,0,0,0,0,0,0,0,0,0,"106,000",0,0,0,"158,000","52,000","106,000","106,000"
"=""065325""",碩天統一51購01  ,0,0,0,0,0,0,0,0,0,"106,000",0,0,0,"106,000",0,"106,000","106,000"
"=""067564""",祥碩兆豐48購01  ,0,0,0,0,0,0,0,0,0,"106,000",0,0,0,"124,000","18,000","106,000","106,000"
"=""058766""",鴻海元大45購31  ,0,0,0,0,0,0,0,0,0,"106,000",0,0,0,"115,000","9,000","106,000","106,000"
"=""048213""",緯穎凱基44購04  ,0,0,0,0,0,0,0,0,0,"106,000",0,0,0,"143,000","37,000","106,000","106,000"
"=""063531""",鈞興國票48購01  ,0,0,0,0,0,0,0,0,0,"106,000",0,0,0,"106,000",0,"106,000","106,000"
"=""063246""",長榮航元大46購22,0,0,0,0,0,0,0,0,0,"106,000",0,0,0,"176,000","70,000","106,000","106,000"
"=""051051""",威盛元大43購07  ,0,0,0,0,0,0,0,0,0,"106,000",0,0,0,"180,000","74,000","106,000","106,000"
"=""044397""",緯穎永豐58購02  ,0,0,0,0,0,0,0,0,0,"106,000",0,0,0,"106,000",0,"106,000","106,000"
"=""064308""",達發元大46購08  ,0,0,0,0,0,0,0,0,0,"106,000",0,0,0,"106,000",0,"106,000","106,000"
"=""044495""",力積電元富55購05,0,0,0,0,0,0,0,0,0,"105,000",0,0,0,"105,000",0,"105,000","105,000"
"=""051928""",創意群益46購01  ,0,0,0,0,0,0,0,0,0,"105,000",0,0,0,"105,000",0,"105,000","105,000"
"=""049628""",達發群益43購02  ,0,0,0,0,0,0,0,0,0,"105,000",0,0,0,"112,000","7,000","105,000","105,000"
"=""049968""",怡利電凱基43購02,0,0,0,0,0,0,0,0,0,"105,000",0,0,0,"105,000",0,"105,000","105,000"
"=""068302""",台積電元大48購13,0,0,0,0,0,0,0,0,0,"105,000",0,0,0,"105,000",0,"105,000","105,000"
"=""067660""",臺股指永豐4B購05,0,0,0,0,0,0,0,0,0,"105,000",0,0,0,"126,000","21,000","105,000","105,000"
"=""059457""",宇隆元富45購03  ,0,0,0,0,0,0,0,0,0,"105,000",0,0,0,"305,000","200,000","105,000","105,000"
"=""042775""",奇鋐凱基57購02  ,0,0,0,0,0,0,0,0,0,"105,000",0,0,0,"105,000",0,"105,000","105,000"
"=""045456""",同欣電元大55購04,0,0,0,0,0,0,0,0,0,"105,000",0,0,0,"356,000","251,000","105,000","105,000"
"=""045195""",南亞凱基58購02  ,0,0,0,0,0,0,0,0,0,"105,000",0,0,0,"132,000","27,000","105,000","105,000"
"=""062156""",T50反1中信4C購01,0,0,0,0,0,0,0,0,0,"105,000",0,0,0,"105,000",0,"105,000","105,000"
"=""062211""",T50反1元富4C購01,0,0,0,0,0,0,0,0,0,"105,000",0,0,0,"154,000","49,000","105,000","105,000"
"=""057762""",宏達電群益47購01,0,0,0,0,0,0,0,0,0,"105,000",0,0,0,"234,000","129,000","105,000","105,000"
"=""060656""",台灣50凱基46購10,0,0,0,0,0,0,0,0,0,"105,000",0,0,0,"113,000","8,000","105,000","105,000"
"=""060642""",所羅門中信47購01,0,0,0,0,0,0,0,0,0,"105,000",0,0,0,"114,000","9,000","105,000","105,000"
"=""068972""",鈺齊富邦4A購01  ,0,0,0,0,0,0,0,0,0,"105,000",0,0,0,"105,000",0,"105,000","105,000"
"=""057067""",鴻海元大45購22  ,0,0,0,0,0,0,0,0,0,"105,000",0,0,0,"105,000",0,"105,000","105,000"
"=""057088""",世芯元大45購15  ,0,0,0,0,0,0,0,0,0,"105,000",0,0,0,"236,000","131,000","105,000","105,000"
"=""061904""",緯創元大46購10  ,0,0,0,0,0,0,0,0,0,"105,000",0,0,0,"355,000","250,000","105,000","105,000"
"=""062041""",滬深2X群益46購08,0,0,0,0,0,0,0,0,0,"104,000",0,0,0,"104,000",0,"104,000","104,000"
"=""060718""",正崴群益46購06  ,0,0,0,0,0,0,0,0,0,"104,000",0,0,0,"104,000",0,"104,000","104,000"
"=""062688""",智邦永豐47購03  ,0,0,0,0,0,0,0,0,0,"104,000",0,0,0,"104,000",0,"104,000","104,000"
"=""08006U""",緯創群益31售09  ,0,0,0,0,0,0,0,0,0,"104,000",0,0,0,"109,000","5,000","104,000","104,000"
"=""054536""",奇鋐國泰46購02  ,0,0,0,0,0,0,0,0,0,"104,000",0,0,0,"104,000",0,"104,000","104,000"
"=""066191""",智原永豐47購02  ,0,0,0,0,0,0,0,0,0,"104,000",0,0,0,"233,000","129,000","104,000","104,000"
"=""059537""",永崴控凱基46購01,0,0,0,0,0,0,0,0,0,"104,000",0,0,0,"104,000",0,"104,000","104,000"
"=""066964""",盟立元大47購08  ,0,0,0,0,0,0,0,0,0,"104,000",0,0,0,"206,000","102,000","104,000","104,000"
"=""067871""",科妍群益47購01  ,0,0,0,0,0,0,0,0,0,"104,000",0,0,0,"104,000",0,"104,000","104,000"
"=""050239""",智原群益44購05  ,0,0,0,0,0,0,0,0,0,"104,000",0,0,0,"110,000","6,000","104,000","104,000"
"=""049534""",台光電元大43購13,0,0,0,0,0,0,0,0,0,"104,000",0,0,0,"184,000","80,000","104,000","104,000"
"=""063208""",緯穎群益46購18  ,0,0,0,0,0,0,0,0,0,"104,000",0,0,0,"109,000","5,000","104,000","104,000"
"=""048711""",長榮富邦44購05  ,0,0,0,0,0,0,0,0,0,"104,000",0,0,0,"110,000","6,000","104,000","104,000"
"=""064318""",美債2X凱基47購02,0,0,0,0,0,0,0,0,0,"104,000",0,0,0,"124,000","20,000","104,000","104,000"
"=""051375""",中信金元大48購02,0,0,0,0,0,0,0,0,0,"104,000",0,0,0,"104,000",0,"104,000","104,000"
"=""00728""",第一金工業30    ,"18,000",0,"18,000",0,0,0,0,0,0,"85,205",0,0,0,"190,860","105,655","85,205","103,205"
6691,洋基工程        ,"221,000","68,000","153,000",0,0,0,"5,000","30,000","-25,000","-24,967","3,000","11,000","-8,000","8,033","25,000","-16,967","103,033"
"=""051177""",瑞祺國泰45購01  ,0,0,0,0,0,0,0,0,0,"103,000",0,0,0,"208,000","105,000","103,000","103,000"
"=""058945""",材料群益45購09  ,0,0,0,0,0,0,0,0,0,"103,000",0,0,0,"115,000","12,000","103,000","103,000"
"=""050406""",祥碩元富49購02  ,0,0,0,0,0,0,0,0,0,"103,000",0,0,0,"103,000",0,"103,000","103,000"
"=""064810""",健鼎元大47購01  ,0,0,0,0,0,0,0,0,0,"103,000",0,0,0,"115,000","12,000","103,000","103,000"
"=""064722""",凌陽統一41購01  ,0,0,0,0,0,0,0,0,0,"103,000",0,0,0,"103,000",0,"103,000","103,000"
"=""064739""",晶心科群益46購04,0,0,0,0,0,0,0,0,0,"103,000",0,0,0,"103,000",0,"103,000","103,000"
"=""03890T""",聯發科元大34售30,0,0,0,0,0,0,0,0,0,"103,000",0,0,0,"442,000","339,000","103,000","103,000"
"=""065499""",長榮鋼永豐4A購01,0,0,0,0,0,0,0,0,0,"103,000",0,0,0,"220,000","117,000","103,000","103,000"
"=""068405""",富世達統一52購02,0,0,0,0,0,0,0,0,0,"103,000",0,0,0,"113,000","10,000","103,000","103,000"
"=""056595""",臺股指元大45購38,0,0,0,0,0,0,0,0,0,"103,000",0,0,0,"122,000","19,000","103,000","103,000"
"=""061794""",聯茂富邦47購01  ,0,0,0,0,0,0,0,0,0,"102,000",0,0,0,"135,000","33,000","102,000","102,000"
"=""068499""",台積電元大48購19,0,0,0,0,0,0,0,0,0,"102,000",0,0,0,"166,000","64,000","102,000","102,000"
"=""068769""",來億凱基48購02  ,0,0,0,0,0,0,0,0,0,"102,000",0,0,0,"102,000",0,"102,000","102,000"
"=""055457""",欣興群益46購02  ,0,0,0,0,0,0,0,0,0,"102,000",0,0,0,"102,000",0,"102,000","102,000"
"=""058011""",SGBR2X凱基45購03,0,0,0,0,0,0,0,0,0,"102,000",0,0,0,"109,000","7,000","102,000","102,000"
"=""03553T""",技嘉群益35售04  ,0,0,0,0,0,0,0,0,0,"102,000",0,0,0,"115,000","13,000","102,000","102,000"
"=""066902""",上銀群益49購02  ,0,0,0,0,0,0,0,0,0,"102,000",0,0,0,"120,000","18,000","102,000","102,000"
"=""066996""",台積電凱基4B購05,0,0,0,0,0,0,0,0,0,"102,000",0,0,0,"102,000",0,"102,000","102,000"
"=""067084""",保瑞國泰48購02  ,0,0,0,0,0,0,0,0,0,"102,000",0,0,0,"102,000",0,"102,000","102,000"
"=""067343""",奇鋐元大49購05  ,0,0,0,0,0,0,0,0,0,"102,000",0,0,0,"102,000",0,"102,000","102,000"
"=""064894""",佳必琪群益47購03,0,0,0,0,0,0,0,0,0,"102,000",0,0,0,"234,000","132,000","102,000","102,000"
"=""063536""",華城國泰48購01  ,0,0,0,0,0,0,0,0,0,"102,000",0,0,0,"102,000",0,"102,000","102,000"
"=""063791""",美時國泰48購02  ,0,0,0,0,0,0,0,0,0,"102,000",0,0,0,"102,000",0,"102,000","102,000"
"=""063699""",緯創永豐4C購02  ,0,0,0,0,0,0,0,0,0,"102,000",0,0,0,"102,000",0,"102,000","102,000"
3056,富華新          ,"228,000","120,000","108,000",0,0,0,0,0,0,"-6,064","1,000","7,064","-6,064",0,0,0,"101,936"
8201,無敵            ,"127,000","29,000","98,000",0,0,0,0,0,0,"3,000","3,000",0,"3,000",0,0,0,"101,000"
"=""051226""",新巨元大43購04  ,0,0,0,0,0,0,0,0,0,"101,000",0,0,0,"101,000",0,"101,000","101,000"
"=""052211""",長榮元富43購03  ,0,0,0,0,0,0,0,0,0,"101,000",0,0,0,"106,000","5,000","101,000","101,000"
"=""056198""",世芯國票46購04  ,0,0,0,0,0,0,0,0,0,"101,000",0,0,0,"158,000","57,000","101,000","101,000"
"=""064821""",中磊元大47購02  ,0,0,0,0,0,0,0,0,0,"101,000",0,0,0,"101,000",0,"101,000","101,000"
"=""064437""",台積電凱基43購03,0,0,0,0,0,0,0,0,0,"101,000",0,0,0,"101,000",0,"101,000","101,000"
"=""064486""",緯創中信3A購01  ,0,0,0,0,0,0,0,0,0,"101,000",0,0,0,"102,000","1,000","101,000","101,000"
"=""067116""",鴻海統一3B購03  ,0,0,0,0,0,0,0,0,0,"101,000",0,0,0,"101,000",0,"101,000","101,000"
"=""066907""",廣宇群益47購04  ,0,0,0,0,0,0,0,0,0,"101,000",0,0,0,"101,000",0,"101,000","101,000"
"=""059782""",冠德國泰47購01  ,0,0,0,0,0,0,0,0,0,"101,000",0,0,0,"101,000",0,"101,000","101,000"
"=""058687""",仁寶國票46購02  ,0,0,0,0,0,0,0,0,0,"101,000",0,0,0,"712,000","611,000","101,000","101,000"
"=""059995""",敦泰元大45購01  ,0,0,0,0,0,0,0,0,0,"101,000",0,0,0,"116,000","15,000","101,000","101,000"
"=""066398""",高力統一3B購03  ,0,0,0,0,0,0,0,0,0,"101,000",0,0,0,"103,000","2,000","101,000","101,000"
"=""066457""",友訊元大47購01  ,0,0,0,0,0,0,0,0,0,"101,000",0,0,0,"111,000","10,000","101,000","101,000"
"=""058022""",台積電凱基47購06,0,0,0,0,0,0,0,0,0,"101,000",0,0,0,"101,000",0,"101,000","101,000"
"=""055476""",鴻海元大44購33  ,0,0,0,0,0,0,0,0,0,"101,000",0,0,0,"101,000",0,"101,000","101,000"
"=""055010""",達發國票44購01  ,0,0,0,0,0,0,0,0,0,"101,000",0,0,0,"101,000",0,"101,000","101,000"
"=""08295U""",威盛群益31售05  ,0,0,0,0,0,0,0,0,0,"101,000",0,0,0,"236,000","135,000","101,000","101,000"
"=""08280U""",臺股指法興31售14,"101,000",0,"101,000",0,0,0,0,0,0,0,0,0,0,0,0,0,"101,000"
"=""061052""",康舒元大46購02  ,0,0,0,0,0,0,0,0,0,"101,000",0,0,0,"101,000",0,"101,000","101,000"
"=""061873""",美債2X元大55購01,0,0,0,0,0,0,0,0,0,"101,000",0,0,0,"127,000","26,000","101,000","101,000"
2471,資通            ,"141,000","33,000","108,000",0,0,0,0,0,0,"-7,052",0,"7,000","-7,000",0,52,-52,"100,948"
"=""063608""",國巨群益46購04  ,0,0,0,0,0,0,0,0,0,"100,000",0,0,0,"100,000",0,"100,000","100,000"
"=""055618""",鴻準國票45購01  ,0,0,0,0,0,0,0,0,0,"100,000",0,0,0,"100,000",0,"100,000","100,000"
"=""056339""",元債2X凱基4C購03,0,0,0,0,0,0,0,0,0,"100,000",0,0,0,"100,000",0,"100,000","100,000"
"=""050451""",晟銘電群益46購01,0,0,0,0,0,0,0,0,0,"100,000",0,0,0,"100,000",0,"100,000","100,000"
"=""050496""",材料元大43購39  ,0,0,0,0,0,0,0,0,0,"100,000",0,0,0,"100,000",0,"100,000","100,000"
"=""050485""",皇昌元大49購01  ,0,0,0,0,0,0,0,0,0,"100,000",0,0,0,"100,000",0,"100,000","100,000"
"=""050986""",長榮航國票43購01,0,0,0,0,0,0,0,0,0,"100,000",0,0,0,"100,000",0,"100,000","100,000"
"=""063514""",FBNQ2X國票47購01,0,0,0,0,0,0,0,0,0,"100,000",0,0,0,"100,000",0,"100,000","100,000"
"=""063469""",精銳元大46購01  ,0,0,0,0,0,0,0,0,0,"100,000",0,0,0,"100,000",0,"100,000","100,000"
"=""049989""",台光電群益45購01,0,0,0,0,0,0,0,0,0,"100,000",0,0,0,"100,000",0,"100,000","100,000"
"=""050208""",台光電群益43購07,0,0,0,0,0,0,0,0,0,"100,000",0,0,0,"360,000","260,000","100,000","100,000"
"=""049606""",材料國泰45購02  ,0,0,0,0,0,0,0,0,0,"100,000",0,0,0,"100,000",0,"100,000","100,000"
"=""049410""",精銳元大43購05  ,0,0,0,0,0,0,0,0,0,"100,000",0,0,0,"100,000",0,"100,000","100,000"
"=""049793""",怡利電元大43購03,0,0,0,0,0,0,0,0,0,"100,000",0,0,0,"100,000",0,"100,000","100,000"
"=""063107""",祥碩中信48購01  ,0,0,0,0,0,0,0,0,0,"100,000",0,0,0,"110,000","10,000","100,000","100,000"
"=""049286""",達興凱基44購01  ,0,0,0,0,0,0,0,0,0,"100,000",0,0,0,"100,000",0,"100,000","100,000"
"=""048225""",國泰金元富42購02,0,0,0,0,0,0,0,0,0,"100,000",0,0,0,"101,000","1,000","100,000","100,000"
"=""048432""",台光電元大46購01,0,0,0,0,0,0,0,0,0,"100,000",0,0,0,"100,000",0,"100,000","100,000"
"=""047801""",創意元大44購03  ,0,0,0,0,0,0,0,0,0,"100,000",0,0,0,"100,000",0,"100,000","100,000"
"=""047834""",智原群益44購04  ,0,0,0,0,0,0,0,0,0,"100,000",0,0,0,"110,000","10,000","100,000","100,000"
"=""052252""",亞光國泰46購01  ,0,0,0,0,0,0,0,0,0,"100,000",0,0,0,"100,000",0,"100,000","100,000"
"=""051423""",大立光兆豐43購04,0,0,0,0,0,0,0,0,0,"100,000",0,0,0,"100,000",0,"100,000","100,000"
"=""051327""",臺股指國票43購16,0,0,0,0,0,0,0,0,0,"100,000",0,0,0,"100,000",0,"100,000","100,000"
"=""053165""",上証2X國票45購10,0,0,0,0,0,0,0,0,0,"100,000",0,0,0,"100,000",0,"100,000","100,000"
8070,長華*           ,"200,000","111,000","89,000",0,0,0,0,0,0,"11,000","11,000",0,"11,000",0,0,0,"100,000"
4930,燦星網          ,"117,000","15,000","102,000",0,0,0,0,0,0,"-2,000","2,000","4,000","-2,000",0,0,0,"100,000"
"=""063788""",智原台新46購01  ,0,0,0,0,0,0,0,0,0,"100,000",0,0,0,"153,000","53,000","100,000","100,000"
"=""059158""",FANG+元大45購01 ,0,0,0,0,0,0,0,0,0,"100,000",0,0,0,"100,000",0,"100,000","100,000"
"=""059148""",陽明群益4B購01  ,0,0,0,0,0,0,0,0,0,"100,000",0,0,0,"100,000",0,"100,000","100,000"
"=""051943""",滬深2X永豐44購04,0,0,0,0,0,0,0,0,0,"100,000",0,0,0,"100,000",0,"100,000","100,000"
"=""039300""",禾伸堂群益54購01,0,0,0,0,0,0,0,0,0,"100,000",0,0,0,"100,000",0,"100,000","100,000"
"=""039586""",華新科永豐56購01,0,0,0,0,0,0,0,0,0,"100,000",0,0,0,"100,000",0,"100,000","100,000"
"=""064408""",潤隆凱基46購01  ,0,0,0,0,0,0,0,0,0,"100,000",0,0,0,"110,000","10,000","100,000","100,000"
"=""044025""",亞翔國票55購02  ,0,0,0,0,0,0,0,0,0,"100,000",0,0,0,"100,000",0,"100,000","100,000"
"=""06498U""",華泰凱基55售01  ,0,0,0,0,0,0,0,0,0,"100,000",0,0,0,"100,000",0,"100,000","100,000"
"=""069224""",台積電元富48購12,0,0,0,0,0,0,0,0,0,"100,000",0,0,0,"100,000",0,"100,000","100,000"
"=""061732""",緯穎永豐46購10  ,0,0,0,0,0,0,0,0,0,"100,000",0,0,0,"100,000",0,"100,000","100,000"
"=""069430""",智邦群益48購06  ,0,0,0,0,0,0,0,0,0,"100,000",0,0,0,"100,000",0,"100,000","100,000"
"=""061584""",台塑國票46購03  ,0,0,0,0,0,0,0,0,0,"100,000",0,0,0,"100,000",0,"100,000","100,000"
"=""061337""",陽明凱基4C購01  ,0,0,0,0,0,0,0,0,0,"100,000",0,0,0,"100,000",0,"100,000","100,000"
"=""068574""",元債2X群益52購02,0,0,0,0,0,0,0,0,0,"100,000",0,0,0,"100,000",0,"100,000","100,000"
"=""060337""",聯電元大46購06  ,0,0,0,0,0,0,0,0,0,"100,000",0,0,0,"100,000",0,"100,000","100,000"
"=""055203""",一詮統一58購01  ,0,0,0,0,0,0,0,0,0,"100,000",0,0,0,"100,000",0,"100,000","100,000"
"=""07967U""",臺股指群益32售19,0,0,0,0,0,0,0,0,0,"100,000",0,0,0,"100,000",0,"100,000","100,000"
"=""08111U""",健策元大31售01  ,0,0,0,0,0,0,0,0,0,"100,000",0,0,0,"100,000",0,"100,000","100,000"
"=""08053U""",臺股指元大35售08,0,0,0,0,0,0,0,0,0,"100,000",0,0,0,"120,000","20,000","100,000","100,000"
"=""07703U""",群臺2X國票32售01,0,0,0,0,0,0,0,0,0,"100,000",0,0,0,"100,000",0,"100,000","100,000"
"=""047264""",新日興統一48購03,0,0,0,0,0,0,0,0,0,"100,000",0,0,0,"100,000",0,"100,000","100,000"
"=""055486""",志聖元大44購03  ,0,0,0,0,0,0,0,0,0,"100,000",0,0,0,"100,000",0,"100,000","100,000"
"=""055354""",蔚華科元富44購02,0,0,0,0,0,0,0,0,0,"100,000",0,0,0,"100,000",0,"100,000","100,000"
"=""08637U""",愛普群益32售08  ,0,0,0,0,0,0,0,0,0,"100,000",0,0,0,"100,000",0,"100,000","100,000"
"=""047621""",T50反1國票44購02,0,0,0,0,0,0,0,0,0,"100,000",0,0,0,"100,000",0,"100,000","100,000"
"=""04740T""",中興電群益37售03,0,0,0,0,0,0,0,0,0,"100,000",0,0,0,"160,000","60,000","100,000","100,000"
"=""057905""",保瑞國票46購02  ,0,0,0,0,0,0,0,0,0,"100,000",0,0,0,"100,000",0,"100,000","100,000"
"=""056805""",盟立兆豐45購01  ,0,0,0,0,0,0,0,0,0,"100,000",0,0,0,"100,000",0,"100,000","100,000"
"=""055787""",緯創永豐45購04  ,0,0,0,0,0,0,0,0,0,"100,000",0,0,0,"100,000",0,"100,000","100,000"
"=""07631U""",矽力凱基2C售02  ,0,0,0,0,0,0,0,0,0,"100,000",0,0,0,"100,000",0,"100,000","100,000"
"=""057471""",正崴國票46購03  ,0,0,0,0,0,0,0,0,0,"100,000",0,0,0,"100,000",0,"100,000","100,000"
"=""046627""",台積電凱基3C購04,0,0,0,0,0,0,0,0,0,"100,000",0,0,0,"100,000",0,"100,000","100,000"
"=""046123""",嘉澤元富44購01  ,0,0,0,0,0,0,0,0,0,"100,000",0,0,0,"100,000",0,"100,000","100,000"
"=""066440""",洋基統一57購01  ,0,0,0,0,0,0,0,0,0,"100,000",0,0,0,"116,000","16,000","100,000","100,000"
"=""066739""",元債2X元大58購01,0,0,0,0,0,0,0,0,0,"100,000",0,0,0,"234,000","134,000","100,000","100,000"
"=""066658""",永道統一51購01  ,0,0,0,0,0,0,0,0,0,"100,000",0,0,0,"100,000",0,"100,000","100,000"
"=""066367""",臻鼎元富47購03  ,0,0,0,0,0,0,0,0,0,"100,000",0,0,0,"102,000","2,000","100,000","100,000"
"=""066297""",矽力元大4C購01  ,0,0,0,0,0,0,0,0,0,"100,000",0,0,0,"110,000","10,000","100,000","100,000"
"=""03695T""",臺股指元大34售68,0,0,0,0,0,0,0,0,0,"100,000",0,0,0,"100,000",0,"100,000","100,000"
"=""065922""",全新元富51購01  ,0,0,0,0,0,0,0,0,0,"100,000",0,0,0,"100,000",0,"100,000","100,000"
"=""041658""",元金2X中信5A購04,0,0,0,0,0,0,0,0,0,"100,000",0,0,0,"100,000",0,"100,000","100,000"
"=""041462""",香港2X元富54購01,0,0,0,0,0,0,0,0,0,"100,000",0,0,0,"150,000","50,000","100,000","100,000"
"=""03006T""",矽力國票33售01  ,0,0,0,0,0,0,0,0,0,"100,000",0,0,0,"100,000",0,"100,000","100,000"
"=""065940""",伊雲谷元富51購01,0,0,0,0,0,0,0,0,0,"100,000",0,0,0,"100,000",0,"100,000","100,000"
"=""045452""",日月光元大55購06,0,0,0,0,0,0,0,0,0,"100,000",0,0,0,"100,000",0,"100,000","100,000"
"=""045128""",聯鈞元大55購07  ,0,0,0,0,0,0,0,0,0,"100,000",0,0,0,"100,000",0,"100,000","100,000"
"=""044823""",台塑化中信58購01,0,0,0,0,0,0,0,0,0,"100,000",0,0,0,"100,000",0,"100,000","100,000"
"=""065482""",帆宣國票4B購01  ,0,0,0,0,0,0,0,0,0,"100,000",0,0,0,"100,000",0,"100,000","100,000"
"=""043125""",鴻海群益62購02  ,0,0,0,0,0,0,0,0,0,"100,000",0,0,0,"100,000",0,"100,000","100,000"
"=""065184""",鴻海凱基4B購04  ,0,0,0,0,0,0,0,0,0,"100,000",0,0,0,"100,000",0,"100,000","100,000"
"=""059989""",凱基金元大45購02,0,0,0,0,0,0,0,0,0,"100,000",0,0,0,"100,000",0,"100,000","100,000"
"=""059972""",英業達元大45購13,0,0,0,0,0,0,0,0,0,"100,000",0,0,0,"100,000",0,"100,000","100,000"
"=""058807""",漢唐中信45購01  ,0,0,0,0,0,0,0,0,0,"100,000",0,0,0,"100,000",0,"100,000","100,000"
"=""059856""",全訊統一53購01  ,0,0,0,0,0,0,0,0,0,"100,000",0,0,0,"100,000",0,"100,000","100,000"
"=""059757""",聯發科統一3C購02,0,0,0,0,0,0,0,0,0,"100,000",0,0,0,"100,000",0,"100,000","100,000"
"=""068211""",元日2X群益51購01,0,0,0,0,0,0,0,0,0,"100,000",0,0,0,"100,000",0,"100,000","100,000"
"=""068204""",緯穎元富48購02  ,0,0,0,0,0,0,0,0,0,"100,000",0,0,0,"100,000",0,"100,000","100,000"
"=""060194""",祥碩元大4B購03  ,0,0,0,0,0,0,0,0,0,"100,000",0,0,0,"100,000",0,"100,000","100,000"
"=""055921""",美債2X元大49購02,0,0,0,0,0,0,0,0,0,"100,000",0,0,0,"100,000",0,"100,000","100,000"
"=""054809""",光寶科凱基3B購03,0,0,0,0,0,0,0,0,0,"100,000",0,0,0,"100,000",0,"100,000","100,000"
"=""067082""",台積電凱基47購01,0,0,0,0,0,0,0,0,0,"100,000",0,0,0,"100,000",0,"100,000","100,000"
"=""03392T""",聯詠凱基33售05  ,0,0,0,0,0,0,0,0,0,"100,000",0,0,0,"300,000","200,000","100,000","100,000"
"=""052043""",怡利電凱基45購01,0,0,0,0,0,0,0,0,0,"100,000",0,0,0,"100,000",0,"100,000","100,000"
"=""059440""",中砂富邦46購03  ,0,0,0,0,0,0,0,0,0,"100,000",0,0,0,"100,000",0,"100,000","100,000"
"=""067638""",來億統一51購01  ,0,0,0,0,0,0,0,0,0,"100,000",0,0,0,"100,000",0,"100,000","100,000"
3311,閎暉            ,"162,000","60,000","102,000",0,0,0,0,0,0,"-2,750","1,000","3,750","-2,750",0,0,0,"99,250"
"=""054077""",貿聯國票45購01  ,0,0,0,0,0,0,0,0,0,"99,000",0,0,0,"224,000","125,000","99,000","99,000"
"=""051929""",貿聯群益43購03  ,0,0,0,0,0,0,0,0,0,"99,000",0,0,0,"99,000",0,"99,000","99,000"
"=""059051""",長榮統一4B購06  ,0,0,0,0,0,0,0,0,0,"99,000",0,0,0,"99,000",0,"99,000","99,000"
"=""063163""",緯創元富46購05  ,0,0,0,0,0,0,0,0,0,"99,000",0,0,0,"99,000",0,"99,000","99,000"
"=""064599""",宏泰群益3A購01  ,0,0,0,0,0,0,0,0,0,"99,000",0,0,0,"483,000","384,000","99,000","99,000"
"=""068279""",奇鋐凱基48購05  ,0,0,0,0,0,0,0,0,0,"99,000",0,0,0,"99,000",0,"99,000","99,000"
"=""058741""",陽明群益45購08  ,0,0,0,0,0,0,0,0,0,"99,000",0,0,0,"105,000","6,000","99,000","99,000"
"=""060046""",光寶科凱基47購01,0,0,0,0,0,0,0,0,0,"99,000",0,0,0,"504,000","405,000","99,000","99,000"
"=""062336""",陽明元大47購07  ,0,0,0,0,0,0,0,0,0,"99,000",0,0,0,"203,000","104,000","99,000","99,000"
"=""04625T""",友達元大35售03  ,0,0,0,0,0,0,0,0,0,"99,000",0,0,0,"99,000",0,"99,000","99,000"
"=""046741""",祥碩國泰44購01  ,0,0,0,0,0,0,0,0,0,"99,000",0,0,0,"99,000",0,"99,000","99,000"
"=""058134""",鴻準群益45購03  ,0,0,0,0,0,0,0,0,0,"99,000",0,0,0,"100,000","1,000","99,000","99,000"
"=""068635""",力積電元大48購06,0,0,0,0,0,0,0,0,0,"99,000",0,0,0,"99,000",0,"99,000","99,000"
"=""060788""",緯穎元大4C購01  ,0,0,0,0,0,0,0,0,0,"99,000",0,0,0,"130,000","31,000","99,000","99,000"
"=""061743""",智易兆豐47購01  ,0,0,0,0,0,0,0,0,0,"99,000",0,0,0,"146,000","47,000","99,000","99,000"
"=""069200""",精銳統一52購03  ,0,0,0,0,0,0,0,0,0,"98,000",0,0,0,"118,000","20,000","98,000","98,000"
"=""062044""",東陽群益46購01  ,0,0,0,0,0,0,0,0,0,"98,000",0,0,0,"98,000",0,"98,000","98,000"
"=""056637""",長榮航元富45購04,0,0,0,0,0,0,0,0,0,"98,000",0,0,0,"103,000","5,000","98,000","98,000"
"=""057334""",英業達群益45購04,0,0,0,0,0,0,0,0,0,"98,000",0,0,0,"98,000",0,"98,000","98,000"
"=""056929""",威盛群益48購01  ,0,0,0,0,0,0,0,0,0,"98,000",0,0,0,"101,000","3,000","98,000","98,000"
"=""061311""",台積電富邦46購08,0,0,0,0,0,0,0,0,0,"98,000",0,0,0,"237,000","139,000","98,000","98,000"
"=""061030""",大同元大46購11  ,0,0,0,0,0,0,0,0,0,"98,000",0,0,0,"130,000","32,000","98,000","98,000"
"=""061074""",智原中信46購01  ,0,0,0,0,0,0,0,0,0,"98,000",0,0,0,"227,000","129,000","98,000","98,000"
"=""062338""",大立光元大46購07,0,0,0,0,0,0,0,0,0,"98,000",0,0,0,"98,000",0,"98,000","98,000"
"=""062443""",金像電國泰48購01,0,0,0,0,0,0,0,0,0,"98,000",0,0,0,"161,000","63,000","98,000","98,000"
"=""059698""",川湖富邦48購02  ,0,0,0,0,0,0,0,0,0,"98,000",0,0,0,"168,000","70,000","98,000","98,000"
"=""060089""",愛山林國票46購01,0,0,0,0,0,0,0,0,0,"98,000",0,0,0,"98,000",0,"98,000","98,000"
"=""065485""",東哥國票49購01  ,0,0,0,0,0,0,0,0,0,"98,000",0,0,0,"167,000","69,000","98,000","98,000"
"=""045396""",東元群益55購04  ,0,0,0,0,0,0,0,0,0,"98,000",0,0,0,"212,000","114,000","98,000","98,000"
"=""065773""",泰金寶元大47購06,0,0,0,0,0,0,0,0,0,"98,000",0,0,0,"195,000","97,000","98,000","98,000"
"=""066513""",健策群益49購01  ,0,0,0,0,0,0,0,0,0,"98,000",0,0,0,"98,000",0,"98,000","98,000"
"=""064674""",智邦元大46購13  ,0,0,0,0,0,0,0,0,0,"98,000",0,0,0,"150,000","52,000","98,000","98,000"
"=""044069""",東元群益55購02  ,0,0,0,0,0,0,0,0,0,"98,000",0,0,0,"128,000","30,000","98,000","98,000"
"=""063551""",宇隆元富47購02  ,0,0,0,0,0,0,0,0,0,"98,000",0,0,0,"200,000","102,000","98,000","98,000"
"=""050882""",健和興元大43購07,0,0,0,0,0,0,0,0,0,"98,000",0,0,0,"153,000","55,000","98,000","98,000"
"=""050401""",鴻海元富49購02  ,0,0,0,0,0,0,0,0,0,"98,000",0,0,0,"100,000","2,000","98,000","98,000"
"=""063840""",台積電群益5C購03,0,0,0,0,0,0,0,0,0,"98,000",0,0,0,"98,000",0,"98,000","98,000"
"=""064124""",聯詠群益46購02  ,0,0,0,0,0,0,0,0,0,"98,000",0,0,0,"98,000",0,"98,000","98,000"
"=""059368""",文曄元大45購03  ,0,0,0,0,0,0,0,0,0,"98,000",0,0,0,"100,000","2,000","98,000","98,000"
"=""052970""",材料群益44購09  ,0,0,0,0,0,0,0,0,0,"98,000",0,0,0,"108,000","10,000","98,000","98,000"
"=""063666""",貿聯元大46購14  ,0,0,0,0,0,0,0,0,0,"97,000",0,0,0,"122,000","25,000","97,000","97,000"
"=""063761""",道瓊銀元富46購01,0,0,0,0,0,0,0,0,0,"97,000",0,0,0,"107,000","10,000","97,000","97,000"
"=""063763""",直得元富49購01  ,0,0,0,0,0,0,0,0,0,"97,000",0,0,0,"173,000","76,000","97,000","97,000"
"=""063278""",鴻海統一4C購08  ,0,0,0,0,0,0,0,0,0,"97,000",0,0,0,"126,000","29,000","97,000","97,000"
"=""064398""",緯創國泰47購01  ,0,0,0,0,0,0,0,0,0,"97,000",0,0,0,"97,000",0,"97,000","97,000"
"=""066572""",健策中信47購01  ,0,0,0,0,0,0,0,0,0,"97,000",0,0,0,"99,000","2,000","97,000","97,000"
"=""065764""",力積電兆豐3B購01,0,0,0,0,0,0,0,0,0,"97,000",0,0,0,"100,000","3,000","97,000","97,000"
"=""058204""",滬深2X元富45購04,0,0,0,0,0,0,0,0,0,"97,000",0,0,0,"202,000","105,000","97,000","97,000"
"=""053571""",世芯元大44購13  ,0,0,0,0,0,0,0,0,0,"97,000",0,0,0,"99,000","2,000","97,000","97,000"
"=""054868""",陽明元大44購16  ,0,0,0,0,0,0,0,0,0,"97,000",0,0,0,"107,000","10,000","97,000","97,000"
"=""061154""",欣興元富3A購01  ,0,0,0,0,0,0,0,0,0,"97,000",0,0,0,"97,000",0,"97,000","97,000"
"=""057081""",晶技元大45購03  ,0,0,0,0,0,0,0,0,0,"97,000",0,0,0,"411,000","314,000","97,000","97,000"
"=""056534""",鴻準永豐45購02  ,0,0,0,0,0,0,0,0,0,"96,000",0,0,0,"292,000","196,000","96,000","96,000"
"=""069108""",立積元大49購02  ,0,0,0,0,0,0,0,0,0,"96,000",0,0,0,"106,000","10,000","96,000","96,000"
"=""046509""",辛耘元大43購04  ,0,0,0,0,0,0,0,0,0,"96,000",0,0,0,"143,000","47,000","96,000","96,000"
"=""047342""",臺股指元大43購60,0,0,0,0,0,0,0,0,0,"96,000",0,0,0,"113,000","17,000","96,000","96,000"
"=""058451""",世芯永豐4C購01  ,0,0,0,0,0,0,0,0,0,"96,000",0,0,0,"98,000","2,000","96,000","96,000"
"=""068029""",聯發科元大47購22,0,0,0,0,0,0,0,0,0,"96,000",0,0,0,"100,000","4,000","96,000","96,000"
"=""066715""",台積電第一3B購01,0,0,0,0,0,0,0,0,0,"96,000",0,0,0,"96,000",0,"96,000","96,000"
"=""03838T""",電子類國票34售03,0,0,0,0,0,0,0,0,0,"96,000",0,0,0,"134,000","38,000","96,000","96,000"
"=""065573""",皇昌元富4B購02  ,0,0,0,0,0,0,0,0,0,"96,000",0,0,0,"96,000",0,"96,000","96,000"
"=""063512""",臻鼎中信48購01  ,0,0,0,0,0,0,0,0,0,"96,000",0,0,0,"96,000",0,"96,000","96,000"
"=""063067""",南亞科永豐47購01,0,0,0,0,0,0,0,0,0,"96,000",0,0,0,"238,000","142,000","96,000","96,000"
"=""056252""",慧洋元大44購03  ,0,0,0,0,0,0,0,0,0,"96,000",0,0,0,"146,000","50,000","96,000","96,000"
"=""063594""",世芯凱基46購23  ,0,0,0,0,0,0,0,0,0,"96,000",0,0,0,"96,000",0,"96,000","96,000"
"=""056085""",鴻海元大44購40  ,0,0,0,0,0,0,0,0,0,"96,000",0,0,0,"96,000",0,"96,000","96,000"
2364,倫飛            ,"493,250","429,000","64,250",0,0,0,0,0,0,"31,000","31,000",0,"31,000",0,0,0,"95,250"
"=""056357""",世芯凱基45購08  ,0,0,0,0,0,0,0,0,0,"95,000",0,0,0,"95,000",0,"95,000","95,000"
"=""050755""",碩天群益43購04  ,0,0,0,0,0,0,0,0,0,"95,000",0,0,0,"115,000","20,000","95,000","95,000"
"=""048773""",亞力國泰44購03  ,0,0,0,0,0,0,0,0,0,"95,000",0,0,0,"328,000","233,000","95,000","95,000"
"=""050278""",京鼎元富43購01  ,0,0,0,0,0,0,0,0,0,"95,000",0,0,0,"110,000","15,000","95,000","95,000"
"=""059000""",電子類國票45購02,0,0,0,0,0,0,0,0,0,"95,000",0,0,0,"345,000","250,000","95,000","95,000"
"=""065591""",美食國票48購01  ,0,0,0,0,0,0,0,0,0,"95,000",0,0,0,"95,000",0,"95,000","95,000"
"=""065175""",元日2X凱基51購01,0,0,0,0,0,0,0,0,0,"95,000",0,0,0,"122,000","27,000","95,000","95,000"
"=""04490T""",智原元大35售08  ,0,0,0,0,0,0,0,0,0,"95,000",0,0,0,"100,000","5,000","95,000","95,000"
"=""066416""",永道國票48購01  ,0,0,0,0,0,0,0,0,0,"95,000",0,0,0,"100,000","5,000","95,000","95,000"
"=""066176""",高力統一41購01  ,0,0,0,0,0,0,0,0,0,"95,000",0,0,0,"100,000","5,000","95,000","95,000"
"=""065797""",聯發科國泰4C購02,0,0,0,0,0,0,0,0,0,"95,000",0,0,0,"95,000",0,"95,000","95,000"
"=""041652""",創見富邦55購02  ,0,0,0,0,0,0,0,0,0,"95,000",0,0,0,"95,000",0,"95,000","95,000"
"=""059982""",長榮元大45購32  ,0,0,0,0,0,0,0,0,0,"95,000",0,0,0,"95,000",0,"95,000","95,000"
"=""059689""",牧德凱基46購02  ,0,0,0,0,0,0,0,0,0,"95,000",0,0,0,"110,000","15,000","95,000","95,000"
"=""059553""",大成鋼元大45購02,0,0,0,0,0,0,0,0,0,"95,000",0,0,0,"105,000","10,000","95,000","95,000"
"=""055446""",美律群益44購01  ,0,0,0,0,0,0,0,0,0,"95,000",0,0,0,"178,000","83,000","95,000","95,000"
"=""046218""",欣興群益43購03  ,0,0,0,0,0,0,0,0,0,"95,000",0,0,0,"125,000","30,000","95,000","95,000"
"=""046505""",景碩元大43購10  ,0,0,0,0,0,0,0,0,0,"95,000",0,0,0,"197,000","102,000","95,000","95,000"
"=""057550""",嘉澤元大45購06  ,0,0,0,0,0,0,0,0,0,"95,000",0,0,0,"145,000","50,000","95,000","95,000"
"=""057563""",台灣50群益45購10,0,0,0,0,0,0,0,0,0,"95,000",0,0,0,"95,000",0,"95,000","95,000"
"=""060512""",東陽凱基46購02  ,0,0,0,0,0,0,0,0,0,"95,000",0,0,0,"100,000","5,000","95,000","95,000"
3090,日電貿          ,"138,000","36,000","102,000",0,0,0,0,0,0,"-7,201",0,"5,201","-5,201","1,000","3,000","-2,000","94,799"
5706,鳳凰            ,"217,095","121,000","96,095",0,0,0,0,0,0,"-1,900","15,000","14,997",3,"7,000","8,903","-1,903","94,195"
"=""062968""",漢唐元大46購07  ,0,0,0,0,0,0,0,0,0,"94,000",0,0,0,"102,000","8,000","94,000","94,000"
"=""051000""",同欣電國票44購01,0,0,0,0,0,0,0,0,0,"94,000",0,0,0,"94,000",0,"94,000","94,000"
"=""056254""",慧洋元大44購05  ,0,0,0,0,0,0,0,0,0,"94,000",0,0,0,"129,000","35,000","94,000","94,000"
"=""053415""",訊芯元大46購01  ,0,0,0,0,0,0,0,0,0,"94,000",0,0,0,"100,000","6,000","94,000","94,000"
"=""064940""",川湖永豐48購04  ,0,0,0,0,0,0,0,0,0,"94,000",0,0,0,"100,000","6,000","94,000","94,000"
"=""068479""",創意群益49購06  ,0,0,0,0,0,0,0,0,0,"94,000",0,0,0,"123,000","29,000","94,000","94,000"
"=""068767""",力積電凱基48購05,0,0,0,0,0,0,0,0,0,"94,000",0,0,0,"100,000","6,000","94,000","94,000"
"=""057489""",S&P反1凱基49購01,0,0,0,0,0,0,0,0,0,"94,000",0,0,0,"94,000",0,"94,000","94,000"
"=""057941""",世芯元大4B購01  ,0,0,0,0,0,0,0,0,0,"94,000",0,0,0,"97,000","3,000","94,000","94,000"
"=""067251""",統一國票49購01  ,0,0,0,0,0,0,0,0,0,"94,000",0,0,0,"94,000",0,"94,000","94,000"
"=""053573""",材料元大44購10  ,0,0,0,0,0,0,0,0,0,"94,000",0,0,0,"94,000",0,"94,000","94,000"
"=""059850""",威強電台新45購01,0,0,0,0,0,0,0,0,0,"94,000",0,0,0,"120,000","26,000","94,000","94,000"
"=""068087""",台積電元富48購03,0,0,0,0,0,0,0,0,0,"94,000",0,0,0,"94,000",0,"94,000","94,000"
"=""067908""",南亞科元大47購06,0,0,0,0,0,0,0,0,0,"94,000",0,0,0,"157,000","63,000","94,000","94,000"
9927,泰銘            ,"975,000","965,323","9,677",0,0,0,"99,000",0,"99,000","-15,002",1,"10,102","-10,101","2,099","7,000","-4,901","93,675"
"=""059210""",美時富邦48購01  ,0,0,0,0,0,0,0,0,0,"93,000",0,0,0,"108,000","15,000","93,000","93,000"
"=""047971""",臺股指群益42購32,0,0,0,0,0,0,0,0,0,"93,000",0,0,0,"93,000",0,"93,000","93,000"
"=""057636""",冠德凱基45購01  ,0,0,0,0,0,0,0,0,0,"93,000",0,0,0,"179,000","86,000","93,000","93,000"
"=""059622""",世芯元富55購01  ,0,0,0,0,0,0,0,0,0,"93,000",0,0,0,"93,000",0,"93,000","93,000"
"=""066382""",美債2X國票48購02,0,0,0,0,0,0,0,0,0,"93,000",0,0,0,"150,000","57,000","93,000","93,000"
"=""055386""",東科凱基44購02  ,0,0,0,0,0,0,0,0,0,"93,000",0,0,0,"93,000",0,"93,000","93,000"
"=""055049""",雲豹凱基45購01  ,0,0,0,0,0,0,0,0,0,"93,000",0,0,0,"93,000",0,"93,000","93,000"
"=""068954""",台灣50富邦48購06,0,0,0,0,0,0,0,0,0,"93,000",0,0,0,"93,000",0,"93,000","93,000"
"=""060292""",T50正2群益46購02,0,0,0,0,0,0,0,0,0,"93,000",0,0,0,"93,000",0,"93,000","93,000"
"=""069144""",材料群益48購01  ,0,0,0,0,0,0,0,0,0,"93,000",0,0,0,"415,000","322,000","93,000","93,000"
"=""068715""",力積電凱基4A購01,0,0,0,0,0,0,0,0,0,"92,000",0,0,0,"266,000","174,000","92,000","92,000"
"=""061184""",中工凱基3A購01  ,0,0,0,0,0,0,0,0,0,"92,000",0,0,0,"96,000","4,000","92,000","92,000"
"=""061082""",台光電永豐47購02,0,0,0,0,0,0,0,0,0,"92,000",0,0,0,"92,000",0,"92,000","92,000"
1432,大魯閣          ,"97,000","6,000","91,000",0,0,0,0,0,0,"1,000","1,000",0,"1,000",0,0,0,"92,000"
"=""038152""",仁寶元富53購02  ,0,0,0,0,0,0,0,0,0,"92,000",0,0,0,"94,000","2,000","92,000","92,000"
"=""066562""",緯穎凱基47購08  ,0,0,0,0,0,0,0,0,0,"92,000",0,0,0,"144,000","52,000","92,000","92,000"
"=""059588""",緯穎元大45購28  ,0,0,0,0,0,0,0,0,0,"92,000",0,0,0,"102,000","10,000","92,000","92,000"
"=""057618""",保瑞永豐46購01  ,0,0,0,0,0,0,0,0,0,"92,000",0,0,0,"177,000","85,000","92,000","92,000"
"=""053592""",亞翔統一47購02  ,0,0,0,0,0,0,0,0,0,"92,000",0,0,0,"92,000",0,"92,000","92,000"
"=""054808""",光寶科凱基3B購02,0,0,0,0,0,0,0,0,0,"92,000",0,0,0,"117,000","25,000","92,000","92,000"
"=""049220""",玉晶光群益43購04,0,0,0,0,0,0,0,0,0,"92,000",0,0,0,"103,000","11,000","92,000","92,000"
"=""04909T""",新興元大36售03  ,0,0,0,0,0,0,0,0,0,"92,000",0,0,0,"120,000","28,000","92,000","92,000"
"=""056308""",矽統永豐47購02  ,0,0,0,0,0,0,0,0,0,"92,000",0,0,0,"92,000",0,"92,000","92,000"
"=""059234""",貿聯國票46購06  ,0,0,0,0,0,0,0,0,0,"92,000",0,0,0,"339,000","247,000","92,000","92,000"
6426,統新            ,"225,000","125,000","100,000",0,0,0,0,0,0,"-8,000",0,"8,000","-8,000",0,0,0,"92,000"
"=""052566""",京城銀凱基44購01,"173,000","81,000","92,000",0,0,0,0,0,0,0,0,0,0,0,0,0,"92,000"
6807,峰源-KY         ,"117,000","26,000","91,000",0,0,0,0,0,0,0,"3,000","3,000",0,0,0,0,"91,000"
"=""059291""",中興電國泰47購01,0,0,0,0,0,0,0,0,0,"91,000",0,0,0,"487,000","396,000","91,000","91,000"
"=""050383""",佳能統一53購01  ,0,0,0,0,0,0,0,0,0,"91,000",0,0,0,"111,000","20,000","91,000","91,000"
"=""063100""",台積電中信47購07,0,0,0,0,0,0,0,0,0,"91,000",0,0,0,"105,000","14,000","91,000","91,000"
"=""066289""",精成科元大4A購01,0,0,0,0,0,0,0,0,0,"91,000",0,0,0,"100,000","9,000","91,000","91,000"
"=""068227""",奇鋐群益48購01  ,0,0,0,0,0,0,0,0,0,"91,000",0,0,0,"146,000","55,000","91,000","91,000"
"=""068156""",立隆電統一51購01,0,0,0,0,0,0,0,0,0,"91,000",0,0,0,"91,000",0,"91,000","91,000"
"=""04299T""",威盛群益35售16  ,0,0,0,0,0,0,0,0,0,"91,000",0,0,0,"554,000","463,000","91,000","91,000"
"=""055238""",國泰金凱基47購01,"233,000","132,000","101,000",0,0,0,0,0,0,"-10,000",0,0,0,"4,000","14,000","-10,000","91,000"
"=""055124""",雲豹元大44購02  ,0,0,0,0,0,0,0,0,0,"91,000",0,0,0,"91,000",0,"91,000","91,000"
"=""060974""",嘉澤元富47購04  ,0,0,0,0,0,0,0,0,0,"91,000",0,0,0,"100,000","9,000","91,000","91,000"
"=""068472""",台表科兆豐3B購01,0,0,0,0,0,0,0,0,0,"91,000",0,0,0,"91,000",0,"91,000","91,000"
"=""060892""",創意中信49購01  ,0,0,0,0,0,0,0,0,0,"90,000",0,0,0,"100,000","10,000","90,000","90,000"
"=""061770""",聯茂元富46購02  ,0,0,0,0,0,0,0,0,0,"90,000",0,0,0,"90,000",0,"90,000","90,000"
"=""069431""",致茂群益52購01  ,0,0,0,0,0,0,0,0,0,"90,000",0,0,0,"90,000",0,"90,000","90,000"
"=""061574""",保瑞凱基46購07  ,0,0,0,0,0,0,0,0,0,"90,000",0,0,0,"100,000","10,000","90,000","90,000"
"=""057174""",正崴凱基46購02  ,0,0,0,0,0,0,0,0,0,"90,000",0,0,0,"90,000",0,"90,000","90,000"
"=""057203""",王品永豐45購01  ,0,0,0,0,0,0,0,0,0,"90,000",0,0,0,"110,000","20,000","90,000","90,000"
"=""056925""",鴻海群益47購07  ,0,0,0,0,0,0,0,0,0,"90,000",0,0,0,"90,000",0,"90,000","90,000"
"=""062883""",金像電元富4C購02,0,0,0,0,0,0,0,0,0,"90,000",0,0,0,"90,000",0,"90,000","90,000"
"=""047487""",欣巴巴元大43購03,0,0,0,0,0,0,0,0,0,"90,000",0,0,0,"90,000",0,"90,000","90,000"
"=""08601U""",臺股指群益33售22,0,0,0,0,0,0,0,0,0,"90,000",0,0,0,"90,000",0,"90,000","90,000"
"=""057502""",聯發科統一41購01,0,0,0,0,0,0,0,0,0,"90,000",0,0,0,"90,000",0,"90,000","90,000"
"=""07173U""",華新凱基59售01  ,0,0,0,0,0,0,0,0,0,"90,000",0,0,0,"100,000","10,000","90,000","90,000"
"=""065284""",威盛兆豐3B購01  ,0,0,0,0,0,0,0,0,0,"90,000",0,0,0,"130,000","40,000","90,000","90,000"
"=""03009T""",華擎群益32售06  ,0,0,0,0,0,0,0,0,0,"90,000",0,0,0,"90,000",0,"90,000","90,000"
"=""060210""",台灣50凱基46購09,0,0,0,0,0,0,0,0,0,"90,000",0,0,0,"100,000","10,000","90,000","90,000"
"=""067979""",致茂統一51購02  ,0,0,0,0,0,0,0,0,0,"90,000",0,0,0,"90,000",0,"90,000","90,000"
"=""059634""",乙盛國票46購01  ,0,0,0,0,0,0,0,0,0,"90,000",0,0,0,"91,000","1,000","90,000","90,000"
"=""059828""",台積電凱基5B購02,0,0,0,0,0,0,0,0,0,"90,000",0,0,0,"140,000","50,000","90,000","90,000"
"=""058250""",日電貿凱基45購02,0,0,0,0,0,0,0,0,0,"90,000",0,0,0,"90,000",0,"90,000","90,000"
"=""067035""",元債2X永豐51購01,0,0,0,0,0,0,0,0,0,"90,000",0,0,0,"147,000","57,000","90,000","90,000"
"=""03422T""",健策元大33售05  ,0,0,0,0,0,0,0,0,0,"90,000",0,0,0,"90,000",0,"90,000","90,000"
"=""067242""",開發金中信3B購01,0,0,0,0,0,0,0,0,0,"90,000",0,0,0,"90,000",0,"90,000","90,000"
"=""050143""",新日興凱基43購08,0,0,0,0,0,0,0,0,0,"90,000",0,0,0,"140,000","50,000","90,000","90,000"
"=""056161""",元日2X凱基4A購02,0,0,0,0,0,0,0,0,0,"90,000",0,0,0,"120,000","30,000","90,000","90,000"
1568,倉佑            ,"1,090,000","1,002,000","88,000",0,0,0,0,0,0,"2,000","2,000",0,"2,000",0,0,0,"90,000"
"=""059133""",晶心科凱基45購01,0,0,0,0,0,0,0,0,0,"90,000",0,0,0,"126,000","36,000","90,000","90,000"
"=""051580""",緯穎元富44購01  ,0,0,0,0,0,0,0,0,0,"90,000",0,0,0,"90,000",0,"90,000","90,000"
"=""064114""",盟立群益46購03  ,0,0,0,0,0,0,0,0,0,"89,000",0,0,0,"89,000",0,"89,000","89,000"
"=""063926""",道瓊銀國票4A購01,0,0,0,0,0,0,0,0,0,"89,000",0,0,0,"281,000","192,000","89,000","89,000"
"=""047954""",鴻海群益44購15  ,0,0,0,0,0,0,0,0,0,"89,000",0,0,0,"200,000","111,000","89,000","89,000"
"=""038187""",世芯國票53購08  ,0,0,0,0,0,0,0,0,0,"89,000",0,0,0,"115,000","26,000","89,000","89,000"
"=""065177""",華榮凱基49購01  ,0,0,0,0,0,0,0,0,0,"89,000",0,0,0,"89,000",0,"89,000","89,000"
"=""043248""",上緯控永豐56購01,0,0,0,0,0,0,0,0,0,"89,000",0,0,0,"336,000","247,000","89,000","89,000"
"=""057500""",群光凱基45購01  ,0,0,0,0,0,0,0,0,0,"89,000",0,0,0,"91,000","2,000","89,000","89,000"
"=""045952""",電子類凱基43購02,0,0,0,0,0,0,0,0,0,"89,000",0,0,0,"120,000","31,000","89,000","89,000"
"=""056629""",貿聯永豐45購03  ,0,0,0,0,0,0,0,0,0,"89,000",0,0,0,"95,000","6,000","89,000","89,000"
"=""057325""",宏泰群益45購01  ,0,0,0,0,0,0,0,0,0,"88,000",0,0,0,"101,000","13,000","88,000","88,000"
"=""068716""",臺股指凱基4C購07,0,0,0,0,0,0,0,0,0,"88,000",0,0,0,"98,000","10,000","88,000","88,000"
"=""061078""",一詮兆豐48購01  ,0,0,0,0,0,0,0,0,0,"88,000",0,0,0,"88,000",0,"88,000","88,000"
"=""057732""",健策元大45購05  ,0,0,0,0,0,0,0,0,0,"88,000",0,0,0,"88,000",0,"88,000","88,000"
"=""062511""",神達元富4C購02  ,0,0,0,0,0,0,0,0,0,"88,000",0,0,0,"88,000",0,"88,000","88,000"
"=""054386""",智易凱基46購01  ,0,0,0,0,0,0,0,0,0,"88,000",0,0,0,"88,000",0,"88,000","88,000"
"=""07797U""",群創中信31售03  ,0,0,0,0,0,0,0,0,0,"88,000",0,0,0,"88,000",0,"88,000","88,000"
"=""045717""",金像電統一48購01,0,0,0,0,0,0,0,0,0,"88,000",0,0,0,"88,000",0,"88,000","88,000"
"=""066486""",啟�痐舅j4C購01  ,0,0,0,0,0,0,0,0,0,"88,000",0,0,0,"88,000",0,"88,000","88,000"
"=""066679""",南亞科凱基47購03,0,0,0,0,0,0,0,0,0,"88,000",0,0,0,"88,000",0,"88,000","88,000"
"=""065920""",聯發科元富47購10,0,0,0,0,0,0,0,0,0,"88,000",0,0,0,"113,000","25,000","88,000","88,000"
"=""065903""",欣興凱基48購02  ,0,0,0,0,0,0,0,0,0,"88,000",0,0,0,"90,000","2,000","88,000","88,000"
"=""058622""",鴻海永豐47購08  ,0,0,0,0,0,0,0,0,0,"88,000",0,0,0,"88,000",0,"88,000","88,000"
"=""067118""",威盛統一3B購12  ,0,0,0,0,0,0,0,0,0,"88,000",0,0,0,"93,000","5,000","88,000","88,000"
"=""053613""",國企2X國票45購03,0,0,0,0,0,0,0,0,0,"88,000",0,0,0,"168,000","80,000","88,000","88,000"
"=""058320""",廣宇群益45購03  ,0,0,0,0,0,0,0,0,0,"88,000",0,0,0,"101,000","13,000","88,000","88,000"
"=""068351""",精成科永豐4A購01,0,0,0,0,0,0,0,0,0,"88,000",0,0,0,"95,000","7,000","88,000","88,000"
"=""068317""",大立光元大48購03,0,0,0,0,0,0,0,0,0,"88,000",0,0,0,"121,000","33,000","88,000","88,000"
"=""047973""",臺股指群益42購34,0,0,0,0,0,0,0,0,0,"88,000",0,0,0,"108,000","20,000","88,000","88,000"
"=""056402""",致新元大45購01  ,0,0,0,0,0,0,0,0,0,"88,000",0,0,0,"91,000","3,000","88,000","88,000"
"=""059046""",友訊統一4B購01  ,0,0,0,0,0,0,0,0,0,"88,000",0,0,0,"125,000","37,000","88,000","88,000"
"=""054036""",華城元大46購01  ,0,0,0,0,0,0,0,0,0,"88,000",0,0,0,"89,000","1,000","88,000","88,000"
"=""054220""",南亞科凱基44購01,0,0,0,0,0,0,0,0,0,"88,000",0,0,0,"306,000","218,000","88,000","88,000"
4552,力達-KY         ,"115,000","34,000","81,000",0,0,0,0,0,0,"7,000","7,000",0,"7,000",0,0,0,"88,000"
"=""051583""",威盛中信45購01  ,0,0,0,0,0,0,0,0,0,"87,000",0,0,0,"102,000","15,000","87,000","87,000"
"=""052547""",迅得群益44購01  ,0,0,0,0,0,0,0,0,0,"87,000",0,0,0,"87,000",0,"87,000","87,000"
"=""063997""",訊芯元富46購05  ,0,0,0,0,0,0,0,0,0,"87,000",0,0,0,"88,000","1,000","87,000","87,000"
"=""059144""",聯電群益45購07  ,0,0,0,0,0,0,0,0,0,"87,000",0,0,0,"87,000",0,"87,000","87,000"
"=""053295""",鴻海凱基45購11  ,0,0,0,0,0,0,0,0,0,"87,000",0,0,0,"120,000","33,000","87,000","87,000"
"=""050100""",奇鋐元富44購02  ,0,0,0,0,0,0,0,0,0,"87,000",0,0,0,"87,000",0,"87,000","87,000"
"=""063199""",世芯群益48購10  ,0,0,0,0,0,0,0,0,0,"87,000",0,0,0,"97,000","10,000","87,000","87,000"
"=""052050""",迅得凱基43購04  ,0,0,0,0,0,0,0,0,0,"87,000",0,0,0,"97,000","10,000","87,000","87,000"
"=""058483""",佳必琪國票45購03,0,0,0,0,0,0,0,0,0,"87,000",0,0,0,"167,000","80,000","87,000","87,000"
"=""043406""",亞力凱基57購01  ,0,0,0,0,0,0,0,0,0,"87,000",0,0,0,"87,000",0,"87,000","87,000"
"=""066045""",聯德群益47購01  ,0,0,0,0,0,0,0,0,0,"87,000",0,0,0,"87,000",0,"87,000","87,000"
"=""065615""",FBNQ2X群益49購02,0,0,0,0,0,0,0,0,0,"87,000",0,0,0,"174,000","87,000","87,000","87,000"
"=""062441""",中租兆豐48購01  ,0,0,0,0,0,0,0,0,0,"87,000",0,0,0,"307,000","220,000","87,000","87,000"
"=""060907""",長榮航國票46購02,0,0,0,0,0,0,0,0,0,"87,000",0,0,0,"87,000",0,"87,000","87,000"
4526,東台            ,"113,000","28,000","85,000",0,0,0,0,0,0,"1,708","2,000",292,"1,708",0,0,0,"86,708"
6136,富爾特          ,"110,000","22,000","88,000",0,0,0,0,0,0,"-2,000",0,"2,000","-2,000",0,0,0,"86,000"
"=""052421""",京鼎元大43購09  ,0,0,0,0,0,0,0,0,0,"86,000",0,0,0,"96,000","10,000","86,000","86,000"
"=""053953""",滬深2X永豐44購09,0,0,0,0,0,0,0,0,0,"86,000",0,0,0,"86,000",0,"86,000","86,000"
"=""063141""",保瑞凱基46購09  ,0,0,0,0,0,0,0,0,0,"86,000",0,0,0,"106,000","20,000","86,000","86,000"
"=""056265""",晶碩元大44購02  ,0,0,0,0,0,0,0,0,0,"86,000",0,0,0,"86,000",0,"86,000","86,000"
"=""056292""",智原統一4B購02  ,0,0,0,0,0,0,0,0,0,"86,000",0,0,0,"100,000","14,000","86,000","86,000"
"=""069006""",偉訓國票49購02  ,0,0,0,0,0,0,0,0,0,"86,000",0,0,0,"98,000","12,000","86,000","86,000"
"=""061492""",川湖兆豐46購01  ,0,0,0,0,0,0,0,0,0,"86,000",0,0,0,"86,000",0,"86,000","86,000"
"=""062789""",臺股指群益49購14,0,0,0,0,0,0,0,0,0,"86,000",0,0,0,"142,000","56,000","86,000","86,000"
"=""065610""",洋基國票48購01  ,0,0,0,0,0,0,0,0,0,"86,000",0,0,0,"86,000",0,"86,000","86,000"
"=""04481T""",元日2X國票36售03,0,0,0,0,0,0,0,0,0,"86,000",0,0,0,"86,000",0,"86,000","86,000"
"=""00683L""",期元大美元指正2 ,"11,000",0,"11,000",0,0,0,0,0,0,"75,000",0,0,0,"84,000","9,000","75,000","86,000"
"=""038039""",聯電永豐56購01  ,0,0,0,0,0,0,0,0,0,"86,000",0,0,0,"86,000",0,"86,000","86,000"
"=""058578""",智邦群益45購04  ,0,0,0,0,0,0,0,0,0,"86,000",0,0,0,"116,000","30,000","86,000","86,000"
"=""059431""",同欣電群益45購01,0,0,0,0,0,0,0,0,0,"86,000",0,0,0,"103,000","17,000","86,000","86,000"
"=""067520""",欣興元大47購01  ,0,0,0,0,0,0,0,0,0,"86,000",0,0,0,"148,000","62,000","86,000","86,000"
"=""055924""",第一銅元大44購03,0,0,0,0,0,0,0,0,0,"85,000",0,0,0,"225,000","140,000","85,000","85,000"
"=""068066""",友達群益3B購01  ,0,0,0,0,0,0,0,0,0,"85,000",0,0,0,"85,000",0,"85,000","85,000"
"=""058280""",鴻準元大45購12  ,0,0,0,0,0,0,0,0,0,"85,000",0,0,0,"618,000","533,000","85,000","85,000"
"=""03450T""",祥碩元富33售04  ,0,0,0,0,0,0,0,0,0,"85,000",0,0,0,"85,000",0,"85,000","85,000"
"=""065533""",世紀鋼統一4C購03,0,0,0,0,0,0,0,0,0,"85,000",0,0,0,"85,000",0,"85,000","85,000"
"=""065665""",所羅門凱基48購01,0,0,0,0,0,0,0,0,0,"85,000",0,0,0,"150,000","65,000","85,000","85,000"
"=""043100""",偉訓國票57購01  ,0,0,0,0,0,0,0,0,0,"85,000",0,0,0,"179,000","94,000","85,000","85,000"
"=""055025""",臻鼎富邦46購01  ,0,0,0,0,0,0,0,0,0,"85,000",0,0,0,"210,000","125,000","85,000","85,000"
"=""054452""",世芯群益44購10  ,0,0,0,0,0,0,0,0,0,"85,000",0,0,0,"150,000","65,000","85,000","85,000"
"=""046320""",矽統元大43購03  ,0,0,0,0,0,0,0,0,0,"85,000",0,0,0,"116,000","31,000","85,000","85,000"
"=""056567""",技嘉元大45購02  ,0,0,0,0,0,0,0,0,0,"85,000",0,0,0,"90,000","5,000","85,000","85,000"
3004,豐達科          ,"86,000","12,000","74,000",0,0,0,0,0,0,"11,000","12,000","1,000","11,000",0,0,0,"85,000"
"=""055745""",世芯元大44購19  ,0,0,0,0,0,0,0,0,0,"85,000",0,0,0,"85,000",0,"85,000","85,000"
"=""049399""",台光電元大43購10,0,0,0,0,0,0,0,0,0,"85,000",0,0,0,"85,000",0,"85,000","85,000"
"=""048915""",A50正2永豐45購01,0,0,0,0,0,0,0,0,0,"85,000",0,0,0,"95,000","10,000","85,000","85,000"
"=""048872""",上証2X凱基46購01,0,0,0,0,0,0,0,0,0,"85,000",0,0,0,"86,000","1,000","85,000","85,000"
"=""054155""",台耀凱基3B購01  ,0,0,0,0,0,0,0,0,0,"85,000",0,0,0,"85,000",0,"85,000","85,000"
"=""039965""",華通群益58購02  ,0,0,0,0,0,0,0,0,0,"85,000",0,0,0,"133,000","48,000","85,000","85,000"
"=""052694""",萬海元富4A購01  ,0,0,0,0,0,0,0,0,0,"85,000",0,0,0,"114,000","29,000","85,000","85,000"
"=""064371""",漢唐兆豐4C購01  ,0,0,0,0,0,0,0,0,0,"85,000",0,0,0,"111,000","26,000","85,000","85,000"
"=""064414""",台積電凱基48購06,0,0,0,0,0,0,0,0,0,"84,000",0,0,0,"132,000","48,000","84,000","84,000"
"=""064784""",元日2X元大51購02,0,0,0,0,0,0,0,0,0,"84,000",0,0,0,"135,000","51,000","84,000","84,000"
"=""053136""",訊芯凱基44購03  ,0,0,0,0,0,0,0,0,0,"84,000",0,0,0,"84,000",0,"84,000","84,000"
"=""049406""",世芯元大43購34  ,0,0,0,0,0,0,0,0,0,"84,000",0,0,0,"84,000",0,"84,000","84,000"
"=""057381""",正崴統一49購01  ,0,0,0,0,0,0,0,0,0,"84,000",0,0,0,"84,000",0,"84,000","84,000"
"=""060682""",晶碩凱基47購01  ,0,0,0,0,0,0,0,0,0,"84,000",0,0,0,"84,000",0,"84,000","84,000"
"=""062160""",華邦電中信46購02,0,0,0,0,0,0,0,0,0,"84,000",0,0,0,"84,000",0,"84,000","84,000"
"=""054619""",和大國票45購01  ,0,0,0,0,0,0,0,0,0,"84,000",0,0,0,"94,000","10,000","84,000","84,000"
"=""04704T""",大立光元富35售05,0,0,0,0,0,0,0,0,0,"84,000",0,0,0,"84,000",0,"84,000","84,000"
"=""066121""",台化統一51購02  ,0,0,0,0,0,0,0,0,0,"84,000",0,0,0,"165,000","81,000","84,000","84,000"
"=""065778""",華碩統一3B購01  ,0,0,0,0,0,0,0,0,0,"84,000",0,0,0,"84,000",0,"84,000","84,000"
"=""065767""",愛普元大47購08  ,0,0,0,0,0,0,0,0,0,"84,000",0,0,0,"84,000",0,"84,000","84,000"
"=""00926""",凱基全球菁英55  ,0,"3,000","-3,000",0,0,0,0,0,0,"86,774",0,0,0,"287,079","200,305","86,774","83,774"
6108,競國            ,"144,000","76,000","68,000",0,0,0,0,0,0,"15,050","15,050",0,"15,050",0,0,0,"83,050"
"=""051505""",亞翔國票44購02  ,0,0,0,0,0,0,0,0,0,"83,000",0,0,0,"100,000","17,000","83,000","83,000"
"=""063459""",長榮航元大46購23,0,0,0,0,0,0,0,0,0,"83,000",0,0,0,"85,000","2,000","83,000","83,000"
"=""055705""",台灣50元大45購04,0,0,0,0,0,0,0,0,0,"83,000",0,0,0,"83,000",0,"83,000","83,000"
"=""054719""",矽統統一54購01  ,0,0,0,0,0,0,0,0,0,"83,000",0,0,0,"83,000",0,"83,000","83,000"
"=""064728""",碩天群益46購03  ,0,0,0,0,0,0,0,0,0,"83,000",0,0,0,"93,000","10,000","83,000","83,000"
"=""066454""",台積電元大47購24,0,0,0,0,0,0,0,0,0,"83,000",0,0,0,"83,000",0,"83,000","83,000"
"=""045386""",力成國泰56購02  ,0,0,0,0,0,0,0,0,0,"83,000",0,0,0,"108,000","25,000","83,000","83,000"
"=""067930""",臺股指元大4B購09,0,0,0,0,0,0,0,0,0,"83,000",0,0,0,"83,000",0,"83,000","83,000"
"=""060226""",京元電凱基47購02,0,0,0,0,0,0,0,0,0,"83,000",0,0,0,"83,000",0,"83,000","83,000"
"=""067133""",矽力國票48購02  ,0,0,0,0,0,0,0,0,0,"83,000",0,0,0,"90,000","7,000","83,000","83,000"
"=""067430""",材料永豐49購02  ,0,0,0,0,0,0,0,0,0,"83,000",0,0,0,"83,000",0,"83,000","83,000"
"=""059473""",宇隆國票46購02  ,0,0,0,0,0,0,0,0,0,"83,000",0,0,0,"158,000","75,000","83,000","83,000"
"=""07725U""",長榮航國泰32售04,0,0,0,0,0,0,0,0,0,"83,000",0,0,0,"83,000",0,"83,000","83,000"
"=""08753U""",技嘉永豐32售05  ,0,0,0,0,0,0,0,0,0,"83,000",0,0,0,"95,000","12,000","83,000","83,000"
"=""062417""",堤維西永豐48購01,0,0,0,0,0,0,0,0,0,"83,000",0,0,0,"83,000",0,"83,000","83,000"
"=""060372""",迎廣元大46購01  ,0,0,0,0,0,0,0,0,0,"83,000",0,0,0,"101,000","18,000","83,000","83,000"
3003,健和興          ,"111,000","34,000","77,000",0,0,0,0,0,0,"5,390","1,000",610,390,"6,000","1,000","5,000","82,390"
"=""055709""",滬深2X元大44購21,0,0,0,0,0,0,0,0,0,"82,000",0,0,0,"82,000",0,"82,000","82,000"
"=""052864""",宇隆永豐45購01  ,0,0,0,0,0,0,0,0,0,"82,000",0,0,0,"178,000","96,000","82,000","82,000"
"=""052601""",萬海元大45購01  ,0,0,0,0,0,0,0,0,0,"82,000",0,0,0,"84,000","2,000","82,000","82,000"
"=""064600""",臺股指中信49購08,0,0,0,0,0,0,0,0,0,"82,000",0,0,0,"82,000",0,"82,000","82,000"
"=""064552""",台塑國票49購01  ,0,0,0,0,0,0,0,0,0,"82,000",0,0,0,"82,000",0,"82,000","82,000"
"=""068848""",亞翔統一52購01  ,0,0,0,0,0,0,0,0,0,"82,000",0,0,0,"136,000","54,000","82,000","82,000"
"=""068895""",上銀元大51購02  ,0,0,0,0,0,0,0,0,0,"82,000",0,0,0,"87,000","5,000","82,000","82,000"
"=""061216""",台光電元大46購05,0,0,0,0,0,0,0,0,0,"82,000",0,0,0,"82,000",0,"82,000","82,000"
"=""061542""",旺宏永豐48購01  ,0,0,0,0,0,0,0,0,0,"82,000",0,0,0,"128,000","46,000","82,000","82,000"
"=""056928""",矽統群益47購02  ,0,0,0,0,0,0,0,0,0,"82,000",0,0,0,"82,000",0,"82,000","82,000"
"=""061738""",台積電國泰48購03,0,0,0,0,0,0,0,0,0,"82,000",0,0,0,"82,000",0,"82,000","82,000"
"=""058035""",緯穎凱基45購07  ,0,0,0,0,0,0,0,0,0,"82,000",0,0,0,"108,000","26,000","82,000","82,000"
"=""058611""",臺股指群益4B購04,0,0,0,0,0,0,0,0,0,"82,000",0,0,0,"92,000","10,000","82,000","82,000"
"=""067596""",南亞元富47購01  ,0,0,0,0,0,0,0,0,0,"82,000",0,0,0,"82,000",0,"82,000","82,000"
"=""067036""",台積電永豐47購18,0,0,0,0,0,0,0,0,0,"82,000",0,0,0,"82,000",0,"82,000","82,000"
"=""060221""",大同凱基46購01  ,0,0,0,0,0,0,0,0,0,"82,000",0,0,0,"92,000","10,000","82,000","82,000"
"=""059777""",富鼎元大45購06  ,0,0,0,0,0,0,0,0,0,"82,000",0,0,0,"82,000",0,"82,000","82,000"
"=""038632""",世紀鋼統一48購02,0,0,0,0,0,0,0,0,0,"82,000",0,0,0,"89,000","7,000","82,000","82,000"
"=""065397""",鴻海台新47購01  ,0,0,0,0,0,0,0,0,0,"82,000",0,0,0,"82,000",0,"82,000","82,000"
"=""066412""",和椿國票47購02  ,0,0,0,0,0,0,0,0,0,"82,000",0,0,0,"115,000","33,000","82,000","82,000"
"=""066725""",大立光群益47購09,0,0,0,0,0,0,0,0,0,"82,000",0,0,0,"82,000",0,"82,000","82,000"
"=""066010""",所羅門群益48購01,0,0,0,0,0,0,0,0,0,"82,000",0,0,0,"82,000",0,"82,000","82,000"
3023,信邦            ,"718,000","622,010","95,990",0,0,0,"1,000","4,000","-3,000","-11,356",0,"13,000","-13,000","1,644",0,"1,644","81,634"
"=""056344""",鴻海凱基45購12  ,0,0,0,0,0,0,0,0,0,"81,000",0,0,0,"84,000","3,000","81,000","81,000"
"=""063542""",敦泰國泰48購01  ,0,0,0,0,0,0,0,0,0,"81,000",0,0,0,"81,000",0,"81,000","81,000"
"=""063184""",華邦電群益47購02,0,0,0,0,0,0,0,0,0,"81,000",0,0,0,"103,000","22,000","81,000","81,000"
"=""063034""",臺股指群益46購22,0,0,0,0,0,0,0,0,0,"81,000",0,0,0,"96,000","15,000","81,000","81,000"
4566,時碩工業        ,"96,000","15,000","81,000",0,0,0,0,0,0,0,"10,000","10,000",0,0,0,0,"81,000"
"=""065747""",世芯元大47購16  ,0,0,0,0,0,0,0,0,0,"81,000",0,0,0,"217,000","136,000","81,000","81,000"
"=""042587""",南茂群益56購01  ,0,0,0,0,0,0,0,0,0,"81,000",0,0,0,"97,000","16,000","81,000","81,000"
"=""065233""",一詮凱基4B購01  ,0,0,0,0,0,0,0,0,0,"81,000",0,0,0,"91,000","10,000","81,000","81,000"
"=""058331""",緯創群益45購12  ,0,0,0,0,0,0,0,0,0,"81,000",0,0,0,"81,000",0,"81,000","81,000"
"=""058205""",金寶元富4B購01  ,0,0,0,0,0,0,0,0,0,"81,000",0,0,0,"81,000",0,"81,000","81,000"
"=""067907""",昆盈元大47購05  ,0,0,0,0,0,0,0,0,0,"81,000",0,0,0,"104,000","23,000","81,000","81,000"
"=""067994""",滬深2X群益47購10,0,0,0,0,0,0,0,0,0,"81,000",0,0,0,"132,000","51,000","81,000","81,000"
"=""060102""",鴻海富邦46購06  ,0,0,0,0,0,0,0,0,0,"81,000",0,0,0,"222,000","141,000","81,000","81,000"
"=""047379""",祥碩凱基43購06  ,0,0,0,0,0,0,0,0,0,"81,000",0,0,0,"101,000","20,000","81,000","81,000"
"=""04703T""",神基元富35售01  ,0,0,0,0,0,0,0,0,0,"81,000",0,0,0,"81,000",0,"81,000","81,000"
"=""047300""",正文富邦44購01  ,0,0,0,0,0,0,0,0,0,"81,000",0,0,0,"81,000",0,"81,000","81,000"
"=""07987U""",上緯控元富34售01,0,0,0,0,0,0,0,0,0,"81,000",0,0,0,"81,000",0,"81,000","81,000"
"=""061916""",勤誠元大46購02  ,0,0,0,0,0,0,0,0,0,"81,000",0,0,0,"185,000","104,000","81,000","81,000"
"=""061946""",世芯永豐47購06  ,0,0,0,0,0,0,0,0,0,"80,000",0,0,0,"80,000",0,"80,000","80,000"
"=""057117""",矽統群益47購03  ,0,0,0,0,0,0,0,0,0,"80,000",0,0,0,"85,000","5,000","80,000","80,000"
"=""056540""",緯創永豐47購01  ,0,0,0,0,0,0,0,0,0,"80,000",0,0,0,"80,000",0,"80,000","80,000"
"=""056697""",凱基金元大47購04,0,0,0,0,0,0,0,0,0,"80,000",0,0,0,"100,000","20,000","80,000","80,000"
"=""061013""",緯穎群益46購12  ,0,0,0,0,0,0,0,0,0,"80,000",0,0,0,"81,000","1,000","80,000","80,000"
"=""069011""",祥碩國票4A購01  ,0,0,0,0,0,0,0,0,0,"80,000",0,0,0,"148,000","68,000","80,000","80,000"
"=""068969""",創意富邦4C購04  ,0,0,0,0,0,0,0,0,0,"80,000",0,0,0,"80,000",0,"80,000","80,000"
"=""060494""",凱美國票46購01  ,0,0,0,0,0,0,0,0,0,"80,000",0,0,0,"80,000",0,"80,000","80,000"
"=""068471""",裕民群益48購03  ,0,0,0,0,0,0,0,0,0,"80,000",0,0,0,"150,000","70,000","80,000","80,000"
"=""060797""",台積電元富46購08,0,0,0,0,0,0,0,0,0,"80,000",0,0,0,"80,000",0,"80,000","80,000"
"=""060818""",臺股指元富46購10,0,0,0,0,0,0,0,0,0,"80,000",0,0,0,"80,000",0,"80,000","80,000"
"=""06852U""",昇陽半群益54售06,0,0,0,0,0,0,0,0,0,"80,000",0,0,0,"100,000","20,000","80,000","80,000"
"=""047395""",旺宏永豐43購01  ,0,0,0,0,0,0,0,0,0,"80,000",0,0,0,"457,000","377,000","80,000","80,000"
"=""054537""",緯創國泰46購03  ,0,0,0,0,0,0,0,0,0,"80,000",0,0,0,"128,000","48,000","80,000","80,000"
"=""04585T""",虹堡凱基35售03  ,0,0,0,0,0,0,0,0,0,"80,000",0,0,0,"80,000",0,"80,000","80,000"
"=""055783""",智邦永豐45購01  ,0,0,0,0,0,0,0,0,0,"80,000",0,0,0,"209,000","129,000","80,000","80,000"
"=""046443""",威盛統一48購03  ,0,0,0,0,0,0,0,0,0,"80,000",0,0,0,"80,000",0,"80,000","80,000"
"=""046946""",中華電群益44購01,0,0,0,0,0,0,0,0,0,"80,000",0,0,0,"80,000",0,"80,000","80,000"
"=""060067""",臺股指凱基46購22,"158,000","78,000","80,000",0,0,0,0,0,0,0,0,0,0,0,0,0,"80,000"
"=""068238""",國巨國票4A購01  ,0,0,0,0,0,0,0,0,0,"80,000",0,0,0,"80,000",0,"80,000","80,000"
"=""058660""",緯穎凱基45購09  ,0,0,0,0,0,0,0,0,0,"80,000",0,0,0,"80,000",0,"80,000","80,000"
"=""067426""",玉晶光永豐4B購01,0,0,0,0,0,0,0,0,0,"80,000",0,0,0,"80,000",0,"80,000","80,000"
"=""067456""",台灣50凱基4B購02,0,0,0,0,0,0,0,0,0,"80,000",0,0,0,"80,000",0,"80,000","80,000"
"=""067200""",海悅凱基47購02  ,0,0,0,0,0,0,0,0,0,"80,000",0,0,0,"214,000","134,000","80,000","80,000"
"=""058623""",可成永豐45購01  ,0,0,0,0,0,0,0,0,0,"80,000",0,0,0,"80,000",0,"80,000","80,000"
"=""065223""",道瓊銅凱基51購01,0,0,0,0,0,0,0,0,0,"80,000",0,0,0,"357,000","277,000","80,000","80,000"
"=""04298T""",威盛群益35售15  ,0,0,0,0,0,0,0,0,0,"80,000",0,0,0,"180,000","100,000","80,000","80,000"
"=""045449""",世芯元大55購13  ,0,0,0,0,0,0,0,0,0,"80,000",0,0,0,"80,000",0,"80,000","80,000"
"=""04553T""",國巨凱基35售05  ,0,0,0,0,0,0,0,0,0,"80,000",0,0,0,"80,000",0,"80,000","80,000"
"=""03447T""",臺股指法興33售12,"80,000",0,"80,000",0,0,0,0,0,0,0,0,0,0,0,0,0,"80,000"
"=""04468T""",聯發科凱基35售17,0,0,0,0,0,0,0,0,0,"80,000",0,0,0,"80,000",0,"80,000","80,000"
"=""044698""",至上元富58購04  ,0,0,0,0,0,0,0,0,0,"80,000",0,0,0,"102,000","22,000","80,000","80,000"
"=""03120T""",臺股指元大32售18,0,0,0,0,0,0,0,0,0,"80,000",0,0,0,"80,000",0,"80,000","80,000"
"=""065888""",上銀凱基47購03  ,0,0,0,0,0,0,0,0,0,"80,000",0,0,0,"80,000",0,"80,000","80,000"
"=""066028""",陽明群益47購03  ,0,0,0,0,0,0,0,0,0,"80,000",0,0,0,"80,000",0,"80,000","80,000"
"=""066637""",欣興永豐47購02  ,0,0,0,0,0,0,0,0,0,"80,000",0,0,0,"80,000",0,"80,000","80,000"
"=""051544""",迎廣群益44購01  ,0,0,0,0,0,0,0,0,0,"80,000",0,0,0,"180,000","100,000","80,000","80,000"
"=""052774""",昇陽半凱基48購01,0,0,0,0,0,0,0,0,0,"80,000",0,0,0,"80,000",0,"80,000","80,000"
"=""052146""",京城銀元大43購01,0,0,0,0,0,0,0,0,0,"80,000",0,0,0,"80,000",0,"80,000","80,000"
"=""04372T""",創意凱基36售11  ,0,0,0,0,0,0,0,0,0,"80,000",0,0,0,"110,000","30,000","80,000","80,000"
"=""048565""",大立光元大43購21,0,0,0,0,0,0,0,0,0,"80,000",0,0,0,"80,000",0,"80,000","80,000"
"=""063194""",智原群益46購07  ,0,0,0,0,0,0,0,0,0,"80,000",0,0,0,"80,000",0,"80,000","80,000"
"=""050576""",台灣50元大47購01,0,0,0,0,0,0,0,0,0,"80,000",0,0,0,"130,000","50,000","80,000","80,000"
"=""064903""",元債2X凱基4B購03,0,0,0,0,0,0,0,0,0,"80,000",0,0,0,"141,000","61,000","80,000","80,000"
"=""043892""",旺宏統一6B購01  ,0,0,0,0,0,0,0,0,0,"80,000",0,0,0,"80,000",0,"80,000","80,000"
"=""044072""",旺宏群益56購02  ,0,0,0,0,0,0,0,0,0,"79,000",0,0,0,"79,000",0,"79,000","79,000"
"=""050261""",健和興凱基43購01,0,0,0,0,0,0,0,0,0,"79,000",0,0,0,"84,000","5,000","79,000","79,000"
"=""063567""",致茂永豐46購02  ,0,0,0,0,0,0,0,0,0,"79,000",0,0,0,"79,000",0,"79,000","79,000"
"=""048350""",精銳第一44購01  ,0,0,0,0,0,0,0,0,0,"79,000",0,0,0,"121,000","42,000","79,000","79,000"
"=""054246""",T50反1富邦51購01,0,0,0,0,0,0,0,0,0,"79,000",0,0,0,"79,000",0,"79,000","79,000"
"=""054101""",臺股指法興44購03,0,0,0,0,0,0,0,0,0,"79,000",0,0,0,"101,000","22,000","79,000","79,000"
"=""064083""",愛普元大46購03  ,0,0,0,0,0,0,0,0,0,"79,000",0,0,0,"79,000",0,"79,000","79,000"
"=""052571""",台勝科凱基46購01,"166,000","87,000","79,000",0,0,0,0,0,0,0,0,0,0,0,0,0,"79,000"
"=""063664""",玉晶光元大46購04,0,0,0,0,0,0,0,0,0,"79,000",0,0,0,"79,000",0,"79,000","79,000"
"=""065679""",乙盛凱基47購01  ,0,0,0,0,0,0,0,0,0,"79,000",0,0,0,"94,000","15,000","79,000","79,000"
"=""059546""",元債2X元大49購03,0,0,0,0,0,0,0,0,0,"79,000",0,0,0,"79,000",0,"79,000","79,000"
"=""067163""",大立光元大4A購04,0,0,0,0,0,0,0,0,0,"79,000",0,0,0,"179,000","100,000","79,000","79,000"
"=""060149""",東陽元大46購01  ,0,0,0,0,0,0,0,0,0,"79,000",0,0,0,"80,000","1,000","79,000","79,000"
"=""055794""",啟�皏藕�46購01  ,0,0,0,0,0,0,0,0,0,"79,000",0,0,0,"110,000","31,000","79,000","79,000"
"=""062909""",所羅門凱基46購02,0,0,0,0,0,0,0,0,0,"79,000",0,0,0,"79,000",0,"79,000","79,000"
"=""061552""",波力永豐47購01  ,0,0,0,0,0,0,0,0,0,"79,000",0,0,0,"79,000",0,"79,000","79,000"
6933,AMAX-KY         ,"129,110","52,000","77,110",0,0,0,0,0,0,"1,000","3,000","2,000","1,000",0,0,0,"78,110"
"=""058974""",名軒國票46購01  ,0,0,0,0,0,0,0,0,0,"78,000",0,0,0,"78,000",0,"78,000","78,000"
"=""054046""",仲琦元大44購01  ,"156,000","78,000","78,000",0,0,0,0,0,0,0,0,0,0,0,0,0,"78,000"
"=""064274""",鴻海元大46購39  ,"78,000",0,"78,000",0,0,0,0,0,0,0,0,0,0,0,0,0,"78,000"
"=""04464T""",台積電永豐37售05,0,0,0,0,0,0,0,0,0,"78,000",0,0,0,"88,000","10,000","78,000","78,000"
"=""048253""",精銳統一48購02  ,0,0,0,0,0,0,"78,000",0,0,0,"80,000","2,000","78,000","78,000",,,
"=""050052""",京鼎元大46購01  ,0,0,0,0,0,0,0,0,0,"78,000",0,0,0,"217,000","139,000","78,000","78,000"
"=""050984""",美律國票44購02  ,0,0,0,0,0,0,0,0,0,"78,000",0,0,0,"302,000","224,000","78,000","78,000"
"=""056221""",長榮航群益44購02,0,0,0,0,0,0,0,0,0,"78,000",0,0,0,"78,000",0,"78,000","78,000"
"=""056083""",楠梓電元大46購01,"78,000",0,"78,000",0,0,0,0,0,0,0,0,0,0,0,0,0,"78,000"
"=""064906""",鴻海凱基47購15  ,0,0,0,0,0,0,0,0,0,"78,000",0,0,0,"78,000",0,"78,000","78,000"
"=""064575""",啟�眥窶�47購02  ,0,0,0,0,0,0,0,0,0,"78,000",0,0,0,"78,000",0,"78,000","78,000"
"=""064737""",元晶群益46購01  ,0,0,0,0,0,0,0,0,0,"78,000",0,0,0,"83,000","5,000","78,000","78,000"
"=""061549""",緯穎永豐49購01  ,0,0,0,0,0,0,0,0,0,"78,000",0,0,0,"78,000",0,"78,000","78,000"
"=""061561""",義隆凱基46購02  ,0,0,0,0,0,0,0,0,0,"78,000",0,0,0,"78,000",0,"78,000","78,000"
"=""056523""",樺漢凱基45購01  ,0,0,0,0,0,0,0,0,0,"78,000",0,0,0,"115,000","37,000","78,000","78,000"
"=""057320""",緯穎元大45購08  ,0,0,0,0,0,0,0,0,0,"78,000",0,0,0,"78,000",0,"78,000","78,000"
"=""060540""",士電富邦46購01  ,"156,000","78,000","78,000",0,0,0,0,0,0,0,0,0,0,0,0,0,"78,000"
"=""061270""",世芯凱基46購14  ,0,0,0,0,0,0,0,0,0,"78,000",0,0,0,"78,000",0,"78,000","78,000"
"=""062955""",鴻海元大46購23  ,0,0,0,0,0,0,0,0,0,"78,000",0,0,0,"80,000","2,000","78,000","78,000"
"=""047672""",長榮航富邦42購01,0,0,0,0,0,0,0,0,0,"78,000",0,0,0,"78,000",0,"78,000","78,000"
"=""062188""",全新永豐48購01  ,0,0,0,0,0,0,0,0,0,"78,000",0,0,0,"78,000",0,"78,000","78,000"
"=""057803""",未來車元富45購04,0,0,0,0,0,0,0,0,0,"78,000",0,0,0,"158,000","80,000","78,000","78,000"
"=""062614""",台玻兆豐48購01  ,0,0,0,0,0,0,0,0,0,"78,000",0,0,0,"81,000","3,000","78,000","78,000"
"=""046315""",旺宏元大45購01  ,0,0,0,0,0,0,0,0,0,"78,000",0,0,0,"78,000",0,"78,000","78,000"
"=""058668""",振樺電台新45購02,0,0,0,0,0,0,0,0,0,"78,000",0,0,0,"78,000",0,"78,000","78,000"
"=""058557""",緯穎元大45購22  ,0,0,0,0,0,0,0,0,0,"78,000",0,0,0,"89,000","11,000","78,000","78,000"
"=""065158""",炎洲群益48購01  ,0,0,0,0,0,0,0,0,0,"78,000",0,0,0,"78,000",0,"78,000","78,000"
"=""03811T""",台積電中信36售05,0,0,0,0,0,0,0,0,0,"78,000",0,0,0,"78,000",0,"78,000","78,000"
"=""00902""",中信電池及儲能  ,"413,500","55,000","358,500",0,0,0,0,0,0,"-280,524",0,0,0,"251,000","531,524","-280,524","77,976"
"=""059538""",祥碩凱基45購01  ,0,0,0,0,0,0,0,0,0,"77,000",0,0,0,"81,000","4,000","77,000","77,000"
"=""067327""",廣宇元大47購04  ,0,0,0,0,0,0,0,0,0,"77,000",0,0,0,"77,000",0,"77,000","77,000"
"=""066891""",緯穎元富48購01  ,0,0,0,0,0,0,0,0,0,"77,000",0,0,0,"82,000","5,000","77,000","77,000"
"=""059682""",長榮凱基46購08  ,0,0,0,0,0,0,0,0,0,"77,000",0,0,0,"127,000","50,000","77,000","77,000"
"=""058712""",迅得國票48購01  ,0,0,0,0,0,0,0,0,0,"77,000",0,0,0,"117,000","40,000","77,000","77,000"
"=""059969""",鴻準元大45購20  ,0,0,0,0,0,0,0,0,0,"77,000",0,0,0,"77,000",0,"77,000","77,000"
"=""068105""",聯發科元富47購15,0,0,0,0,0,0,0,0,0,"77,000",0,0,0,"77,000",0,"77,000","77,000"
"=""067769""",奇鋐統一4B購03  ,0,0,0,0,0,0,0,0,0,"77,000",0,0,0,"77,000",0,"77,000","77,000"
"=""067792""",皇昌元富51購01  ,0,0,0,0,0,0,0,0,0,"77,000",0,0,0,"77,000",0,"77,000","77,000"
"=""057496""",廣宇凱基45購01  ,0,0,0,0,0,0,0,0,0,"77,000",0,0,0,"77,000",0,"77,000","77,000"
"=""08752U""",光寶科永豐32售02,0,0,0,0,0,0,0,0,0,"77,000",0,0,0,"77,000",0,"77,000","77,000"
"=""061402""",永豐金群益47購01,0,0,0,0,0,0,0,0,0,"77,000",0,0,0,"234,000","157,000","77,000","77,000"
"=""061248""",美費半凱基47購02,0,0,0,0,0,0,0,0,0,"77,000",0,0,0,"131,000","54,000","77,000","77,000"
2929,淘帝-KY         ,"103,000","21,000","82,000",0,0,0,0,0,0,"-5,000",0,"5,000","-5,000",0,0,0,"77,000"
"=""049321""",玉晶光元富51購01,0,0,0,0,0,0,0,0,0,"77,000",0,0,0,"77,000",0,"77,000","77,000"
"=""051861""",碩天元大43購09  ,0,0,0,0,0,0,0,0,0,"77,000",0,0,0,"77,000",0,"77,000","77,000"
3296,勝德            ,"174,000","97,000","77,000",0,0,0,0,0,0,0,0,0,0,0,0,0,"77,000"
"=""052538""",陽明群益46購02  ,0,0,0,0,0,0,0,0,0,"77,000",0,0,0,"77,000",0,"77,000","77,000"
"=""053744""",世紀鋼國泰46購02,0,0,0,0,0,0,0,0,0,"76,000",0,0,0,"76,000",0,"76,000","76,000"
"=""056069""",景碩群益46購06  ,0,0,0,0,0,0,0,0,0,"76,000",0,0,0,"76,000",0,"76,000","76,000"
"=""064526""",泰金寶群益46購02,0,0,0,0,0,0,0,0,0,"76,000",0,0,0,"110,000","34,000","76,000","76,000"
"=""04412T""",聯發科元大35售27,0,0,0,0,0,0,0,0,0,"76,000",0,0,0,"100,000","24,000","76,000","76,000"
"=""068710""",神達凱基49購01  ,0,0,0,0,0,0,0,0,0,"76,000",0,0,0,"177,000","101,000","76,000","76,000"
"=""055250""",達發凱基44購02  ,0,0,0,0,0,0,0,0,0,"76,000",0,0,0,"76,000",0,"76,000","76,000"
"=""056738""",樺漢群益46購01  ,0,0,0,0,0,0,0,0,0,"76,000",0,0,0,"76,000",0,"76,000","76,000"
"=""057946""",神達元大48購01  ,0,0,0,0,0,0,0,0,0,"76,000",0,0,0,"76,000",0,"76,000","76,000"
"=""062597""",永崴控元大46購01,0,0,0,0,0,0,0,0,0,"76,000",0,0,0,"81,000","5,000","76,000","76,000"
"=""067944""",滬深2X永豐47購08,0,0,0,0,0,0,0,0,0,"76,000",0,0,0,"155,000","79,000","76,000","76,000"
"=""059878""",和大群益47購01  ,0,0,0,0,0,0,0,0,0,"76,000",0,0,0,"76,000",0,"76,000","76,000"
"=""065954""",華通元大47購08  ,0,0,0,0,0,0,0,0,0,"76,000",0,0,0,"76,000",0,"76,000","76,000"
"=""065716""",所羅門元大49購01,0,0,0,0,0,0,0,0,0,"76,000",0,0,0,"106,000","30,000","76,000","76,000"
"=""045176""",志聖國泰56購01  ,0,0,0,0,0,0,0,0,0,"76,000",0,0,0,"76,000",0,"76,000","76,000"
3042,晶技            ,"511,000","230,000","281,000",0,0,0,"3,000","202,520","-199,520","-6,031","3,000","19,031","-16,031","23,000","13,000","10,000","75,449"
6456,GIS-KY          ,"237,000","161,000","76,000",0,0,0,0,0,0,-708,"4,000","3,708",292,"3,000","4,000","-1,000","75,292"
5285,界霖            ,"98,000","20,000","78,000",0,0,0,0,0,0,"-3,000",0,"3,000","-3,000",0,0,0,"75,000"
"=""052201""",上証2X元富49購03,0,0,0,0,0,0,0,0,0,"75,000",0,0,0,"75,000",0,"75,000","75,000"
"=""051053""",愛山林元大43購01,0,0,0,0,0,0,0,0,0,"75,000",0,0,0,"85,000","10,000","75,000","75,000"
"=""063881""",長榮元大46購31  ,0,0,0,0,0,0,0,0,0,"75,000",0,0,0,"75,000",0,"75,000","75,000"
"=""063760""",元日2X元富5C購01,0,0,0,0,0,0,0,0,0,"75,000",0,0,0,"75,000",0,"75,000","75,000"
"=""051797""",佳必琪永豐43購01,0,0,0,0,0,0,0,0,0,"75,000",0,0,0,"75,000",0,"75,000","75,000"
"=""059236""",達方國票46購01  ,0,0,0,0,0,0,0,0,0,"75,000",0,0,0,"90,000","15,000","75,000","75,000"
"=""053404""",陽明元大44購10  ,0,0,0,0,0,0,0,0,0,"75,000",0,0,0,"105,000","30,000","75,000","75,000"
"=""049242""",台積電元大44購20,0,0,0,0,0,0,0,0,0,"75,000",0,0,0,"75,000",0,"75,000","75,000"
"=""063581""",上銀凱基47購01  ,0,0,0,0,0,0,0,0,0,"75,000",0,0,0,"134,000","59,000","75,000","75,000"
"=""063494""",穎崴富邦47購01  ,0,0,0,0,0,0,0,0,0,"75,000",0,0,0,"75,000",0,"75,000","75,000"
"=""064476""",緯創兆豐3A購01  ,0,0,0,0,0,0,0,0,0,"75,000",0,0,0,"100,000","25,000","75,000","75,000"
"=""03648T""",金像電凱基34售07,0,0,0,0,0,0,0,0,0,"75,000",0,0,0,"75,000",0,"75,000","75,000"
"=""058898""",長榮元大49購02  ,0,0,0,0,0,0,0,0,0,"75,000",0,0,0,"300,000","225,000","75,000","75,000"
"=""060034""",皇昌台新46購01  ,0,0,0,0,0,0,0,0,0,"75,000",0,0,0,"81,000","6,000","75,000","75,000"
"=""068052""",天虹元大47購06  ,0,0,0,0,0,0,0,0,0,"75,000",0,0,0,"75,000",0,"75,000","75,000"
"=""060162""",英業達元大46購02,0,0,0,0,0,0,0,0,0,"75,000",0,0,0,"75,000",0,"75,000","75,000"
"=""066988""",元金2X凱基51購01,0,0,0,0,0,0,0,0,0,"75,000",0,0,0,"75,000",0,"75,000","75,000"
"=""054890""",鴻海元富45購05  ,0,0,0,0,0,0,0,0,0,"75,000",0,0,0,"75,000",0,"75,000","75,000"
"=""067321""",亞德客元大47購03,0,0,0,0,0,0,0,0,0,"75,000",0,0,0,"75,000",0,"75,000","75,000"
"=""059460""",金像電元富45購03,0,0,0,0,0,0,0,0,0,"75,000",0,0,0,"97,000","22,000","75,000","75,000"
"=""067648""",技嘉永豐4B購01  ,0,0,0,0,0,0,0,0,0,"75,000",0,0,0,"75,000",0,"75,000","75,000"
"=""057877""",貿聯富邦47購01  ,0,0,0,0,0,0,0,0,0,"75,000",0,0,0,"75,000",0,"75,000","75,000"
"=""055139""",上証2X富邦48購01,0,0,0,0,0,0,0,0,0,"75,000",0,0,0,"300,000","225,000","75,000","75,000"
"=""062827""",精誠元大46購07  ,0,0,0,0,0,0,0,0,0,"75,000",0,0,0,"75,000",0,"75,000","75,000"
"=""061457""",金寶元大46購03  ,0,0,0,0,0,0,0,0,0,"75,000",0,0,0,"80,000","5,000","75,000","75,000"
"=""060534""",臺股指凱基46購23,0,0,0,0,0,0,0,0,0,"75,000",0,0,0,"153,000","78,000","75,000","75,000"
"=""060376""",緯穎元大46購07  ,0,0,0,0,0,0,0,0,0,"75,000",0,0,0,"75,000",0,"75,000","75,000"
"=""060291""",臺股指富邦47購08,0,0,0,0,0,0,0,0,0,"75,000",0,0,0,"77,000","2,000","75,000","75,000"
"=""057295""",順德元大45購02  ,0,0,0,0,0,0,0,0,0,"75,000",0,0,0,"135,000","60,000","75,000","75,000"
"=""057227""",智易統一4C購02  ,0,0,0,0,0,0,0,0,0,"75,000",0,0,0,"75,000",0,"75,000","75,000"
"=""057229""",世芯統一4B購02  ,0,0,0,0,0,0,0,0,0,"75,000",0,0,0,"75,000",0,"75,000","75,000"
"=""056613""",東哥群益45購01  ,0,0,0,0,0,0,0,0,0,"75,000",0,0,0,"104,000","29,000","75,000","75,000"
"=""069498""",達興元大48購03  ,0,0,0,0,0,0,0,0,0,"75,000",0,0,0,"75,000",0,"75,000","75,000"
"=""061989""",勤誠凱基46購01  ,0,0,0,0,0,0,0,0,0,"75,000",0,0,0,"142,000","67,000","75,000","75,000"
"=""061973""",長榮凱基4A購02  ,0,0,0,0,0,0,0,0,0,"75,000",0,0,0,"75,000",0,"75,000","75,000"
"=""062060""",貿聯群益46購07  ,0,0,0,0,0,0,0,0,0,"75,000",0,0,0,"75,000",0,"75,000","75,000"
"=""057265""",宏達電國票4B購01,0,0,0,0,0,0,0,0,0,"74,000",0,0,0,"74,000",0,"74,000","74,000"
"=""068492""",華通元大48購05  ,0,0,0,0,0,0,0,0,0,"74,000",0,0,0,"74,000",0,"74,000","74,000"
"=""068497""",新唐統一3B購01  ,0,0,0,0,0,0,0,0,0,"74,000",0,0,0,"74,000",0,"74,000","74,000"
"=""068381""",鴻海統一62購01  ,0,0,0,0,0,0,0,0,0,"74,000",0,0,0,"84,000","10,000","74,000","74,000"
"=""068765""",立積凱基4A購01  ,0,0,0,0,0,0,0,0,0,"74,000",0,0,0,"74,000",0,"74,000","74,000"
"=""08941U""",臺股指元大32售08,0,0,0,0,0,0,0,0,0,"74,000",0,0,0,"74,000",0,"74,000","74,000"
"=""062739""",聯電富邦46購02  ,0,0,0,0,0,0,0,0,0,"74,000",0,0,0,"1,262,000","1,188,000","74,000","74,000"
"=""067384""",嘉澤富邦48購03  ,0,0,0,0,0,0,0,0,0,"74,000",0,0,0,"75,000","1,000","74,000","74,000"
"=""067862""",緯穎凱基48購07  ,0,0,0,0,0,0,0,0,0,"74,000",0,0,0,"74,000",0,"74,000","74,000"
"=""058871""",台灣50元大45購16,0,0,0,0,0,0,0,0,0,"74,000",0,0,0,"74,000",0,"74,000","74,000"
"=""059802""",所羅門永豐45購01,0,0,0,0,0,0,0,0,0,"74,000",0,0,0,"144,000","70,000","74,000","74,000"
"=""045595""",聯發科統一53購02,0,0,0,0,0,0,0,0,0,"74,000",0,0,0,"94,000","20,000","74,000","74,000"
"=""065811""",大立光國票48購01,0,0,0,0,0,0,0,0,0,"74,000",0,0,0,"74,000",0,"74,000","74,000"
"=""063547""",FBNQ2X元富4C購02,0,0,0,0,0,0,0,0,0,"74,000",0,0,0,"74,000",0,"74,000","74,000"
"=""063388""",上銀群益46購04  ,0,0,0,0,0,0,0,0,0,"74,000",0,0,0,"74,000",0,"74,000","74,000"
"=""048756""",京元電永豐42購03,0,0,0,0,0,0,0,0,0,"74,000",0,0,0,"92,000","18,000","74,000","74,000"
"=""055726""",華泰元大44購02  ,0,0,0,0,0,0,0,0,0,"74,000",0,0,0,"74,000",0,"74,000","74,000"
"=""059019""",長榮航台新45購01,0,0,0,0,0,0,0,0,0,"74,000",0,0,0,"84,000","10,000","74,000","74,000"
"=""064261""",T50反1元大4A購02,0,0,0,0,0,0,0,0,0,"74,000",0,0,0,"141,000","67,000","74,000","74,000"
"=""053948""",碩天兆豐44購02  ,0,0,0,0,0,0,0,0,0,"74,000",0,0,0,"74,000",0,"74,000","74,000"
"=""052208""",威盛元富43購02  ,0,0,0,0,0,0,0,0,0,"74,000",0,0,0,"74,000",0,"74,000","74,000"
"=""063678""",南亞第一46購01  ,0,0,0,0,0,0,0,0,0,"74,000",0,0,0,"74,000",0,"74,000","74,000"
"=""051630""",富邦金元富46購01,0,0,0,0,0,0,0,0,0,"74,000",0,0,0,"74,000",0,"74,000","74,000"
"=""063726""",中磊中信47購01  ,0,0,0,0,0,0,0,0,0,"74,000",0,0,0,"74,000",0,"74,000","74,000"
"=""059276""",裕民永豐46購02  ,0,0,0,0,0,0,0,0,0,"73,000",0,0,0,"216,000","143,000","73,000","73,000"
"=""064111""",友達群益47購01  ,0,0,0,0,0,0,0,0,0,"73,000",0,0,0,"73,000",0,"73,000","73,000"
"=""055739""",慧洋元大44購02  ,0,0,0,0,0,0,0,0,0,"73,000",0,0,0,"73,000",0,"73,000","73,000"
"=""051040""",臺股指凱基49購04,0,0,0,0,0,0,0,0,0,"73,000",0,0,0,"81,000","8,000","73,000","73,000"
"=""050623""",世紀鋼群益43購09,0,0,0,0,0,0,0,0,0,"73,000",0,0,0,"78,000","5,000","73,000","73,000"
"=""064638""",玉晶光統一54購01,0,0,0,0,0,0,0,0,0,"73,000",0,0,0,"73,000",0,"73,000","73,000"
"=""065945""",臺股指元富47購03,"73,000",0,"73,000",0,0,0,0,0,0,0,0,0,0,0,0,0,"73,000"
"=""03818T""",臺股指元富39售03,0,0,0,0,0,0,0,0,0,"73,000",0,0,0,"85,000","12,000","73,000","73,000"
"=""066138""",所羅門統一53購03,0,0,0,0,0,0,0,0,0,"73,000",0,0,0,"73,000",0,"73,000","73,000"
"=""066456""",台積電元大4B購02,0,0,0,0,0,0,0,0,0,"73,000",0,0,0,"102,000","29,000","73,000","73,000"
"=""065090""",台積電台新47購01,0,0,0,0,0,0,0,0,0,"73,000",0,0,0,"78,000","5,000","73,000","73,000"
"=""059732""",東元元大45購02  ,0,0,0,0,0,0,0,0,0,"73,000",0,0,0,"75,000","2,000","73,000","73,000"
"=""058642""",海悅凱基45購02  ,0,0,0,0,0,0,0,0,0,"73,000",0,0,0,"98,000","25,000","73,000","73,000"
"=""059992""",日電貿元大45購04,0,0,0,0,0,0,0,0,0,"73,000",0,0,0,"73,000",0,"73,000","73,000"
"=""058401""",長榮元富46購03  ,0,0,0,0,0,0,0,0,0,"73,000",0,0,0,"73,000",0,"73,000","73,000"
"=""08708U""",華擎國票33售01  ,0,0,0,0,0,0,0,0,0,"73,000",0,0,0,"83,000","10,000","73,000","73,000"
"=""061058""",緯穎元大4C購02  ,0,0,0,0,0,0,0,0,0,"73,000",0,0,0,"73,000",0,"73,000","73,000"
"=""061636""",長榮元大46購17  ,0,0,0,0,0,0,0,0,0,"73,000",0,0,0,"210,000","137,000","73,000","73,000"
"=""061937""",鴻海永豐46購13  ,0,0,0,0,0,0,0,0,0,"73,000",0,0,0,"100,000","27,000","73,000","73,000"
"=""057156""",緯穎群益45購04  ,0,0,0,0,0,0,0,0,0,"72,000",0,0,0,"72,000",0,"72,000","72,000"
"=""060844""",穎崴富邦48購01  ,"72,000","68,000","4,000",0,0,0,0,0,0,"68,000",0,0,0,"68,000",0,"68,000","72,000"
"=""060564""",上証2X元大47購02,0,0,0,0,0,0,0,0,0,"72,000",0,0,0,"72,000",0,"72,000","72,000"
"=""058067""",神達國票49購01  ,0,0,0,0,0,0,0,0,0,"72,000",0,0,0,"122,000","50,000","72,000","72,000"
"=""046932""",台積電國泰44購04,0,0,0,0,0,0,0,0,0,"72,000",0,0,0,"72,000",0,"72,000","72,000"
"=""062485""",神達統一4C購02  ,0,0,0,0,0,0,0,0,0,"72,000",0,0,0,"72,000",0,"72,000","72,000"
"=""067803""",華擎統一3B購01  ,0,0,0,0,0,0,0,0,0,"72,000",0,0,0,"72,000",0,"72,000","72,000"
"=""066507""",聯發科群益4B購01,0,0,0,0,0,0,0,0,0,"72,000",0,0,0,"80,000","8,000","72,000","72,000"
"=""04347T""",天鈺元富35售02  ,0,0,0,0,0,0,0,0,0,"72,000",0,0,0,"72,000",0,"72,000","72,000"
"=""064549""",南電富邦49購01  ,0,0,0,0,0,0,0,0,0,"72,000",0,0,0,"172,000","100,000","72,000","72,000"
"=""056050""",緯創富邦4A購01  ,0,0,0,0,0,0,0,0,0,"72,000",0,0,0,"99,000","27,000","72,000","72,000"
"=""056008""",世芯元富4A購02  ,0,0,0,0,0,0,0,0,0,"72,000",0,0,0,"160,000","88,000","72,000","72,000"
"=""063090""",精銳國票47購02  ,0,0,0,0,0,0,0,0,0,"72,000",0,0,0,"72,000",0,"72,000","72,000"
"=""063324""",雄獅國票46購01  ,0,0,0,0,0,0,0,0,0,"72,000",0,0,0,"72,000",0,"72,000","72,000"
"=""064045""",宇隆元大46購05  ,0,0,0,0,0,0,0,0,0,"72,000",0,0,0,"79,000","7,000","72,000","72,000"
2316,楠梓電          ,"254,000","177,000","77,000",0,0,0,0,0,0,"-5,331","2,669","1,000","1,669",0,"7,000","-7,000","71,669"
2440,太空梭          ,"79,000","6,000","73,000",0,0,0,0,0,0,"-2,000","1,000","3,000","-2,000",0,0,0,"71,000"
"=""063583""",聯電凱基46購05  ,0,0,0,0,0,0,0,0,0,"71,000",0,0,0,"77,000","6,000","71,000","71,000"
"=""063639""",台塑元大49購02  ,0,0,0,0,0,0,0,0,0,"71,000",0,0,0,"81,000","10,000","71,000","71,000"
"=""064949""",愛山林永豐4C購01,0,0,0,0,0,0,0,0,0,"71,000",0,0,0,"71,000",0,"71,000","71,000"
"=""03754T""",友達凱基36售01  ,0,0,0,0,0,0,0,0,0,"71,000",0,0,0,"71,000",0,"71,000","71,000"
"=""044940""",長榮元大55購18  ,0,0,0,0,0,0,0,0,0,"71,000",0,0,0,"155,000","84,000","71,000","71,000"
"=""057602""",台塑中信45購01  ,0,0,0,0,0,0,0,0,0,"71,000",0,0,0,"101,000","30,000","71,000","71,000"
"=""068252""",創意國票49購01  ,"90,000","19,000","71,000",0,0,0,0,0,0,0,0,0,0,0,0,0,"71,000"
"=""058458""",台積電台新45購03,0,0,0,0,0,0,0,0,0,"71,000",0,0,0,"71,000",0,"71,000","71,000"
"=""067565""",台泥富邦49購01  ,0,0,0,0,0,0,0,0,0,"71,000",0,0,0,"92,000","21,000","71,000","71,000"
"=""060765""",鉅祥元大4B購01  ,0,0,0,0,0,0,0,0,0,"71,000",0,0,0,"91,000","20,000","71,000","71,000"
"=""068489""",世紀鋼群益48購05,0,0,0,0,0,0,0,0,0,"71,000",0,0,0,"226,000","155,000","71,000","71,000"
"=""057333""",英業達群益45購03,0,0,0,0,0,0,0,0,0,"71,000",0,0,0,"71,000",0,"71,000","71,000"
"=""00917""",中信特選金融    ,"213,000",0,"213,000",0,0,0,0,0,0,"-142,633",0,0,0,"79,544","222,177","-142,633","70,367"
3094,聯傑            ,"1,203,000","1,132,000","71,000",0,0,0,0,0,0,-782,"4,000","4,782",-782,0,0,0,"70,218"
"=""063642""",上銀元大46購03  ,0,0,0,0,0,0,0,0,0,"70,000",0,0,0,"70,000",0,"70,000","70,000"
"=""051104""",景碩群益43購09  ,0,0,0,0,0,0,0,0,0,"70,000",0,0,0,"70,000",0,"70,000","70,000"
"=""052605""",京鼎元大4A購01  ,0,0,0,0,0,0,0,0,0,"70,000",0,0,0,"70,000",0,"70,000","70,000"
"=""052598""",陽明元大44購04  ,0,0,0,0,0,0,0,0,0,"70,000",0,0,0,"70,000",0,"70,000","70,000"
"=""064110""",台光電群益46購07,0,0,0,0,0,0,0,0,0,"70,000",0,0,0,"70,000",0,"70,000","70,000"
"=""064196""",宇隆國票47購04  ,0,0,0,0,0,0,0,0,0,"70,000",0,0,0,"80,000","10,000","70,000","70,000"
"=""059100""",臺股指元富49購03,0,0,0,0,0,0,0,0,0,"70,000",0,0,0,"90,000","20,000","70,000","70,000"
"=""03944T""",台積電凱基35售15,0,0,0,0,0,0,0,0,0,"70,000",0,0,0,"70,000",0,"70,000","70,000"
"=""050271""",台灣50元富43購05,0,0,0,0,0,0,0,0,0,"70,000",0,0,0,"70,000",0,"70,000","70,000"
"=""063515""",FBNQ2X國票48購01,0,0,0,0,0,0,0,0,0,"70,000",0,0,0,"120,000","50,000","70,000","70,000"
"=""048311""",智原元大43購25  ,0,0,0,0,0,0,0,0,0,"70,000",0,0,0,"70,000",0,"70,000","70,000"
"=""048607""",旺旺保國票43購01,0,0,0,0,0,0,0,0,0,"70,000",0,0,0,"70,000",0,"70,000","70,000"
"=""064843""",華建永豐4A購01  ,0,0,0,0,0,0,0,0,0,"70,000",0,0,0,"70,000",0,"70,000","70,000"
"=""04062T""",台積電元大34售73,0,0,0,0,0,0,0,0,0,"70,000",0,0,0,"70,000",0,"70,000","70,000"
"=""066328""",日月光永豐4A購01,0,0,0,0,0,0,0,0,0,"70,000",0,0,0,"70,000",0,"70,000","70,000"
"=""042151""",鴻海凱基54購24  ,0,0,0,0,0,0,0,0,0,"70,000",0,0,0,"70,000",0,"70,000","70,000"
"=""042809""",台積電國票56購03,0,0,0,0,0,0,0,0,0,"70,000",0,0,0,"70,000",0,"70,000","70,000"
"=""065443""",神達元大47購10  ,0,0,0,0,0,0,0,0,0,"70,000",0,0,0,"70,000",0,"70,000","70,000"
"=""067457""",台塑凱基4B購01  ,0,0,0,0,0,0,0,0,0,"70,000",0,0,0,"70,000",0,"70,000","70,000"
"=""058399""",威盛元富45購04  ,0,0,0,0,0,0,0,0,0,"70,000",0,0,0,"70,000",0,"70,000","70,000"
"=""067624""",華泰兆豐3B購02  ,0,0,0,0,0,0,0,0,0,"70,000",0,0,0,"80,000","10,000","70,000","70,000"
"=""057670""",華碩統一4B購01  ,0,0,0,0,0,0,0,0,0,"70,000",0,0,0,"120,000","50,000","70,000","70,000"
"=""059764""",緯創元大45購37  ,0,0,0,0,0,0,0,0,0,"70,000",0,0,0,"70,000",0,"70,000","70,000"
"=""059778""",寶成元大45購07  ,0,0,0,0,0,0,0,0,0,"70,000",0,0,0,"70,000",0,"70,000","70,000"
"=""057329""",聯電群益45購05  ,0,0,0,0,0,0,0,0,0,"70,000",0,0,0,"109,000","39,000","70,000","70,000"
"=""057001""",華擎國票46購01  ,0,0,0,0,0,0,0,0,0,"70,000",0,0,0,"93,000","23,000","70,000","70,000"
"=""069081""",台積電元大48購37,0,0,0,0,0,0,0,0,0,"70,000",0,0,0,"70,000",0,"70,000","70,000"
"=""061651""",精誠元大46購01  ,0,0,0,0,0,0,0,0,0,"70,000",0,0,0,"70,000",0,"70,000","70,000"
"=""056626""",富邦金永豐47購01,0,0,0,0,0,0,0,0,0,"70,000",0,0,0,"70,000",0,"70,000","70,000"
"=""068520""",神達元大48購04  ,0,0,0,0,0,0,0,0,0,"70,000",0,0,0,"70,000",0,"70,000","70,000"
"=""068602""",鴻海元大48購09  ,0,0,0,0,0,0,0,0,0,"70,000",0,0,0,"70,000",0,"70,000","70,000"
"=""062321""",台塑元大46購08  ,0,0,0,0,0,0,0,0,0,"70,000",0,0,0,"70,000",0,"70,000","70,000"
"=""04673T""",可成永豐35售01  ,0,0,0,0,0,0,0,0,0,"70,000",0,0,0,"79,000","9,000","70,000","70,000"
"=""058040""",金寶統一53購01  ,0,0,0,0,0,0,0,0,0,"70,000",0,0,0,"70,000",0,"70,000","70,000"
"=""057791""",正崴兆豐47購01  ,0,0,0,0,0,0,0,0,0,"70,000",0,0,0,"70,000",0,"70,000","70,000"
"=""057463""",A50正2國票46購03,0,0,0,0,0,0,0,0,0,"70,000",0,0,0,"70,000",0,"70,000","70,000"
"=""07460U""",台積電凱基3C售05,0,0,0,0,0,0,0,0,0,"70,000",0,0,0,"70,000",0,"70,000","70,000"
"=""062776""",嘉澤群益4B購01  ,0,0,0,0,0,0,0,0,0,"70,000",0,0,0,"100,000","30,000","70,000","70,000"
"=""055051""",來億凱基44購03  ,0,0,0,0,0,0,0,0,0,"70,000",0,0,0,"70,000",0,"70,000","70,000"
"=""055046""",瑞儀凱基44購01  ,0,0,0,0,0,0,0,0,0,"70,000",0,0,0,"70,000",0,"70,000","70,000"
"=""055014""",宏�硒I邦46購01  ,0,0,0,0,0,0,0,0,0,"70,000",0,0,0,"80,000","10,000","70,000","70,000"
"=""055021""",華立富邦46購01  ,0,0,0,0,0,0,0,0,0,"70,000",0,0,0,"70,000",0,"70,000","70,000"
"=""07841U""",台積電國泰32售02,0,0,0,0,0,0,0,0,0,"70,000",0,0,0,"70,000",0,"70,000","70,000"
"=""054646""",京元電元富4A購01,0,0,0,0,0,0,0,0,0,"70,000",0,0,0,"100,000","30,000","70,000","70,000"
2731,雄獅            ,"328,000","253,000","75,000",0,0,0,"119,000",0,"119,000","-124,214","19,010","130,634","-111,624","2,000","14,590","-12,590","69,786"
2338,光罩            ,"229,020","144,000","85,020",0,0,0,0,0,0,"-15,292","4,000","19,292","-15,292","7,000","7,000",0,"69,728"
9802,鈺齊-KY         ,"150,000","99,000","51,000",0,0,0,"18,000",0,"18,000",295,"21,210","18,226","2,984",0,"2,689","-2,689","69,295"
"=""063750""",鈞興國票4A購01  ,0,0,0,0,0,0,0,0,0,"69,000",0,0,0,"81,000","12,000","69,000","69,000"
"=""054678""",萬海元大44購13  ,0,0,0,0,0,0,0,0,0,"69,000",0,0,0,"69,000",0,"69,000","69,000"
"=""047759""",京元電國泰44購01,0,0,0,0,0,0,0,0,0,"69,000",0,0,0,"150,000","81,000","69,000","69,000"
"=""060347""",正崴元大46購05  ,0,0,0,0,0,0,0,0,0,"69,000",0,0,0,"79,000","10,000","69,000","69,000"
"=""069279""",凱美元富48購02  ,0,0,0,0,0,0,0,0,0,"69,000",0,0,0,"269,000","200,000","69,000","69,000"
"=""060236""",祥碩凱基4B購01  ,0,0,0,0,0,0,0,0,0,"69,000",0,0,0,"69,000",0,"69,000","69,000"
"=""065137""",菱生群益48購01  ,0,0,0,0,0,0,0,0,0,"69,000",0,0,0,"74,000","5,000","69,000","69,000"
"=""065896""",台積電凱基49購10,0,0,0,0,0,0,0,0,0,"69,000",0,0,0,"183,000","114,000","69,000","69,000"
3673,TPK-KY          ,"210,000","114,000","96,000",0,0,0,0,0,0,"-27,150","7,000","2,041","4,959",0,"32,109","-32,109","68,850"
"=""063661""",健鼎元大46購01  ,0,0,0,0,0,0,0,0,0,"68,000",0,0,0,"68,000",0,"68,000","68,000"
"=""053109""",迅得統一4A購01  ,0,0,0,0,0,0,0,0,0,"68,000",0,0,0,"76,000","8,000","68,000","68,000"
"=""049297""",材料兆豐47購01  ,0,0,0,0,0,0,0,0,0,"68,000",0,0,0,"96,000","28,000","68,000","68,000"
"=""062963""",大同元大46購17  ,0,0,0,0,0,0,0,0,0,"68,000",0,0,0,"79,000","11,000","68,000","68,000"
"=""053337""",世芯群益46購02  ,0,0,0,0,0,0,0,0,0,"68,000",0,0,0,"138,000","70,000","68,000","68,000"
"=""050677""",致伸國泰45購01  ,0,0,0,0,0,0,0,0,0,"68,000",0,0,0,"98,000","30,000","68,000","68,000"
"=""051023""",日本反凱基46購01,0,0,0,0,0,0,0,0,0,"68,000",0,0,0,"70,000","2,000","68,000","68,000"
"=""050857""",世芯凱基47購02  ,0,0,0,0,0,0,0,0,0,"68,000",0,0,0,"68,000",0,"68,000","68,000"
"=""040265""",第一銅元大54購03,0,0,0,0,0,0,0,0,0,"68,000",0,0,0,"68,000",0,"68,000","68,000"
"=""066517""",台積電永豐3B購01,0,0,0,0,0,0,0,0,0,"68,000",0,0,0,"78,000","10,000","68,000","68,000"
"=""066532""",南亞凱基47購01  ,0,0,0,0,0,0,0,0,0,"68,000",0,0,0,"91,000","23,000","68,000","68,000"
"=""066860""",台積電元富47購18,0,0,0,0,0,0,0,0,0,"68,000",0,0,0,"182,000","114,000","68,000","68,000"
"=""031254""",材料元大58購02  ,0,0,0,0,0,0,0,0,0,"68,000",0,0,0,"68,000",0,"68,000","68,000"
"=""068348""",聯詠永豐49購01  ,0,0,0,0,0,0,0,0,0,"68,000",0,0,0,"87,000","19,000","68,000","68,000"
"=""067839""",群創凱基3B購01  ,0,0,0,0,0,0,0,0,0,"68,000",0,0,0,"109,000","41,000","68,000","68,000"
"=""067873""",技嘉群益47購03  ,0,0,0,0,0,0,0,0,0,"68,000",0,0,0,"68,000",0,"68,000","68,000"
"=""060062""",晶碩凱基46購01  ,"71,000","3,000","68,000",0,0,0,0,0,0,0,0,0,0,0,0,0,"68,000"
"=""058194""",健策永豐45購02  ,0,0,0,0,0,0,0,0,0,"68,000",0,0,0,"150,000","82,000","68,000","68,000"
"=""067247""",臺股指元富47購09,0,0,0,0,0,0,0,0,0,"68,000",0,0,0,"68,000",0,"68,000","68,000"
"=""061739""",瑞昱國泰48購01  ,0,0,0,0,0,0,0,0,0,"68,000",0,0,0,"70,000","2,000","68,000","68,000"
"=""069511""",萬海永豐4A購01  ,0,0,0,0,0,0,0,0,0,"68,000",0,0,0,"80,000","12,000","68,000","68,000"
"=""056589""",迅得元大45購02  ,0,0,0,0,0,0,0,0,0,"68,000",0,0,0,"68,000",0,"68,000","68,000"
"=""060515""",鴻海凱基47購10  ,0,0,0,0,0,0,0,0,0,"68,000",0,0,0,"74,000","6,000","68,000","68,000"
"=""068572""",南電國票49購02  ,0,0,0,0,0,0,0,0,0,"68,000",0,0,0,"73,000","5,000","68,000","68,000"
"=""061285""",盟立永豐47購01  ,0,0,0,0,0,0,0,0,0,"68,000",0,0,0,"68,000",0,"68,000","68,000"
1466,聚隆            ,"128,000","60,000","68,000",0,0,0,0,0,0,0,0,0,0,0,0,0,"68,000"
"=""062957""",仁寶元大4A購01  ,0,0,0,0,0,0,0,0,0,"68,000",0,0,0,"70,000","2,000","68,000","68,000"
"=""056803""",致茂兆豐46購01  ,0,0,0,0,0,0,0,0,0,"68,000",0,0,0,"140,000","72,000","68,000","68,000"
"=""062232""",保瑞元富4C購01  ,0,0,0,0,0,0,0,0,0,"68,000",0,0,0,"70,000","2,000","68,000","68,000"
"=""056851""",華友聯凱基45購02,0,0,0,0,0,0,0,0,0,"67,000",0,0,0,"67,000",0,"67,000","67,000"
"=""062828""",精誠元大46購08  ,0,0,0,0,0,0,0,0,0,"67,000",0,0,0,"205,000","138,000","67,000","67,000"
"=""04730T""",神基群益35售04  ,0,0,0,0,0,0,0,0,0,"67,000",0,0,0,"67,000",0,"67,000","67,000"
"=""07857U""",台灣50凱基33售05,0,0,0,0,0,0,0,0,0,"67,000",0,0,0,"100,000","33,000","67,000","67,000"
"=""08571U""",光寶科群益33售03,0,0,0,0,0,0,0,0,0,"67,000",0,0,0,"67,000",0,"67,000","67,000"
"=""068857""",鴻海永豐48購10  ,0,0,0,0,0,0,0,0,0,"67,000",0,0,0,"74,000","7,000","67,000","67,000"
"=""060924""",東元凱基46購03  ,0,0,0,0,0,0,0,0,0,"67,000",0,0,0,"67,000",0,"67,000","67,000"
"=""058196""",世芯永豐52購02  ,0,0,0,0,0,0,0,0,0,"67,000",0,0,0,"67,000",0,"67,000","67,000"
"=""059911""",威強電群益47購02,0,0,0,0,0,0,0,0,0,"67,000",0,0,0,"67,000",0,"67,000","67,000"
"=""068250""",德律國票4B購01  ,"109,000",0,"109,000",0,0,0,0,0,0,"-42,000",0,0,0,0,"42,000","-42,000","67,000"
"=""065343""",華城國泰48購02  ,0,0,0,0,0,0,0,0,0,"67,000",0,0,0,"68,000","1,000","67,000","67,000"
"=""04335T""",聯陽群益37售02  ,0,0,0,0,0,0,0,0,0,"67,000",0,0,0,"67,000",0,"67,000","67,000"
"=""065883""",道瓊銅凱基4C購01,0,0,0,0,0,0,0,0,0,"66,000",0,0,0,"66,000",0,"66,000","66,000"
"=""045836""",緯創元大43購10  ,0,0,0,0,0,0,0,0,0,"66,000",0,0,0,"66,000",0,"66,000","66,000"
"=""045311""",亞翔統一57購01  ,0,0,0,0,0,0,0,0,0,"66,000",0,0,0,"91,000","25,000","66,000","66,000"
"=""067783""",凌陽兆豐3B購01  ,0,0,0,0,0,0,0,0,0,"66,000",0,0,0,"91,000","25,000","66,000","66,000"
"=""058332""",緯創群益4A購01  ,0,0,0,0,0,0,0,0,0,"66,000",0,0,0,"81,000","15,000","66,000","66,000"
"=""058285""",英業達元大49購02,0,0,0,0,0,0,0,0,0,"66,000",0,0,0,"66,000",0,"66,000","66,000"
"=""058541""",漢唐元大45購01  ,0,0,0,0,0,0,0,0,0,"66,000",0,0,0,"76,000","10,000","66,000","66,000"
"=""059514""",台灣50凱基46購07,0,0,0,0,0,0,0,0,0,"66,000",0,0,0,"629,000","563,000","66,000","66,000"
"=""058616""",長榮航中信45購02,0,0,0,0,0,0,0,0,0,"66,000",0,0,0,"69,000","3,000","66,000","66,000"
"=""067068""",盟立群益47購02  ,0,0,0,0,0,0,0,0,0,"66,000",0,0,0,"66,000",0,"66,000","66,000"
"=""061283""",矽統永豐4A購02  ,0,0,0,0,0,0,0,0,0,"66,000",0,0,0,"81,000","15,000","66,000","66,000"
"=""056705""",緯創元大45購05  ,0,0,0,0,0,0,0,0,0,"66,000",0,0,0,"288,000","222,000","66,000","66,000"
"=""056860""",南亞科凱基45購03,0,0,0,0,0,0,0,0,0,"66,000",0,0,0,"66,000",0,"66,000","66,000"
"=""040318""",台達電群益54購08,0,0,0,0,0,0,0,0,0,"66,000",0,0,0,"66,000",0,"66,000","66,000"
"=""064361""",第一銅永豐49購01,0,0,0,0,0,0,0,0,0,"66,000",0,0,0,"66,000",0,"66,000","66,000"
"=""050540""",台灣50凱基46購03,0,0,0,0,0,0,0,0,0,"66,000",0,0,0,"82,000","16,000","66,000","66,000"
"=""063012""",國票金群益47購01,0,0,0,0,0,0,0,0,0,"66,000",0,0,0,"66,000",0,"66,000","66,000"
"=""063118""",上銀凱基46購02  ,0,0,0,0,0,0,0,0,0,"66,000",0,0,0,"81,000","15,000","66,000","66,000"
"=""049090""",晟銘電元大43購02,0,0,0,0,0,0,0,0,0,"66,000",0,0,0,"66,000",0,"66,000","66,000"
"=""063517""",美費半國票46購02,0,0,0,0,0,0,0,0,0,"66,000",0,0,0,"98,000","32,000","66,000","66,000"
"=""063450""",台光電元大46購13,0,0,0,0,0,0,0,0,0,"66,000",0,0,0,"66,000",0,"66,000","66,000"
"=""063244""",長榮元大46購29  ,0,0,0,0,0,0,0,0,0,"66,000",0,0,0,"66,000",0,"66,000","66,000"
"=""049647""",聯茂凱基43購03  ,0,0,0,0,0,0,0,0,0,"66,000",0,0,0,"66,000",0,"66,000","66,000"
"=""051318""",碩天元富43購01  ,0,0,0,0,0,0,0,0,0,"66,000",0,0,0,"71,000","5,000","66,000","66,000"
"=""064061""",大立光元大46購18,0,0,0,0,0,0,0,0,0,"66,000",0,0,0,"66,000",0,"66,000","66,000"
"=""059156""",日月光群益45購01,0,0,0,0,0,0,0,0,0,"66,000",0,0,0,"66,000",0,"66,000","66,000"
"=""053678""",華城元大49購02  ,0,0,0,0,0,0,0,0,0,"66,000",0,0,0,"66,000",0,"66,000","66,000"
"=""054343""",訊芯群益44購05  ,0,0,0,0,0,0,0,0,0,"66,000",0,0,0,"66,000",0,"66,000","66,000"
"=""054135""",訊芯群益44購04  ,0,0,0,0,0,0,0,0,0,"66,000",0,0,0,"155,000","89,000","66,000","66,000"
1103,嘉泥            ,"90,800","15,000","75,800",0,0,0,0,0,0,"-10,265","1,000","11,265","-10,265",0,0,0,"65,535"
"=""04678T""",金像電凱基35售03,0,0,0,0,0,0,0,0,0,"65,000",0,0,0,"65,000",0,"65,000","65,000"
"=""062668""",緯穎凱基46購09  ,0,0,0,0,0,0,0,0,0,"65,000",0,0,0,"65,000",0,"65,000","65,000"
"=""057013""",英業達統一4B購01,0,0,0,0,0,0,0,0,0,"65,000",0,0,0,"87,000","22,000","65,000","65,000"
"=""056963""",聯陽永豐45購01  ,0,0,0,0,0,0,0,0,0,"65,000",0,0,0,"70,000","5,000","65,000","65,000"
"=""069325""",亞翔國票4A購01  ,0,0,0,0,0,0,0,0,0,"65,000",0,0,0,"66,000","1,000","65,000","65,000"
"=""061377""",義隆兆豐48購01  ,0,0,0,0,0,0,0,0,0,"65,000",0,0,0,"68,000","3,000","65,000","65,000"
"=""068756""",奇鋐凱基48購07  ,0,0,0,0,0,0,0,0,0,"65,000",0,0,0,"65,000",0,"65,000","65,000"
"=""060638""",台玻中信47購01  ,0,0,0,0,0,0,0,0,0,"65,000",0,0,0,"65,000",0,"65,000","65,000"
"=""067342""",奇鋐元大48購04  ,0,0,0,0,0,0,0,0,0,"65,000",0,0,0,"150,000","85,000","65,000","65,000"
"=""067541""",漢唐群益47購02  ,0,0,0,0,0,0,0,0,0,"65,000",0,0,0,"65,000",0,"65,000","65,000"
"=""058641""",台積電凱基45購29,0,0,0,0,0,0,0,0,0,"65,000",0,0,0,"78,000","13,000","65,000","65,000"
"=""04312T""",威盛統一39售09  ,0,0,0,0,0,0,0,0,0,"65,000",0,0,0,"65,000",0,"65,000","65,000"
"=""04333T""",群光群益35售02  ,0,0,0,0,0,0,0,0,0,"65,000",0,0,0,"75,000","10,000","65,000","65,000"
"=""066841""",盛群凱基47購01  ,0,0,0,0,0,0,0,0,0,"65,000",0,0,0,"65,000",0,"65,000","65,000"
"=""066381""",元債2X國票48購03,0,0,0,0,0,0,0,0,0,"65,000",0,0,0,"91,000","26,000","65,000","65,000"
"=""063770""",仲琦元富46購01  ,0,0,0,0,0,0,0,0,0,"65,000",0,0,0,"65,000",0,"65,000","65,000"
"=""051116""",臺股指群益43購27,0,0,0,0,0,0,0,0,0,"65,000",0,0,0,"69,000","4,000","65,000","65,000"
"=""052261""",上緯控兆豐46購01,0,0,0,0,0,0,0,0,0,"65,000",0,0,0,"65,000",0,"65,000","65,000"
"=""056447""",潤泰新統一4B購01,0,0,0,0,0,0,0,0,0,"65,000",0,0,0,"65,000",0,"65,000","65,000"
"=""053033""",群光元大44購01  ,0,0,0,0,0,0,0,0,0,"65,000",0,0,0,"65,000",0,"65,000","65,000"
"=""050834""",所羅門統一53購01,0,0,0,0,0,0,0,0,0,"65,000",0,0,0,"320,000","255,000","65,000","65,000"
"=""056405""",T50正2群益45購01,0,0,0,0,0,0,0,0,0,"65,000",0,0,0,"100,000","35,000","65,000","65,000"
"=""04021T""",可成凱基34售03  ,0,0,0,0,0,0,0,0,0,"65,000",0,0,0,"65,000",0,"65,000","65,000"
"=""064827""",台塑統一51購01  ,0,0,0,0,0,0,0,0,0,"65,000",0,0,0,"65,000",0,"65,000","65,000"
"=""00861""",元大全球未來通訊,"277,000","6,000","271,000",0,0,0,0,0,0,"-206,417",0,0,0,"76,583","283,000","-206,417","64,583"
"=""066863""",台積電元富47購21,0,0,0,0,0,0,0,0,0,"64,000",0,0,0,"64,000",0,"64,000","64,000"
"=""04308T""",威盛統一39售07  ,0,0,0,0,0,0,0,0,0,"64,000",0,0,0,"64,000",0,"64,000","64,000"
"=""03536T""",旺宏凱基34售03  ,0,0,0,0,0,0,0,0,0,"64,000",0,0,0,"64,000",0,"64,000","64,000"
"=""059771""",啟�痐舅j45購05  ,0,0,0,0,0,0,0,0,0,"64,000",0,0,0,"726,000","662,000","64,000","64,000"
"=""067932""",中砂富邦49購01  ,0,0,0,0,0,0,0,0,0,"64,000",0,0,0,"123,000","59,000","64,000","64,000"
"=""060163""",大同元大46購01  ,0,0,0,0,0,0,0,0,0,"64,000",0,0,0,"64,000",0,"64,000","64,000"
"=""067418""",滬深2X永豐47購07,0,0,0,0,0,0,0,0,0,"64,000",0,0,0,"191,000","127,000","64,000","64,000"
"=""066917""",大立光群益47購10,0,0,0,0,0,0,0,0,0,"64,000",0,0,0,"316,000","252,000","64,000","64,000"
"=""062622""",滬深2X中信46購03,0,0,0,0,0,0,0,0,0,"64,000",0,0,0,"74,000","10,000","64,000","64,000"
"=""062561""",川湖元大46購08  ,0,0,0,0,0,0,0,0,0,"64,000",0,0,0,"80,000","16,000","64,000","64,000"
"=""057782""",崇越群益47購01  ,0,0,0,0,0,0,0,0,0,"64,000",0,0,0,"64,000",0,"64,000","64,000"
"=""07239U""",台積電國票55售08,0,0,0,0,0,0,0,0,0,"64,000",0,0,0,"64,000",0,"64,000","64,000"
"=""064429""",保瑞凱基46購11  ,0,0,0,0,0,0,0,0,0,"64,000",0,0,0,"64,000",0,"64,000","64,000"
"=""050647""",旺宏中信44購01  ,0,0,0,0,0,0,0,0,0,"64,000",0,0,0,"64,000",0,"64,000","64,000"
"=""050030""",矽力國票44購02  ,0,0,0,0,0,0,0,0,0,"64,000",0,0,0,"64,000",0,"64,000","64,000"
"=""050314""",緯創凱基3C購02  ,0,0,0,0,0,0,0,0,0,"64,000",0,0,0,"85,000","21,000","64,000","64,000"
"=""051675""",南亞凱基43購02  ,0,0,0,0,0,0,0,0,0,"64,000",0,0,0,"196,000","132,000","64,000","64,000"
"=""059302""",元債2X群益4B購06,0,0,0,0,0,0,0,0,0,"64,000",0,0,0,"100,000","36,000","64,000","64,000"
"=""064131""",祥碩群益46購08  ,0,0,0,0,0,0,0,0,0,"63,000",0,0,0,"63,000",0,"63,000","63,000"
"=""063821""",洋基凱基46購02  ,0,0,0,0,0,0,0,0,0,"63,000",0,0,0,"73,000","10,000","63,000","63,000"
"=""054244""",長華國泰46購02  ,0,0,0,0,0,0,0,0,0,"63,000",0,0,0,"63,000",0,"63,000","63,000"
"=""053665""",中502X元富44購08,0,0,0,0,0,0,0,0,0,"63,000",0,0,0,"63,000",0,"63,000","63,000"
"=""064252""",嘉澤群益47購06  ,0,0,0,0,0,0,0,0,0,"63,000",0,0,0,"226,000","163,000","63,000","63,000"
"=""063717""",S&P正2中信49購01,0,0,0,0,0,0,0,0,0,"63,000",0,0,0,"74,000","11,000","63,000","63,000"
6216,居易            ,"551,000","484,000","67,000",0,0,0,0,0,0,"-4,000","3,000","7,000","-4,000",0,0,0,"63,000"
"=""063056""",大立光國泰48購01,0,0,0,0,0,0,0,0,0,"63,000",0,0,0,"161,000","98,000","63,000","63,000"
"=""064961""",洋基永豐4A購01  ,0,0,0,0,0,0,0,0,0,"63,000",0,0,0,"64,000","1,000","63,000","63,000"
"=""057785""",迅得群益49購01  ,0,0,0,0,0,0,0,0,0,"63,000",0,0,0,"101,000","38,000","63,000","63,000"
"=""062460""",威盛群益46購02  ,0,0,0,0,0,0,0,0,0,"63,000",0,0,0,"63,000",0,"63,000","63,000"
"=""054989""",道瓊銅國票46購01,0,0,0,0,0,0,0,0,0,"63,000",0,0,0,"89,000","26,000","63,000","63,000"
"=""054992""",台玻國票45購01  ,0,0,0,0,0,0,0,0,0,"63,000",0,0,0,"68,000","5,000","63,000","63,000"
"=""061226""",長榮航元大46購07,0,0,0,0,0,0,0,0,0,"63,000",0,0,0,"75,000","12,000","63,000","63,000"
"=""062132""",偉訓國票48購01  ,0,0,0,0,0,0,0,0,0,"63,000",0,0,0,"65,000","2,000","63,000","63,000"
"=""056676""",FB台50元大45購01,0,0,0,0,0,0,0,0,0,"63,000",0,0,0,"95,000","32,000","63,000","63,000"
"=""056569""",威盛元大45購05  ,0,0,0,0,0,0,0,0,0,"63,000",0,0,0,"80,000","17,000","63,000","63,000"
"=""067204""",聯發科凱基47購08,0,0,0,0,0,0,0,0,0,"63,000",0,0,0,"78,000","15,000","63,000","63,000"
"=""065697""",台塑元大4C購03  ,0,0,0,0,0,0,0,0,0,"63,000",0,0,0,"63,000",0,"63,000","63,000"
"=""065970""",一詮元大51購01  ,0,0,0,0,0,0,0,0,0,"63,000",0,0,0,"65,000","2,000","63,000","63,000"
"=""020038""",元大ESG配息N    ,0,0,0,0,0,0,0,0,0,"62,000",0,0,0,"75,000","13,000","62,000","62,000"
"=""066543""",致茂凱基48購01  ,0,0,0,0,0,0,0,0,0,"62,000",0,0,0,"167,000","105,000","62,000","62,000"
"=""067227""",長榮航永豐51購01,"63,000","1,000","62,000",0,0,0,0,0,0,0,0,0,0,0,0,0,"62,000"
"=""055949""",世芯元大44購22  ,0,0,0,0,0,0,0,0,0,"62,000",0,0,0,"62,000",0,"62,000","62,000"
"=""068205""",佳能國泰49購01  ,0,0,0,0,0,0,0,0,0,"62,000",0,0,0,"184,000","122,000","62,000","62,000"
"=""067950""",金像電永豐4B購01,0,0,0,0,0,0,0,0,0,"62,000",0,0,0,"62,000",0,"62,000","62,000"
"=""058288""",長榮元大45購15  ,0,0,0,0,0,0,0,0,0,"62,000",0,0,0,"62,000",0,"62,000","62,000"
"=""058195""",世芯永豐52購01  ,0,0,0,0,0,0,0,0,0,"62,000",0,0,0,"84,000","22,000","62,000","62,000"
"=""061595""",義隆國票48購01  ,0,0,0,0,0,0,0,0,0,"62,000",0,0,0,"62,000",0,"62,000","62,000"
"=""061812""",緯創凱基4A購01  ,0,0,0,0,0,0,0,0,0,"62,000",0,0,0,"228,000","166,000","62,000","62,000"
"=""061389""",川湖群益46購08  ,0,0,0,0,0,0,0,0,0,"62,000",0,0,0,"262,000","200,000","62,000","62,000"
"=""062946""",東陽元大46購09  ,0,0,0,0,0,0,0,0,0,"62,000",0,0,0,"102,000","40,000","62,000","62,000"
"=""057834""",緯穎永豐46購02  ,0,0,0,0,0,0,0,0,0,"62,000",0,0,0,"62,000",0,"62,000","62,000"
"=""040717""",長榮凱基54購06  ,0,0,0,0,0,0,0,0,0,"62,000",0,0,0,"72,000","10,000","62,000","62,000"
"=""065018""",瀚宇博國票49購01,0,0,0,0,0,0,0,0,0,"62,000",0,0,0,"86,000","24,000","62,000","62,000"
"=""063022""",精銳群益46購01  ,0,0,0,0,0,0,0,0,0,"62,000",0,0,0,"222,000","160,000","62,000","62,000"
"=""048478""",創意元富58購01  ,0,0,0,0,0,0,0,0,0,"62,000",0,0,0,"102,000","40,000","62,000","62,000"
"=""050607""",材料元大43購40  ,0,0,0,0,0,0,0,0,0,"62,000",0,0,0,"62,000",0,"62,000","62,000"
"=""051010""",微星國泰45購02  ,0,0,0,0,0,0,0,0,0,"62,000",0,0,0,"68,000","6,000","62,000","62,000"
4426,利勤            ,"68,000","11,000","57,000",0,0,0,0,0,0,"5,000","7,000","2,000","5,000",0,0,0,"62,000"
"=""052541""",台新金群益48購01,0,0,0,0,0,0,0,0,0,"62,000",0,0,0,"62,000",0,"62,000","62,000"
"=""056477""",鴻準國票48購02  ,0,0,0,0,0,0,0,0,0,"62,000",0,0,0,"127,000","65,000","62,000","62,000"
"=""064155""",佳世達第一46購01,0,0,0,0,0,0,0,0,0,"62,000",0,0,0,"72,000","10,000","62,000","62,000"
"=""063988""",金像電元富46購05,0,0,0,0,0,0,0,0,0,"62,000",0,0,0,"62,000",0,"62,000","62,000"
"=""059309""",台積電群益46購17,0,0,0,0,0,0,0,0,0,"61,000",0,0,0,"77,000","16,000","61,000","61,000"
"=""064260""",T50反1元大4A購01,0,0,0,0,0,0,0,0,0,"61,000",0,0,0,"163,000","102,000","61,000","61,000"
"=""053746""",世芯兆豐44購02  ,0,0,0,0,0,0,0,0,0,"61,000",0,0,0,"61,000",0,"61,000","61,000"
"=""056469""",群臺2X國票46購01,0,0,0,0,0,0,0,0,0,"61,000",0,0,0,"113,000","52,000","61,000","61,000"
"=""051279""",達興永豐46購01  ,0,0,0,0,0,0,0,0,0,"61,000",0,0,0,"61,000",0,"61,000","61,000"
2534,宏盛            ,"243,000","162,000","81,000",0,0,0,0,0,0,"-20,000",0,"20,000","-20,000",0,0,0,"61,000"
"=""048818""",元債2X國票43購04,0,0,0,0,0,0,0,0,0,"61,000",0,0,0,"82,000","21,000","61,000","61,000"
"=""040727""",創意凱基54購10  ,0,0,0,0,0,0,0,0,0,"61,000",0,0,0,"87,000","26,000","61,000","61,000"
"=""064443""",上銀元大49購03  ,0,0,0,0,0,0,0,0,0,"61,000",0,0,0,"61,000",0,"61,000","61,000"
"=""055789""",世芯永豐44購09  ,0,0,0,0,0,0,0,0,0,"61,000",0,0,0,"61,000",0,"61,000","61,000"
"=""062422""",一詮永豐47購03  ,0,0,0,0,0,0,0,0,0,"61,000",0,0,0,"61,000",0,"61,000","61,000"
"=""062694""",台新金永豐47購01,0,0,0,0,0,0,0,0,0,"61,000",0,0,0,"129,000","68,000","61,000","61,000"
"=""062868""",聯發科統一5C購01,0,0,0,0,0,0,0,0,0,"61,000",0,0,0,"61,000",0,"61,000","61,000"
"=""055429""",世芯永豐46購06  ,0,0,0,0,0,0,0,0,0,"61,000",0,0,0,"61,000",0,"61,000","61,000"
"=""060626""",建漢國票47購01  ,0,0,0,0,0,0,0,0,0,"61,000",0,0,0,"69,000","8,000","61,000","61,000"
"=""061991""",仁寶台新46購01  ,0,0,0,0,0,0,0,0,0,"61,000",0,0,0,"98,000","37,000","61,000","61,000"
"=""067326""",鴻海元大4A購03  ,0,0,0,0,0,0,0,0,0,"61,000",0,0,0,"61,000",0,"61,000","61,000"
"=""067447""",力智國票47購01  ,0,0,0,0,0,0,0,0,0,"61,000",0,0,0,"83,000","22,000","61,000","61,000"
"=""067625""",金像電兆豐3B購01,0,0,0,0,0,0,0,0,0,"61,000",0,0,0,"114,000","53,000","61,000","61,000"
"=""066285""",精成科元大47購01,0,0,0,0,0,0,0,0,0,"61,000",0,0,0,"104,000","43,000","61,000","61,000"
"=""065967""",盟立元大47購03  ,0,0,0,0,0,0,0,0,0,"61,000",0,0,0,"262,000","201,000","61,000","61,000"
"=""065657""",中砂凱基4C購01  ,0,0,0,0,0,0,0,0,0,"61,000",0,0,0,"83,000","22,000","61,000","61,000"
"=""034532""",台達電元富56購01,0,0,0,0,0,0,0,0,0,"61,000",0,0,0,"61,000",0,"61,000","61,000"
"=""045047""",新纖國票57購01  ,0,0,0,0,0,0,0,0,0,"60,000",0,0,0,"80,000","20,000","60,000","60,000"
"=""03570T""",三陽凱基33售05  ,0,0,0,0,0,0,0,0,0,"60,000",0,0,0,"60,000",0,"60,000","60,000"
"=""03653T""",技嘉群益36售05  ,0,0,0,0,0,0,0,0,0,"60,000",0,0,0,"60,000",0,"60,000","60,000"
"=""03875T""",臺股指凱基36售27,0,0,0,0,0,0,0,0,0,"60,000",0,0,0,"115,000","55,000","60,000","60,000"
"=""065654""",SGBR2X凱基49購02,0,0,0,0,0,0,0,0,0,"60,000",0,0,0,"60,000",0,"60,000","60,000"
"=""04337T""",威盛元富35售01  ,0,0,0,0,0,0,0,0,0,"60,000",0,0,0,"90,000","30,000","60,000","60,000"
"=""03796T""",世紀鋼元大34售04,0,0,0,0,0,0,0,0,0,"60,000",0,0,0,"60,000",0,"60,000","60,000"
"=""066371""",富鼎元富47購01  ,0,0,0,0,0,0,0,0,0,"60,000",0,0,0,"60,000",0,"60,000","60,000"
"=""066403""",晟銘電國票49購02,0,0,0,0,0,0,0,0,0,"60,000",0,0,0,"70,000","10,000","60,000","60,000"
"=""067546""",奇鋐群益47購03  ,0,0,0,0,0,0,0,0,0,"60,000",0,0,0,"300,000","240,000","60,000","60,000"
"=""067292""",聯發科群益47購14,0,0,0,0,0,0,0,0,0,"60,000",0,0,0,"67,000","7,000","60,000","60,000"
"=""054798""",訊芯凱基48購01  ,0,0,0,0,0,0,0,0,0,"60,000",0,0,0,"70,000","10,000","60,000","60,000"
"=""067027""",新唐統一55購01  ,0,0,0,0,0,0,0,0,0,"60,000",0,0,0,"60,000",0,"60,000","60,000"
"=""041860""",智原兆豐56購01  ,0,0,0,0,0,0,0,0,0,"60,000",0,0,0,"300,000","240,000","60,000","60,000"
"=""052126""",陽明台新43購02  ,0,0,0,0,0,0,0,0,0,"60,000",0,0,0,"60,000",0,"60,000","60,000"
"=""067787""",香港2X元富51購01,0,0,0,0,0,0,0,0,0,"60,000",0,0,0,"152,000","92,000","60,000","60,000"
"=""067725""",景碩元大47購06  ,0,0,0,0,0,0,0,0,0,"60,000",0,0,0,"60,000",0,"60,000","60,000"
"=""068210""",元債2X群益52購01,0,0,0,0,0,0,0,0,0,"60,000",0,0,0,"60,000",0,"60,000","60,000"
"=""068197""",立隆電元富48購01,0,0,0,0,0,0,0,0,0,"60,000",0,0,0,"60,000",0,"60,000","60,000"
"=""069016""",永道國票49購02  ,0,0,0,0,0,0,0,0,0,"60,000",0,0,0,"74,000","14,000","60,000","60,000"
"=""069112""",亞翔元大48購02  ,0,0,0,0,0,0,0,0,0,"60,000",0,0,0,"61,000","1,000","60,000","60,000"
"=""057362""",緯穎群益45購05  ,0,0,0,0,0,0,0,0,0,"60,000",0,0,0,"60,000",0,"60,000","60,000"
"=""060521""",可成凱基46購02  ,0,0,0,0,0,0,0,0,0,"60,000",0,0,0,"60,000",0,"60,000","60,000"
"=""061250""",華新凱基46購01  ,0,0,0,0,0,0,0,0,0,"60,000",0,0,0,"60,000",0,"60,000","60,000"
"=""061163""",來億元富46購02  ,0,0,0,0,0,0,0,0,0,"60,000",0,0,0,"60,000",0,"60,000","60,000"
"=""068814""",奇鋐國票49購04  ,0,0,0,0,0,0,0,0,0,"60,000",0,0,0,"80,000","20,000","60,000","60,000"
"=""08928U""",技嘉群益34售04  ,0,0,0,0,0,0,0,0,0,"60,000",0,0,0,"60,000",0,"60,000","60,000"
"=""08920U""",金像電凱基33售06,0,0,0,0,0,0,0,0,0,"60,000",0,0,0,"60,000",0,"60,000","60,000"
"=""08390U""",欣興元富33售07  ,0,0,0,0,0,0,0,0,0,"60,000",0,0,0,"60,000",0,"60,000","60,000"
"=""058121""",緯穎元大45購18  ,0,0,0,0,0,0,0,0,0,"60,000",0,0,0,"60,000",0,"60,000","60,000"
"=""07958U""",緯創中信33售03  ,0,0,0,0,0,0,0,0,0,"60,000",0,0,0,"60,000",0,"60,000","60,000"
"=""08070U""",勤誠凱基32售04  ,0,0,0,0,0,0,0,0,0,"60,000",0,0,0,"289,000","229,000","60,000","60,000"
"=""08163U""",光寶科統一33售03,0,0,0,0,0,0,0,0,0,"60,000",0,0,0,"60,000",0,"60,000","60,000"
"=""062343""",智原元大4A購01  ,0,0,0,0,0,0,0,0,0,"60,000",0,0,0,"64,000","4,000","60,000","60,000"
"=""055889""",天虹國票46購02  ,0,0,0,0,0,0,0,0,0,"60,000",0,0,0,"60,000",0,"60,000","60,000"
"=""057577""",技嘉群益45購04  ,0,0,0,0,0,0,0,0,0,"60,000",0,0,0,"80,000","20,000","60,000","60,000"
"=""058049""",中租兆豐47購01  ,0,0,0,0,0,0,0,0,0,"60,000",0,0,0,"60,000",0,"60,000","60,000"
"=""044225""",聯鈞元富55購02  ,0,0,0,0,0,0,0,0,0,"60,000",0,0,0,"60,000",0,"60,000","60,000"
"=""048040""",創意凱基42購05  ,0,0,0,0,0,0,0,0,0,"60,000",0,0,0,"80,000","20,000","60,000","60,000"
"=""048105""",元日2X國票45購02,0,0,0,0,0,0,0,0,0,"60,000",0,0,0,"102,000","42,000","60,000","60,000"
"=""049940""",世芯元富49購02  ,0,0,0,0,0,0,0,0,0,"60,000",0,0,0,"60,000",0,"60,000","60,000"
2302,麗正            ,"66,000","15,000","51,000",0,0,0,0,0,0,"9,000","9,000",0,"9,000",0,0,0,"60,000"
"=""052222""",中502X凱基45購01,0,0,0,0,0,0,0,0,0,"60,000",0,0,0,"60,000",0,"60,000","60,000"
"=""052790""",鴻海群益45購05  ,0,0,0,0,0,0,0,0,0,"60,000",0,0,0,"60,000",0,"60,000","60,000"
"=""052843""",昇陽半元大46購03,0,0,0,0,0,0,0,0,0,"60,000",0,0,0,"60,000",0,"60,000","60,000"
"=""053265""",上証2X永豐46購01,0,0,0,0,0,0,0,0,0,"60,000",0,0,0,"60,000",0,"60,000","60,000"
9924,福興            ,"110,000","42,000","68,000",0,0,0,0,0,0,"-8,000","11,000","19,000","-8,000",0,0,0,"60,000"
"=""063867""",台化元大46購02  ,0,0,0,0,0,0,0,0,0,"60,000",0,0,0,"120,000","60,000","60,000","60,000"
3060,銘異            ,"137,000","82,000","55,000",0,0,0,0,0,0,"4,073","7,000","2,927","4,073",0,0,0,"59,073"
"=""052243""",台積電國泰46購01,0,0,0,0,0,0,0,0,0,"59,000",0,0,0,"780,000","721,000","59,000","59,000"
"=""051271""",潤隆永豐44購01  ,0,0,0,0,0,0,0,0,0,"59,000",0,0,0,"60,000","1,000","59,000","59,000"
"=""051153""",SGBR2X國票46購01,0,0,0,0,0,0,0,0,0,"59,000",0,0,0,"160,000","101,000","59,000","59,000"
"=""050676""",上緯控國泰45購01,0,0,0,0,0,0,0,0,0,"59,000",0,0,0,"70,000","11,000","59,000","59,000"
"=""063561""",鴻海永豐4B購01  ,0,0,0,0,0,0,0,0,0,"59,000",0,0,0,"59,000",0,"59,000","59,000"
"=""063321""",佳能國票47購04  ,0,0,0,0,0,0,0,0,0,"59,000",0,0,0,"72,000","13,000","59,000","59,000"
"=""055830""",佳必琪群益46購02,0,0,0,0,0,0,0,0,0,"59,000",0,0,0,"80,000","21,000","59,000","59,000"
"=""068712""",精英富邦3A購01  ,0,0,0,0,0,0,0,0,0,"59,000",0,0,0,"131,000","72,000","59,000","59,000"
"=""068741""",力積電群益48購05,0,0,0,0,0,0,0,0,0,"59,000",0,0,0,"140,000","81,000","59,000","59,000"
"=""068570""",力積電國票48購01,0,0,0,0,0,0,0,0,0,"59,000",0,0,0,"59,000",0,"59,000","59,000"
"=""068371""",達興富邦4A購01  ,0,0,0,0,0,0,0,0,0,"59,000",0,0,0,"62,000","3,000","59,000","59,000"
"=""056724""",川湖群益4A購01  ,0,0,0,0,0,0,0,0,0,"59,000",0,0,0,"66,000","7,000","59,000","59,000"
"=""057045""",聯陽凱基45購01  ,0,0,0,0,0,0,0,0,0,"59,000",0,0,0,"79,000","20,000","59,000","59,000"
"=""061541""",臺股指中信46購12,0,0,0,0,0,0,0,0,0,"59,000",0,0,0,"347,000","288,000","59,000","59,000"
"=""058847""",光寶科凱基45購04,0,0,0,0,0,0,0,0,0,"59,000",0,0,0,"64,000","5,000","59,000","59,000"
"=""052031""",祥碩國票43購02  ,0,0,0,0,0,0,0,0,0,"59,000",0,0,0,"59,000",0,"59,000","59,000"
"=""066789""",元債2X永豐54購02,0,0,0,0,0,0,0,0,0,"59,000",0,0,0,"65,000","6,000","59,000","59,000"
"=""066653""",健策統一51購01  ,0,0,0,0,0,0,0,0,0,"59,000",0,0,0,"80,000","21,000","59,000","59,000"
"=""041531""",緯創元大54購33  ,0,0,0,0,0,0,0,0,0,"59,000",0,0,0,"59,000",0,"59,000","59,000"
2905,三商            ,"373,000","345,000","28,000",0,0,0,0,0,0,"30,809","39,000","8,191","30,809",0,0,0,"58,809"
"=""054726""",雲豹台新44購01  ,0,0,0,0,0,0,0,0,0,"58,000",0,0,0,"163,000","105,000","58,000","58,000"
"=""050126""",台灣50凱基47購01,0,0,0,0,0,0,0,0,0,"58,000",0,0,0,"78,000","20,000","58,000","58,000"
"=""063986""",華碩元富4C購01  ,0,0,0,0,0,0,0,0,0,"58,000",0,0,0,"58,000",0,"58,000","58,000"
"=""054129""",京鼎群益44購05  ,0,0,0,0,0,0,0,0,0,"58,000",0,0,0,"78,000","20,000","58,000","58,000"
"=""064914""",立隆電凱基48購01,0,0,0,0,0,0,0,0,0,"58,000",0,0,0,"141,000","83,000","58,000","58,000"
"=""066000""",華新科統一3C購01,0,0,0,0,0,0,0,0,0,"58,000",0,0,0,"59,000","1,000","58,000","58,000"
"=""065189""",燿華凱基47購01  ,0,0,0,0,0,0,0,0,0,"58,000",0,0,0,"58,000",0,"58,000","58,000"
"=""066885""",一詮元富51購01  ,0,0,0,0,0,0,0,0,0,"58,000",0,0,0,"68,000","10,000","58,000","58,000"
"=""059403""",全漢統一53購02  ,0,0,0,0,0,0,0,0,0,"58,000",0,0,0,"147,000","89,000","58,000","58,000"
"=""058814""",上証2X永豐45購03,0,0,0,0,0,0,0,0,0,"58,000",0,0,0,"58,000",0,"58,000","58,000"
"=""067852""",全新凱基49購01  ,0,0,0,0,0,0,0,0,0,"58,000",0,0,0,"58,000",0,"58,000","58,000"
"=""061596""",可成國票48購02  ,0,0,0,0,0,0,0,0,0,"58,000",0,0,0,"75,000","17,000","58,000","58,000"
"=""046510""",日月光元大43購04,0,0,0,0,0,0,0,0,0,"58,000",0,0,0,"71,000","13,000","58,000","58,000"
"=""046448""",宏璟統一48購01  ,0,0,0,0,0,0,0,0,0,"57,000",0,0,0,"83,000","26,000","57,000","57,000"
"=""057768""",奇鋐群益45購12  ,0,0,0,0,0,0,0,0,0,"57,000",0,0,0,"57,000",0,"57,000","57,000"
"=""058130""",廣宇群益47購01  ,0,0,0,0,0,0,0,0,0,"57,000",0,0,0,"57,000",0,"57,000","57,000"
"=""054592""",台積電群益4A購11,0,0,0,0,0,0,0,0,0,"57,000",0,0,0,"97,000","40,000","57,000","57,000"
"=""054451""",奇鋐群益46購05  ,0,0,0,0,0,0,0,0,0,"57,000",0,0,0,"57,000",0,"57,000","57,000"
"=""060262""",T50正2國票48購01,0,0,0,0,0,0,0,0,0,"57,000",0,0,0,"57,000",0,"57,000","57,000"
"=""061362""",欣興國票47購04  ,0,0,0,0,0,0,0,0,0,"57,000",0,0,0,"87,000","30,000","57,000","57,000"
"=""058753""",東哥群益47購02  ,0,0,0,0,0,0,0,0,0,"57,000",0,0,0,"66,000","9,000","57,000","57,000"
"=""03255T""",愛普國票33售04  ,0,0,0,0,0,0,0,0,0,"57,000",0,0,0,"60,000","3,000","57,000","57,000"
"=""03464T""",華通群益39售03  ,0,0,0,0,0,0,0,0,0,"57,000",0,0,0,"57,000",0,"57,000","57,000"
"=""066046""",精成科群益51購01,0,0,0,0,0,0,0,0,0,"57,000",0,0,0,"57,000",0,"57,000","57,000"
"=""065782""",威盛統一3B購10  ,0,0,0,0,0,0,0,0,0,"57,000",0,0,0,"57,000",0,"57,000","57,000"
"=""054124""",陽明群益45購05  ,0,0,0,0,0,0,0,0,0,"57,000",0,0,0,"61,000","4,000","57,000","57,000"
"=""051551""",長華群益44購03  ,0,0,0,0,0,0,0,0,0,"57,000",0,0,0,"57,000",0,"57,000","57,000"
"=""051466""",威盛元大43購12  ,0,0,0,0,0,0,0,0,0,"57,000",0,0,0,"66,000","9,000","57,000","57,000"
"=""063243""",一詮元大49購03  ,0,0,0,0,0,0,0,0,0,"57,000",0,0,0,"57,000",0,"57,000","57,000"
"=""063253""",創意元大46購11  ,0,0,0,0,0,0,0,0,0,"57,000",0,0,0,"233,000","176,000","57,000","57,000"
2883B,凱基金乙特      ,0,"125,000","-125,000",0,0,0,0,0,0,"182,000","287,000","105,000","182,000",0,0,0,"57,000"
2809,京城銀          ,"264,000","192,000","72,000",0,0,0,0,0,0,"-15,000","1,000",0,"1,000",0,"16,000","-16,000","57,000"
2836,高雄銀          ,"178,000","121,000","57,000",0,0,0,0,0,0,0,0,0,0,0,0,0,"57,000"
2637,慧洋-KY         ,"1,088,000","995,000","93,000",0,0,0,0,0,0,"-36,076","11,000","2,273","8,727","22,000","66,803","-44,803","56,924"
2390,云辰            ,"397,900","340,000","57,900",0,0,0,0,0,0,"-1,000",0,"1,000","-1,000",0,0,0,"56,900"
"=""00912""",中信臺灣智慧50  ,0,0,0,0,0,0,0,0,0,"56,312",0,0,0,"293,886","237,574","56,312","56,312"
"=""065795""",長榮中信3B購01  ,0,0,0,0,0,0,0,0,0,"56,000",0,0,0,"116,000","60,000","56,000","56,000"
"=""04531T""",材料台新35售04  ,0,0,0,0,0,0,0,0,0,"56,000",0,0,0,"56,000",0,"56,000","56,000"
"=""065463""",金像電國票48購01,0,0,0,0,0,0,0,0,0,"56,000",0,0,0,"72,000","16,000","56,000","56,000"
"=""059786""",牧德國泰47購01  ,0,0,0,0,0,0,0,0,0,"56,000",0,0,0,"206,000","150,000","56,000","56,000"
"=""059612""",大同元富45購01  ,0,0,0,0,0,0,0,0,0,"56,000",0,0,0,"78,000","22,000","56,000","56,000"
"=""060396""",臺股指元大4A購06,0,0,0,0,0,0,0,0,0,"56,000",0,0,0,"64,000","8,000","56,000","56,000"
"=""060561""",世紀鋼富邦47購02,0,0,0,0,0,0,0,0,0,"56,000",0,0,0,"154,000","98,000","56,000","56,000"
"=""056723""",中砂群益45購05  ,0,0,0,0,0,0,0,0,0,"56,000",0,0,0,"63,000","7,000","56,000","56,000"
"=""056560""",台積電元大45購11,0,0,0,0,0,0,0,0,0,"56,000",0,0,0,"108,000","52,000","56,000","56,000"
"=""054498""",FB上証國票45購01,0,0,0,0,0,0,0,0,0,"56,000",0,0,0,"80,000","24,000","56,000","56,000"
"=""08676U""",光寶科統一34售06,0,0,0,0,0,0,0,0,0,"56,000",0,0,0,"56,000",0,"56,000","56,000"
"=""086464""",智伸科統一57購02,0,0,0,0,0,0,0,0,0,"56,000",0,0,0,"56,000",0,"56,000","56,000"
"=""08750U""",臺股指元大36售15,0,0,0,0,0,0,0,0,0,"56,000",0,0,0,"312,000","256,000","56,000","56,000"
"=""057903""",神達國票45購03  ,0,0,0,0,0,0,0,0,0,"56,000",0,0,0,"56,000",0,"56,000","56,000"
2380,虹光            ,"59,000","3,000","56,000",0,0,0,0,0,0,0,0,0,0,0,0,0,"56,000"
"=""056043""",華孚凱基44購02  ,0,0,0,0,0,0,0,0,0,"56,000",0,0,0,"69,000","13,000","56,000","56,000"
"=""050887""",世芯元大43購36  ,0,0,0,0,0,0,0,0,0,"56,000",0,0,0,"190,000","134,000","56,000","56,000"
"=""048202""",台光電凱基44購01,0,0,0,0,0,0,0,0,0,"56,000",0,0,0,"69,000","13,000","56,000","56,000"
"=""048737""",材料元大45購01  ,0,0,0,0,0,0,0,0,0,"56,000",0,0,0,"57,000","1,000","56,000","56,000"
"=""063112""",世紀鋼中信47購01,0,0,0,0,0,0,0,0,0,"56,000",0,0,0,"82,000","26,000","56,000","56,000"
8442,威宏-KY         ,"86,000","35,005","50,995",0,0,0,0,0,0,"5,000","5,000",0,"5,000",0,0,0,"55,995"
"=""052990""",中鋼元富4A購01  ,0,0,0,0,0,0,0,0,0,"55,000",0,0,0,"55,000",0,"55,000","55,000"
"=""052550""",世芯台新44購01  ,0,0,0,0,0,0,0,0,0,"55,000",0,0,0,"55,000",0,"55,000","55,000"
"=""059041""",凌華永豐45購01  ,0,0,0,0,0,0,0,0,0,"55,000",0,0,0,"55,000",0,"55,000","55,000"
"=""063259""",祥碩元大46購05  ,0,0,0,0,0,0,0,0,0,"55,000",0,0,0,"155,000","100,000","55,000","55,000"
"=""063530""",鈞興國票47購03  ,0,0,0,0,0,0,0,0,0,"55,000",0,0,0,"55,000",0,"55,000","55,000"
"=""050472""",龍德船凱基46購02,0,0,0,0,0,0,0,0,0,"55,000",0,0,0,"55,000",0,"55,000","55,000"
2528,皇普            ,"87,000","32,000","55,000",0,0,0,0,0,0,0,"1,000","1,000",0,0,0,0,"55,000"
"=""056278""",緯穎國泰47購02  ,0,0,0,0,0,0,0,0,0,"55,000",0,0,0,"55,000",0,"55,000","55,000"
"=""056104""",緯創元大44購04  ,0,0,0,0,0,0,0,0,0,"55,000",0,0,0,"85,000","30,000","55,000","55,000"
"=""064799""",聯發科元大4A購02,0,0,0,0,0,0,0,0,0,"55,000",0,0,0,"59,000","4,000","55,000","55,000"
"=""064876""",長榮群益47購03  ,0,0,0,0,0,0,0,0,0,"55,000",0,0,0,"55,000",0,"55,000","55,000"
"=""04051T""",台積電凱基37售04,0,0,0,0,0,0,0,0,0,"55,000",0,0,0,"55,000",0,"55,000","55,000"
"=""058015""",未來車凱基48購01,0,0,0,0,0,0,0,0,0,"55,000",0,0,0,"55,000",0,"55,000","55,000"
"=""055799""",全新兆豐46購01  ,0,0,0,0,0,0,0,0,0,"55,000",0,0,0,"55,000",0,"55,000","55,000"
"=""057574""",台積電群益4B購02,0,0,0,0,0,0,0,0,0,"55,000",0,0,0,"55,000",0,"55,000","55,000"
"=""056577""",緯創元大45購02  ,0,0,0,0,0,0,0,0,0,"55,000",0,0,0,"157,000","102,000","55,000","55,000"
"=""060481""",貿聯中信46購01  ,0,0,0,0,0,0,0,0,0,"55,000",0,0,0,"55,000",0,"55,000","55,000"
"=""068584""",奇鋐群益48購03  ,0,0,0,0,0,0,0,0,0,"55,000",0,0,0,"58,000","3,000","55,000","55,000"
"=""060957""",台光電台新46購01,0,0,0,0,0,0,0,0,0,"55,000",0,0,0,"55,000",0,"55,000","55,000"
"=""054815""",台光電國票45購02,0,0,0,0,0,0,0,0,0,"55,000",0,0,0,"75,000","20,000","55,000","55,000"
"=""054941""",矽統永豐44購06  ,0,0,0,0,0,0,0,0,0,"55,000",0,0,0,"55,000",0,"55,000","55,000"
"=""066934""",力積電群益48購01,0,0,0,0,0,0,0,0,0,"55,000",0,0,0,"107,000","52,000","55,000","55,000"
"=""059504""",新日興永豐47購01,0,0,0,0,0,0,0,0,0,"55,000",0,0,0,"76,000","21,000","55,000","55,000"
"=""065680""",遠雄凱基47購01  ,0,0,0,0,0,0,0,0,0,"55,000",0,0,0,"178,000","123,000","55,000","55,000"
"=""065598""",海華國票49購01  ,0,0,0,0,0,0,0,0,0,"55,000",0,0,0,"102,000","47,000","55,000","55,000"
"=""04341T""",台積電凱基35售28,0,0,0,0,0,0,0,0,0,"55,000",0,0,0,"55,000",0,"55,000","55,000"
"=""04336T""",聯茂群益35售01  ,0,0,0,0,0,0,0,0,0,"55,000",0,0,0,"65,000","10,000","55,000","55,000"
"=""066024""",漢唐群益47購01  ,0,0,0,0,0,0,0,0,0,"55,000",0,0,0,"89,000","34,000","55,000","55,000"
"=""03021T""",智邦元大33售05  ,0,0,0,0,0,0,0,0,0,"55,000",0,0,0,"55,000",0,"55,000","55,000"
3356,奇偶            ,"101,000","49,000","52,000",0,0,0,0,0,0,"2,963","3,000",37,"2,963",0,0,0,"54,963"
"=""00638R""",元大滬深300反1  ,0,0,0,0,0,0,0,0,0,"54,501","111,000",0,"111,000","127,001","183,500","-56,499","54,501"
1522,堤維西          ,"1,685,000","1,424,000","261,000",0,0,0,0,0,0,"-206,839","14,475",0,"14,475","8,521","229,835","-221,314","54,161"
"=""08774U""",光寶科群益34售02,0,0,0,0,0,0,0,0,0,"54,000",0,0,0,"54,000",0,"54,000","54,000"
"=""062199""",材料永豐46購04  ,0,0,0,0,0,0,0,0,0,"54,000",0,0,0,"196,000","142,000","54,000","54,000"
"=""057865""",緯穎凱基45購06  ,0,0,0,0,0,0,0,0,0,"54,000",0,0,0,"77,000","23,000","54,000","54,000"
"=""062461""",凌陽群益52購01  ,0,0,0,0,0,0,0,0,0,"54,000",0,0,0,"54,000",0,"54,000","54,000"
"=""04632T""",臺股指元大38售05,0,0,0,0,0,0,0,0,0,"54,000",0,0,0,"54,000",0,"54,000","54,000"
"=""062717""",台積電元富47購06,0,0,0,0,0,0,0,0,0,"54,000",0,0,0,"54,000",0,"54,000","54,000"
"=""061261""",長榮凱基4A購01  ,0,0,0,0,0,0,0,0,0,"54,000",0,0,0,"114,000","60,000","54,000","54,000"
"=""060400""",力積電第一48購01,0,0,0,0,0,0,0,0,0,"54,000",0,0,0,"54,000",0,"54,000","54,000"
"=""057170""",鴻海凱基45購14  ,0,0,0,0,0,0,0,0,0,"54,000",0,0,0,"71,000","17,000","54,000","54,000"
"=""061972""",皇昌凱基47購03  ,0,0,0,0,0,0,0,0,0,"54,000",0,0,0,"58,000","4,000","54,000","54,000"
"=""066864""",台積電元富47購22,0,0,0,0,0,0,0,0,0,"54,000",0,0,0,"156,000","102,000","54,000","54,000"
"=""065096""",威盛統一3B購05  ,0,0,0,0,0,0,0,0,0,"54,000",0,0,0,"54,000",0,"54,000","54,000"
"=""065118""",亞翔中信48購01  ,0,0,0,0,0,0,0,0,0,"54,000",0,0,0,"74,000","20,000","54,000","54,000"
"=""042490""",國巨凱基54購12  ,0,0,0,0,0,0,0,0,0,"54,000",0,0,0,"54,000",0,"54,000","54,000"
"=""059663""",同欣電永豐46購01,0,0,0,0,0,0,0,0,0,"54,000",0,0,0,"54,000",0,"54,000","54,000"
"=""059746""",友訊元大45購06  ,0,0,0,0,0,0,0,0,0,"54,000",0,0,0,"54,000",0,"54,000","54,000"
"=""059902""",一詮群益45購06  ,0,0,0,0,0,0,0,0,0,"54,000",0,0,0,"58,000","4,000","54,000","54,000"
4766,南寶            ,"231,000","83,000","148,000",0,0,0,0,"91,000","-91,000","-3,000",0,"3,000","-3,000",0,0,0,"54,000"
"=""051691""",上銀富邦43購01  ,0,0,0,0,0,0,0,0,0,"54,000",0,0,0,"54,000",0,"54,000","54,000"
"=""053014""",緯穎統一46購01  ,0,0,0,0,0,0,0,0,0,"54,000",0,0,0,"54,000",0,"54,000","54,000"
"=""04376T""",美時元大35售04  ,0,0,0,0,0,0,0,0,0,"54,000",0,0,0,"54,000",0,"54,000","54,000"
2243,宏旭-KY         ,"140,000","91,000","49,000",0,0,0,0,0,0,"5,000","9,000","4,000","5,000",0,0,0,"54,000"
"=""050684""",上銀元富43購01  ,0,0,0,0,0,0,0,0,0,"54,000",0,0,0,"54,000",0,"54,000","54,000"
"=""048238""",技嘉國泰44購04  ,0,0,0,0,0,0,0,0,0,"54,000",0,0,0,"384,000","330,000","54,000","54,000"
"=""063068""",志聖永豐46購01  ,0,0,0,0,0,0,0,0,0,"53,000",0,0,0,"53,000",0,"53,000","53,000"
"=""063251""",新日興元大46購04,0,0,0,0,0,0,0,0,0,"53,000",0,0,0,"58,000","5,000","53,000","53,000"
"=""049819""",華擎富邦37購01  ,0,0,0,0,0,0,0,0,0,"53,000",0,0,0,"90,000","37,000","53,000","53,000"
"=""063329""",貿聯國票47購04  ,0,0,0,0,0,0,0,0,0,"53,000",0,0,0,"74,000","21,000","53,000","53,000"
"=""043729""",中興電群益55購02,0,0,0,0,0,0,0,0,0,"53,000",0,0,0,"53,000",0,"53,000","53,000"
"=""063743""",陽明國票47購03  ,0,"35,000","-35,000",0,0,0,0,0,0,"88,000",0,0,0,"177,000","89,000","88,000","53,000"
"=""052161""",長華元大43購13  ,0,0,0,0,0,0,0,0,0,"53,000",0,0,0,"53,000",0,"53,000","53,000"
"=""063684""",華通富邦47購02  ,0,0,0,0,0,0,0,0,0,"53,000",0,0,0,"56,000","3,000","53,000","53,000"
"=""04435T""",台積電凱基35售35,0,0,0,0,0,0,0,0,0,"53,000",0,0,0,"53,000",0,"53,000","53,000"
"=""064763""",迅得國票49購01  ,0,0,0,0,0,0,0,0,0,"53,000",0,0,0,"53,000",0,"53,000","53,000"
"=""065049""",大立光元大47購07,0,0,0,0,0,0,0,0,0,"53,000",0,0,0,"53,000",0,"53,000","53,000"
"=""058902""",慧洋元大45購01  ,0,0,0,0,0,0,0,0,0,"53,000",0,0,0,"53,000",0,"53,000","53,000"
"=""059889""",台積電群益45購26,0,0,0,0,0,0,0,0,0,"53,000",0,0,0,"53,000",0,"53,000","53,000"
"=""060017""",東陽統一4B購01  ,0,0,0,0,0,0,0,0,0,"53,000",0,0,0,"53,000",0,"53,000","53,000"
"=""059607""",振樺電統一4B購01,0,0,0,0,0,0,0,0,0,"53,000",0,0,0,"53,000",0,"53,000","53,000"
"=""068280""",華航第一3B購01  ,0,0,0,0,0,0,0,0,0,"53,000",0,0,0,"59,000","6,000","53,000","53,000"
"=""058577""",精英群益45購01  ,0,0,0,0,0,0,0,0,0,"53,000",0,0,0,"103,000","50,000","53,000","53,000"
"=""058470""",正新國票46購01  ,0,0,0,0,0,0,0,0,0,"53,000",0,0,0,"78,000","25,000","53,000","53,000"
"=""066983""",和大第一47購01  ,0,0,0,0,0,0,0,0,0,"53,000",0,0,0,"53,000",0,"53,000","53,000"
"=""054792""",欣興凱基44購03  ,0,0,0,0,0,0,0,0,0,"53,000",0,0,0,"53,000",0,"53,000","53,000"
"=""031130""",華晶科國泰53購01,0,0,0,0,0,0,0,0,0,"53,000",0,0,0,"57,000","4,000","53,000","53,000"
"=""043211""",亞力國票57購01  ,0,0,0,0,0,0,0,0,0,"53,000",0,0,0,"53,000",0,"53,000","53,000"
"=""065626""",輔信群益47購01  ,0,0,0,0,0,0,0,0,0,"53,000",0,0,0,"53,000",0,"53,000","53,000"
"=""065565""",威盛中信3B購02  ,0,0,0,0,0,0,0,0,0,"53,000",0,0,0,"190,000","137,000","53,000","53,000"
"=""066802""",臺股指國票48購04,0,0,0,0,0,0,0,0,0,"53,000",0,0,0,"72,000","19,000","53,000","53,000"
"=""061863""",緯穎群益46購15  ,0,0,0,0,0,0,0,0,0,"53,000",0,0,0,"53,000",0,"53,000","53,000"
"=""069253""",華碩第一48購01  ,0,0,0,0,0,0,0,0,0,"53,000",0,0,0,"53,000",0,"53,000","53,000"
"=""061649""",新唐元大46購01  ,0,0,0,0,0,0,0,0,0,"53,000",0,0,0,"71,000","18,000","53,000","53,000"
"=""060380""",臺股指元大46購25,0,0,0,0,0,0,0,0,0,"53,000",0,0,0,"53,000",0,"53,000","53,000"
"=""060462""",材料群益46購07  ,0,0,0,0,0,0,0,0,0,"53,000",0,0,0,"53,000",0,"53,000","53,000"
"=""060528""",台耀凱基46購01  ,0,0,0,0,0,0,0,0,0,"53,000",0,0,0,"255,000","202,000","53,000","53,000"
"=""068450""",大立光凱基4B購01,0,0,0,0,0,0,0,0,0,"53,000",0,0,0,"157,000","104,000","53,000","53,000"
"=""061425""",華新科元富4A購01,0,0,0,0,0,0,0,0,0,"53,000",0,0,0,"102,000","49,000","53,000","53,000"
"=""060966""",台光電元富4A購03,0,0,0,0,0,0,0,0,0,"53,000",0,0,0,"53,000",0,"53,000","53,000"
"=""060978""",滬深2X群益46購07,0,0,0,0,0,0,0,0,0,"53,000",0,0,0,"68,000","15,000","53,000","53,000"
"=""068968""",創意富邦4C購03  ,0,0,0,0,0,0,0,0,0,"53,000",0,0,0,"53,000",0,"53,000","53,000"
"=""046761""",緯創凱基43購06  ,0,0,0,0,0,0,0,0,0,"53,000",0,0,0,"53,000",0,"53,000","53,000"
"=""04593T""",華泰元富35售01  ,0,0,0,0,0,0,0,0,0,"53,000",0,0,0,"142,000","89,000","53,000","53,000"
"=""045963""",台達電統一52購01,0,0,0,0,0,0,0,0,0,"53,000",0,0,0,"53,000",0,"53,000","53,000"
"=""056761""",欣興凱基48購01  ,0,0,0,0,0,0,0,0,0,"53,000",0,0,0,"53,000",0,"53,000","53,000"
"=""055859""",佳必琪凱基44購02,0,0,0,0,0,0,0,0,0,"53,000",0,0,0,"53,000",0,"53,000","53,000"
"=""057446""",川湖永豐49購01  ,0,0,0,0,0,0,0,0,0,"53,000",0,0,0,"116,000","63,000","53,000","53,000"
"=""055309""",一詮元大49購01  ,0,0,0,0,0,0,0,0,0,"53,000",0,0,0,"60,000","7,000","53,000","53,000"
"=""047613""",劍麟元富48購01  ,0,0,0,0,0,0,0,0,0,"53,000",0,0,0,"53,000",0,"53,000","53,000"
"=""082372""",世芯凱基51購07  ,0,0,0,0,0,0,0,0,0,"53,000",0,0,0,"54,000","1,000","53,000","53,000"
"=""08311U""",威盛元富31售10  ,0,0,0,0,0,0,0,0,0,"53,000",0,0,0,"53,000",0,"53,000","53,000"
"=""062937""",敦泰國票47購01  ,0,0,0,0,0,0,0,0,0,"52,000",0,0,0,"53,000","1,000","52,000","52,000"
"=""08480U""",南電凱基31售06  ,0,0,0,0,0,0,0,0,0,"52,000",0,0,0,"54,000","2,000","52,000","52,000"
"=""057462""",潤泰新永豐45購02,0,0,0,0,0,0,0,0,0,"52,000",0,0,0,"52,000",0,"52,000","52,000"
"=""057788""",世紀鋼群益45購06,0,0,0,0,0,0,0,0,0,"52,000",0,0,0,"53,000","1,000","52,000","52,000"
"=""046784""",亞翔群益44購01  ,0,0,0,0,0,0,0,0,0,"52,000",0,0,0,"132,000","80,000","52,000","52,000"
"=""062482""",寶成群益46購02  ,0,0,0,0,0,0,0,0,0,"52,000",0,0,0,"52,000",0,"52,000","52,000"
"=""061398""",全新群益46購07  ,0,0,0,0,0,0,0,0,0,"52,000",0,0,0,"62,000","10,000","52,000","52,000"
"=""069140""",世芯群益49購05  ,0,0,0,0,0,0,0,0,0,"52,000",0,0,0,"65,000","13,000","52,000","52,000"
"=""062023""",材料國票47購04  ,0,0,0,0,0,0,0,0,0,"52,000",0,0,0,"62,000","10,000","52,000","52,000"
"=""020039""",元大加權N       ,0,0,0,0,0,0,0,0,0,"52,000",0,0,0,"118,000","66,000","52,000","52,000"
"=""065355""",鴻海群益47購13  ,0,0,0,0,0,0,0,0,0,"52,000",0,0,0,"60,000","8,000","52,000","52,000"
"=""065384""",瑞祺群益49購01  ,0,"1,000","-1,000",0,0,0,0,0,0,"53,000",0,0,0,"53,000",0,"53,000","52,000"
"=""066904""",劍麟群益4B購01  ,0,0,0,0,0,0,0,0,0,"52,000",0,0,0,"52,000",0,"52,000","52,000"
"=""068192""",泰金寶永豐4C購01,0,0,0,0,0,0,0,0,0,"52,000",0,0,0,"79,000","27,000","52,000","52,000"
"=""068167""",力積電統一55購01,0,0,0,0,0,0,0,0,0,"52,000",0,0,0,"52,000",0,"52,000","52,000"
"=""063730""",道瓊反國票48購01,0,0,0,0,0,0,0,0,0,"52,000",0,0,0,"52,000",0,"52,000","52,000"
"=""059151""",威強電群益47購01,0,0,0,0,0,0,0,0,0,"52,000",0,0,0,"65,000","13,000","52,000","52,000"
"=""064193""",道瓊銅國票53購01,0,0,0,0,0,0,0,0,0,"52,000",0,0,0,"92,000","40,000","52,000","52,000"
"=""063066""",佳能永豐48購01  ,0,0,0,0,0,0,0,0,0,"52,000",0,0,0,"52,000",0,"52,000","52,000"
"=""050575""",東哥國票45購01  ,0,0,0,0,0,0,0,0,0,"52,000",0,0,0,"53,000","1,000","52,000","52,000"
"=""050768""",智邦元大43購01  ,0,0,0,0,0,0,0,0,0,"52,000",0,0,0,"148,000","96,000","52,000","52,000"
"=""050780""",碩天元大43購05  ,0,0,0,0,0,0,0,0,0,"52,000",0,0,0,"52,000",0,"52,000","52,000"
"=""056269""",天虹元大49購01  ,0,0,0,0,0,0,0,0,0,"52,000",0,0,0,"52,000",0,"52,000","52,000"
"=""054715""",力成中信44購01  ,0,0,0,0,0,0,0,0,0,"51,000",0,0,0,"75,000","24,000","51,000","51,000"
"=""054701""",威盛凱基44購06  ,0,0,0,0,0,0,0,0,0,"51,000",0,0,0,"61,000","10,000","51,000","51,000"
"=""049735""",新日興國票43購02,0,"1,000","-1,000",0,0,0,0,0,0,"52,000",0,0,0,"102,000","50,000","52,000","51,000"
"=""059119""",可成凱基46購01  ,0,0,0,0,0,0,0,0,0,"51,000",0,0,0,"53,000","2,000","51,000","51,000"
"=""053826""",世芯國票45購03  ,0,0,0,0,0,0,0,0,0,"51,000",0,0,0,"51,000",0,"51,000","51,000"
"=""065039""",金像電元大47購04,0,0,0,0,0,0,0,0,0,"51,000",0,0,0,"56,000","5,000","51,000","51,000"
"=""064731""",六方科群益49購01,0,0,0,0,0,0,0,0,0,"51,000",0,0,0,"83,000","32,000","51,000","51,000"
"=""040705""",臺股指元大57購04,0,0,0,0,0,0,0,0,0,"51,000",0,0,0,"122,000","71,000","51,000","51,000"
"=""068207""",世芯國泰49購02  ,0,0,0,0,0,0,0,0,0,"51,000",0,0,0,"51,000",0,"51,000","51,000"
"=""068072""",聯發科凱基47購12,0,0,0,0,0,0,0,0,0,"51,000",0,0,0,"52,000","1,000","51,000","51,000"
"=""059833""",華碩凱基45購04  ,0,0,0,0,0,0,0,0,0,"51,000",0,0,0,"51,000",0,"51,000","51,000"
"=""058309""",緯穎元大45購19  ,0,0,0,0,0,0,0,0,0,"51,000",0,0,0,"53,000","2,000","51,000","51,000"
"=""058316""",中砂群益45購08  ,0,0,0,0,0,0,0,0,0,"51,000",0,0,0,"51,000",0,"51,000","51,000"
"=""03096T""",金像電元大34售01,0,0,0,0,0,0,0,0,0,"51,000",0,0,0,"54,000","3,000","51,000","51,000"
"=""058509""",長榮凱基45購08  ,0,0,0,0,0,0,0,0,0,"51,000",0,0,0,"51,000",0,"51,000","51,000"
"=""058566""",SGBR2X群益47購01,0,0,0,0,0,0,0,0,0,"51,000",0,0,0,"51,000",0,"51,000","51,000"
"=""067618""",南亞統一51購04  ,0,0,0,0,0,0,0,0,0,"51,000",0,0,0,"79,000","28,000","51,000","51,000"
"=""065097""",威盛統一3B購06  ,0,0,0,0,0,0,0,0,0,"51,000",0,0,0,"51,000",0,"51,000","51,000"
"=""031255""",南寶元大52購03  ,0,0,0,0,0,0,0,0,0,"51,000",0,0,0,"52,000","1,000","51,000","51,000"
"=""03609B""",臺股指凱基32熊14,0,0,0,0,0,0,0,0,0,"51,000",0,0,0,"72,000","21,000","51,000","51,000"
"=""065934""",貿聯元富51購01  ,0,0,0,0,0,0,0,0,0,"51,000",0,0,0,"51,000",0,"51,000","51,000"
"=""065984""",聯茂元大47購06  ,0,0,0,0,0,0,0,0,0,"51,000",0,0,0,"54,000","3,000","51,000","51,000"
"=""066059""",群創元富47購02  ,0,0,0,0,0,0,0,0,0,"51,000",0,0,0,"51,000",0,"51,000","51,000"
"=""065877""",上証2X凱基47購03,0,0,0,0,0,0,0,0,0,"51,000",0,0,0,"52,000","1,000","51,000","51,000"
"=""061740""",漢唐國泰48購01  ,0,0,0,0,0,0,0,0,0,"51,000",0,0,0,"60,000","9,000","51,000","51,000"
"=""061588""",友訊國票46購05  ,0,0,0,0,0,0,0,0,0,"51,000",0,0,0,"51,000",0,"51,000","51,000"
"=""061635""",長榮元大46購16  ,0,0,0,0,0,0,0,0,0,"51,000",0,0,0,"72,000","21,000","51,000","51,000"
"=""061628""",智邦元大48購01  ,"51,000",0,"51,000",0,0,0,0,0,0,0,0,0,0,0,0,0,"51,000"
"=""057292""",廣宇元大45購01  ,0,0,0,0,0,0,0,0,0,"51,000",0,0,0,"51,000",0,"51,000","51,000"
"=""057007""",世芯台新45購01  ,0,0,0,0,0,0,0,0,0,"51,000",0,0,0,"51,000",0,"51,000","51,000"
"=""068559""",華城國票49購01  ,0,0,0,0,0,0,0,0,0,"51,000",0,0,0,"51,000",0,"51,000","51,000"
"=""060387""",臺股指元大47購07,0,0,0,0,0,0,0,0,0,"51,000",0,0,0,"51,000",0,"51,000","51,000"
"=""062870""",亞光統一54購01  ,0,0,0,0,0,0,0,0,0,"51,000",0,0,0,"58,000","7,000","51,000","51,000"
"=""055112""",健策元大44購03  ,0,0,0,0,0,0,0,0,0,"51,000",0,0,0,"51,000",0,"51,000","51,000"
"=""054973""",健策元富4A購01  ,0,0,0,0,0,0,0,0,0,"51,000",0,0,0,"172,000","121,000","51,000","51,000"
"=""07803U""",創意凱基31售14  ,0,0,0,0,0,0,0,0,0,"50,000",0,0,0,"50,000",0,"50,000","50,000"
"=""07916U""",臺股指元大33售29,0,0,0,0,0,0,0,0,0,"50,000",0,0,0,"50,000",0,"50,000","50,000"
"=""055179""",元黃金國票46購01,0,0,0,0,0,0,0,0,0,"50,000",0,0,0,"125,000","75,000","50,000","50,000"
"=""047267""",鈺邦統一4C購01  ,0,0,0,0,0,0,0,0,0,"50,000",0,0,0,"50,000",0,"50,000","50,000"
"=""047120""",上緯控統一4C購01,0,0,0,0,0,0,0,0,0,"50,000",0,0,0,"61,000","11,000","50,000","50,000"
"=""047100""",T50正2統一48購03,0,0,0,0,0,0,0,0,0,"50,000",0,0,0,"50,000",0,"50,000","50,000"
"=""04698T""",勤誠凱基35售07  ,0,0,0,0,0,0,0,0,0,"50,000",0,0,0,"50,000",0,"50,000","50,000"
"=""08433U""",金像電統一32售03,0,0,0,0,0,0,0,0,0,"50,000",0,0,0,"50,000",0,"50,000","50,000"
"=""08442U""",華航群益31售11  ,0,0,0,0,0,0,0,0,0,"50,000",0,0,0,"50,000",0,"50,000","50,000"
"=""055298""",矽統元大44購08  ,0,0,0,0,0,0,0,0,0,"50,000",0,0,0,"50,000",0,"50,000","50,000"
"=""08812U""",奇鋐群益32售16  ,0,0,0,0,0,0,0,0,0,"50,000",0,0,0,"60,000","10,000","50,000","50,000"
"=""08759U""",臺股指凱基33售18,0,0,0,0,0,0,0,0,0,"50,000",0,0,0,"50,000",0,"50,000","50,000"
"=""08848U""",台積電群益33售06,0,0,0,0,0,0,0,0,0,"50,000",0,0,0,"50,000",0,"50,000","50,000"
"=""047675""",亞光富邦42購01  ,0,0,0,0,0,0,0,0,0,"50,000",0,0,0,"108,000","58,000","50,000","50,000"
"=""04756T""",電子類凱基35售05,0,0,0,0,0,0,0,0,0,"50,000",0,0,0,"51,000","1,000","50,000","50,000"
"=""054385""",奇鋐凱基46購01  ,0,0,0,0,0,0,0,0,0,"50,000",0,0,0,"60,000","10,000","50,000","50,000"
"=""054471""",台積電元大44購57,0,0,0,0,0,0,0,0,0,"50,000",0,0,0,"50,000",0,"50,000","50,000"
"=""046277""",盟立凱基43購05  ,0,0,0,0,0,0,0,0,0,"50,000",0,0,0,"60,000","10,000","50,000","50,000"
"=""062322""",台塑元大46購09  ,0,0,0,0,0,0,0,0,0,"50,000",0,0,0,"51,000","1,000","50,000","50,000"
"=""062329""",台光電元大46購07,0,0,0,0,0,0,0,0,0,"50,000",0,0,0,"78,000","28,000","50,000","50,000"
"=""062588""",奇鋐元大46購04  ,0,0,0,0,0,0,0,0,0,"50,000",0,0,0,"50,000",0,"50,000","50,000"
"=""046869""",鴻海永豐45購08  ,0,0,0,0,0,0,0,0,0,"50,000",0,0,0,"50,000",0,"50,000","50,000"
"=""057715""",宏�痐舅j45購03  ,0,0,0,0,0,0,0,0,0,"50,000",0,0,0,"55,000","5,000","50,000","50,000"
"=""057430""",神達兆豐47購01  ,0,0,0,0,0,0,0,0,0,"50,000",0,0,0,"55,000","5,000","50,000","50,000"
"=""056737""",台郡群益47購01  ,0,0,0,0,0,0,0,0,0,"50,000",0,0,0,"50,000",0,"50,000","50,000"
"=""057506""",欣興凱基46購04  ,0,0,0,0,0,0,0,0,0,"50,000",0,0,0,"50,000",0,"50,000","50,000"
"=""062153""",T50反1中信46購03,0,0,0,0,0,0,0,0,0,"50,000",0,0,0,"70,000","20,000","50,000","50,000"
"=""060409""",京元電永豐46購02,0,0,0,0,0,0,0,0,0,"50,000",0,0,0,"198,000","148,000","50,000","50,000"
"=""060493""",台積電國票47購02,0,0,0,0,0,0,0,0,0,"50,000",0,0,0,"52,000","2,000","50,000","50,000"
"=""060567""",滬深2X元大49購05,0,0,0,0,0,0,0,0,0,"50,000",0,0,0,"50,000",0,"50,000","50,000"
"=""060588""",可成元大4A購01  ,0,0,0,0,0,0,0,0,0,"50,000",0,0,0,"50,000",0,"50,000","50,000"
"=""060857""",技嘉群益3A購02  ,0,0,0,0,0,0,0,0,0,"50,000",0,0,0,"50,000",0,"50,000","50,000"
"=""061480""",貿聯元大46購08  ,0,0,0,0,0,0,0,0,0,"50,000",0,0,0,"50,000",0,"50,000","50,000"
"=""061371""",訊連國票47購01  ,0,0,0,0,0,0,0,0,0,"50,000",0,0,0,"50,000",0,"50,000","50,000"
"=""069002""",和大國票49購02  ,0,0,0,0,0,0,0,0,0,"50,000",0,0,0,"50,000",0,"50,000","50,000"
"=""056916""",台灣50群益45購05,0,0,0,0,0,0,0,0,0,"50,000",0,0,0,"50,000",0,"50,000","50,000"
"=""061502""",SGBR2X元富46購02,0,0,0,0,0,0,0,0,0,"50,000",0,0,0,"50,000",0,"50,000","50,000"
"=""061587""",鴻海國票48購02  ,0,0,0,0,0,0,0,0,0,"50,000",0,0,0,"119,000","69,000","50,000","50,000"
"=""056658""",智原國票46購01  ,0,0,0,0,0,0,0,0,0,"50,000",0,0,0,"50,000",0,"50,000","50,000"
"=""061899""",大立光元大46購03,0,0,0,0,0,0,0,0,0,"50,000",0,0,0,"50,000",0,"50,000","50,000"
"=""065833""",全新統一51購02  ,0,0,0,0,0,0,0,0,0,"50,000",0,0,0,"50,000",0,"50,000","50,000"
"=""065828""",宏�眵峇@51購01  ,0,0,0,0,0,0,0,0,0,"50,000",0,0,0,"50,000",0,"50,000","50,000"
"=""065932""",世芯元富51購02  ,0,0,0,0,0,0,0,0,0,"50,000",0,0,0,"50,000",0,"50,000","50,000"
"=""04344T""",敦泰凱基35售02  ,0,0,0,0,0,0,0,0,0,"50,000",0,0,0,"50,000",0,"50,000","50,000"
"=""066229""",伊雲谷群益47購01,0,0,0,0,0,0,0,0,0,"50,000",0,0,0,"50,000",0,"50,000","50,000"
"=""036456""",緯穎中信59購05  ,0,0,0,0,0,0,0,0,0,"50,000",0,0,0,"50,000",0,"50,000","50,000"
"=""038398""",國喬永豐54購02  ,0,0,0,0,0,0,0,0,0,"50,000",0,0,0,"50,000",0,"50,000","50,000"
"=""038590""",保瑞國票54購01  ,0,0,0,0,0,0,0,0,0,"50,000",0,0,0,"50,000",0,"50,000","50,000"
"=""03840T""",金融類國票34售02,0,0,0,0,0,0,0,0,0,"50,000",0,0,0,"50,000",0,"50,000","50,000"
"=""042149""",金寶凱基56購01  ,0,0,0,0,0,0,0,0,0,"50,000",0,0,0,"50,000",0,"50,000","50,000"
"=""04534T""",華泰凱基35售03  ,0,0,0,0,0,0,0,0,0,"50,000",0,0,0,"50,000",0,"50,000","50,000"
"=""04573T""",臺股指元大36售69,0,0,0,0,0,0,0,0,0,"50,000",0,0,0,"50,000",0,"50,000","50,000"
"=""044761""",緯創元大55購10  ,0,0,0,0,0,0,0,0,0,"50,000",0,0,0,"50,000",0,"50,000","50,000"
"=""044985""",愛普群益58購01  ,0,0,0,0,0,0,0,0,0,"50,000",0,0,0,"50,000",0,"50,000","50,000"
"=""065188""",聯陽統一3B購01  ,0,0,0,0,0,0,0,0,0,"50,000",0,0,0,"50,000",0,"50,000","50,000"
"=""065196""",玉晶光凱基49購01,0,0,0,0,0,0,0,0,0,"50,000",0,0,0,"50,000",0,"50,000","50,000"
"=""065352""",裕隆群益49購01  ,0,0,0,0,0,0,0,0,0,"50,000",0,0,0,"55,000","5,000","50,000","50,000"
"=""065624""",鴻海群益49購04  ,0,0,0,0,0,0,0,0,0,"50,000",0,0,0,"50,000",0,"50,000","50,000"
"=""059393""",正崴中信45購02  ,0,0,0,0,0,0,0,0,0,"50,000",0,0,0,"90,000","40,000","50,000","50,000"
"=""058431""",新唐統一4B購01  ,"69,000","19,000","50,000",0,0,0,0,0,0,0,0,0,0,0,0,0,"50,000"
"=""059441""",台積電富邦45購12,0,0,0,0,0,0,0,0,0,"50,000",0,0,0,"50,000",0,"50,000","50,000"
"=""058564""",元債2X群益4A購02,0,0,0,0,0,0,0,0,0,"50,000",0,0,0,"152,000","102,000","50,000","50,000"
"=""067545""",大立光群益48購02,0,0,0,0,0,0,0,0,0,"50,000",0,0,0,"171,000","121,000","50,000","50,000"
"=""067397""",奇鋐元富47購06  ,0,0,0,0,0,0,0,0,0,"50,000",0,0,0,"50,000",0,"50,000","50,000"
"=""053499""",裕隆國票45購01  ,0,0,0,0,0,0,0,0,0,"50,000",0,0,0,"50,000",0,"50,000","50,000"
"=""058178""",永崴控兆豐47購01,0,0,0,0,0,0,0,0,0,"50,000",0,0,0,"50,000",0,"50,000","50,000"
"=""058799""",世紀鋼元大45購09,0,0,0,0,0,0,0,0,0,"50,000",0,0,0,"60,000","10,000","50,000","50,000"
"=""059626""",緯穎元富46購04  ,0,0,0,0,0,0,0,0,0,"50,000",0,0,0,"60,000","10,000","50,000","50,000"
"=""059582""",世芯元大45購25  ,0,0,0,0,0,0,0,0,0,"50,000",0,0,0,"50,000",0,"50,000","50,000"
"=""059685""",德律凱基45購02  ,0,0,0,0,0,0,0,0,0,"50,000",0,0,0,"50,000",0,"50,000","50,000"
"=""068035""",大立光元大47購22,0,0,0,0,0,0,0,0,0,"50,000",0,0,0,"150,000","100,000","50,000","50,000"
"=""067685""",中磊凱基47購02  ,0,0,0,0,0,0,0,0,0,"50,000",0,0,0,"50,000",0,"50,000","50,000"
"=""060083""",友訊國票47購01  ,0,0,0,0,0,0,0,0,0,"50,000",0,0,0,"50,000",0,"50,000","50,000"
"=""060099""",中砂富邦48購02  ,0,0,0,0,0,0,0,0,0,"50,000",0,0,0,"50,000",0,"50,000","50,000"
"=""068264""",T50反1凱基49購05,0,0,0,0,0,0,0,0,0,"50,000",0,0,0,"139,000","89,000","50,000","50,000"
"=""068142""",緯創富邦48購02  ,0,0,0,0,0,0,0,0,0,"50,000",0,0,0,"50,000",0,"50,000","50,000"
"=""057606""",台達電永豐46購01,0,0,0,0,0,0,0,0,0,"50,000",0,0,0,"100,000","50,000","50,000","50,000"
"=""064454""",新日興元大49購02,0,0,0,0,0,0,0,0,0,"50,000",0,0,0,"54,000","4,000","50,000","50,000"
"=""064458""",群創元大46購10  ,0,0,0,0,0,0,0,0,0,"50,000",0,0,0,"50,000",0,"50,000","50,000"
"=""064406""",T50反1凱基4A購02,0,0,0,0,0,0,0,0,0,"50,000",0,0,0,"51,000","1,000","50,000","50,000"
"=""064533""",碩天永豐46購02  ,0,0,0,0,0,0,0,0,0,"50,000",0,0,0,"50,000",0,"50,000","50,000"
"=""064570""",景碩國票49購01  ,0,0,0,0,0,0,0,0,0,"50,000",0,0,0,"50,000",0,"50,000","50,000"
"=""064623""",新日興凱基49購01,0,0,0,0,0,0,0,0,0,"50,000",0,0,0,"50,000",0,"50,000","50,000"
"=""064874""",聯發科群益47購07,0,0,0,0,0,0,0,0,0,"50,000",0,0,0,"52,000","2,000","50,000","50,000"
"=""064890""",世芯群益4B購02  ,0,0,0,0,0,0,0,0,0,"50,000",0,0,0,"50,000",0,"50,000","50,000"
"=""04461T""",高力元大35售10  ,0,0,0,0,0,0,0,0,0,"50,000",0,0,0,"50,000",0,"50,000","50,000"
"=""03966T""",台積電元大34售64,0,0,0,0,0,0,0,0,0,"50,000",0,0,0,"50,000",0,"50,000","50,000"
"=""064099""",上銀群益48購04  ,0,0,0,0,0,0,0,0,0,"50,000",0,0,0,"50,000",0,"50,000","50,000"
"=""064136""",同欣電群益46購01,0,0,0,0,0,0,0,0,0,"50,000",0,0,0,"50,000",0,"50,000","50,000"
"=""059235""",康普國票46購01  ,0,0,0,0,0,0,0,0,0,"50,000",0,0,0,"50,000",0,"50,000","50,000"
"=""051813""",愛普凱基44購01  ,0,0,0,0,0,0,0,0,0,"50,000",0,0,0,"50,000",0,"50,000","50,000"
"=""063814""",大立光凱基46購05,0,0,0,0,0,0,0,0,0,"50,000",0,0,0,"102,000","52,000","50,000","50,000"
"=""063723""",一詮中信46購01  ,0,0,0,0,0,0,0,0,0,"50,000",0,0,0,"60,000","10,000","50,000","50,000"
"=""063682""",上銀富邦47購01  ,0,0,0,0,0,0,0,0,0,"50,000",0,0,0,"51,000","1,000","50,000","50,000"
"=""063668""",祥碩元大46購06  ,0,0,0,0,0,0,0,0,0,"50,000",0,0,0,"50,000",0,"50,000","50,000"
"=""063636""",世紀鋼群益46購05,0,0,0,0,0,0,0,0,0,"50,000",0,0,0,"50,000",0,"50,000","50,000"
"=""052342""",盛群中信43購01  ,0,0,0,0,0,0,0,0,0,"50,000",0,0,0,"50,000",0,"50,000","50,000"
"=""051172""",台積電國泰45購14,0,0,0,0,0,0,0,0,0,"50,000",0,0,0,"50,000",0,"50,000","50,000"
"=""051214""",元債2X元大43購04,0,0,0,0,0,0,0,0,0,"50,000",0,0,0,"50,000",0,"50,000","50,000"
"=""051096""",華通群益43購05  ,0,0,0,0,0,0,0,0,0,"50,000",0,0,0,"50,000",0,"50,000","50,000"
"=""051128""",亞光凱基43購08  ,0,0,0,0,0,0,0,0,0,"50,000",0,0,0,"50,000",0,"50,000","50,000"
"=""052431""",元晶富邦46購01  ,0,0,0,0,0,0,0,0,0,"50,000",0,0,0,"50,000",0,"50,000","50,000"
"=""052477""",世芯國泰46購02  ,0,0,0,0,0,0,0,0,0,"50,000",0,0,0,"50,000",0,"50,000","50,000"
"=""052594""",台光電元大4A購01,0,0,0,0,0,0,0,0,0,"50,000",0,0,0,"50,000",0,"50,000","50,000"
"=""063294""",聯詠中信4A購01  ,0,0,0,0,0,0,0,0,0,"50,000",0,0,0,"50,000",0,"50,000","50,000"
"=""063371""",上銀台新46購01  ,0,0,0,0,0,0,0,0,0,"50,000",0,0,0,"50,000",0,"50,000","50,000"
"=""063384""",萬海富邦48購01  ,0,0,0,0,0,0,0,0,0,"50,000",0,0,0,"148,000","98,000","50,000","50,000"
"=""049965""",台積電凱基43購54,0,0,0,0,0,0,0,0,0,"50,000",0,0,0,"50,000",0,"50,000","50,000"
"=""050088""",世芯永豐46購03  ,0,0,0,0,0,0,0,0,0,"50,000",0,0,0,"50,000",0,"50,000","50,000"
"=""063400""",一詮群益46購08  ,0,0,0,0,0,0,0,0,0,"50,000",0,0,0,"170,000","120,000","50,000","50,000"
"=""049071""",臺指2X元大43購03,0,0,0,0,0,0,0,0,0,"50,000",0,0,0,"50,000",0,"50,000","50,000"
"=""063044""",一詮富邦49購01  ,0,0,0,0,0,0,0,0,0,"50,000",0,0,0,"50,000",0,"50,000","50,000"
"=""048278""",同欣電群益42購02,0,0,0,0,0,0,0,0,0,"50,000",0,0,0,"80,000","30,000","50,000","50,000"
"=""047692""",美時元大45購02  ,0,0,0,0,0,0,0,0,0,"50,000",0,0,0,"115,000","65,000","50,000","50,000"
"=""047897""",亞翔兆豐44購01  ,0,0,0,0,0,0,0,0,0,"50,000",0,0,0,"50,000",0,"50,000","50,000"
"=""055773""",華泰統一4A購01  ,0,0,0,0,0,0,0,0,0,"50,000",0,0,0,"50,000",0,"50,000","50,000"
"=""053307""",創意凱基4A購01  ,0,0,0,0,0,0,0,0,0,"50,000",0,0,0,"50,000",0,"50,000","50,000"
"=""055668""",奇鋐群益44購05  ,0,0,0,0,0,0,0,0,0,"50,000",0,0,0,"60,000","10,000","50,000","50,000"
"=""050779""",景碩元大43購28  ,0,0,0,0,0,0,0,0,0,"50,000",0,0,0,"70,000","20,000","50,000","50,000"
"=""050944""",所羅門群益47購01,0,0,0,0,0,0,0,0,0,"50,000",0,0,0,"50,000",0,"50,000","50,000"
"=""051024""",鴻海凱基47購02  ,0,0,0,0,0,0,0,0,0,"50,000",0,0,0,"108,000","58,000","50,000","50,000"
"=""050531""",鴻準元富43購05  ,0,0,0,0,0,0,0,0,0,"50,000",0,0,0,"52,000","2,000","50,000","50,000"
"=""050638""",創意富邦43購04  ,0,0,0,0,0,0,0,0,0,"50,000",0,0,0,"186,000","136,000","50,000","50,000"
"=""050474""",臺股指凱基43購89,0,0,0,0,0,0,0,0,0,"50,000",0,0,0,"50,000",0,"50,000","50,000"
"=""050653""",正崴永豐43購01  ,0,0,0,0,0,0,0,0,0,"49,000",0,0,0,"49,000",0,"49,000","49,000"
"=""055754""",台積電國泰46購11,0,0,0,0,0,0,0,0,0,"49,000",0,0,0,"49,000",0,"49,000","49,000"
"=""063612""",台積電群益5C購01,0,0,0,0,0,0,0,0,0,"49,000",0,0,0,"49,000",0,"49,000","49,000"
2228,劍麟            ,"81,000","33,000","48,000",0,0,0,0,0,0,"1,000","1,000",0,"1,000",0,0,0,"49,000"
"=""052734""",滬深2X統一48購01,0,0,0,0,0,0,0,0,0,"49,000",0,0,0,"636,000","587,000","49,000","49,000"
"=""063651""",鴻準元大46購26  ,0,0,0,0,0,0,0,0,0,"49,000",0,0,0,"50,000","1,000","49,000","49,000"
"=""063822""",采鈺凱基46購01  ,0,0,0,0,0,0,0,0,0,"49,000",0,0,0,"49,000",0,"49,000","49,000"
"=""059110""",金寶凱基48購02  ,0,0,0,0,0,0,0,0,0,"49,000",0,0,0,"50,000","1,000","49,000","49,000"
"=""060156""",仁寶元大46購01  ,0,0,0,0,0,0,0,0,0,"49,000",0,0,0,"59,000","10,000","49,000","49,000"
"=""068300""",鴻海元大48購04  ,0,0,0,0,0,0,0,0,0,"49,000",0,0,0,"49,000",0,"49,000","49,000"
"=""067998""",上銀群益47購03  ,0,0,0,0,0,0,0,0,0,"49,000",0,0,0,"49,000",0,"49,000","49,000"
"=""067999""",鴻海群益47購21  ,0,0,0,0,0,0,0,0,0,"49,000",0,0,0,"49,000",0,"49,000","49,000"
"=""060051""",台積電凱基4A購09,0,0,0,0,0,0,0,0,0,"49,000",0,0,0,"79,000","30,000","49,000","49,000"
"=""067201""",鴻準凱基47購06  ,0,0,0,0,0,0,0,0,0,"49,000",0,0,0,"52,000","3,000","49,000","49,000"
"=""065347""",元日2X群益4C購01,0,0,0,0,0,0,0,0,0,"49,000",0,0,0,"49,000",0,"49,000","49,000"
"=""066124""",直得統一4C購01  ,0,0,0,0,0,0,0,0,0,"49,000",0,0,0,"150,000","101,000","49,000","49,000"
"=""066383""",和大國票47購03  ,0,0,0,0,0,0,0,0,0,"49,000",0,0,0,"72,000","23,000","49,000","49,000"
"=""066307""",台灣50中信4A購03,0,0,0,0,0,0,0,0,0,"49,000",0,0,0,"59,000","10,000","49,000","49,000"
"=""066825""",大同凱基48購03  ,0,0,0,0,0,0,0,0,0,"49,000",0,0,0,"71,000","22,000","49,000","49,000"
"=""041358""",華通凱基55購03  ,0,0,0,0,0,0,0,0,0,"49,000",0,0,0,"106,000","57,000","49,000","49,000"
"=""065988""",泰金寶元大4A購01,0,0,0,0,0,0,0,0,0,"49,000",0,0,0,"87,000","38,000","49,000","49,000"
"=""061920""",友訊富邦47購01  ,0,0,0,0,0,0,0,0,0,"49,000",0,0,0,"49,000",0,"49,000","49,000"
"=""061199""",臺指反元大47購02,0,0,0,0,0,0,0,0,0,"49,000",0,0,0,"59,000","10,000","49,000","49,000"
"=""068688""",世芯元富48購10  ,0,0,0,0,0,0,0,0,0,"49,000",0,0,0,"50,000","1,000","49,000","49,000"
"=""060301""",鴻海群益46購10  ,0,0,0,0,0,0,0,0,0,"49,000",0,0,0,"69,000","20,000","49,000","49,000"
"=""062137""",台塑化國票46購02,0,0,0,0,0,0,0,0,0,"49,000",0,0,0,"64,000","15,000","49,000","49,000"
"=""057494""",金寶凱基48購01  ,0,0,0,0,0,0,0,0,0,"49,000",0,0,0,"50,000","1,000","49,000","49,000"
"=""055845""",台亞凱基44購02  ,0,0,0,0,0,0,0,0,0,"49,000",0,0,0,"49,000",0,"49,000","49,000"
"=""046237""",東鹼國票43購01  ,0,0,0,0,0,0,0,0,0,"49,000",0,0,0,"49,000",0,"49,000","49,000"
"=""062385""",創意凱基46購07  ,0,0,0,0,0,0,0,0,0,"49,000",0,0,0,"99,000","50,000","49,000","49,000"
"=""047579""",龍德船統一4C購02,0,0,0,0,0,0,0,0,0,"49,000",0,0,0,"101,000","52,000","49,000","49,000"
"=""055196""",東科國票44購02  ,0,0,0,0,0,0,0,0,0,"49,000",0,0,0,"49,000",0,"49,000","49,000"
"=""062864""",世芯兆豐48購01  ,0,0,0,0,0,0,0,0,0,"48,000",0,0,0,"48,000",0,"48,000","48,000"
"=""055280""",致新群益44購01  ,0,0,0,0,0,0,0,0,0,"48,000",0,0,0,"48,000",0,"48,000","48,000"
"=""04660T""",矽力群益35售07  ,0,0,0,0,0,0,0,0,0,"48,000",0,0,0,"53,000","5,000","48,000","48,000"
"=""057930""",陽明元大45購05  ,"110,000",0,"110,000",0,0,0,0,0,0,"-62,000",0,0,0,0,"62,000","-62,000","48,000"
"=""068495""",鴻海元大48購07  ,0,0,0,0,0,0,0,0,0,"48,000",0,0,0,"78,000","30,000","48,000","48,000"
"=""068491""",大成鋼元大48購01,0,0,0,0,0,0,0,0,0,"48,000",0,0,0,"68,000","20,000","48,000","48,000"
"=""068413""",大成鋼元富48購01,0,0,0,0,0,0,0,0,0,"48,000",0,0,0,"66,000","18,000","48,000","48,000"
"=""068802""",中砂國票49購02  ,0,0,0,0,0,0,0,0,0,"48,000",0,0,0,"50,000","2,000","48,000","48,000"
"=""069388""",鴻海統一56購04  ,0,0,0,0,0,0,0,0,0,"48,000",0,0,0,"83,000","35,000","48,000","48,000"
"=""061557""",智邦凱基46購07  ,0,0,0,0,0,0,0,0,0,"48,000",0,0,0,"48,000",0,"48,000","48,000"
"=""061640""",大立光元大46購02,0,0,0,0,0,0,0,0,0,"48,000",0,0,0,"120,000","72,000","48,000","48,000"
"=""057322""",緯穎元大45購10  ,0,0,0,0,0,0,0,0,0,"48,000",0,0,0,"50,000","2,000","48,000","48,000"
"=""020020""",元大台股領航N   ,0,0,0,0,0,0,0,0,0,"48,000",0,0,0,"56,000","8,000","48,000","48,000"
"=""066335""",大立光兆豐48購02,0,0,0,0,0,0,0,0,0,"48,000",0,0,0,"48,000",0,"48,000","48,000"
"=""042113""",致茂國票55購03  ,0,0,0,0,0,0,0,0,0,"48,000",0,0,0,"48,000",0,"48,000","48,000"
"=""058515""",中租凱基46購02  ,0,0,0,0,0,0,0,0,0,"48,000",0,0,0,"102,000","54,000","48,000","48,000"
"=""067639""",來億統一51購02  ,0,0,0,0,0,0,0,0,0,"48,000",0,0,0,"48,000",0,"48,000","48,000"
"=""067742""",穎崴群益49購01  ,0,0,0,0,0,0,0,0,0,"48,000",0,0,0,"53,000","5,000","48,000","48,000"
"=""068257""",世紀鋼兆豐3B購01,0,0,0,0,0,0,0,0,0,"48,000",0,0,0,"48,000",0,"48,000","48,000"
"=""063962""",群創永豐4C購01  ,0,0,0,0,0,0,0,0,0,"48,000",0,0,0,"48,000",0,"48,000","48,000"
"=""058951""",緯穎群益47購03  ,0,0,0,0,0,0,0,0,0,"48,000",0,0,0,"98,000","50,000","48,000","48,000"
"=""054133""",材料群益44購10  ,0,0,0,0,0,0,0,0,0,"48,000",0,0,0,"70,000","22,000","48,000","48,000"
"=""052780""",材料富邦46購04  ,0,0,0,0,0,0,0,0,0,"48,000",0,0,0,"50,000","2,000","48,000","48,000"
"=""053045""",宏致元大44購01  ,0,0,0,0,0,0,0,0,0,"48,000",0,0,0,"499,000","451,000","48,000","48,000"
2444,兆勁            ,"77,000","31,000","46,000",0,0,0,0,0,0,"2,000","2,000",0,"2,000",0,0,0,"48,000"
1712,興農            ,"118,000","74,000","44,000",0,0,0,"4,000",0,"4,000",0,0,0,0,0,0,0,"48,000"
"=""048157""",鴻海群益44購16  ,0,0,0,0,0,0,0,0,0,"48,000",0,0,0,"70,000","22,000","48,000","48,000"
"=""048158""",精英群益44購02  ,0,0,0,0,0,0,0,0,0,"48,000",0,0,0,"50,000","2,000","48,000","48,000"
"=""048262""",新光金國票44購03,0,0,0,0,0,0,0,0,0,"48,000",0,0,0,"50,000","2,000","48,000","48,000"
"=""048866""",台積電兆豐44購02,0,0,0,0,0,0,0,0,0,"48,000",0,0,0,"54,000","6,000","48,000","48,000"
"=""064646""",緯創元富4A購01  ,0,0,0,0,0,0,0,0,0,"48,000",0,0,0,"49,000","1,000","48,000","48,000"
"=""040622""",陽明統一5A購01  ,0,0,0,0,0,0,0,0,0,"48,000",0,0,0,"53,000","5,000","48,000","48,000"
"=""04423T""",智原永豐35售01  ,0,0,0,0,0,0,0,0,0,"47,000",0,0,0,"50,000","3,000","47,000","47,000"
"=""041046""",光寶科元大58購04,0,0,0,0,0,0,0,0,0,"47,000",0,0,0,"75,000","28,000","47,000","47,000"
"=""063204""",精誠群益46購02  ,0,0,0,0,0,0,0,0,0,"47,000",0,0,0,"114,000","67,000","47,000","47,000"
"=""056086""",鴻海元大44購41  ,0,0,0,0,0,0,0,0,0,"47,000",0,0,0,"88,000","41,000","47,000","47,000"
"=""056367""",台灣50元大48購02,0,0,0,0,0,0,0,0,0,"47,000",0,0,0,"61,000","14,000","47,000","47,000"
"=""03990T""",健策凱基34售08  ,0,0,0,0,0,0,0,0,0,"47,000",0,0,0,"50,000","3,000","47,000","47,000"
"=""063801""",台積電凱基46購26,0,0,0,0,0,0,0,0,0,"47,000",0,0,0,"54,000","7,000","47,000","47,000"
"=""064166""",上銀元富4C購02  ,0,0,0,0,0,0,0,0,0,"47,000",0,0,0,"49,000","2,000","47,000","47,000"
"=""058779""",皇昌元大45購03  ,0,0,0,0,0,0,0,0,0,"47,000",0,0,0,"111,000","64,000","47,000","47,000"
"=""058510""",長榮航凱基4B購01,0,0,0,0,0,0,0,0,0,"47,000",0,0,0,"52,000","5,000","47,000","47,000"
"=""067528""",保瑞元大49購01  ,0,0,0,0,0,0,0,0,0,"47,000",0,0,0,"47,000",0,"47,000","47,000"
"=""065315""",智原統一51購01  ,0,0,0,0,0,0,0,0,0,"47,000",0,0,0,"122,000","75,000","47,000","47,000"
"=""042838""",智邦永豐56購01  ,0,0,0,0,0,0,0,0,0,"47,000",0,0,0,"47,000",0,"47,000","47,000"
"=""03800T""",矽統群益36售03  ,0,0,0,0,0,0,0,0,0,"47,000",0,0,0,"50,000","3,000","47,000","47,000"
"=""057114""",宏�硌s益45購01  ,0,0,0,0,0,0,0,0,0,"47,000",0,0,0,"88,000","41,000","47,000","47,000"
"=""060961""",台積電元富49購08,0,0,0,0,0,0,0,0,0,"47,000",0,0,0,"122,000","75,000","47,000","47,000"
"=""060767""",長榮元大4B購02  ,0,0,0,0,0,0,0,0,0,"47,000",0,0,0,"47,000",0,"47,000","47,000"
"=""057935""",緯創元大45購24  ,0,0,0,0,0,0,0,0,0,"47,000",0,0,0,"80,000","33,000","47,000","47,000"
"=""057938""",智易元大45購02  ,0,0,0,0,0,0,0,0,0,"47,000",0,0,0,"62,000","15,000","47,000","47,000"
"=""057777""",神達群益46購02  ,0,0,0,0,0,0,0,0,0,"47,000",0,0,0,"130,000","83,000","47,000","47,000"
"=""062559""",SP黃豆元大48購01,0,0,0,0,0,0,0,0,0,"47,000",0,0,0,"47,000",0,"47,000","47,000"
"=""08731U""",材料元富32售06  ,0,0,0,0,0,0,0,0,0,"47,000",0,0,0,"47,000",0,"47,000","47,000"
1467,南緯            ,"83,000","15,000","68,000",0,0,0,0,0,0,"-21,000",0,"21,000","-21,000",0,0,0,"47,000"
"=""062757""",臺指反群益4C購02,0,0,0,0,0,0,0,0,0,"47,000",0,0,0,"94,000","47,000","47,000","47,000"
2441,超豐            ,"279,000","242,000","37,000",0,0,0,"1,000","7,733","-6,733","15,869","16,869","1,000","15,869",0,0,0,"46,136"
2496,卓越            ,"30,000","15,000","15,000",0,0,0,0,0,0,"31,000","31,000",0,"31,000",0,0,0,"46,000"
"=""056153""",台積電富邦46購06,0,0,0,0,0,0,0,0,0,"46,000",0,0,0,"135,000","89,000","46,000","46,000"
"=""04856T""",臺股指凱基3A售19,0,0,0,0,0,0,0,0,0,"46,000",0,0,0,"46,000",0,"46,000","46,000"
"=""059314""",台光電群益45購09,0,0,0,0,0,0,0,0,0,"46,000",0,0,0,"65,000","19,000","46,000","46,000"
"=""058955""",臺股指群益45購26,0,0,0,0,0,0,0,0,0,"46,000",0,0,0,"80,000","34,000","46,000","46,000"
"=""063959""",威健永豐46購01  ,0,0,0,0,0,0,0,0,0,"46,000",0,0,0,"46,000",0,"46,000","46,000"
"=""059047""",矽統統一4B購01  ,0,0,0,0,0,0,0,0,0,"46,000",0,0,0,"100,000","54,000","46,000","46,000"
"=""059380""",寶成元大45購05  ,0,0,0,0,0,0,0,0,0,"46,000",0,0,0,"76,000","30,000","46,000","46,000"
4976,佳凌            ,"81,000","35,000","46,000",0,0,0,0,0,0,0,0,0,0,0,0,0,"46,000"
"=""055142""",香港2X富邦47購02,0,0,0,0,0,0,0,0,0,"46,000",0,0,0,"50,000","4,000","46,000","46,000"
"=""055387""",精成科凱基44購01,0,0,0,0,0,0,0,0,0,"46,000",0,0,0,"46,000",0,"46,000","46,000"
"=""046562""",臺股指凱基44購18,0,0,0,0,0,0,0,0,0,"46,000",0,0,0,"75,000","29,000","46,000","46,000"
"=""04683T""",創意國泰37售02  ,0,0,0,0,0,0,0,0,0,"46,000",0,0,0,"353,000","307,000","46,000","46,000"
"=""062639""",上証2X凱基49購01,0,0,0,0,0,0,0,0,0,"46,000",0,0,0,"66,000","20,000","46,000","46,000"
"=""060357""",萬海元大46購04  ,0,0,0,0,0,0,0,0,0,"46,000",0,0,0,"72,000","26,000","46,000","46,000"
"=""068504""",立隆電元大48購02,0,0,0,0,0,0,0,0,0,"46,000",0,0,0,"166,000","120,000","46,000","46,000"
"=""069050""",台積電凱基4A購19,0,0,0,0,0,0,0,0,0,"46,000",0,0,0,"56,000","10,000","46,000","46,000"
"=""066143""",大立光統一55購01,0,0,0,0,0,0,0,0,0,"46,000",0,0,0,"50,000","4,000","46,000","46,000"
"=""03717T""",文曄元大34售04  ,0,0,0,0,0,0,0,0,0,"46,000",0,0,0,"46,000",0,"46,000","46,000"
"=""020029""",元大ESG高股息N  ,0,0,0,0,0,0,0,0,0,"46,000",0,0,0,"56,000","10,000","46,000","46,000"
"=""045008""",智邦富邦57購02  ,0,0,0,0,0,0,0,0,0,"46,000",0,0,0,"66,000","20,000","46,000","46,000"
"=""031256""",亞翔元大58購02  ,0,0,0,0,0,0,0,0,0,"46,000",0,0,0,"98,000","52,000","46,000","46,000"
"=""059413""",台玻群益47購01  ,0,0,0,0,0,0,0,0,0,"46,000",0,0,0,"62,000","16,000","46,000","46,000"
"=""058441""",友達永豐46購01  ,0,0,0,0,0,0,0,0,0,"46,000",0,0,0,"64,000","18,000","46,000","46,000"
"=""059865""",日電貿元富45購01,0,0,0,0,0,0,0,0,0,"46,000",0,0,0,"46,000",0,"46,000","46,000"
"=""058318""",鴻海群益55購01  ,0,0,0,0,0,0,0,0,0,"46,000",0,0,0,"54,000","8,000","46,000","46,000"
"=""058302""",欣興凱基45購01  ,0,0,0,0,0,0,0,0,0,"46,000",0,0,0,"49,000","3,000","46,000","46,000"
"=""058863""",華擎凱基45購02  ,0,0,0,0,0,0,0,0,0,"46,000",0,0,0,"46,000",0,"46,000","46,000"
"=""057664""",緯創元富4B購02  ,0,0,0,0,0,0,0,0,0,"46,000",0,0,0,"46,000",0,"46,000","46,000"
5243,乙盛-KY         ,"141,000","115,000","26,000",0,0,0,0,0,0,"19,825","20,000",175,"19,825",0,0,0,"45,825"
5292,華懋            ,"78,000","37,000","41,000",0,0,0,0,0,0,"4,000","4,000",0,"4,000",0,0,0,"45,000"
"=""053066""",臺股指元大44購31,0,0,0,0,0,0,0,0,0,"45,000",0,0,0,"45,000",0,"45,000","45,000"
"=""052939""",來億凱基44購01  ,0,0,0,0,0,0,0,0,0,"45,000",0,0,0,"45,000",0,"45,000","45,000"
"=""052512""",士紙統一54購01  ,0,0,0,0,0,0,0,0,0,"45,000",0,0,0,"95,000","50,000","45,000","45,000"
"=""052171""",群光國票44購01  ,0,0,0,0,0,0,0,0,0,"45,000",0,0,0,"50,000","5,000","45,000","45,000"
"=""044573""",定穎控群益56購05,0,0,0,0,0,0,0,0,0,"45,000",0,0,0,"45,000",0,"45,000","45,000"
"=""054295""",汎銓元大44購05  ,0,0,0,0,0,0,0,0,0,"45,000",0,0,0,"45,000",0,"45,000","45,000"
"=""059028""",台灣50永豐45購08,0,0,0,0,0,0,0,0,0,"45,000",0,0,0,"45,000",0,"45,000","45,000"
"=""048265""",晶豪科國票42購03,0,0,0,0,0,0,0,0,0,"45,000",0,0,0,"45,000",0,"45,000","45,000"
"=""048389""",美費半國票45購01,0,0,0,0,0,0,0,0,0,"45,000",0,0,0,"70,000","25,000","45,000","45,000"
"=""048973""",大立光元大46購01,0,0,0,0,0,0,0,0,0,"45,000",0,0,0,"45,000",0,"45,000","45,000"
"=""049296""",定穎控兆豐45購01,0,0,0,0,0,0,0,0,0,"45,000",0,0,0,"45,000",0,"45,000","45,000"
"=""063451""",台光電元大46購14,0,0,0,0,0,0,0,0,0,"45,000",0,0,0,"45,000",0,"45,000","45,000"
"=""050094""",川湖元富4C購01  ,0,0,0,0,0,0,0,0,0,"45,000",0,0,0,"160,000","115,000","45,000","45,000"
"=""050785""",長華元大43購10  ,0,0,0,0,0,0,0,0,0,"45,000",0,0,0,"85,000","40,000","45,000","45,000"
"=""056063""",全新群益46購05  ,0,0,0,0,0,0,0,0,0,"45,000",0,0,0,"53,000","8,000","45,000","45,000"
"=""055746""",世芯元大44購20  ,0,0,0,0,0,0,0,0,0,"45,000",0,0,0,"60,000","15,000","45,000","45,000"
"=""055685""",力成群益48購01  ,0,0,0,0,0,0,0,0,0,"45,000",0,0,0,"45,000",0,"45,000","45,000"
"=""040817""",強茂富邦54購01  ,0,0,0,0,0,0,0,0,0,"45,000",0,0,0,"105,000","60,000","45,000","45,000"
"=""068114""",創意元富47購04  ,0,0,0,0,0,0,0,0,0,"45,000",0,0,0,"95,000","50,000","45,000","45,000"
"=""059910""",亞光群益45購03  ,0,0,0,0,0,0,0,0,0,"45,000",0,0,0,"47,000","2,000","45,000","45,000"
"=""058308""",保瑞元大45購05  ,0,0,0,0,0,0,0,0,0,"45,000",0,0,0,"65,000","20,000","45,000","45,000"
"=""058496""",中砂凱基45購04  ,0,0,0,0,0,0,0,0,0,"45,000",0,0,0,"45,000",0,"45,000","45,000"
"=""067228""",智原永豐48購03  ,"165,000",0,"165,000",0,0,0,0,0,0,"-120,000",0,0,0,0,"120,000","-120,000","45,000"
"=""052034""",保瑞國票45購01  ,0,0,0,0,0,0,0,0,0,"45,000",0,0,0,"47,000","2,000","45,000","45,000"
"=""045403""",華孚群益55購03  ,0,0,0,0,0,0,0,0,0,"45,000",0,0,0,"60,000","15,000","45,000","45,000"
"=""065377""",辛耘群益47購02  ,0,0,0,0,0,0,0,0,0,"45,000",0,0,0,"117,000","72,000","45,000","45,000"
"=""066813""",洋基統一51購03  ,0,0,0,0,0,0,0,0,0,"45,000",0,0,0,"45,000",0,"45,000","45,000"
"=""069047""",健策元富3C購01  ,0,0,0,0,0,0,0,0,0,"45,000",0,0,0,"53,000","8,000","45,000","45,000"
"=""056994""",普安國票46購01  ,0,0,0,0,0,0,0,0,0,"45,000",0,0,0,"45,000",0,"45,000","45,000"
"=""069403""",玉晶光統一53購01,0,0,0,0,0,0,0,0,0,"45,000",0,0,0,"45,000",0,"45,000","45,000"
"=""061780""",陽明國票47購02  ,0,0,0,0,0,0,0,0,0,"45,000",0,0,0,"112,000","67,000","45,000","45,000"
"=""068678""",長榮航永豐4B購02,0,0,0,0,0,0,0,0,0,"45,000",0,0,0,"45,000",0,"45,000","45,000"
"=""068657""",鼎基統一52購01  ,0,0,0,0,0,0,0,0,0,"45,000",0,0,0,"45,000",0,"45,000","45,000"
"=""068792""",華泰統一44購01  ,0,0,0,0,0,0,0,0,0,"45,000",0,0,0,"60,000","15,000","45,000","45,000"
"=""062625""",聯電中信46購02  ,0,0,0,0,0,0,0,0,0,"45,000",0,0,0,"60,000","15,000","45,000","45,000"
"=""046391""",光寶科元富44購01,0,0,0,0,0,0,0,0,0,"45,000",0,0,0,"45,000",0,"45,000","45,000"
"=""057907""",緯穎國票46購02  ,0,0,0,0,0,0,0,0,0,"45,000",0,0,0,"65,000","20,000","45,000","45,000"
"=""057986""",中石化富邦45購01,0,0,0,0,0,0,0,0,0,"45,000",0,0,0,"45,000",0,"45,000","45,000"
"=""055849""",華航凱基44購01  ,0,0,0,0,0,0,0,0,0,"45,000",0,0,0,"45,000",0,"45,000","45,000"
"=""057571""",聯電群益46購01  ,0,0,0,0,0,0,0,0,0,"45,000",0,0,0,"131,000","86,000","45,000","45,000"
"=""055187""",海悅國票44購01  ,0,0,0,0,0,0,0,0,0,"45,000",0,0,0,"60,000","15,000","45,000","45,000"
"=""047396""",宏�皏藕�45購01  ,0,0,0,0,0,0,0,0,0,"45,000",0,0,0,"55,000","10,000","45,000","45,000"
"=""047321""",智原元大43購15  ,0,0,0,0,0,0,0,0,0,"45,000",0,0,0,"85,000","40,000","45,000","45,000"
"=""062895""",創意國泰48購02  ,0,0,0,0,0,0,0,0,0,"44,000",0,0,0,"44,000",0,"44,000","44,000"
"=""08186U""",香港2X國票32售01,0,0,0,0,0,0,0,0,0,"44,000",0,0,0,"44,000",0,"44,000","44,000"
"=""068683""",保瑞永豐4A購01  ,0,0,0,0,0,0,0,0,0,"44,000",0,0,0,"150,000","106,000","44,000","44,000"
"=""068637""",來億元大48購01  ,0,0,0,0,0,0,0,0,0,"44,000",0,0,0,"44,000",0,"44,000","44,000"
"=""061911""",達發元大46購05  ,0,0,0,0,0,0,0,0,0,"44,000",0,0,0,"54,000","10,000","44,000","44,000"
"=""069111""",祥碩元大48購01  ,0,0,0,0,0,0,0,0,0,"44,000",0,0,0,"99,000","55,000","44,000","44,000"
"=""066646""",南亞科統一51購01,0,0,0,0,0,0,0,0,0,"44,000",0,0,0,"60,000","16,000","44,000","44,000"
"=""065741""",威盛統一3B購09  ,0,0,0,0,0,0,0,0,0,"44,000",0,0,0,"46,000","2,000","44,000","44,000"
"=""00681R""",元大美債20反1   ,0,"19,000","-19,000",0,0,0,0,0,0,"63,000",0,0,0,"64,000","1,000","63,000","44,000"
"=""03343T""",聯發科元大33售06,0,0,0,0,0,0,0,0,0,"44,000",0,0,0,"120,000","76,000","44,000","44,000"
"=""060184""",長榮航元大46購01,0,0,0,0,0,0,0,0,0,"44,000",0,0,0,"74,000","30,000","44,000","44,000"
"=""040404""",台灣50國票56購01,0,0,0,0,0,0,0,0,0,"44,000",0,0,0,"45,000","1,000","44,000","44,000"
"=""064710""",華碩群益47購01  ,0,0,0,0,0,0,0,0,0,"44,000",0,0,0,"119,000","75,000","44,000","44,000"
"=""064788""",聯電元大47購03  ,0,0,0,0,0,0,0,0,0,"44,000",0,0,0,"104,000","60,000","44,000","44,000"
"=""064613""",佳世達凱基49購01,0,0,0,0,0,0,0,0,0,"43,000",0,0,0,"43,000",0,"43,000","43,000"
"=""043925""",台積電元大55購17,0,0,0,0,0,0,0,0,0,"43,000",0,0,0,"44,000","1,000","43,000","43,000"
"=""050927""",材料元富44購03  ,0,0,0,0,0,0,0,0,0,"43,000",0,0,0,"93,000","50,000","43,000","43,000"
3002,歐格            ,"43,000","10,000","33,000",0,0,0,0,0,0,"10,000","10,000",0,"10,000",0,0,0,"43,000"
"=""050099""",奇鋐元富44購01  ,0,0,0,0,0,0,0,0,0,"43,000",0,0,0,"47,000","4,000","43,000","43,000"
"=""050292""",建漢國票44購02  ,0,0,0,0,0,0,0,0,0,"43,000",0,0,0,"47,000","4,000","43,000","43,000"
"=""063152""",FANG+元富46購03 ,0,0,0,0,0,0,0,0,0,"43,000",0,0,0,"47,000","4,000","43,000","43,000"
"=""048295""",中興電元大43購17,0,0,0,0,0,0,0,0,0,"43,000",0,0,0,"65,000","22,000","43,000","43,000"
"=""048239""",皇昌國泰44購01  ,0,0,0,0,0,0,0,0,0,"43,000",0,0,0,"43,000",0,"43,000","43,000"
"=""048647""",台光電元大43購07,0,0,0,0,0,0,0,0,0,"43,000",0,0,0,"43,000",0,"43,000","43,000"
"=""063819""",保瑞凱基46購10  ,0,0,0,0,0,0,0,0,0,"43,000",0,0,0,"123,000","80,000","43,000","43,000"
"=""064234""",台塑群益49購01  ,0,0,0,0,0,0,0,0,0,"43,000",0,0,0,"43,000",0,"43,000","43,000"
"=""064139""",矽創群益4C購01  ,0,0,0,0,0,0,0,0,0,"43,000",0,0,0,"43,000",0,"43,000","43,000"
9928,中視            ,0,0,0,0,0,0,0,0,0,"43,000","45,000","2,000","43,000",0,0,0,"43,000"
"=""052248""",陽明國泰46購01  ,0,0,0,0,0,0,0,0,0,"43,000",0,0,0,"252,000","209,000","43,000","43,000"
"=""057614""",神達永豐45購03  ,0,0,0,0,0,0,0,0,0,"43,000",0,0,0,"53,000","10,000","43,000","43,000"
"=""058909""",世芯元大45購22  ,0,0,0,0,0,0,0,0,0,"43,000",0,0,0,"73,000","30,000","43,000","43,000"
"=""058663""",世紀鋼凱基45購07,0,0,0,0,0,0,0,0,0,"43,000",0,0,0,"94,000","51,000","43,000","43,000"
"=""065696""",台塑元大4B購02  ,0,0,0,0,0,0,0,0,0,"43,000",0,0,0,"54,000","11,000","43,000","43,000"
"=""032018""",鴻海群益52購09  ,0,0,0,0,0,0,0,0,0,"43,000",0,0,0,"85,000","42,000","43,000","43,000"
"=""057034""",滬深2X凱基4A購03,0,0,0,0,0,0,0,0,0,"43,000",0,0,0,"43,000",0,"43,000","43,000"
"=""060317""",華擎群益46購02  ,0,0,0,0,0,0,0,0,0,"43,000",0,0,0,"49,000","6,000","43,000","43,000"
"=""061240""",振樺電元大46購03,0,0,0,0,0,0,0,0,0,"43,000",0,0,0,"168,000","125,000","43,000","43,000"
"=""061295""",世紀鋼永豐48購03,0,0,0,0,0,0,0,0,0,"43,000",0,0,0,"104,000","61,000","43,000","43,000"
"=""057416""",貿聯元富4B購01  ,0,0,0,0,0,0,0,0,0,"43,000",0,0,0,"43,000",0,"43,000","43,000"
"=""062245""",金像電凱基46購05,0,0,0,0,0,0,0,0,0,"43,000",0,0,0,"43,000",0,"43,000","43,000"
2474,可成            ,"707,000","667,373","39,627",0,0,0,"58,000","27,259","30,741","-28,317","11,000","28,000","-17,000","2,600","13,917","-11,317","42,051"
"=""050867""",華通元大43購11  ,0,0,0,0,0,0,0,0,0,"42,000",0,0,0,"42,000",0,"42,000","42,000"
1720,生達            ,"258,000","220,000","38,000",0,0,0,0,0,0,"4,000","1,000","4,000","-3,000","7,000",0,"7,000","42,000"
"=""062971""",全新元大46購04  ,0,0,0,0,0,0,0,0,0,"42,000",0,0,0,"105,000","63,000","42,000","42,000"
"=""063335""",美德醫國票49購01,0,0,0,0,0,0,0,0,0,"42,000",0,0,0,"42,000",0,"42,000","42,000"
"=""063540""",威盛國泰48購03  ,0,0,0,0,0,0,0,0,0,"42,000",0,0,0,"112,000","70,000","42,000","42,000"
"=""051932""",世紀鋼群益43購13,0,0,0,0,0,0,0,0,0,"42,000",0,0,0,"100,000","58,000","42,000","42,000"
"=""064230""",玉晶光國泰47購01,0,0,0,0,0,0,0,0,0,"42,000",0,0,0,"92,000","50,000","42,000","42,000"
"=""044307""",貿聯群益55購07  ,0,0,0,0,0,0,0,0,0,"42,000",0,0,0,"42,000",0,"42,000","42,000"
"=""040999""",日月光永豐54購02,0,0,0,0,0,0,0,0,0,"42,000",0,0,0,"42,000",0,"42,000","42,000"
"=""064745""",臺股指富邦4A購04,0,0,0,0,0,0,0,0,0,"42,000",0,0,0,"45,000","3,000","42,000","42,000"
"=""055448""",志聖群益44購01  ,0,0,0,0,0,0,0,0,0,"42,000",0,0,0,"166,000","124,000","42,000","42,000"
"=""061346""",貿聯凱基46購08  ,0,0,0,0,0,0,0,0,0,"42,000",0,0,0,"52,000","10,000","42,000","42,000"
"=""068547""",奇鋐兆豐4A購01  ,0,0,0,0,0,0,0,0,0,"42,000",0,0,0,"42,000",0,"42,000","42,000"
"=""057269""",貿聯國票46購02  ,0,0,0,0,0,0,0,0,0,"42,000",0,0,0,"49,000","7,000","42,000","42,000"
"=""061878""",智邦元大48購02  ,0,0,0,0,0,0,0,0,0,"42,000",0,0,0,"47,000","5,000","42,000","42,000"
"=""065656""",華城凱基47購02  ,0,0,0,0,0,0,0,0,0,"42,000",0,0,0,"52,000","10,000","42,000","42,000"
"=""066731""",jpp群益48購04   ,0,0,0,0,0,0,0,0,0,"42,000",0,0,0,"112,000","70,000","42,000","42,000"
"=""059861""",台泥元富45購01  ,0,0,0,0,0,0,0,0,0,"42,000",0,0,0,"59,000","17,000","42,000","42,000"
"=""058914""",保瑞元大45購10  ,0,0,0,0,0,0,0,0,0,"42,000",0,0,0,"42,000",0,"42,000","42,000"
"=""058197""",貿聯永豐45購07  ,0,0,0,0,0,0,0,0,0,"42,000",0,0,0,"52,000","10,000","42,000","42,000"
"=""058201""",臺股指永豐46購07,0,0,0,0,0,0,0,0,0,"42,000",0,0,0,"42,000",0,"42,000","42,000"
"=""057677""",立積統一46購02  ,0,0,0,0,0,0,0,0,0,"42,000",0,0,0,"48,000","6,000","42,000","42,000"
"=""068234""",臺指反國票52購01,0,0,0,0,0,0,0,0,0,"42,000",0,0,0,"68,000","26,000","42,000","42,000"
"=""055932""",大同元大44購07  ,0,0,0,0,0,0,0,0,0,"42,000",0,0,0,"52,000","10,000","42,000","42,000"
"=""066862""",台積電元富47購20,0,0,0,0,0,0,0,0,0,"42,000",0,0,0,"42,000",0,"42,000","42,000"
"=""067076""",信邦群益47購02  ,0,0,0,0,0,0,0,0,0,"42,000",0,0,0,"112,000","70,000","42,000","42,000"
"=""067492""",滬深2X元大51購01,0,0,0,0,0,0,0,0,0,"42,000",0,0,0,"42,000",0,"42,000","42,000"
3454,晶睿            ,"90,000","148,000","-58,000",0,0,0,0,0,0,"99,910","1,000","1,091",-91,"102,001","2,000","100,001","41,910"
6756,威鋒電子        ,"120,000","71,000","49,000",0,0,0,0,0,0,"-8,000",0,"5,000","-5,000","1,000","4,000","-3,000","41,000"
"=""059231""",欣興國票46購03  ,0,0,0,0,0,0,0,0,0,"41,000",0,0,0,"41,000",0,"41,000","41,000"
"=""053702""",百和元大44購03  ,0,0,0,0,0,0,0,0,0,"41,000",0,0,0,"41,000",0,"41,000","41,000"
"=""049039""",臻鼎群益43購03  ,0,0,0,0,0,0,0,0,0,"41,000",0,0,0,"41,000",0,"41,000","41,000"
"=""063036""",臺股指法興46購09,0,0,0,0,0,0,0,0,0,"41,000",0,0,0,"48,000","7,000","41,000","41,000"
"=""048019""",鴻海兆豐44購04  ,0,0,0,0,0,0,0,0,0,"41,000",0,0,0,"61,000","20,000","41,000","41,000"
"=""047718""",世芯元大43購27  ,0,0,0,0,0,0,0,0,0,"41,000",0,0,0,"41,000",0,"41,000","41,000"
"=""056036""",緯創凱基44購05  ,0,0,0,0,0,0,0,0,0,"41,000",0,0,0,"41,000",0,"41,000","41,000"
"=""056171""",瑞智凱基44購01  ,0,0,0,0,0,0,0,0,0,"41,000",0,0,0,"51,000","10,000","41,000","41,000"
"=""064679""",聯發科元大46購30,0,0,0,0,0,0,0,0,0,"41,000",0,0,0,"111,000","70,000","41,000","41,000"
"=""064522""",群創群益46購02  ,0,0,0,0,0,0,0,0,0,"41,000",0,0,0,"82,000","41,000","41,000","41,000"
"=""040582""",富邦金國票54購01,0,0,0,0,0,0,0,0,0,"41,000",0,0,0,"46,000","5,000","41,000","41,000"
"=""067537""",台積電群益47購39,0,0,0,0,0,0,0,0,0,"41,000",0,0,0,"41,000",0,"41,000","41,000"
"=""067329""",台積電元大47購34,0,0,0,0,0,0,0,0,0,"41,000",0,0,0,"41,000",0,"41,000","41,000"
"=""059555""",中華元大45購03  ,0,0,0,0,0,0,0,0,0,"41,000",0,0,0,"55,000","14,000","41,000","41,000"
"=""066913""",聯發科群益49購02,0,0,0,0,0,0,0,0,0,"41,000",0,0,0,"45,000","4,000","41,000","41,000"
"=""058861""",智原凱基47購01  ,0,0,0,0,0,0,0,0,0,"41,000",0,0,0,"41,000",0,"41,000","41,000"
"=""059971""",鴻準元大4B購02  ,0,0,0,0,0,0,0,0,0,"41,000",0,0,0,"223,000","182,000","41,000","41,000"
"=""058271""",中砂元大45購02  ,0,0,0,0,0,0,0,0,0,"41,000",0,0,0,"41,000",0,"41,000","41,000"
"=""066468""",長榮元大47購05  ,0,0,0,0,0,0,0,0,0,"41,000",0,0,0,"41,000",0,"41,000","41,000"
"=""038175""",楠梓電國票59購01,0,0,0,0,0,0,0,0,0,"41,000",0,0,0,"59,000","18,000","41,000","41,000"
"=""069124""",聯電群益49購03  ,0,0,0,0,0,0,0,0,0,"41,000",0,0,0,"178,000","137,000","41,000","41,000"
"=""068803""",大成鋼國票49購01,0,0,0,0,0,0,0,0,0,"41,000",0,0,0,"42,000","1,000","41,000","41,000"
"=""046378""",欣興中信42購05  ,0,0,0,0,0,0,0,0,0,"41,000",0,0,0,"41,000",0,"41,000","41,000"
"=""00643""",群益深証中小    ,"14,000","10,000","4,000",0,0,0,0,0,0,"36,971",0,0,0,"347,071","310,100","36,971","40,971"
"=""065757""",神達元大4A購03  ,0,0,0,0,0,0,0,0,0,"40,000",0,0,0,"124,000","84,000","40,000","40,000"
"=""065730""",長榮航元大48購01,0,0,0,0,0,0,0,0,0,"40,000",0,0,0,"40,000",0,"40,000","40,000"
"=""065738""",揚明光元大47購01,0,0,0,0,0,0,0,0,0,"40,000",0,0,0,"40,000",0,"40,000","40,000"
"=""065801""",泰金寶國泰48購01,0,0,0,0,0,0,0,0,0,"40,000",0,0,0,"40,000",0,"40,000","40,000"
"=""065995""",中砂統一3B購02  ,0,0,0,0,0,0,0,0,0,"40,000",0,0,0,"40,000",0,"40,000","40,000"
"=""066103""",金像電凱基48購02,0,0,0,0,0,0,0,0,0,"40,000",0,0,0,"184,000","144,000","40,000","40,000"
"=""065567""",材料中信3B購01  ,0,0,0,0,0,0,0,0,0,"40,000",0,0,0,"105,000","65,000","40,000","40,000"
"=""039041""",技嘉中信57購01  ,0,0,0,0,0,0,0,0,0,"40,000",0,0,0,"40,000",0,"40,000","40,000"
"=""039044""",神達中信5A購01  ,0,0,0,0,0,0,0,0,0,"40,000",0,0,0,"40,000",0,"40,000","40,000"
"=""065416""",華通元大47購02  ,0,0,0,0,0,0,0,0,0,"40,000",0,0,0,"40,000",0,"40,000","40,000"
"=""065432""",聯詠元大47購01  ,0,0,0,0,0,0,0,0,0,"40,000",0,0,0,"112,000","72,000","40,000","40,000"
"=""03153T""",全新國票33售03  ,0,0,0,0,0,0,0,0,0,"40,000",0,0,0,"40,000",0,"40,000","40,000"
"=""045587""",台積電統一57購09,0,0,0,0,0,0,0,0,0,"40,000",0,0,0,"50,000","10,000","40,000","40,000"
"=""044942""",萬海元大5A購03  ,0,0,0,0,0,0,0,0,0,"40,000",0,0,0,"40,000",0,"40,000","40,000"
"=""045170""",保瑞國票55購01  ,0,0,0,0,0,0,0,0,0,"40,000",0,0,0,"40,000",0,"40,000","40,000"
"=""058634""",美債2X凱基4A購03,0,0,0,0,0,0,0,0,0,"40,000",0,0,0,"40,000",0,"40,000","40,000"
"=""057680""",道瓊銅國票49購01,0,0,0,0,0,0,0,0,0,"40,000",0,0,0,"120,000","80,000","40,000","40,000"
"=""060131""",元金2X群益3A購01,0,0,0,0,0,0,0,0,0,"40,000",0,0,0,"41,000","1,000","40,000","40,000"
"=""060209""",晶碩國泰48購01  ,0,0,0,0,0,0,0,0,0,"40,000",0,0,0,"40,000",0,"40,000","40,000"
"=""032471""",華晶科元大53購01,0,0,0,0,0,0,0,0,0,"40,000",0,0,0,"70,000","30,000","40,000","40,000"
"=""052026""",漢翔國票44購01  ,0,0,0,0,0,0,0,0,0,"40,000",0,0,0,"173,000","133,000","40,000","40,000"
"=""04184T""",威盛統一39售03  ,0,0,0,0,0,0,0,0,0,"40,000",0,0,0,"80,000","40,000","40,000","40,000"
"=""03346T""",台光電群益35售04,0,0,0,0,0,0,0,0,0,"40,000",0,0,0,"70,000","30,000","40,000","40,000"
"=""058461""",振樺電台新45購01,0,0,0,0,0,0,0,0,0,"40,000",0,0,0,"60,000","20,000","40,000","40,000"
"=""046130""",鈺邦元富42購01  ,0,0,0,0,0,0,0,0,0,"40,000",0,0,0,"40,000",0,"40,000","40,000"
"=""062553""",T50反1元大47購05,0,0,0,0,0,0,0,0,0,"40,000",0,0,0,"150,000","110,000","40,000","40,000"
"=""057591""",十銓群益45購01  ,0,0,0,0,0,0,0,0,0,"40,000",0,0,0,"60,000","20,000","40,000","40,000"
"=""045977""",景碩統一48購01  ,0,0,0,0,0,0,0,0,0,"40,000",0,0,0,"40,000",0,"40,000","40,000"
"=""057844""",聯電凱基46購01  ,0,0,0,0,0,0,0,0,0,"40,000",0,0,0,"40,000",0,"40,000","40,000"
"=""056847""",陽明永豐46購05  ,0,0,0,0,0,0,0,0,0,"40,000",0,0,0,"40,000",0,"40,000","40,000"
"=""08751U""",金像電中信33售02,0,0,0,0,0,0,0,0,0,"40,000",0,0,0,"40,000",0,"40,000","40,000"
"=""054357""",電子類群益44購03,0,0,0,0,0,0,0,0,0,"40,000",0,0,0,"40,000",0,"40,000","40,000"
"=""047489""",金融類元大43購03,0,0,0,0,0,0,0,0,0,"40,000",0,0,0,"40,000",0,"40,000","40,000"
"=""054399""",長榮航兆豐46購02,0,0,0,0,0,0,0,0,0,"40,000",0,0,0,"50,000","10,000","40,000","40,000"
"=""08201U""",群臺2X永豐33售01,0,0,0,0,0,0,0,0,0,"40,000",0,0,0,"40,000",0,"40,000","40,000"
"=""08272U""",臺股指元大35售17,0,0,0,0,0,0,0,0,0,"40,000",0,0,0,"40,000",0,"40,000","40,000"
"=""07893U""",中興電元富2C售03,0,0,0,0,0,0,0,0,0,"40,000",0,0,0,"40,000",0,"40,000","40,000"
"=""068862""",所羅門永豐49購02,0,0,0,0,0,0,0,0,0,"40,000",0,0,0,"69,000","29,000","40,000","40,000"
"=""068995""",緯穎國泰49購02  ,0,0,0,0,0,0,0,0,0,"40,000",0,0,0,"40,000",0,"40,000","40,000"
"=""061111""",世紀鋼兆豐3A購01,0,0,0,0,0,0,0,0,0,"40,000",0,0,0,"40,000",0,"40,000","40,000"
"=""068357""",上銀富邦48購03  ,0,0,0,0,0,0,0,0,0,"40,000",0,0,0,"40,000",0,"40,000","40,000"
"=""061707""",陽明中信48購01  ,0,0,0,0,0,0,0,0,0,"40,000",0,0,0,"160,000","120,000","40,000","40,000"
"=""057264""",宏達電國票47購01,0,0,0,0,0,0,0,0,0,"40,000",0,0,0,"40,000",0,"40,000","40,000"
"=""057249""",世芯元富46購05  ,0,0,0,0,0,0,0,0,0,"40,000",0,0,0,"40,000",0,"40,000","40,000"
"=""057165""",大成鋼凱基46購01,0,0,0,0,0,0,0,0,0,"40,000",0,0,0,"40,000",0,"40,000","40,000"
"=""040491""",國巨群益54購07  ,0,0,0,0,0,0,0,0,0,"40,000",0,0,0,"40,000",0,"40,000","40,000"
"=""064604""",士電凱基49購01  ,0,0,0,0,0,0,0,0,0,"40,000",0,0,0,"40,000",0,"40,000","40,000"
"=""064877""",長榮群益48購06  ,0,0,0,0,0,0,0,0,0,"40,000",0,0,0,"82,000","42,000","40,000","40,000"
"=""056291""",鴻準統一51購01  ,0,0,0,0,0,0,0,0,0,"40,000",0,0,0,"42,000","2,000","40,000","40,000"
"=""056211""",中砂群益44購03  ,0,0,0,0,0,0,0,0,0,"40,000",0,0,0,"40,000",0,"40,000","40,000"
"=""054673""",宏達電元大46購02,0,0,0,0,0,0,0,0,0,"40,000",0,0,0,"172,000","132,000","40,000","40,000"
"=""053281""",中石化中信44購01,0,0,0,0,0,0,0,0,0,"40,000",0,0,0,"40,000",0,"40,000","40,000"
"=""062975""",陽明元大46購19  ,0,0,0,0,0,0,0,0,0,"40,000",0,0,0,"40,000",0,"40,000","40,000"
"=""048620""",世芯兆豐43購03  ,0,0,0,0,0,0,0,0,0,"40,000",0,0,0,"40,000",0,"40,000","40,000"
"=""063442""",台積電元大48購09,0,0,0,0,0,0,0,0,0,"40,000",0,0,0,"65,000","25,000","40,000","40,000"
"=""063334""",南茂國票47購01  ,0,0,0,0,0,0,0,0,0,"40,000",0,0,0,"40,000",0,"40,000","40,000"
"=""049782""",臺股指凱基45購29,0,0,0,0,0,0,0,0,0,"40,000",0,0,0,"40,000",0,"40,000","40,000"
"=""049658""",精成科富邦45購01,0,0,0,0,0,0,0,0,0,"40,000",0,0,0,"40,000",0,"40,000","40,000"
"=""053793""",材料凱基44購04  ,0,0,0,0,0,0,0,0,0,"40,000",0,0,0,"50,000","10,000","40,000","40,000"
"=""051892""",聯發科兆豐44購03,0,0,0,0,0,0,0,0,0,"40,000",0,0,0,"40,000",0,"40,000","40,000"
"=""04439T""",材料凱基35售15  ,0,0,0,0,0,0,0,0,0,"40,000",0,0,0,"40,000",0,"40,000","40,000"
"=""053841""",楠梓電元富44購02,0,0,0,0,0,0,0,0,0,"40,000",0,0,0,"40,000",0,"40,000","40,000"
"=""059293""",仁寶國泰47購02  ,0,0,0,0,0,0,0,0,0,"40,000",0,0,0,"337,000","297,000","40,000","40,000"
"=""051817""",滬深2X群益45購04,0,0,0,0,0,0,0,0,0,"40,000",0,0,0,"40,000",0,"40,000","40,000"
"=""063950""",上銀永豐4A購01  ,0,0,0,0,0,0,0,0,0,"40,000",0,0,0,"75,000","35,000","40,000","40,000"
"=""051526""",智邦群益43購02  ,0,0,0,0,0,0,0,0,0,"40,000",0,0,0,"40,000",0,"40,000","40,000"
"=""063654""",金像電元大46購05,0,0,0,0,0,0,0,0,0,"40,000",0,0,0,"50,000","10,000","40,000","40,000"
"=""052738""",中鴻統一51購01  ,0,0,0,0,0,0,0,0,0,"40,000",0,0,0,"40,000",0,"40,000","40,000"
"=""053267""",國企2X永豐48購02,0,0,0,0,0,0,0,0,0,"40,000",0,0,0,"40,000",0,"40,000","40,000"
"=""0052""",富邦科技        ,"6,100","17,000","-10,900",0,0,0,0,0,0,"49,912",0,0,0,"59,864","9,952","49,912","39,012"
1702,南僑            ,"53,000","14,000","39,000",0,0,0,0,0,0,1,1,0,1,0,0,0,"39,001"
"=""049637""",元金反凱基39購01,0,0,0,0,0,0,0,0,0,"39,000",0,0,0,"49,000","10,000","39,000","39,000"
"=""049772""",宏盛凱基43購01  ,0,0,0,0,0,0,0,0,0,"39,000",0,0,0,"40,000","1,000","39,000","39,000"
"=""050078""",鴻海永豐4C購01  ,0,0,0,0,0,0,0,0,0,"39,000",0,0,0,"50,000","11,000","39,000","39,000"
"=""063502""",台積電統一4C購13,0,0,0,0,0,0,0,0,0,"39,000",0,0,0,"39,000",0,"39,000","39,000"
"=""050289""",健和興國票44購02,0,0,0,0,0,0,0,0,0,"39,000",0,0,0,"39,000",0,"39,000","39,000"
"=""063564""",國巨永豐49購01  ,0,0,0,0,0,0,0,0,0,"39,000",0,0,0,"145,000","106,000","39,000","39,000"
"=""048111""",辛耘國票43購01  ,0,0,0,0,0,0,0,0,0,"39,000",0,0,0,"296,000","257,000","39,000","39,000"
"=""051132""",玉晶光凱基43購09,0,0,0,0,0,0,0,0,0,"39,000",0,0,0,"39,000",0,"39,000","39,000"
"=""063965""",矽力永豐48購01  ,0,0,0,0,0,0,0,0,0,"39,000",0,0,0,"39,000",0,"39,000","39,000"
"=""044453""",奇鋐元大55購14  ,0,0,0,0,0,0,0,0,0,"39,000",0,0,0,"39,000",0,"39,000","39,000"
"=""04322T""",威盛元大35售18  ,0,0,0,0,0,0,0,0,0,"39,000",0,0,0,"40,000","1,000","39,000","39,000"
"=""068169""",富世達統一54購01,0,0,0,0,0,0,0,0,0,"39,000",0,0,0,"52,000","13,000","39,000","39,000"
"=""068186""",緯創永豐4C購03  ,0,0,0,0,0,0,0,0,0,"39,000",0,0,0,"102,000","63,000","39,000","39,000"
"=""057293""",台積電元大45購16,0,0,0,0,0,0,0,0,0,"39,000",0,0,0,"39,000",0,"39,000","39,000"
"=""057014""",英業達統一4B購02,0,0,0,0,0,0,0,0,0,"39,000",0,0,0,"272,000","233,000","39,000","39,000"
"=""056618""",創意富邦47購02  ,0,0,0,0,0,0,0,0,0,"39,000",0,0,0,"39,000",0,"39,000","39,000"
"=""061186""",長榮群益4C購01  ,0,0,0,0,0,0,0,0,0,"39,000",0,0,0,"357,000","318,000","39,000","39,000"
"=""061130""",旺宏元富47購02  ,0,0,0,0,0,0,0,0,0,"39,000",0,0,0,"161,000","122,000","39,000","39,000"
1457,宜進            ,"42,000","3,000","39,000",0,0,0,0,0,0,0,0,0,0,0,0,0,"39,000"
"=""062311""",臺股指群益54購02,0,0,0,0,0,0,0,0,0,"39,000",0,0,0,"39,000",0,"39,000","39,000"
"=""062401""",泰金寶凱基46購01,0,0,0,0,0,0,0,0,0,"39,000",0,0,0,"50,000","11,000","39,000","39,000"
"=""04647T""",華通中信35售01  ,0,0,0,0,0,0,0,0,0,"39,000",0,0,0,"39,000",0,"39,000","39,000"
2348,海悅            ,"44,000","5,120","38,880",0,0,0,0,0,0,-2,"1,000","1,002",-2,0,0,0,"38,878"
9910,豐泰            ,"385,102","445,952","-60,850",0,0,0,"137,000","17,000","120,000","-20,384","1,000","21,284","-20,284",0,100,-100,"38,766"
2337,旺宏            ,"814,000","1,067,000","-253,000",0,0,0,"104,000","33,621","70,379","220,991","349,000","85,043","263,957","11,000","53,966","-42,966","38,370"
6830,汎銓            ,"48,000","84,000","-36,000",0,0,0,"81,000",0,"81,000","-6,649",0,"5,000","-5,000",0,"1,649","-1,649","38,351"
"=""052469""",鴻海國泰46購02  ,0,0,0,0,0,0,0,0,0,"38,000",0,0,0,"38,000",0,"38,000","38,000"
"=""053957""",香港2X永豐4A購01,0,0,0,0,0,0,0,0,0,"38,000",0,0,0,"95,000","57,000","38,000","38,000"
"=""063902""",愛普元大46購02  ,0,0,0,0,0,0,0,0,0,"38,000",0,0,0,"38,000",0,"38,000","38,000"
"=""063870""",鴻海元大46購34  ,0,0,0,0,0,0,0,0,0,"38,000",0,0,0,"38,000",0,"38,000","38,000"
"=""059321""",裕民群益45購01  ,0,0,0,0,0,0,0,0,0,"38,000",0,0,0,"38,000",0,"38,000","38,000"
"=""064200""",昆盈國票47購02  ,0,0,0,0,0,0,0,0,0,"38,000",0,0,0,"210,000","172,000","38,000","38,000"
"=""059160""",東陽元大45購01  ,0,0,0,0,0,0,0,0,0,"38,000",0,0,0,"38,000",0,"38,000","38,000"
2852,第一保          ,"46,000","10,000","36,000",0,0,0,0,0,0,"2,000","10,000","8,000","2,000",0,0,0,"38,000"
"=""04801T""",香港2X永豐38售02,0,0,0,0,0,0,0,0,0,"38,000",0,0,0,"45,000","7,000","38,000","38,000"
"=""049381""",臺股指凱基43購84,0,0,0,0,0,0,0,0,0,"38,000",0,0,0,"38,000",0,"38,000","38,000"
"=""049191""",文曄兆豐45購01  ,0,0,0,0,0,0,0,0,0,"38,000",0,0,0,"38,000",0,"38,000","38,000"
"=""064817""",神達元大47購07  ,0,0,0,0,0,0,0,0,0,"38,000",0,0,0,"38,000",0,"38,000","38,000"
"=""062897""",聯發科台新46購01,0,0,0,0,0,0,0,0,0,"38,000",0,0,0,"40,000","2,000","38,000","38,000"
"=""062867""",聯發科統一4C購08,0,0,0,0,0,0,0,0,0,"38,000",0,0,0,"38,000",0,"38,000","38,000"
"=""047275""",京元電元富48購01,0,0,0,0,0,0,0,0,0,"38,000",0,0,0,"38,000",0,"38,000","38,000"
"=""061249""",東陽凱基46購03  ,0,0,0,0,0,0,0,0,0,"38,000",0,0,0,"42,000","4,000","38,000","38,000"
"=""068787""",美時統一46購01  ,0,0,0,0,0,0,0,0,0,"38,000",0,0,0,"48,000","10,000","38,000","38,000"
"=""060705""",欣巴巴統一54購01,0,0,0,0,0,0,0,0,0,"38,000",0,0,0,"43,000","5,000","38,000","38,000"
"=""060571""",華城元大47購03  ,0,0,0,0,0,0,0,0,0,"38,000",0,0,0,"50,000","12,000","38,000","38,000"
"=""061619""",T50正2元大47購02,0,0,0,0,0,0,0,0,0,"38,000",0,0,0,"77,000","39,000","38,000","38,000"
"=""069426""",華通群益48購03  ,0,0,0,0,0,0,0,0,0,"38,000",0,0,0,"38,000",0,"38,000","38,000"
"=""061734""",陽明統一4C購01  ,0,0,0,0,0,0,0,0,0,"38,000",0,0,0,"38,000",0,"38,000","38,000"
"=""058247""",強茂凱基45購01  ,0,0,0,0,0,0,0,0,0,"38,000",0,0,0,"51,000","13,000","38,000","38,000"
"=""058237""",美債2X凱基46購03,0,0,0,0,0,0,0,0,0,"38,000",0,0,0,"40,000","2,000","38,000","38,000"
"=""067281""",亞力群益48購02  ,0,0,0,0,0,0,0,0,0,"38,000",0,0,0,"38,000",0,"38,000","38,000"
"=""067053""",來億永豐47購01  ,0,0,0,0,0,0,0,0,0,"38,000",0,0,0,"74,000","36,000","38,000","38,000"
"=""067081""",台積電凱基3B購02,0,0,0,0,0,0,0,0,0,"38,000",0,0,0,"106,000","68,000","38,000","38,000"
"=""066153""",精成科統一51購04,0,0,0,0,0,0,0,0,0,"38,000",0,0,0,"200,000","162,000","38,000","38,000"
"=""066711""",統一群益47購01  ,0,0,0,0,0,0,0,0,0,"38,000",0,0,0,"38,000",0,"38,000","38,000"
"=""066713""",華通群益47購05  ,0,0,0,0,0,0,0,0,0,"37,000",0,0,0,"37,000",0,"37,000","37,000"
"=""066676""",所羅門凱基49購01,0,0,0,0,0,0,0,0,0,"37,000",0,0,0,"75,000","38,000","37,000","37,000"
"=""066485""",和椿元大4A購01  ,0,0,0,0,0,0,0,0,0,"37,000",0,0,0,"143,000","106,000","37,000","37,000"
"=""04128T""",緯創元富34售02  ,0,0,0,0,0,0,0,0,0,"37,000",0,0,0,"42,000","5,000","37,000","37,000"
"=""065151""",王道銀群益48購01,0,0,0,0,0,0,0,0,0,"37,000",0,0,0,"142,000","105,000","37,000","37,000"
"=""045598""",智邦元大55購23  ,0,0,0,0,0,0,0,0,0,"37,000",0,0,0,"45,000","8,000","37,000","37,000"
"=""045356""",昇貿凱基59購01  ,0,0,0,0,0,0,0,0,0,"37,000",0,0,0,"42,000","5,000","37,000","37,000"
"=""059809""",欣興永豐45購04  ,0,0,0,0,0,0,0,0,0,"37,000",0,0,0,"37,000",0,"37,000","37,000"
"=""060143""",祥碩群益46購05  ,0,0,0,0,0,0,0,0,0,"37,000",0,0,0,"47,000","10,000","37,000","37,000"
"=""067895""",滬深2X元大56購01,0,0,0,0,0,0,0,0,0,"37,000",0,0,0,"37,000",0,"37,000","37,000"
"=""061776""",廣隆國票47購01  ,0,0,0,0,0,0,0,0,0,"37,000",0,0,0,"37,000",0,"37,000","37,000"
"=""061545""",材料永豐47購02  ,0,0,0,0,0,0,0,0,0,"37,000",0,0,0,"37,000",0,"37,000","37,000"
"=""060519""",漢唐凱基4C購02  ,0,0,0,0,0,0,0,0,0,"37,000",0,0,0,"37,000",0,"37,000","37,000"
"=""068582""",萬海群益48購01  ,0,0,0,0,0,0,0,0,0,"37,000",0,0,0,"44,000","7,000","37,000","37,000"
"=""058092""",仁寶元大45購03  ,0,0,0,0,0,0,0,0,0,"37,000",0,0,0,"37,000",0,"37,000","37,000"
"=""062361""",台積電富邦46購10,0,0,0,0,0,0,0,0,0,"37,000",0,0,0,"37,000",0,"37,000","37,000"
"=""062192""",聯詠永豐47購01  ,0,0,0,0,0,0,0,0,0,"37,000",0,0,0,"40,000","3,000","37,000","37,000"
"=""064535""",乙盛永豐46購02  ,0,0,0,0,0,0,0,0,0,"37,000",0,0,0,"85,000","48,000","37,000","37,000"
"=""044309""",力成群益56購02  ,0,0,0,0,0,0,0,0,0,"37,000",0,0,0,"61,000","24,000","37,000","37,000"
"=""040173""",華新永豐55購02  ,0,0,0,0,0,0,0,0,0,"37,000",0,0,0,"48,000","11,000","37,000","37,000"
"=""056197""",世芯國票44購05  ,0,0,0,0,0,0,0,0,0,"37,000",0,0,0,"130,000","93,000","37,000","37,000"
"=""055652""",鴻準群益45購01  ,0,0,0,0,0,0,0,0,0,"37,000",0,0,0,"37,000",0,"37,000","37,000"
"=""059122""",陽明凱基46購02  ,0,0,0,0,0,0,0,0,0,"37,000",0,0,0,"37,000",0,"37,000","37,000"
"=""059086""",全漢元富45購01  ,0,0,0,0,0,0,0,0,0,"37,000",0,0,0,"37,000",0,"37,000","37,000"
"=""054236""",大立光台新44購01,0,0,0,0,0,0,0,0,0,"37,000",0,0,0,"47,000","10,000","37,000","37,000"
"=""03999T""",A50正2群益36售01,0,0,0,0,0,0,0,0,0,"37,000",0,0,0,"91,000","54,000","37,000","37,000"
"=""064303""",神達元大4A購01  ,0,0,0,0,0,0,0,0,0,"37,000",0,0,0,"318,000","281,000","37,000","37,000"
"=""052153""",上品元大43購01  ,0,0,0,0,0,0,0,0,0,"37,000",0,0,0,"37,000",0,"37,000","37,000"
"=""051571""",三商壽元富46購01,0,0,0,0,0,0,0,0,0,"37,000",0,0,0,"40,000","3,000","37,000","37,000"
4746,台耀            ,"329,000","282,000","47,000",0,0,0,0,0,0,"-11,000",0,0,0,"2,000","13,000","-11,000","36,000"
"=""052202""",滬深2X元富43購07,0,0,0,0,0,0,0,0,0,"36,000",0,0,0,"115,000","79,000","36,000","36,000"
"=""052628""",大成鋼國票45購01,0,0,0,0,0,0,0,0,0,"36,000",0,0,0,"150,000","114,000","36,000","36,000"
"=""063894""",鈞興元大46購03  ,0,0,0,0,0,0,0,0,0,"36,000",0,0,0,"100,000","64,000","36,000","36,000"
"=""055595""",台光電第一3A購01,0,0,0,0,0,0,0,0,0,"36,000",0,0,0,"36,000",0,"36,000","36,000"
1527,鑽全            ,"52,000","16,000","36,000",0,0,0,0,0,0,0,0,0,0,0,0,0,"36,000"
"=""056114""",矽力元大44購05  ,0,0,0,0,0,0,0,0,0,"36,000",0,0,0,"37,000","1,000","36,000","36,000"
"=""048467""",元油反元富42購01,0,0,0,0,0,0,0,0,0,"36,000",0,0,0,"39,000","3,000","36,000","36,000"
"=""056845""",威盛永豐45購02  ,0,0,0,0,0,0,0,0,0,"36,000",0,0,0,"36,000",0,"36,000","36,000"
"=""08115U""",T50正2富邦35售01,0,0,0,0,0,0,0,0,0,"36,000",0,0,0,"37,000","1,000","36,000","36,000"
"=""055227""",華通凱基44購05  ,0,0,0,0,0,0,0,0,0,"36,000",0,0,0,"156,000","120,000","36,000","36,000"
"=""047477""",晶豪科元大43購07,0,0,0,0,0,0,0,0,0,"36,000",0,0,0,"36,000",0,"36,000","36,000"
"=""068681""",世芯永豐51購02  ,0,0,0,0,0,0,0,0,0,"36,000",0,0,0,"36,000",0,"36,000","36,000"
"=""060785""",晶碩元大46購01  ,0,0,0,0,0,0,0,0,0,"36,000",0,0,0,"40,000","4,000","36,000","36,000"
"=""060336""",中華元大49購02  ,0,0,0,0,0,0,0,0,0,"36,000",0,0,0,"37,000","1,000","36,000","36,000"
"=""068717""",華孚富邦3A購01  ,0,0,0,0,0,0,0,0,0,"36,000",0,0,0,"36,000",0,"36,000","36,000"
"=""061046""",緯創元大49購02  ,0,0,0,0,0,0,0,0,0,"36,000",0,0,0,"40,000","4,000","36,000","36,000"
"=""057022""",長榮統一4B購02  ,0,0,0,0,0,0,0,0,0,"36,000",0,0,0,"89,000","53,000","36,000","36,000"
"=""062015""",仁寶國票47購02  ,0,0,0,0,0,0,0,0,0,"36,000",0,0,0,"40,000","4,000","36,000","36,000"
"=""060134""",皇昌群益47購03  ,0,0,0,0,0,0,0,0,0,"36,000",0,0,0,"158,000","122,000","36,000","36,000"
"=""068102""",佳能元富47購01  ,0,0,0,0,0,0,0,0,0,"36,000",0,0,0,"104,000","68,000","36,000","36,000"
"=""058822""",奇鋐永豐45購06  ,0,0,0,0,0,0,0,0,0,"36,000",0,0,0,"38,000","2,000","36,000","36,000"
"=""052008""",虹堡元富46購01  ,0,0,0,0,0,0,0,0,0,"36,000",0,0,0,"49,000","13,000","36,000","36,000"
"=""044794""",振樺電統一4A購01,0,0,0,0,0,0,0,0,0,"36,000",0,0,0,"46,000","10,000","36,000","36,000"
"=""020018""",統一價值成長30N ,0,0,0,0,0,0,0,0,0,"36,000",0,0,0,"36,000",0,"36,000","36,000"
3026,禾伸堂          ,"48,000","12,000","36,000",0,0,0,0,0,0,-79,0,79,-79,0,0,0,"35,921"
"=""052396""",臺股指群益43購32,0,0,0,0,0,0,0,0,0,"35,000",0,0,0,"35,000",0,"35,000","35,000"
3518,柏騰            ,"118,000","87,000","31,000",0,0,0,0,0,0,"4,000","5,000","1,000","4,000",0,0,0,"35,000"
6164,華興            ,"38,000","3,000","35,000",0,0,0,0,0,0,0,0,0,0,0,0,0,"35,000"
6152,百一            ,"59,000","21,000","38,000",0,0,0,0,0,0,"-3,000",0,"3,000","-3,000",0,0,0,"35,000"
"=""051727""",盟立元大46購02  ,0,0,0,0,0,0,0,0,0,"35,000",0,0,0,"40,000","5,000","35,000","35,000"
"=""059202""",東哥元大45購02  ,0,0,0,0,0,0,0,0,0,"35,000",0,0,0,"35,000",0,"35,000","35,000"
"=""064296""",華晶科元大46購02,0,0,0,0,0,0,0,0,0,"35,000",0,0,0,"94,000","59,000","35,000","35,000"
"=""054038""",台積電元大44購52,0,0,0,0,0,0,0,0,0,"35,000",0,0,0,"43,000","8,000","35,000","35,000"
"=""048602""",友達國票43購01  ,0,0,0,0,0,0,0,0,0,"35,000",0,0,0,"50,000","15,000","35,000","35,000"
"=""049105""",晟銘電台新43購01,0,0,0,0,0,0,0,0,0,"35,000",0,0,0,"35,000",0,"35,000","35,000"
"=""063093""",川湖統一3C購01  ,0,0,0,0,0,0,0,0,0,"35,000",0,0,0,"35,000",0,"35,000","35,000"
"=""050343""",東哥永豐44購01  ,0,0,0,0,0,0,0,0,0,"35,000",0,0,0,"326,000","291,000","35,000","35,000"
"=""049836""",緯穎群益43購06  ,0,0,0,0,0,0,0,0,0,"35,000",0,0,0,"41,000","6,000","35,000","35,000"
"=""054651""",零壹元富4A購01  ,0,0,0,0,0,0,0,0,0,"35,000",0,0,0,"35,000",0,"35,000","35,000"
2722,夏都            ,"60,000","25,000","35,000",0,0,0,0,0,0,0,0,0,0,0,0,0,"35,000"
"=""050695""",T50反1凱基45購04,0,0,0,0,0,0,0,0,0,"35,000",0,0,0,"35,000",0,"35,000","35,000"
"=""044210""",南茂國泰56購02  ,0,0,0,0,0,0,0,0,0,"35,000",0,0,0,"40,000","5,000","35,000","35,000"
"=""064742""",台灣50富邦49購04,0,0,0,0,0,0,0,0,0,"35,000",0,0,0,"35,000",0,"35,000","35,000"
"=""00763U""",期街口道瓊銅    ,0,0,0,0,0,0,0,0,0,"35,000",0,0,0,"75,000","40,000","35,000","35,000"
"=""03821T""",創意統一36售03  ,0,0,0,0,0,0,0,0,0,"35,000",0,0,0,"75,000","40,000","35,000","35,000"
"=""042117""",聯發科國票54購02,0,0,0,0,0,0,0,0,0,"35,000",0,0,0,"35,000",0,"35,000","35,000"
"=""03618T""",亞翔元富34售01  ,0,0,0,0,0,0,0,0,0,"35,000",0,0,0,"40,000","5,000","35,000","35,000"
"=""065288""",台塑統一4B購01  ,0,0,0,0,0,0,0,0,0,"35,000",0,0,0,"68,000","33,000","35,000","35,000"
"=""067150""",威盛元大47購10  ,0,0,0,0,0,0,0,0,0,"35,000",0,0,0,"40,000","5,000","35,000","35,000"
"=""055930""",台積電元大44購71,0,0,0,0,0,0,0,0,0,"35,000",0,0,0,"35,000",0,"35,000","35,000"
"=""058664""",臺股指凱基4B購06,0,0,0,0,0,0,0,0,0,"35,000",0,0,0,"35,000",0,"35,000","35,000"
"=""068320""",世芯元大48購05  ,0,0,0,0,0,0,0,0,0,"35,000",0,0,0,"35,000",0,"35,000","35,000"
"=""067813""",永道元富4A購01  ,0,0,0,0,0,0,0,0,0,"35,000",0,0,0,"75,000","40,000","35,000","35,000"
"=""062080""",鴻準元大46購17  ,0,0,0,0,0,0,0,0,0,"35,000",0,0,0,"39,000","4,000","35,000","35,000"
"=""061838""",大成鋼群益46購03,0,0,0,0,0,0,0,0,0,"35,000",0,0,0,"35,000",0,"35,000","35,000"
"=""057327""",川湖群益47購02  ,0,0,0,0,0,0,0,0,0,"35,000",0,0,0,"35,000",0,"35,000","35,000"
"=""068872""",神達永豐49購01  ,0,0,0,0,0,0,0,0,0,"35,000",0,0,0,"35,000",0,"35,000","35,000"
"=""068667""",中興電永豐4A購01,0,0,0,0,0,0,0,0,0,"35,000",0,0,0,"54,000","19,000","35,000","35,000"
"=""04768T""",華碩國票35售04  ,0,0,0,0,0,0,0,0,0,"35,000",0,0,0,"35,000",0,"35,000","35,000"
"=""055261""",矽統群益44購03  ,0,0,0,0,0,0,0,0,0,"35,000",0,0,0,"35,000",0,"35,000","35,000"
"=""058166""",迅得群益48購01  ,0,0,0,0,0,0,0,0,0,"35,000",0,0,0,"41,000","6,000","35,000","35,000"
"=""057843""",光寶科凱基45購03,0,0,0,0,0,0,0,0,0,"35,000",0,0,0,"35,000",0,"35,000","35,000"
"=""057983""",保瑞群益46購02  ,0,0,0,0,0,0,0,0,0,"35,000",0,0,0,"35,000",0,"35,000","35,000"
"=""07517U""",士電統一31售05  ,0,0,0,0,0,0,0,0,0,"35,000",0,0,0,"112,000","77,000","35,000","35,000"
"=""046140""",京元電永豐42購02,0,0,0,0,0,0,0,0,0,"35,000",0,0,0,"35,000",0,"35,000","35,000"
"=""062476""",神達群益48購01  ,0,0,0,0,0,0,0,0,0,"35,000",0,0,0,"35,000",0,"35,000","35,000"
"=""062548""",T50反1台新46購01,0,0,0,0,0,0,0,0,0,"35,000",0,0,0,"61,000","26,000","35,000","35,000"
1710,東聯            ,"167,000","132,000","35,000",0,0,0,0,0,0,-95,0,90,-90,0,5,-5,"34,905"
4977,眾達-KY         ,"292,000","254,000","38,000",0,0,0,0,0,0,"-3,477","10,000","13,120","-3,120","1,000","1,357",-357,"34,523"
6205,詮欣            ,"1,472,000","1,432,000","40,000",0,0,0,0,0,0,"-6,000","1,000","7,000","-6,000",0,0,0,"34,000"
"=""051396""",緯創富邦47購01  ,0,0,0,0,0,0,0,0,0,"34,000",0,0,0,"107,000","73,000","34,000","34,000"
"=""053903""",群光元大44購03  ,0,0,0,0,0,0,0,0,0,"34,000",0,0,0,"34,000",0,"34,000","34,000"
"=""051946""",國企2X永豐47購01,0,0,0,0,0,0,0,0,0,"34,000",0,0,0,"34,000",0,"34,000","34,000"
"=""063976""",致新富邦48購01  ,0,0,0,0,0,0,0,0,0,"34,000",0,0,0,"34,000",0,"34,000","34,000"
"=""064195""",宇隆國票47購03  ,0,0,0,0,0,0,0,0,0,"34,000",0,0,0,"222,000","188,000","34,000","34,000"
"=""059317""",友達群益45購04  ,0,0,0,0,0,0,0,0,0,"34,000",0,0,0,"50,000","16,000","34,000","34,000"
"=""055775""",亞光統一4A購01  ,0,0,0,0,0,0,0,0,0,"34,000",0,0,0,"106,000","72,000","34,000","34,000"
"=""050750""",亞光群益43購04  ,0,0,0,0,0,0,0,0,0,"34,000",0,0,0,"34,000",0,"34,000","34,000"
2545,皇翔            ,"50,000","16,000","34,000",0,0,0,0,0,0,0,0,0,0,0,0,0,"34,000"
"=""048755""",聯電永豐42購02  ,0,0,0,0,0,0,0,0,0,"34,000",0,0,0,"34,000",0,"34,000","34,000"
"=""048642""",南港元大43購01  ,0,0,0,0,0,0,0,0,0,"34,000",0,0,0,"181,000","147,000","34,000","34,000"
"=""048130""",台達電元大44購04,0,0,0,0,0,0,0,0,0,"34,000",0,0,0,"54,000","20,000","34,000","34,000"
"=""064712""",瑞昱群益47購01  ,0,0,0,0,0,0,0,0,0,"34,000",0,0,0,"34,000",0,"34,000","34,000"
"=""064960""",帆宣永豐4B購01  ,0,0,0,0,0,0,0,0,0,"34,000",0,0,0,"44,000","10,000","34,000","34,000"
"=""040243""",華碩富邦54購01  ,0,0,0,0,0,0,0,0,0,"34,000",0,0,0,"34,000",0,"34,000","34,000"
"=""062671""",臺股指凱基46購32,0,0,0,0,0,0,0,0,0,"34,000",0,0,0,"44,000","10,000","34,000","34,000"
"=""056820""",鴻海元富45購08  ,0,0,0,0,0,0,0,0,0,"34,000",0,0,0,"34,000",0,"34,000","34,000"
"=""068676""",皇昌永豐4C購01  ,0,0,0,0,0,0,0,0,0,"34,000",0,0,0,"104,000","70,000","34,000","34,000"
"=""060693""",長榮航永豐46購03,0,0,0,0,0,0,0,0,0,"34,000",0,0,0,"39,000","5,000","34,000","34,000"
"=""061382""",長榮國泰48購01  ,0,0,0,0,0,0,0,0,0,"34,000",0,0,0,"42,000","8,000","34,000","34,000"
"=""060151""",東陽元大46購03  ,0,0,0,0,0,0,0,0,0,"34,000",0,0,0,"34,000",0,"34,000","34,000"
"=""060220""",鴻準凱基4C購01  ,0,0,0,0,0,0,0,0,0,"34,000",0,0,0,"34,000",0,"34,000","34,000"
"=""058834""",中興電統一4B購02,0,0,0,0,0,0,0,0,0,"34,000",0,0,0,"154,000","120,000","34,000","34,000"
"=""067173""",啟�痐舅j4A購02  ,0,0,0,0,0,0,0,0,0,"34,000",0,0,0,"100,000","66,000","34,000","34,000"
"=""059396""",中華統一4B購01  ,0,0,0,0,0,0,0,0,0,"34,000",0,0,0,"34,000",0,"34,000","34,000"
"=""03896T""",聚陽國票35售01  ,0,0,0,0,0,0,0,0,0,"34,000",0,0,0,"34,000",0,"34,000","34,000"
"=""042347""",華新科國泰55購05,0,0,0,0,0,0,0,0,0,"34,000",0,0,0,"34,000",0,"34,000","34,000"
"=""035092""",AES統一59購03   ,0,0,0,0,0,0,0,0,0,"34,000",0,0,0,"34,000",0,"34,000","34,000"
"=""067269""",來億國票49購01  ,0,0,0,0,0,0,0,0,0,"33,000",0,0,0,"57,000","24,000","33,000","33,000"
"=""067474""",穎崴凱基47購04  ,0,0,0,0,0,0,0,0,0,"33,000",0,0,0,"34,000","1,000","33,000","33,000"
"=""067124""",台塑國票49購02  ,0,0,0,0,0,0,0,0,0,"33,000",0,0,0,"88,000","55,000","33,000","33,000"
"=""066995""",台積電凱基48購10,0,0,0,0,0,0,0,0,0,"33,000",0,0,0,"33,000",0,"33,000","33,000"
"=""059702""",金像電富邦47購01,0,0,0,0,0,0,0,0,0,"33,000",0,0,0,"52,000","19,000","33,000","33,000"
"=""060096""",世紀鋼國票49購01,0,0,0,0,0,0,0,0,0,"33,000",0,0,0,"33,000",0,"33,000","33,000"
"=""068013""",緯穎群益47購09  ,0,0,0,0,0,0,0,0,0,"33,000",0,0,0,"33,000",0,"33,000","33,000"
"=""068870""",世芯永豐48購12  ,0,0,0,0,0,0,0,0,0,"33,000",0,0,0,"33,000",0,"33,000","33,000"
"=""068759""",日月光凱基49購02,0,0,0,0,0,0,0,0,0,"33,000",0,0,0,"87,000","54,000","33,000","33,000"
"=""060578""",華邦電元大46購03,0,0,0,0,0,0,0,0,0,"33,000",0,0,0,"126,000","93,000","33,000","33,000"
"=""060391""",臺股指元大47購11,0,0,0,0,0,0,0,0,0,"33,000",0,0,0,"38,000","5,000","33,000","33,000"
"=""057147""",亞翔群益45購02  ,0,0,0,0,0,0,0,0,0,"33,000",0,0,0,"150,000","117,000","33,000","33,000"
"=""056610""",金像電第一39購01,0,0,0,0,0,0,0,0,0,"33,000",0,0,0,"33,000",0,"33,000","33,000"
"=""056662""",洋華國票45購01  ,0,0,0,0,0,0,0,0,0,"33,000",0,0,0,"255,000","222,000","33,000","33,000"
"=""057823""",潤泰全中信45購01,0,0,0,0,0,0,0,0,0,"33,000",0,0,0,"39,000","6,000","33,000","33,000"
"=""047263""",新日興統一47購04,0,0,0,0,0,0,0,0,0,"33,000",0,0,0,"70,000","37,000","33,000","33,000"
"=""047057""",世芯台新42購02  ,0,0,0,0,0,0,0,0,0,"33,000",0,0,0,"40,000","7,000","33,000","33,000"
"=""08172U""",長榮元大31售04  ,0,0,0,0,0,0,0,0,0,"33,000",0,0,0,"33,000",0,"33,000","33,000"
"=""07966U""",臺股指群益31售25,0,0,0,0,0,0,0,0,0,"33,000",0,0,0,"33,000",0,"33,000","33,000"
"=""047559""",上銀永豐44購01  ,0,0,0,0,0,0,0,0,0,"33,000",0,0,0,"374,000","341,000","33,000","33,000"
"=""064431""",緯穎凱基47購05  ,0,0,0,0,0,0,0,0,0,"33,000",0,0,0,"45,000","12,000","33,000","33,000"
3015,全漢            ,"54,000","31,000","23,000",0,0,0,0,0,0,"10,000","10,000",0,"10,000",0,0,0,"33,000"
"=""050458""",三陽凱基44購01  ,0,0,0,0,0,0,0,0,0,"33,000",0,0,0,"100,000","67,000","33,000","33,000"
"=""063855""",鈞興群益47購02  ,0,0,0,0,0,0,0,0,0,"33,000",0,0,0,"40,000","7,000","33,000","33,000"
"=""063786""",振樺電元富46購02,0,0,0,0,0,0,0,0,0,"33,000",0,0,0,"34,000","1,000","33,000","33,000"
"=""051399""",東哥富邦45購01  ,0,0,0,0,0,0,0,0,0,"33,000",0,0,0,"293,000","260,000","33,000","33,000"
"=""052190""",長華國票45購02  ,0,0,0,0,0,0,0,0,0,"33,000",0,0,0,"41,000","8,000","33,000","33,000"
"=""053202""",聯發科元富47購05,0,0,0,0,0,0,0,0,0,"33,000",0,0,0,"33,000",0,"33,000","33,000"
6715,嘉基            ,"101,000","66,000","35,000",0,0,0,0,0,0,"-2,001",0,"2,000","-2,000",0,1,-1,"32,999"
2420,新巨            ,"50,000","17,000","33,000",0,0,0,0,0,0,-159,1,"1,000",-999,"1,000",160,840,"32,841"
1342,八貫            ,"115,000","84,000","31,000",0,0,0,0,0,0,"1,351","1,001",650,351,"1,000",0,"1,000","32,351"
"=""055129""",台積電國泰46購10,0,0,0,0,0,0,0,0,0,"32,000",0,0,0,"156,000","124,000","32,000","32,000"
"=""057966""",技嘉群益46購03  ,0,0,0,0,0,0,0,0,0,"32,000",0,0,0,"36,000","4,000","32,000","32,000"
"=""062136""",精誠國票48購01  ,0,0,0,0,0,0,0,0,0,"32,000",0,0,0,"32,000",0,"32,000","32,000"
"=""046496""",金像電元大46購04,0,0,0,0,0,0,0,0,0,"32,000",0,0,0,"32,000",0,"32,000","32,000"
"=""061811""",亞光凱基46購05  ,0,0,0,0,0,0,0,0,0,"32,000",0,0,0,"102,000","70,000","32,000","32,000"
"=""069151""",亞翔群益48購02  ,0,0,0,0,0,0,0,0,0,"32,000",0,0,0,"47,000","15,000","32,000","32,000"
"=""060270""",義隆國票47購01  ,0,0,0,0,0,0,0,0,0,"32,000",0,0,0,"32,000",0,"32,000","32,000"
"=""060766""",長榮元大46購08  ,0,0,0,0,0,0,0,0,0,"32,000",0,0,0,"42,000","10,000","32,000","32,000"
"=""059929""",電子類群益46購02,0,0,0,0,0,0,0,0,0,"32,000",0,0,0,"50,000","18,000","32,000","32,000"
"=""067112""",滬深2X國票4B購01,0,0,0,0,0,0,0,0,0,"32,000",0,0,0,"33,000","1,000","32,000","32,000"
"=""059463""",漢翔元富45購01  ,0,0,0,0,0,0,0,0,0,"32,000",0,0,0,"32,000",0,"32,000","32,000"
"=""067646""",南亞永豐4A購01  ,0,0,0,0,0,0,0,0,0,"32,000",0,0,0,"32,000",0,"32,000","32,000"
"=""065262""",瑞祺元富54購01  ,0,0,0,0,0,0,0,0,0,"32,000",0,0,0,"33,000","1,000","32,000","32,000"
"=""038153""",世芯元富53購12  ,0,0,0,0,0,0,0,0,0,"32,000",0,0,0,"54,000","22,000","32,000","32,000"
"=""066402""",友達國票47購01  ,0,0,0,0,0,0,0,0,0,"32,000",0,0,0,"42,000","10,000","32,000","32,000"
"=""037435""",鉅祥富邦53購02  ,0,0,0,0,0,0,0,0,0,"32,000",0,0,0,"32,000",0,"32,000","32,000"
"=""043370""",長榮元大55購10  ,0,0,0,0,0,0,0,0,0,"32,000",0,0,0,"32,000",0,"32,000","32,000"
2017,官田鋼          ,"129,000","97,000","32,000",0,0,0,0,0,0,0,0,0,0,0,0,0,"32,000"
"=""050996""",創意國票44購04  ,0,0,0,0,0,0,0,0,0,"32,000",0,0,0,"249,000","217,000","32,000","32,000"
"=""056138""",台積電元富5B購01,0,0,0,0,0,0,0,0,0,"32,000",0,0,0,"40,000","8,000","32,000","32,000"
"=""050003""",瑞軒富邦44購01  ,0,0,0,0,0,0,0,0,0,"32,000",0,0,0,"50,000","18,000","32,000","32,000"
"=""050005""",TPK富邦44購01   ,0,0,0,0,0,0,0,0,0,"32,000",0,0,0,"32,000",0,"32,000","32,000"
"=""050102""",亞光元富47購02  ,0,0,0,0,0,0,0,0,0,"32,000",0,0,0,"32,000",0,"32,000","32,000"
6901,鑽石投資        ,"129,000","92,000","37,000",0,0,0,0,0,0,"-5,000",0,"5,000","-5,000",0,0,0,"32,000"
3669,圓展            ,"137,000","106,000","31,000",0,0,0,0,0,0,"1,000","1,000",0,"1,000",0,0,0,"32,000"
"=""064595""",材料中信47購02  ,0,0,0,0,0,0,0,0,0,"32,000",0,0,0,"32,000",0,"32,000","32,000"
"=""064393""",中華國泰47購01  ,0,0,0,0,0,0,0,0,0,"31,000",0,0,0,"31,000",0,"31,000","31,000"
"=""052405""",台積電第一47購01,0,0,0,0,0,0,0,0,0,"31,000",0,0,0,"32,000","1,000","31,000","31,000"
"=""056486""",天鈺國票45購01  ,0,0,0,0,0,0,0,0,0,"31,000",0,0,0,"60,000","29,000","31,000","31,000"
"=""059237""",中砂兆豐47購02  ,0,0,0,0,0,0,0,0,0,"31,000",0,0,0,"31,000",0,"31,000","31,000"
9955,佳龍            ,"107,000","76,000","31,000",0,0,0,0,0,0,0,0,0,0,0,0,0,"31,000"
"=""054102""",臺股指法興44購04,0,0,0,0,0,0,0,0,0,"31,000",0,0,0,"31,000",0,"31,000","31,000"
"=""054125""",萬海群益4A購02  ,0,0,0,0,0,0,0,0,0,"31,000",0,0,0,"31,000",0,"31,000","31,000"
"=""050096""",盟立元富43購03  ,0,0,0,0,0,0,0,0,0,"31,000",0,0,0,"31,000",0,"31,000","31,000"
"=""063488""",奇鋐富邦47購05  ,0,0,0,0,0,0,0,0,0,"31,000",0,0,0,"31,000",0,"31,000","31,000"
"=""049116""",緯穎富邦43購03  ,0,0,0,0,0,0,0,0,0,"31,000",0,0,0,"31,000",0,"31,000","31,000"
2505,國揚            ,"32,000","1,000","31,000",0,0,0,0,0,0,0,0,0,0,0,0,0,"31,000"
"=""050674""",景碩國泰45購01  ,0,0,0,0,0,0,0,0,0,"31,000",0,0,0,"33,000","2,000","31,000","31,000"
"=""066472""",大立光元大47購10,0,0,0,0,0,0,0,0,0,"31,000",0,0,0,"34,000","3,000","31,000","31,000"
"=""045098""",南茂凱基55購04  ,0,0,0,0,0,0,0,0,0,"31,000",0,0,0,"31,000",0,"31,000","31,000"
"=""060749""",光寶科元大46購01,0,0,0,0,0,0,0,0,0,"31,000",0,0,0,"83,000","52,000","31,000","31,000"
"=""060871""",聯詠群益3A購01  ,0,0,0,0,0,0,0,0,0,"31,000",0,0,0,"31,000",0,"31,000","31,000"
"=""061727""",台驊控永豐47購01,0,0,0,0,0,0,0,0,0,"31,000",0,0,0,"31,000",0,"31,000","31,000"
"=""069386""",上銀統一4C購04  ,0,0,0,0,0,0,0,0,0,"31,000",0,0,0,"34,000","3,000","31,000","31,000"
"=""056728""",技嘉群益45購03  ,0,0,0,0,0,0,0,0,0,"31,000",0,0,0,"33,000","2,000","31,000","31,000"
"=""08269U""",臺股指元大34售33,0,0,0,0,0,0,0,0,0,"31,000",0,0,0,"31,000",0,"31,000","31,000"
"=""07758U""",台灣50元富2C售07,0,0,0,0,0,0,0,0,0,"31,000",0,0,0,"31,000",0,"31,000","31,000"
6209,今國光          ,"49,000","18,000","31,000",0,0,0,0,0,0,-5,0,5,-5,0,0,0,"30,995"
3010,華立            ,"70,000","44,000","26,000",0,0,0,0,0,0,"4,733","5,000",267,"4,733",0,0,0,"30,733"
"=""056385""",奇鋐元大45購03  ,0,0,0,0,0,0,0,0,0,"30,000",0,0,0,"30,000",0,"30,000","30,000"
"=""050731""",穎崴國票44購02  ,0,0,0,0,0,0,0,0,0,"30,000",0,0,0,"30,000",0,"30,000","30,000"
"=""050819""",萬海兆豐45購01  ,0,0,0,0,0,0,0,0,0,"30,000",0,0,0,"54,000","24,000","30,000","30,000"
"=""056099""",奇鋐元大44購14  ,0,0,0,0,0,0,0,0,0,"30,000",0,0,0,"30,000",0,"30,000","30,000"
"=""04910T""",新興元大36售04  ,0,0,0,0,0,0,0,0,0,"30,000",0,0,0,"30,000",0,"30,000","30,000"
"=""063063""",華通永豐47購02  ,0,0,0,0,0,0,0,0,0,"30,000",0,0,0,"30,000",0,"30,000","30,000"
"=""063081""",上銀國票47購01  ,0,0,0,0,0,0,0,0,0,"30,000",0,0,0,"30,000",0,"30,000","30,000"
"=""063125""",矽統凱基46購03  ,0,0,0,0,0,0,0,0,0,"30,000",0,0,0,"115,000","85,000","30,000","30,000"
"=""047977""",T50正2元大43購15,0,0,0,0,0,0,0,0,0,"30,000",0,0,0,"30,000",0,"30,000","30,000"
"=""050134""",金像電凱基44購03,0,0,0,0,0,0,0,0,0,"30,000",0,0,0,"30,000",0,"30,000","30,000"
"=""050194""",瑞儀元大43購04  ,0,0,0,0,0,0,0,0,0,"30,000",0,0,0,"50,000","20,000","30,000","30,000"
"=""049847""",奇鋐統一37購01  ,0,0,0,0,0,0,0,0,0,"30,000",0,0,0,"30,000",0,"30,000","30,000"
"=""063241""",一詮元大46購06  ,0,0,0,0,0,0,0,0,0,"30,000",0,0,0,"30,000",0,"30,000","30,000"
"=""063242""",一詮元大47購02  ,0,0,0,0,0,0,0,0,0,"30,000",0,0,0,"58,000","28,000","30,000","30,000"
"=""063173""",世芯元富56購02  ,0,0,0,0,0,0,0,0,0,"30,000",0,0,0,"35,000","5,000","30,000","30,000"
"=""056417""",順德群益47購01  ,0,0,0,0,0,0,0,0,0,"30,000",0,0,0,"30,000",0,"30,000","30,000"
"=""051302""",景碩群益43購11  ,0,0,0,0,0,0,0,0,0,"30,000",0,0,0,"30,000",0,"30,000","30,000"
"=""051073""",長榮中信46購01  ,0,0,0,0,0,0,0,0,0,"30,000",0,0,0,"111,000","81,000","30,000","30,000"
"=""051200""",緯穎群益43購08  ,0,0,0,0,0,0,0,0,0,"30,000",0,0,0,"40,000","10,000","30,000","30,000"
"=""051170""",華通國泰45購04  ,0,0,0,0,0,0,0,0,0,"30,000",0,0,0,"50,000","20,000","30,000","30,000"
"=""053161""",友達國泰46購01  ,0,0,0,0,0,0,0,0,0,"30,000",0,0,0,"30,000",0,"30,000","30,000"
"=""052836""",萬海元大47購02  ,0,0,0,0,0,0,0,0,0,"30,000",0,0,0,"30,000",0,"30,000","30,000"
"=""052896""",A50正2國票45購03,0,0,0,0,0,0,0,0,0,"30,000",0,0,0,"30,000",0,"30,000","30,000"
"=""051765""",鴻海國泰45購14  ,0,0,0,0,0,0,0,0,0,"30,000",0,0,0,"30,000",0,"30,000","30,000"
"=""063802""",台積電凱基4C購07,0,0,0,0,0,0,0,0,0,"30,000",0,0,0,"54,000","24,000","30,000","30,000"
"=""063921""",元債2X國票47購01,0,0,0,0,0,0,0,0,0,"30,000",0,0,0,"30,000",0,"30,000","30,000"
"=""04106T""",元債2X凱基39售03,0,0,0,0,0,0,0,0,0,"30,000",0,0,0,"30,000",0,"30,000","30,000"
"=""040403""",台灣50國票54購02,0,0,0,0,0,0,0,0,0,"30,000",0,0,0,"30,000",0,"30,000","30,000"
"=""064511""",景碩群益46購10  ,0,0,0,0,0,0,0,0,0,"30,000",0,0,0,"30,000",0,"30,000","30,000"
"=""064734""",聯發科元富44購01,0,0,0,0,0,0,0,0,0,"30,000",0,0,0,"30,000",0,"30,000","30,000"
"=""064644""",緯創元富3A購01  ,0,0,0,0,0,0,0,0,0,"30,000",0,0,0,"30,000",0,"30,000","30,000"
"=""065009""",玉晶光國票49購02,0,0,0,0,0,0,0,0,0,"30,000",0,0,0,"30,000",0,"30,000","30,000"
"=""055056""",大立光統一4A購03,0,0,0,0,0,0,0,0,0,"30,000",0,0,0,"30,000",0,"30,000","30,000"
"=""08314U""",緯穎統一33售01  ,0,0,0,0,0,0,0,0,0,"30,000",0,0,0,"70,000","40,000","30,000","30,000"
"=""08371U""",雄獅元大31售02  ,0,0,0,0,0,0,0,0,0,"30,000",0,0,0,"30,000",0,"30,000","30,000"
"=""055162""",直得元富47購01  ,0,0,0,0,0,0,0,0,0,"30,000",0,0,0,"30,000",0,"30,000","30,000"
"=""047318""",可成元大48購01  ,0,0,0,0,0,0,0,0,0,"30,000",0,0,0,"60,000","30,000","30,000","30,000"
"=""054620""",英業達國票45購01,0,0,0,0,0,0,0,0,0,"30,000",0,0,0,"30,000",0,"30,000","30,000"
"=""054582""",偉詮電兆豐46購01,0,0,0,0,0,0,0,0,0,"30,000",0,0,0,"40,000","10,000","30,000","30,000"
"=""054459""",中502X元大45購01,0,0,0,0,0,0,0,0,0,"30,000",0,0,0,"30,000",0,"30,000","30,000"
"=""047548""",創意中信42購04  ,0,0,0,0,0,0,0,0,0,"30,000",0,0,0,"30,000",0,"30,000","30,000"
"=""047655""",冠德群益48購01  ,0,0,0,0,0,0,0,0,0,"30,000",0,0,0,"30,000",0,"30,000","30,000"
"=""08429U""",臺股指元大35售25,0,0,0,0,0,0,0,0,0,"30,000",0,0,0,"30,000",0,"30,000","30,000"
"=""055332""",緯穎國泰46購01  ,0,0,0,0,0,0,0,0,0,"30,000",0,0,0,"30,000",0,"30,000","30,000"
"=""08650U""",東陽元大33售01  ,0,0,0,0,0,0,0,0,0,"30,000",0,0,0,"30,000",0,"30,000","30,000"
"=""08658U""",技嘉國票33售05  ,0,0,0,0,0,0,0,0,0,"30,000",0,0,0,"30,000",0,"30,000","30,000"
"=""055520""",一詮國票45購01  ,0,0,0,0,0,0,0,0,0,"30,000",0,0,0,"30,000",0,"30,000","30,000"
"=""046454""",緯創統一4C購01  ,0,0,0,0,0,0,0,0,0,"30,000",0,0,0,"40,000","10,000","30,000","30,000"
"=""062444""",上証2X群益46購08,0,0,0,0,0,0,0,0,0,"30,000",0,0,0,"30,000",0,"30,000","30,000"
"=""062426""",國泰金永豐47購01,0,0,0,0,0,0,0,0,0,"30,000",0,0,0,"30,000",0,"30,000","30,000"
"=""062433""",神達永豐47購03  ,0,0,0,0,0,0,0,0,0,"30,000",0,0,0,"30,000",0,"30,000","30,000"
"=""04641T""",緯創群益37售07  ,0,0,0,0,0,0,0,0,0,"30,000",0,0,0,"30,000",0,"30,000","30,000"
"=""062681""",聯發科統一4C購07,0,0,0,0,0,0,0,0,0,"30,000",0,0,0,"30,000",0,"30,000","30,000"
"=""046865""",信錦永豐43購01  ,0,0,0,0,0,0,0,0,0,"30,000",0,0,0,"40,000","10,000","30,000","30,000"
"=""046929""",緯穎凱基43購08  ,0,0,0,0,0,0,0,0,0,"30,000",0,0,0,"30,000",0,"30,000","30,000"
"=""062543""",鈞興國票47購01  ,0,0,0,0,0,0,0,0,0,"30,000",0,0,0,"40,000","10,000","30,000","30,000"
"=""046531""",鴻海凱基45購05  ,0,0,0,0,0,0,0,0,0,"30,000",0,0,0,"30,000",0,"30,000","30,000"
"=""04654T""",飛宏元大35售05  ,0,0,0,0,0,0,0,0,0,"30,000",0,0,0,"30,000",0,"30,000","30,000"
"=""062174""",T50反1永豐49購01,0,0,0,0,0,0,0,0,0,"30,000",0,0,0,"30,000",0,"30,000","30,000"
"=""045938""",新日興凱基43購03,0,0,0,0,0,0,0,0,0,"30,000",0,0,0,"30,000",0,"30,000","30,000"
"=""045948""",亞翔凱基43購06  ,0,0,0,0,0,0,0,0,0,"30,000",0,0,0,"30,000",0,"30,000","30,000"
"=""057992""",精成科富邦47購01,0,0,0,0,0,0,0,0,0,"30,000",0,0,0,"40,000","10,000","30,000","30,000"
"=""057793""",貿聯兆豐4B購01  ,0,0,0,0,0,0,0,0,0,"30,000",0,0,0,"30,000",0,"30,000","30,000"
"=""056846""",長榮永豐47購01  ,0,0,0,0,0,0,0,0,0,"30,000",0,0,0,"46,000","16,000","30,000","30,000"
"=""056573""",奇鋐元大45購05  ,0,0,0,0,0,0,0,0,0,"30,000",0,0,0,"30,000",0,"30,000","30,000"
"=""069017""",昇陽半國票49購01,0,0,0,0,0,0,0,0,0,"30,000",0,0,0,"40,000","10,000","30,000","30,000"
"=""061689""",玉晶光群益46購02,0,0,0,0,0,0,0,0,0,"30,000",0,0,0,"30,000",0,"30,000","30,000"
"=""057002""",辛耘國票47購01  ,0,0,0,0,0,0,0,0,0,"30,000",0,0,0,"30,000",0,"30,000","30,000"
"=""056947""",美時富邦47購02  ,0,0,0,0,0,0,0,0,0,"30,000",0,0,0,"50,000","20,000","30,000","30,000"
"=""062087""",全新元大48購01  ,0,0,0,0,0,0,0,0,0,"30,000",0,0,0,"40,000","10,000","30,000","30,000"
"=""062052""",陽明群益46購08  ,0,0,0,0,0,0,0,0,0,"30,000",0,0,0,"30,000",0,"30,000","30,000"
"=""062129""",鴻海國票47購05  ,0,0,0,0,0,0,0,0,0,"30,000",0,0,0,"30,000",0,"30,000","30,000"
"=""061934""",上銀永豐46購01  ,0,0,0,0,0,0,0,0,0,"30,000",0,0,0,"60,000","30,000","30,000","30,000"
"=""060930""",友訊凱基4A購01  ,0,0,0,0,0,0,0,0,0,"30,000",0,0,0,"30,000",0,"30,000","30,000"
"=""061122""",中502X元富46購01,0,0,0,0,0,0,0,0,0,"30,000",0,0,0,"42,000","12,000","30,000","30,000"
"=""061085""",力智群益3A購01  ,0,0,0,0,0,0,0,0,0,"30,000",0,0,0,"50,000","20,000","30,000","30,000"
"=""060702""",台積電統一58購02,0,0,0,0,0,0,0,0,0,"30,000",0,0,0,"30,000",0,"30,000","30,000"
"=""060346""",英業達元大46購03,0,0,0,0,0,0,0,0,0,"30,000",0,0,0,"163,000","133,000","30,000","30,000"
"=""068660""",力積電統一54購02,0,0,0,0,0,0,0,0,0,"30,000",0,0,0,"30,000",0,"30,000","30,000"
"=""060817""",迅得元富46購01  ,0,0,0,0,0,0,0,0,0,"30,000",0,0,0,"30,000",0,"30,000","30,000"
"=""068360""",皇昌富邦4A購01  ,0,0,0,0,0,0,0,0,0,"30,000",0,0,0,"30,000",0,"30,000","30,000"
"=""038695""",力成元大54購07  ,0,0,0,0,0,0,0,0,0,"30,000",0,0,0,"30,000",0,"30,000","30,000"
"=""04212T""",健策凱基35售01  ,0,0,0,0,0,0,0,0,0,"30,000",0,0,0,"90,000","60,000","30,000","30,000"
"=""045293""",智原元大55購07  ,0,0,0,0,0,0,0,0,0,"30,000",0,0,0,"100,000","70,000","30,000","30,000"
"=""035870""",鴻海群益69購01  ,0,0,0,0,0,0,0,0,0,"30,000",0,0,0,"30,000",0,"30,000","30,000"
"=""043189""",士電元富55購02  ,0,0,0,0,0,0,0,0,0,"30,000",0,0,0,"30,000",0,"30,000","30,000"
"=""043296""",景碩凱基58購01  ,0,0,0,0,0,0,0,0,0,"30,000",0,0,0,"30,000",0,"30,000","30,000"
"=""065083""",華城統一43購01  ,0,0,0,0,0,0,0,0,0,"30,000",0,0,0,"30,000",0,"30,000","30,000"
"=""065684""",穎崴凱基47購02  ,0,0,0,0,0,0,0,0,0,"30,000",0,0,0,"98,000","68,000","30,000","30,000"
"=""065528""",樺漢統一51購01  ,0,0,0,0,0,0,0,0,0,"30,000",0,0,0,"42,000","12,000","30,000","30,000"
"=""066807""",友訊統一55購01  ,0,0,0,0,0,0,0,0,0,"30,000",0,0,0,"30,000",0,"30,000","30,000"
"=""066865""",鴻準元富47購02  ,0,0,0,0,0,0,0,0,0,"30,000",0,0,0,"30,000",0,"30,000","30,000"
"=""066205""",上銀群益49購01  ,0,0,0,0,0,0,0,0,0,"30,000",0,0,0,"30,000",0,"30,000","30,000"
"=""066379""",T50反1國票47購02,0,0,0,0,0,0,0,0,0,"30,000",0,0,0,"30,000",0,"30,000","30,000"
"=""065979""",世芯元大47購18  ,0,0,0,0,0,0,0,0,0,"30,000",0,0,0,"30,000",0,"30,000","30,000"
"=""065971""",陽明元大4A購04  ,0,0,0,0,0,0,0,0,0,"30,000",0,0,0,"30,000",0,"30,000","30,000"
"=""065950""",華新元大47購02  ,"50,000","20,000","30,000",0,0,0,0,0,0,0,0,0,0,0,0,0,"30,000"
"=""03056T""",技嘉群益38售04  ,0,0,0,0,0,0,0,0,0,"30,000",0,0,0,"30,000",0,"30,000","30,000"
"=""041355""",華城凱基54購05  ,0,0,0,0,0,0,0,0,0,"30,000",0,0,0,"30,000",0,"30,000","30,000"
"=""043591""",長榮國票57購02  ,0,0,0,0,0,0,0,0,0,"30,000",0,0,0,"130,000","100,000","30,000","30,000"
"=""065822""",台化統一51購01  ,0,0,0,0,0,0,0,0,0,"30,000",0,0,0,"40,000","10,000","30,000","30,000"
"=""067650""",南亞科永豐47購04,0,0,0,0,0,0,0,0,0,"30,000",0,0,0,"60,000","30,000","30,000","30,000"
"=""054650""",零壹元富44購01  ,0,0,0,0,0,0,0,0,0,"30,000",0,0,0,"30,000",0,"30,000","30,000"
"=""059408""",台積電國泰47購01,0,0,0,0,0,0,0,0,0,"30,000",0,0,0,"50,000","20,000","30,000","30,000"
"=""067506""",台積電元大47購38,0,0,0,0,0,0,0,0,0,"30,000",0,0,0,"30,000",0,"30,000","30,000"
"=""067580""",百和富邦49購01  ,0,0,0,0,0,0,0,0,0,"30,000",0,0,0,"30,000",0,"30,000","30,000"
"=""03417T""",華通凱基35售02  ,0,0,0,0,0,0,0,0,0,"30,000",0,0,0,"30,000",0,"30,000","30,000"
"=""03366T""",南亞科元富33售02,0,0,0,0,0,0,0,0,0,"30,000",0,0,0,"45,000","15,000","30,000","30,000"
"=""052021""",大同國票44購02  ,0,0,0,0,0,0,0,0,0,"30,000",0,0,0,"30,000",0,"30,000","30,000"
"=""053476""",堤維西元富44購01,0,0,0,0,0,0,0,0,0,"30,000",0,0,0,"30,000",0,"30,000","30,000"
"=""03094T""",T50正2元大35售07,0,0,0,0,0,0,0,0,0,"30,000",0,0,0,"30,000",0,"30,000","30,000"
"=""067046""",緯創永豐4A購02  ,0,0,0,0,0,0,0,0,0,"30,000",0,0,0,"30,000",0,"30,000","30,000"
"=""066973""",世芯元大47購20  ,0,0,0,0,0,0,0,0,0,"30,000",0,0,0,"30,000",0,"30,000","30,000"
"=""03263T""",華通中信33售01  ,0,0,0,0,0,0,0,0,0,"30,000",0,0,0,"30,000",0,"30,000","30,000"
"=""041807""",川湖群益54購13  ,0,0,0,0,0,0,0,0,0,"30,000",0,0,0,"30,000",0,"30,000","30,000"
"=""058321""",台積電群益45購17,0,0,0,0,0,0,0,0,0,"30,000",0,0,0,"43,000","13,000","30,000","30,000"
"=""058767""",台積電元大45購20,0,0,0,0,0,0,0,0,0,"30,000",0,0,0,"60,000","30,000","30,000","30,000"
"=""058768""",台積電元大45購21,0,0,0,0,0,0,0,0,0,"30,000",0,0,0,"30,000",0,"30,000","30,000"
"=""058696""",漢唐國票46購04  ,0,0,0,0,0,0,0,0,0,"30,000",0,0,0,"30,000",0,"30,000","30,000"
"=""067939""",亞翔中信3B購01  ,0,0,0,0,0,0,0,0,0,"30,000",0,0,0,"40,000","10,000","30,000","30,000"
"=""060095""",穎崴國票47購01  ,0,0,0,0,0,0,0,0,0,"30,000",0,0,0,"36,000","6,000","30,000","30,000"
"=""060125""",鴻準群益4C購01  ,0,0,0,0,0,0,0,0,0,"30,000",0,0,0,"48,000","18,000","30,000","30,000"
"=""068349""",辛耘永豐48購01  ,0,0,0,0,0,0,0,0,0,"30,000",0,0,0,"30,000",0,"30,000","30,000"
"=""068177""",鴻海永豐4A購04  ,0,0,0,0,0,0,0,0,0,"30,000",0,0,0,"100,000","70,000","30,000","30,000"
6409,旭隼            ,"97,000","68,016","28,984",0,0,0,0,107,-107,166,310,18,292,0,126,-126,"29,043"
"=""052922""",永光凱基44購02  ,0,0,0,0,0,0,0,0,0,"29,000",0,0,0,"40,000","11,000","29,000","29,000"
"=""063745""",元大金國票47購01,0,0,0,0,0,0,0,0,0,"29,000",0,0,0,"36,000","7,000","29,000","29,000"
"=""059256""",奇鋐凱基45購09  ,0,0,0,0,0,0,0,0,0,"29,000",0,0,0,"50,000","21,000","29,000","29,000"
"=""063151""",FANG+元富46購02 ,0,0,0,0,0,0,0,0,0,"29,000",0,0,0,"29,000",0,"29,000","29,000"
"=""050312""",緯創凱基3B購01  ,0,0,0,0,0,0,0,0,0,"29,000",0,0,0,"32,000","3,000","29,000","29,000"
"=""048029""",元債2X凱基54購01,0,0,0,0,0,0,0,0,0,"29,000",0,0,0,"29,000",0,"29,000","29,000"
"=""048039""",奇鋐凱基42購02  ,0,0,0,0,0,0,0,0,0,"29,000",0,0,0,"29,000",0,"29,000","29,000"
"=""047728""",皇翔統一4C購01  ,0,0,0,0,0,0,0,0,0,"29,000",0,0,0,"102,000","73,000","29,000","29,000"
"=""063040""",臺股指法興46購13,0,0,0,0,0,0,0,0,0,"29,000",0,0,0,"70,000","41,000","29,000","29,000"
2443,昶虹            ,"73,000","44,000","29,000",0,0,0,0,0,0,0,0,0,0,0,0,0,"29,000"
"=""056096""",威盛元大49購06  ,0,0,0,0,0,0,0,0,0,"29,000",0,0,0,"29,000",0,"29,000","29,000"
"=""056010""",臻鼎元富4A購01  ,0,0,0,0,0,0,0,0,0,"29,000",0,0,0,"34,000","5,000","29,000","29,000"
"=""053370""",鴻海國泰46購04  ,0,0,0,0,0,0,0,0,0,"29,000",0,0,0,"50,000","21,000","29,000","29,000"
"=""064920""",健鼎凱基47購01  ,0,0,0,0,0,0,0,0,0,"29,000",0,0,0,"29,000",0,"29,000","29,000"
"=""067678""",飛宏凱基48購01  ,0,0,0,0,0,0,0,0,0,"29,000",0,0,0,"29,000",0,"29,000","29,000"
"=""059914""",日電貿群益46購02,0,0,0,0,0,0,0,0,0,"29,000",0,0,0,"34,000","5,000","29,000","29,000"
"=""059880""",川湖群益45購06  ,0,0,0,0,0,0,0,0,0,"29,000",0,0,0,"49,000","20,000","29,000","29,000"
"=""053542""",元黃金元大46購02,0,0,0,0,0,0,0,0,0,"29,000",0,0,0,"38,000","9,000","29,000","29,000"
"=""058544""",長榮元大45購19  ,0,0,0,0,0,0,0,0,0,"29,000",0,0,0,"29,000",0,"29,000","29,000"
"=""066082""",台積電富邦49購04,0,0,0,0,0,0,0,0,0,"29,000",0,0,0,"29,000",0,"29,000","29,000"
"=""066250""",精成科國票49購01,0,0,0,0,0,0,0,0,0,"29,000",0,0,0,"44,000","15,000","29,000","29,000"
"=""066773""",玉晶光元大47購16,0,0,0,0,0,0,0,0,0,"29,000",0,0,0,"39,000","10,000","29,000","29,000"
"=""065472""",嘉晶國票48購01  ,0,0,0,0,0,0,0,0,0,"29,000",0,0,0,"29,000",0,"29,000","29,000"
"=""04557T""",威盛統一39售11  ,0,0,0,0,0,0,0,0,0,"29,000",0,0,0,"31,000","2,000","29,000","29,000"
"=""044860""",華新科凱基55購03,0,0,0,0,0,0,0,0,0,"29,000",0,0,0,"29,000",0,"29,000","29,000"
"=""060326""",元日2X元大53購01,0,0,0,0,0,0,0,0,0,"29,000",0,0,0,"29,000",0,"29,000","29,000"
"=""061230""",世芯元大46購15  ,0,0,0,0,0,0,0,0,0,"29,000",0,0,0,"40,000","11,000","29,000","29,000"
"=""061423""",致茂元富46購02  ,0,0,0,0,0,0,0,0,0,"29,000",0,0,0,"29,000",0,"29,000","29,000"
"=""068902""",華邦電元大48購01,0,0,0,0,0,0,0,0,0,"29,000",0,0,0,"40,000","11,000","29,000","29,000"
"=""057920""",廣宇元大45購06  ,0,0,0,0,0,0,0,0,0,"29,000",0,0,0,"54,000","25,000","29,000","29,000"
"=""046978""",T50反1元大48購06,0,0,0,0,0,0,0,0,0,"29,000",0,0,0,"32,000","3,000","29,000","29,000"
"=""046296""",台灣50元大44購02,0,0,0,0,0,0,0,0,0,"29,000",0,0,0,"100,000","71,000","29,000","29,000"
"=""054520""",台積電富邦46購05,0,0,0,0,0,0,0,0,0,"29,000",0,0,0,"29,000",0,"29,000","29,000"
"=""055189""",矽統國票45購05  ,0,0,0,0,0,0,0,0,0,"29,000",0,0,0,"42,000","13,000","29,000","29,000"
2480,敦陽科          ,"90,000","52,000","38,000",0,0,0,0,0,0,"-9,426","2,000","9,513","-7,513",0,"1,913","-1,913","28,574"
"=""00737""",國泰AI機器人    ,"12,000",0,"12,000",0,0,0,0,0,0,"16,481",0,0,0,"155,869","139,388","16,481","28,481"
3016,嘉晶            ,"69,000","41,000","28,000",0,0,0,0,0,0,250,0,0,0,"4,000","3,750",250,"28,250"
1217,愛之味          ,"169,000","141,000","28,000",0,0,0,0,0,0,218,"1,000",782,218,0,0,0,"28,218"
"=""08861U""",元金2X元大36售01,0,0,0,0,0,0,0,0,0,"28,000",0,0,0,"28,000",0,"28,000","28,000"
"=""055323""",貿聯元大44購07  ,0,0,0,0,0,0,0,0,0,"28,000",0,0,0,"46,000","18,000","28,000","28,000"
"=""08072U""",臺股指凱基34售22,0,0,0,0,0,0,0,0,0,"28,000",0,0,0,"38,000","10,000","28,000","28,000"
"=""046376""",潤泰新台新42購01,0,0,0,0,0,0,0,0,0,"28,000",0,0,0,"28,000",0,"28,000","28,000"
"=""062508""",神達元富46購03  ,0,0,0,0,0,0,0,0,0,"28,000",0,0,0,"28,000",0,"28,000","28,000"
"=""068869""",欣興永豐48購04  ,0,0,0,0,0,0,0,0,0,"28,000",0,0,0,"28,000",0,"28,000","28,000"
"=""061361""",智原國票46購04  ,0,0,0,0,0,0,0,0,0,"28,000",0,0,0,"38,000","10,000","28,000","28,000"
"=""061145""",旭富統一3A購02  ,0,0,0,0,0,0,0,0,0,"28,000",0,0,0,"50,000","22,000","28,000","28,000"
"=""060295""",川湖群益46購05  ,0,0,0,0,0,0,0,0,0,"28,000",0,0,0,"28,000",0,"28,000","28,000"
"=""069671""",欣興元大48購07  ,0,0,0,0,0,0,0,0,0,"28,000",0,0,0,"42,000","14,000","28,000","28,000"
"=""062059""",世芯群益46購12  ,0,0,0,0,0,0,0,0,0,"28,000",0,0,0,"103,000","75,000","28,000","28,000"
"=""069422""",華城群益48購04  ,0,0,0,0,0,0,0,0,0,"28,000",0,0,0,"28,000",0,"28,000","28,000"
"=""061834""",SGBR2X群益46購05,0,0,0,0,0,0,0,0,0,"28,000",0,0,0,"36,000","8,000","28,000","28,000"
"=""056972""",台積電元富45購14,0,0,0,0,0,0,0,0,0,"28,000",0,0,0,"83,000","55,000","28,000","28,000"
"=""061562""",可成凱基46購03  ,0,0,0,0,0,0,0,0,0,"28,000",0,0,0,"38,000","10,000","28,000","28,000"
"=""056725""",台達電群益45購02,0,0,0,0,0,0,0,0,0,"28,000",0,0,0,"35,000","7,000","28,000","28,000"
"=""03002T""",技嘉凱基33售13  ,0,0,0,0,0,0,0,0,0,"28,000",0,0,0,"28,000",0,"28,000","28,000"
"=""066210""",智邦群益47購03  ,0,0,0,0,0,0,0,0,0,"28,000",0,0,0,"30,000","2,000","28,000","28,000"
"=""066374""",聯發科國泰48購01,0,0,0,0,0,0,0,0,0,"28,000",0,0,0,"83,000","55,000","28,000","28,000"
"=""045619""",強茂元大55購02  ,0,0,0,0,0,0,0,0,0,"28,000",0,0,0,"36,000","8,000","28,000","28,000"
"=""04118T""",金像電群益37售01,0,0,0,0,0,0,0,0,0,"28,000",0,0,0,"28,000",0,"28,000","28,000"
"=""04555T""",威盛凱基35售13  ,0,0,0,0,0,0,0,0,0,"28,000",0,0,0,"28,000",0,"28,000","28,000"
"=""045234""",緯穎富邦56購02  ,0,0,0,0,0,0,0,0,0,"28,000",0,0,0,"30,000","2,000","28,000","28,000"
"=""059420""",長榮群益45購08  ,0,0,0,0,0,0,0,0,0,"28,000",0,0,0,"30,000","2,000","28,000","28,000"
"=""067401""",惠特元富47購01  ,0,0,0,0,0,0,0,0,0,"28,000",0,0,0,"28,000",0,"28,000","28,000"
"=""059913""",日電貿群益45購01,0,0,0,0,0,0,0,0,0,"28,000",0,0,0,"28,000",0,"28,000","28,000"
"=""058334""",華擎群益47購02  ,0,0,0,0,0,0,0,0,0,"28,000",0,0,0,"80,000","52,000","28,000","28,000"
2506,太設            ,"51,000","30,000","21,000",0,0,0,0,0,0,"7,000","13,000","6,000","7,000",0,0,0,"28,000"
"=""051031""",長榮航凱基45購05,0,0,0,0,0,0,0,0,0,"28,000",0,0,0,"140,000","112,000","28,000","28,000"
2022,聚亨            ,"69,000","41,000","28,000",0,0,0,0,0,0,0,0,0,0,0,0,0,"28,000"
"=""048744""",同欣電兆豐44購02,0,0,0,0,0,0,0,0,0,"28,000",0,0,0,"211,000","183,000","28,000","28,000"
"=""063019""",世芯群益46購16  ,0,0,0,0,0,0,0,0,0,"28,000",0,0,0,"48,000","20,000","28,000","28,000"
"=""063287""",華通中信46購02  ,0,0,0,0,0,0,0,0,0,"28,000",0,0,0,"39,000","11,000","28,000","28,000"
"=""064119""",陽明群益4C購03  ,0,0,0,0,0,0,0,0,0,"28,000",0,0,0,"28,000",0,"28,000","28,000"
"=""052356""",材料永豐46購01  ,0,0,0,0,0,0,0,0,0,"28,000",0,0,0,"28,000",0,"28,000","28,000"
"=""064561""",全新國票47購01  ,0,0,0,0,0,0,0,0,0,"28,000",0,0,0,"28,000",0,"28,000","28,000"
"=""043875""",京鼎凱基55購04  ,0,0,0,0,0,0,0,0,0,"28,000",0,0,0,"30,000","2,000","28,000","28,000"
"=""053150""",矽格群益46購01  ,0,0,0,0,0,0,0,0,0,"27,000",0,0,0,"78,000","51,000","27,000","27,000"
"=""064092""",臺指反群益52購01,0,0,0,0,0,0,0,0,0,"27,000",0,0,0,"27,000",0,"27,000","27,000"
"=""059153""",嘉澤群益45購06  ,0,0,0,0,0,0,0,0,0,"27,000",0,0,0,"28,000","1,000","27,000","27,000"
"=""054230""",日月光凱基45購01,0,0,0,0,0,0,0,0,0,"27,000",0,0,0,"27,000",0,"27,000","27,000"
"=""048245""",中砂統一48購02  ,0,0,0,0,0,0,0,0,0,"27,000",0,0,0,"27,000",0,"27,000","27,000"
2459,敦吉            ,"29,000","2,000","27,000",0,0,0,0,0,0,0,0,0,0,0,0,0,"27,000"
"=""068033""",大立光元大47購20,0,0,0,0,0,0,0,0,0,"27,000",0,0,0,"80,000","53,000","27,000","27,000"
"=""068278""",皇昌凱基48購03  ,0,0,0,0,0,0,0,0,0,"27,000",0,0,0,"32,000","5,000","27,000","27,000"
"=""055954""",天虹元大45購01  ,0,0,0,0,0,0,0,0,0,"27,000",0,0,0,"27,000",0,"27,000","27,000"
"=""04512T""",台積電群益35售38,0,0,0,0,0,0,0,0,0,"27,000",0,0,0,"87,000","60,000","27,000","27,000"
"=""066650""",日電貿統一51購01,0,0,0,0,0,0,0,0,0,"27,000",0,0,0,"38,000","11,000","27,000","27,000"
"=""065977""",玉晶光元大47購13,0,0,0,0,0,0,0,0,0,"27,000",0,0,0,"39,000","12,000","27,000","27,000"
"=""069258""",創意兆豐48購03  ,0,0,0,0,0,0,0,0,0,"27,000",0,0,0,"27,000",0,"27,000","27,000"
"=""068982""",英業達兆豐48購01,0,0,0,0,0,0,0,0,0,"27,000",0,0,0,"27,000",0,"27,000","27,000"
"=""07576U""",元金2X元大31售01,0,0,0,0,0,0,0,0,0,"27,000",0,0,0,"27,000",0,"27,000","27,000"
"=""055798""",偉詮電兆豐46購02,0,0,0,0,0,0,0,0,0,"27,000",0,0,0,"51,000","24,000","27,000","27,000"
"=""055160""",台灣50元富44購11,0,0,0,0,0,0,0,0,0,"27,000",0,0,0,"27,000",0,"27,000","27,000"
"=""055138""",健策兆豐45購01  ,0,0,0,0,0,0,0,0,0,"27,000",0,0,0,"37,000","10,000","27,000","27,000"
"=""062936""",創意國票47購04  ,0,0,0,0,0,0,0,0,0,"27,000",0,0,0,"31,000","4,000","27,000","27,000"
"=""08860U""",光寶科群益34售03,0,0,0,0,0,0,0,0,0,"27,000",0,0,0,"27,000",0,"27,000","27,000"
2450,神腦            ,"23,000","1,000","22,000",0,0,0,0,0,0,"4,433","11,000","6,567","4,433",0,0,0,"26,433"
"=""048125""",勤誠國泰44購01  ,0,0,0,0,0,0,0,0,0,"26,000",0,0,0,"86,000","60,000","26,000","26,000"
"=""063043""",佳能富邦48購01  ,0,0,0,0,0,0,0,0,0,"26,000",0,0,0,"26,000",0,"26,000","26,000"
"=""063083""",所羅門國票48購01,0,0,0,0,0,0,0,0,0,"26,000",0,0,0,"26,000",0,"26,000","26,000"
"=""049736""",新日興國票44購01,0,0,0,0,0,0,0,0,0,"26,000",0,0,0,"26,000",0,"26,000","26,000"
"=""050206""",台積電群益43購31,0,0,0,0,0,0,0,0,0,"26,000",0,0,0,"29,000","3,000","26,000","26,000"
"=""051957""",嘉基永豐44購01  ,0,0,0,0,0,0,0,0,0,"26,000",0,0,0,"30,000","4,000","26,000","26,000"
"=""044638""",力積電永豐56購03,0,0,0,0,0,0,0,0,0,"26,000",0,0,0,"26,000",0,"26,000","26,000"
"=""051291""",大同群益43購01  ,0,0,0,0,0,0,0,0,0,"26,000",0,0,0,"50,000","24,000","26,000","26,000"
"=""051352""",新美齊凱基44購01,0,0,0,0,0,0,0,0,0,"26,000",0,0,0,"26,000",0,"26,000","26,000"
"=""051552""",世紀鋼群益43購10,0,0,0,0,0,0,0,0,0,"26,000",0,0,0,"186,000","160,000","26,000","26,000"
"=""064392""",上銀台新46購04  ,0,0,0,0,0,0,0,0,0,"26,000",0,0,0,"26,000",0,"26,000","26,000"
"=""054596""",佳能群益45購01  ,0,0,0,0,0,0,0,0,0,"26,000",0,0,0,"36,000","10,000","26,000","26,000"
"=""054629""",大銀國票45購01  ,0,0,0,0,0,0,0,0,0,"26,000",0,0,0,"26,000",0,"26,000","26,000"
"=""061459""",智邦元大46購06  ,0,0,0,0,0,0,0,0,0,"26,000",0,0,0,"43,000","17,000","26,000","26,000"
"=""061281""",鴻準永豐47購02  ,0,"1,000","-1,000",0,0,0,0,0,0,"27,000",0,0,0,"37,000","10,000","27,000","26,000"
"=""068370""",世紀鋼統一3B購01,0,0,0,0,0,0,0,0,0,"26,000",0,0,0,"26,000",0,"26,000","26,000"
"=""068538""",友訊富邦49購01  ,0,0,0,0,0,0,0,0,0,"26,000",0,0,0,"26,000",0,"26,000","26,000"
"=""061790""",奇鋐富邦49購01  ,0,0,0,0,0,0,0,0,0,"26,000",0,0,0,"26,000",0,"26,000","26,000"
"=""062069""",滬深2X元大46購11,0,0,0,0,0,0,0,0,0,"26,000",0,0,0,"26,000",0,"26,000","26,000"
"=""061691""",牧德群益46購01  ,0,0,0,0,0,0,0,0,0,"26,000",0,0,0,"26,000",0,"26,000","26,000"
"=""066665""",T50正2凱基47購05,0,0,0,0,0,0,0,0,0,"26,000",0,0,0,"26,000",0,"26,000","26,000"
"=""066714""",國巨群益47購02  ,0,0,0,0,0,0,0,0,0,"26,000",0,0,0,"26,000",0,"26,000","26,000"
"=""066444""",滬深2X元大48購06,0,0,0,0,0,0,0,0,0,"26,000",0,0,0,"26,000",0,"26,000","26,000"
"=""03793T""",矽統元大34售20  ,0,0,0,0,0,0,0,0,0,"26,000",0,0,0,"46,000","20,000","26,000","26,000"
"=""035023""",華邦電凱基55購01,0,0,0,0,0,0,0,0,0,"26,000",0,0,0,"157,000","131,000","26,000","26,000"
"=""044853""",漢唐凱基56購01  ,0,0,0,0,0,0,0,0,0,"26,000",0,0,0,"51,000","25,000","26,000","26,000"
"=""065628""",圓剛群益49購01  ,0,0,0,0,0,0,0,0,0,"26,000",0,0,0,"42,000","16,000","26,000","26,000"
"=""03303T""",健鼎國票34售01  ,0,0,0,0,0,0,0,0,0,"26,000",0,0,0,"26,000",0,"26,000","26,000"
"=""066955""",華通元大47購10  ,0,0,0,0,0,0,0,0,0,"26,000",0,0,0,"26,000",0,"26,000","26,000"
"=""053622""",台光電凱基3B購02,0,0,0,0,0,0,0,0,0,"26,000",0,0,0,"26,000",0,"26,000","26,000"
"=""058934""",聯發科群益47購02,0,0,0,0,0,0,0,0,0,"26,000",0,0,0,"80,000","54,000","26,000","26,000"
6579,研揚            ,"83,000","58,000","25,000",0,0,0,0,0,0,925,"2,000",0,"2,000","3,000","4,075","-1,075","25,925"
6582,申豐            ,"24,000","6,000","18,000",0,0,0,0,0,0,"7,433","9,000","1,567","7,433",0,0,0,"25,433"
"=""051559""",藍天富邦47購01  ,"25,000",0,"25,000",0,0,0,0,0,0,0,0,0,0,0,0,0,"25,000"
"=""052128""",創意台新43購01  ,0,0,0,0,0,0,0,0,0,"25,000",0,0,0,"25,000",0,"25,000","25,000"
"=""052987""",中502X元富4A購01,0,0,0,0,0,0,0,0,0,"25,000",0,0,0,"45,000","20,000","25,000","25,000"
"=""052807""",世芯群益48購01  ,0,0,0,0,0,0,0,0,0,"25,000",0,0,0,"104,000","79,000","25,000","25,000"
"=""064307""",保瑞元大46購18  ,0,0,0,0,0,0,0,0,0,"25,000",0,0,0,"25,000",0,"25,000","25,000"
"=""064098""",大成鋼群益46購05,0,0,0,0,0,0,0,0,0,"25,000",0,0,0,"116,000","91,000","25,000","25,000"
"=""051756""",德律元富43購01  ,0,0,0,0,0,0,0,0,0,"25,000",0,0,0,"25,000",0,"25,000","25,000"
"=""049385""",嘉澤富邦46購01  ,0,0,0,0,0,0,0,0,0,"25,000",0,0,0,"25,000",0,"25,000","25,000"
"=""047829""",英業達群益42購02,0,0,0,0,0,0,0,0,0,"25,000",0,0,0,"25,000",0,"25,000","25,000"
2020,美亞            ,"68,000","47,000","21,000",0,0,0,0,0,0,"4,000","4,000",0,"4,000",0,0,0,"25,000"
"=""050787""",金像電富邦45購02,0,0,0,0,0,0,0,0,0,"25,000",0,0,0,"40,000","15,000","25,000","25,000"
"=""050360""",台光電元大43購18,0,0,0,0,0,0,0,0,0,"25,000",0,0,0,"25,000",0,"25,000","25,000"
"=""064881""",智原群益49購01  ,0,0,0,0,0,0,0,0,0,"25,000",0,0,0,"102,000","77,000","25,000","25,000"
"=""058873""",台灣50元大46購09,0,0,0,0,0,0,0,0,0,"25,000",0,0,0,"25,000",0,"25,000","25,000"
"=""058884""",美時元大49購02  ,0,0,0,0,0,0,0,0,0,"25,000",0,0,0,"25,000",0,"25,000","25,000"
"=""060019""",正崴統一54購01  ,0,0,0,0,0,0,0,0,0,"25,000",0,0,0,"25,000",0,"25,000","25,000"
"=""060000""",緯穎元大45購33  ,0,0,0,0,0,0,0,0,0,"25,000",0,0,0,"271,000","246,000","25,000","25,000"
"=""059672""",鴻海凱基45購19  ,0,0,0,0,0,0,0,0,0,"25,000",0,0,0,"86,000","61,000","25,000","25,000"
"=""068198""",長榮元富48購04  ,0,0,0,0,0,0,0,0,0,"25,000",0,0,0,"25,000",0,"25,000","25,000"
"=""060234""",日月光凱基46購03,0,0,0,0,0,0,0,0,0,"25,000",0,0,0,"25,000",0,"25,000","25,000"
"=""042042""",SGBR2X永豐56購01,0,0,0,0,0,0,0,0,0,"25,000",0,0,0,"75,000","50,000","25,000","25,000"
"=""067032""",長榮鋼中信47購01,0,0,0,0,0,0,0,0,0,"25,000",0,0,0,"25,000",0,"25,000","25,000"
"=""041731""",上銀國票55購01  ,0,0,0,0,0,0,0,0,0,"25,000",0,0,0,"25,000",0,"25,000","25,000"
"=""067598""",台化元富47購01  ,0,0,0,0,0,0,0,0,0,"25,000",0,0,0,"25,000",0,"25,000","25,000"
"=""058410""",台積電富邦45購09,0,0,0,0,0,0,0,0,0,"25,000",0,0,0,"155,000","130,000","25,000","25,000"
"=""058592""",永豐金群益45購01,0,0,0,0,0,0,0,0,0,"25,000",0,0,0,"65,000","40,000","25,000","25,000"
"=""065364""",晟銘電群益47購02,0,0,0,0,0,0,0,0,0,"25,000",0,0,0,"60,000","35,000","25,000","25,000"
"=""065104""",高股息中信4A購01,0,0,0,0,0,0,0,0,0,"25,000",0,0,0,"25,000",0,"25,000","25,000"
"=""03203T""",臺股指群益33售32,0,0,0,0,0,0,0,0,0,"25,000",0,0,0,"30,000","5,000","25,000","25,000"
"=""03197T""",光寶科群益33售07,0,0,0,0,0,0,0,0,0,"25,000",0,0,0,"25,000",0,"25,000","25,000"
"=""03182T""",聯電國票33售02  ,0,0,0,0,0,0,0,0,0,"25,000",0,0,0,"61,000","36,000","25,000","25,000"
"=""03672T""",全新凱基35售01  ,0,0,0,0,0,0,0,0,0,"25,000",0,0,0,"25,000",0,"25,000","25,000"
"=""038151""",可寧衛富邦53購01,0,0,0,0,0,0,0,0,0,"25,000",0,0,0,"25,000",0,"25,000","25,000"
"=""066209""",華邦電群益47購03,0,0,0,0,0,0,0,0,0,"25,000",0,0,0,"25,000",0,"25,000","25,000"
"=""066421""",國巨統一51購05  ,0,0,0,0,0,0,0,0,0,"25,000",0,0,0,"25,000",0,"25,000","25,000"
"=""066659""",臺股指統一51購01,0,0,0,0,0,0,0,0,0,"25,000",0,0,0,"25,000",0,"25,000","25,000"
"=""066689""",華擎凱基48購01  ,0,0,0,0,0,0,0,0,0,"25,000",0,0,0,"252,000","227,000","25,000","25,000"
"=""03052T""",金像電凱基32售13,0,0,0,0,0,0,0,0,0,"25,000",0,0,0,"25,000",0,"25,000","25,000"
"=""065976""",智原元大47購09  ,0,0,0,0,0,0,0,0,0,"25,000",0,0,0,"30,000","5,000","25,000","25,000"
"=""043410""",智邦凱基55購06  ,0,0,0,0,0,0,0,0,0,"25,000",0,0,0,"25,000",0,"25,000","25,000"
"=""066111""",緯創凱基47購05  ,0,0,0,0,0,0,0,0,0,"25,000",0,0,0,"158,000","133,000","25,000","25,000"
"=""065926""",長榮航元富47購02,0,0,0,0,0,0,0,0,0,"25,000",0,0,0,"25,000",0,"25,000","25,000"
"=""069094""",聯發科元大4C購04,0,0,0,0,0,0,0,0,0,"25,000",0,0,0,"36,000","11,000","25,000","25,000"
"=""056886""",技嘉元大45購06  ,0,0,0,0,0,0,0,0,0,"25,000",0,0,0,"27,000","2,000","25,000","25,000"
"=""061947""",精成科永豐46購01,0,0,0,0,0,0,0,0,0,"25,000",0,0,0,"25,000",0,"25,000","25,000"
"=""069337""",上銀凱基48購04  ,0,0,0,0,0,0,0,0,0,"25,000",0,0,0,"25,000",0,"25,000","25,000"
"=""061468""",長榮元大46購15  ,0,0,0,0,0,0,0,0,0,"25,000",0,0,0,"25,000",0,"25,000","25,000"
"=""068697""",台光電凱基48購01,0,0,0,0,0,0,0,0,0,"25,000",0,0,0,"30,000","5,000","25,000","25,000"
"=""055319""",嘉澤元大44購05  ,0,0,0,0,0,0,0,0,0,"25,000",0,0,0,"25,000",0,"25,000","25,000"
"=""055337""",天鈺兆豐46購01  ,0,0,0,0,0,0,0,0,0,"25,000",0,0,0,"25,000",0,"25,000","25,000"
"=""08575U""",樺漢群益32售04  ,0,0,0,0,0,0,0,0,0,"25,000",0,0,0,"25,000",0,"25,000","25,000"
"=""062956""",鴻海元大46購24  ,0,0,0,0,0,0,0,0,0,"25,000",0,0,0,"25,000",0,"25,000","25,000"
"=""08051U""",臺股指元大34售25,0,0,0,0,0,0,0,0,0,"25,000",0,0,0,"50,000","25,000","25,000","25,000"
"=""054948""",欣興永豐44購03  ,0,0,0,0,0,0,0,0,0,"25,000",0,0,0,"25,000",0,"25,000","25,000"
"=""056770""",東哥凱基45購01  ,0,0,0,0,0,0,0,0,0,"25,000",0,0,0,"26,000","1,000","25,000","25,000"
"=""057413""",欣興元富45購02  ,0,0,0,0,0,0,0,0,0,"25,000",0,0,0,"62,000","37,000","25,000","25,000"
"=""057887""",美債2X國票49購01,0,0,0,0,0,0,0,0,0,"25,000",0,0,0,"25,000",0,"25,000","25,000"
"=""056831""",南電統一4B購01  ,0,0,0,0,0,0,0,0,0,"25,000",0,0,0,"128,000","103,000","25,000","25,000"
"=""062312""",元上證元大46購01,0,0,0,0,0,0,0,0,0,"25,000",0,0,0,"143,000","118,000","25,000","25,000"
"=""062243""",鴻準凱基4B購02  ,0,0,0,0,0,0,0,0,0,"25,000",0,0,0,"25,000",0,"25,000","25,000"
"=""046973""",致新元富48購01  ,0,0,0,0,0,0,0,0,0,"25,000",0,0,0,"55,000","30,000","25,000","25,000"
"=""062601""",康舒元大46購03  ,0,0,0,0,0,0,0,0,0,"25,000",0,0,0,"30,000","5,000","25,000","25,000"
"=""062591""",嘉澤元大46購02  ,0,0,0,0,0,0,0,0,0,"25,000",0,0,0,"25,000",0,"25,000","25,000"
6166,凌華            ,"106,000","76,000","30,000",0,0,0,0,0,0,"-5,070",0,0,0,"2,000","7,070","-5,070","24,930"
4572,駐龍            ,"94,000","33,000","61,000",0,0,0,0,0,0,"-37,000","1,000","38,000","-37,000",0,0,0,"24,000"
"=""063752""",聯茂國票47購02  ,0,0,0,0,0,0,0,0,0,"24,000",0,0,0,"99,000","75,000","24,000","24,000"
"=""059134""",緯穎凱基45購10  ,0,0,0,0,0,0,0,0,0,"24,000",0,0,0,"84,000","60,000","24,000","24,000"
"=""054322""",藍天群益44購01  ,0,0,0,0,0,0,0,0,0,"24,000",0,0,0,"24,000",0,"24,000","24,000"
"=""050861""",復盛凱基43購01  ,0,0,0,0,0,0,0,0,0,"24,000",0,0,0,"44,000","20,000","24,000","24,000"
"=""063381""",上銀富邦46購04  ,0,0,0,0,0,0,0,0,0,"24,000",0,0,0,"30,000","6,000","24,000","24,000"
"=""064586""",祥碩第一46購01  ,0,0,0,0,0,0,0,0,0,"24,000",0,0,0,"24,000",0,"24,000","24,000"
"=""04032T""",智邦元大34售14  ,0,0,0,0,0,0,0,0,0,"24,000",0,0,0,"27,000","3,000","24,000","24,000"
"=""04687T""",台積電台新37售01,0,0,0,0,0,0,0,0,0,"24,000",0,0,0,"24,000",0,"24,000","24,000"
"=""062366""",世紀鋼富邦48購01,0,0,0,0,0,0,0,0,0,"24,000",0,0,0,"24,000",0,"24,000","24,000"
"=""055174""",大立光元富44購06,0,0,0,0,0,0,0,0,0,"24,000",0,0,0,"104,000","80,000","24,000","24,000"
"=""062813""",大立光元大46購10,0,0,0,0,0,0,0,0,0,"24,000",0,0,0,"124,000","100,000","24,000","24,000"
"=""055258""",鴻海群益44購22  ,0,0,0,0,0,0,0,0,0,"24,000",0,0,0,"38,000","14,000","24,000","24,000"
"=""068844""",立積統一52購04  ,0,0,0,0,0,0,0,0,0,"24,000",0,0,0,"26,000","2,000","24,000","24,000"
"=""060901""",長榮國票47購02  ,0,0,0,0,0,0,0,0,0,"24,000",0,0,0,"44,000","20,000","24,000","24,000"
"=""060324""",元債2X元大56購01,0,0,0,0,0,0,0,0,0,"24,000",0,0,0,"29,000","5,000","24,000","24,000"
"=""066475""",信邦元大47購02  ,0,0,0,0,0,0,0,0,0,"24,000",0,0,0,"60,000","36,000","24,000","24,000"
"=""03747T""",偉訓國票34售02  ,0,0,0,0,0,0,0,0,0,"24,000",0,0,0,"24,000",0,"24,000","24,000"
"=""065081""",華城統一3B購05  ,0,0,0,0,0,0,0,0,0,"24,000",0,0,0,"26,000","2,000","24,000","24,000"
"=""065311""",國建統一51購01  ,0,0,0,0,0,0,0,0,0,"24,000",0,0,0,"184,000","160,000","24,000","24,000"
"=""058576""",台積電群益4B購07,0,0,0,0,0,0,0,0,0,"24,000",0,0,0,"41,000","17,000","24,000","24,000"
"=""067206""",長榮凱基47購06  ,0,0,0,0,0,0,0,0,0,"24,000",0,0,0,"24,000",0,"24,000","24,000"
"=""052096""",智邦群益45購02  ,0,0,0,0,0,0,0,0,0,"24,000",0,0,0,"24,000",0,"24,000","24,000"
"=""060171""",京元電元大46購02,0,0,0,0,0,0,0,0,0,"24,000",0,0,0,"54,000","30,000","24,000","24,000"
"=""060172""",可成元大46購01  ,0,0,0,0,0,0,0,0,0,"24,000",0,0,0,"268,000","244,000","24,000","24,000"
"=""059642""",統一第一47購01  ,0,0,0,0,0,0,0,0,0,"24,000",0,0,0,"72,000","48,000","24,000","24,000"
2493,揚博            ,"55,000","35,000","20,000",0,0,0,0,0,0,"3,527","5,000","1,473","3,527",0,0,0,"23,527"
2340,台亞            ,"202,000","160,000","42,000",0,0,0,0,0,0,"-18,999","22,001","1,000","21,001","1,000","41,000","-40,000","23,001"
"=""050410""",華友聯國票44購01,0,0,0,0,0,0,0,0,0,"23,000",0,0,0,"27,000","4,000","23,000","23,000"
"=""050480""",華通元大48購03  ,0,0,0,0,0,0,0,0,0,"23,000",0,0,0,"23,000",0,"23,000","23,000"
"=""050549""",奇鋐凱基49購01  ,0,0,0,0,0,0,0,0,0,"23,000",0,0,0,"23,000",0,"23,000","23,000"
"=""063338""",T50正2凱基4B購01,0,0,0,0,0,0,0,0,0,"23,000",0,0,0,"23,000",0,"23,000","23,000"
"=""063340""",台塑凱基47購01  ,0,0,0,0,0,0,0,0,0,"23,000",0,0,0,"30,000","7,000","23,000","23,000"
"=""047786""",美時元大48購01  ,0,0,0,0,0,0,0,0,0,"23,000",0,0,0,"24,000","1,000","23,000","23,000"
"=""051894""",長榮航兆豐45購01,0,0,0,0,0,0,0,0,0,"23,000",0,0,0,"35,000","12,000","23,000","23,000"
"=""064168""",廣宇元富4C購01  ,0,0,0,0,0,0,0,0,0,"23,000",0,0,0,"23,000",0,"23,000","23,000"
"=""063948""",南電國票48購01  ,0,0,0,0,0,0,0,0,0,"23,000",0,0,0,"68,000","45,000","23,000","23,000"
4956,光鋐            ,"79,000","56,000","23,000",0,0,0,0,0,0,0,0,0,0,0,0,0,"23,000"
"=""052697""",欣興元富44購02  ,0,0,0,0,0,0,0,0,0,"23,000",0,0,0,"54,000","31,000","23,000","23,000"
"=""064845""",上緯控永豐48購01,0,0,0,0,0,0,0,0,0,"23,000",0,0,0,"24,000","1,000","23,000","23,000"
"=""058333""",新日興群益45購02,0,0,0,0,0,0,0,0,0,"23,000",0,0,0,"23,000",0,"23,000","23,000"
"=""058852""",台積電凱基53購01,0,0,0,0,0,0,0,0,0,"23,000",0,0,0,"44,000","21,000","23,000","23,000"
"=""060169""",正崴元大46購04  ,0,0,0,0,0,0,0,0,0,"23,000",0,0,0,"102,000","79,000","23,000","23,000"
"=""03347T""",欣興群益33售08  ,0,0,0,0,0,0,0,0,0,"23,000",0,0,0,"133,000","110,000","23,000","23,000"
"=""067516""",奇鋐元大49購06  ,0,0,0,0,0,0,0,0,0,"23,000",0,0,0,"23,000",0,"23,000","23,000"
"=""067441""",技嘉國票47購02  ,0,0,0,0,0,0,0,0,0,"23,000",0,0,0,"100,000","77,000","23,000","23,000"
"=""065560""",所羅門元富48購01,0,0,0,0,0,0,0,0,0,"23,000",0,0,0,"23,000",0,"23,000","23,000"
"=""065713""",智邦元大47購02  ,0,0,0,0,0,0,0,0,0,"23,000",0,0,0,"23,000",0,"23,000","23,000"
"=""045172""",台塑化國票56購01,0,0,0,0,0,0,0,0,0,"23,000",0,0,0,"40,000","17,000","23,000","23,000"
"=""066712""",長榮鋼群益47購01,0,0,0,0,0,0,0,0,0,"23,000",0,0,0,"31,000","8,000","23,000","23,000"
"=""066096""",鴻海凱基49購05  ,0,0,0,0,0,0,0,0,0,"23,000",0,0,0,"28,000","5,000","23,000","23,000"
"=""066037""",景碩群益47購02  ,0,0,0,0,0,0,0,0,0,"23,000",0,0,0,"150,000","127,000","23,000","23,000"
"=""065969""",一詮元大48購03  ,0,0,0,0,0,0,0,0,0,"23,000",0,0,0,"53,000","30,000","23,000","23,000"
"=""068412""",臺股指統一48購02,0,0,0,0,0,0,0,0,0,"23,000",0,0,0,"41,000","18,000","23,000","23,000"
"=""068900""",台積電元大48購31,0,0,0,0,0,0,0,0,0,"23,000",0,0,0,"43,000","20,000","23,000","23,000"
"=""061450""",合機元大46購01  ,0,0,0,0,0,0,0,0,0,"23,000",0,0,0,"86,000","63,000","23,000","23,000"
"=""061313""",聯發科富邦48購02,0,0,0,0,0,0,0,0,0,"23,000",0,0,0,"24,000","1,000","23,000","23,000"
"=""062126""",華城國票47購01  ,0,0,0,0,0,0,0,0,0,"23,000",0,0,0,"75,000","52,000","23,000","23,000"
"=""069078""",聯發科凱基4C購02,0,0,0,0,0,0,0,0,0,"23,000",0,0,0,"23,000",0,"23,000","23,000"
"=""056714""",材料元大45購03  ,0,0,0,0,0,0,0,0,0,"23,000",0,0,0,"30,000","7,000","23,000","23,000"
"=""056585""",世芯元大45購09  ,0,0,0,0,0,0,0,0,0,"22,000",0,0,0,"22,000",0,"22,000","22,000"
"=""056522""",矽格凱基46購01  ,0,0,0,0,0,0,0,0,0,"22,000",0,0,0,"22,000",0,"22,000","22,000"
"=""069055""",萬海凱基4A購04  ,0,0,0,0,0,0,0,0,0,"22,000",0,0,0,"22,000",0,"22,000","22,000"
"=""056912""",晶心科元大45購01,0,0,0,0,0,0,0,0,0,"22,000",0,0,0,"52,000","30,000","22,000","22,000"
"=""056999""",聯陽國票46購01  ,0,0,0,0,0,0,0,0,0,"22,000",0,0,0,"92,000","70,000","22,000","22,000"
"=""057052""",矽力凱基47購01  ,0,0,0,0,0,0,0,0,0,"22,000",0,0,0,"22,000",0,"22,000","22,000"
"=""069637""",創意凱基4A購03  ,0,0,0,0,0,0,0,0,0,"22,000",0,0,0,"85,000","63,000","22,000","22,000"
"=""060355""",長榮元大46購06  ,0,0,0,0,0,0,0,0,0,"22,000",0,0,0,"22,000",0,"22,000","22,000"
1472,三洋實業        ,"30,000","8,000","22,000",0,0,0,0,0,0,0,0,0,0,0,0,0,"22,000"
"=""047332""",日月光元大48購01,0,0,0,0,0,0,0,0,0,"22,000",0,0,0,"55,000","33,000","22,000","22,000"
"=""055127""",中興電國泰46購01,0,0,0,0,0,0,0,0,0,"22,000",0,0,0,"22,000",0,"22,000","22,000"
"=""062585""",長榮航元大46購18,0,0,0,0,0,0,0,0,0,"22,000",0,0,0,"27,000","5,000","22,000","22,000"
"=""057541""",技嘉元大48購02  ,0,0,0,0,0,0,0,0,0,"22,000",0,0,0,"28,000","6,000","22,000","22,000"
"=""037127""",牧德國泰54購02  ,0,0,0,0,0,0,0,0,0,"22,000",0,0,0,"22,000",0,"22,000","22,000"
"=""066137""",所羅門統一51購04,0,0,0,0,0,0,0,0,0,"22,000",0,0,0,"22,000",0,"22,000","22,000"
"=""066372""",臺股指元富4A購01,0,0,0,0,0,0,0,0,0,"22,000",0,0,0,"22,000",0,"22,000","22,000"
"=""042310""",世芯凱基54購17  ,0,0,0,0,0,0,0,0,0,"22,000",0,0,0,"46,000","24,000","22,000","22,000"
"=""065534""",群光富邦49購01  ,0,0,0,0,0,0,0,0,0,"22,000",0,0,0,"23,000","1,000","22,000","22,000"
"=""067442""",億光國票47購01  ,0,0,0,0,0,0,0,0,0,"22,000",0,0,0,"99,000","77,000","22,000","22,000"
"=""067212""",玉晶光凱基47購05,0,0,0,0,0,0,0,0,0,"22,000",0,0,0,"22,000",0,"22,000","22,000"
"=""058600""",世芯群益45購13  ,0,0,0,0,0,0,0,0,0,"22,000",0,0,0,"22,000",0,"22,000","22,000"
"=""060157""",台積電元大46購11,0,0,0,0,0,0,0,0,0,"22,000",0,0,0,"23,000","1,000","22,000","22,000"
"=""068321""",世芯元大48購06  ,0,0,0,0,0,0,0,0,0,"22,000",0,0,0,"24,000","2,000","22,000","22,000"
"=""064625""",緯創群益3C購01  ,0,0,0,0,0,0,0,0,0,"22,000",0,0,0,"22,000",0,"22,000","22,000"
"=""064415""",智邦凱基49購01  ,0,0,0,0,0,0,0,0,0,"22,000",0,0,0,"22,000",0,"22,000","22,000"
4560,強信-KY         ,"50,000","38,000","12,000",0,0,0,0,0,0,"10,000","10,000",0,"10,000",0,0,0,"22,000"
"=""063727""",聯茂中信48購01  ,0,0,0,0,0,0,0,0,0,"22,000",0,0,0,"22,000",0,"22,000","22,000"
"=""058988""",偉訓國票45購01  ,0,0,0,0,0,0,0,0,0,"22,000",0,0,0,"22,000",0,"22,000","22,000"
"=""064236""",上銀群益46購08  ,0,0,0,0,0,0,0,0,0,"22,000",0,0,0,"22,000",0,"22,000","22,000"
"=""059112""",台積電凱基49購03,0,0,0,0,0,0,0,0,0,"22,000",0,0,0,"22,000",0,"22,000","22,000"
"=""04449T""",創意國票36售03  ,0,0,0,0,0,0,0,0,0,"22,000",0,0,0,"140,000","118,000","22,000","22,000"
"=""051982""",技嘉凱基3A購03  ,0,0,0,0,0,0,0,0,0,"22,000",0,0,0,"32,000","10,000","22,000","22,000"
"=""063126""",佳能凱基47購02  ,0,0,0,0,0,0,0,0,0,"22,000",0,0,0,"344,000","322,000","22,000","22,000"
"=""063196""",創意群益49購03  ,0,0,0,0,0,0,0,0,0,"22,000",0,0,0,"22,000",0,"22,000","22,000"
"=""050016""",台積電國票45購01,0,0,0,0,0,0,0,0,0,"22,000",0,0,0,"100,000","78,000","22,000","22,000"
"=""050433""",材料國泰45購06  ,0,0,0,0,0,0,0,0,0,"22,000",0,0,0,"200,000","178,000","22,000","22,000"
"=""056317""",T50反1元富48購02,0,0,0,0,0,0,0,0,0,"22,000",0,0,0,"278,000","256,000","22,000","22,000"
"=""055755""",景碩國泰46購03  ,0,0,0,0,0,0,0,0,0,"22,000",0,0,0,"67,000","45,000","22,000","22,000"
1709,和益            ,"75,000","63,000","12,000",0,0,0,0,0,0,"10,000","10,000",0,"10,000",0,0,0,"22,000"
"=""00685L""",群益臺灣加權正2 ,0,0,0,0,0,0,0,0,0,"21,930",0,0,0,"52,000","30,070","21,930","21,930"
6224,聚鼎            ,"26,000","5,000","21,000",0,0,0,0,0,0,556,"1,000",444,556,0,0,0,"21,556"
6201,亞弘電          ,"46,000","25,000","21,000",0,0,0,0,0,0,0,"1,000","1,000",0,0,0,0,"21,000"
"=""063681""",和大富邦49購01  ,0,0,0,0,0,0,0,0,0,"21,000",0,0,0,"58,000","37,000","21,000","21,000"
"=""04455T""",晶豪科元大35售04,0,0,0,0,0,0,0,0,0,"21,000",0,0,0,"21,000",0,"21,000","21,000"
"=""053846""",富邦金元富44購01,0,0,0,0,0,0,0,0,0,"21,000",0,0,0,"21,000",0,"21,000","21,000"
"=""059118""",聯發科凱基48購02,0,0,0,0,0,0,0,0,0,"21,000",0,0,0,"22,000","1,000","21,000","21,000"
"=""058952""",臺股指群益45購23,0,0,0,0,0,0,0,0,0,"21,000",0,0,0,"23,000","2,000","21,000","21,000"
"=""063824""",泰金寶凱基46購03,0,0,0,0,0,0,0,0,0,"21,000",0,0,0,"21,000",0,"21,000","21,000"
"=""056047""",元債2X富邦4A購02,0,0,0,0,0,0,0,0,0,"21,000",0,0,0,"21,000",0,"21,000","21,000"
"=""050510""",帝寶永豐44購01  ,0,0,0,0,0,0,0,0,0,"21,000",0,0,0,"21,000",0,"21,000","21,000"
"=""050515""",中信金國泰45購02,0,0,0,0,0,0,0,0,0,"21,000",0,0,0,"21,000",0,"21,000","21,000"
"=""048746""",香港2X中信42購02,0,0,0,0,0,0,0,0,0,"21,000",0,0,0,"21,000",0,"21,000","21,000"
"=""047772""",力智元富48購01  ,0,0,0,0,0,0,0,0,0,"21,000",0,0,0,"51,000","30,000","21,000","21,000"
"=""048514""",皇昌統一52購01  ,0,0,0,0,0,0,0,0,0,"21,000",0,0,0,"40,000","19,000","21,000","21,000"
"=""064435""",台積電凱基43購01,0,0,0,0,0,0,0,0,0,"21,000",0,0,0,"100,000","79,000","21,000","21,000"
"=""04097T""",緯創中信37售04  ,0,0,0,0,0,0,0,0,0,"21,000",0,0,0,"21,000",0,"21,000","21,000"
"=""040309""",寶成元大54購03  ,0,0,0,0,0,0,0,0,0,"21,000",0,0,0,"30,000","9,000","21,000","21,000"
"=""044289""",祥碩國票55購01  ,0,0,0,0,0,0,0,0,0,"21,000",0,0,0,"21,000",0,"21,000","21,000"
"=""064707""",國巨群益46購09  ,0,0,0,0,0,0,0,0,0,"21,000",0,0,0,"21,000",0,"21,000","21,000"
"=""064979""",智原富邦4B購01  ,0,0,0,0,0,0,0,0,0,"21,000",0,0,0,"40,000","19,000","21,000","21,000"
"=""065787""",奇鋐統一3B購01  ,0,0,0,0,0,0,0,0,0,"21,000",0,0,0,"21,000",0,"21,000","21,000"
"=""065779""",台積電富邦49購03,0,0,0,0,0,0,0,0,0,"21,000",0,0,0,"23,000","2,000","21,000","21,000"
"=""03028T""",台灣50凱基32售07,0,0,0,0,0,0,0,0,0,"21,000",0,0,0,"37,000","16,000","21,000","21,000"
"=""065209""",精成科富邦49購01,0,0,0,0,0,0,0,0,0,"21,000",0,0,0,"42,000","21,000","21,000","21,000"
"=""035862""",川湖群益55購02  ,0,0,0,0,0,0,0,0,0,"21,000",0,0,0,"27,000","6,000","21,000","21,000"
"=""03470T""",華通國票34售04  ,0,0,0,0,0,0,0,0,0,"21,000",0,0,0,"21,000",0,"21,000","21,000"
"=""045101""",寶成凱基55購01  ,0,0,0,0,0,0,0,0,0,"21,000",0,0,0,"21,000",0,"21,000","21,000"
"=""044861""",宏達電凱基57購04,0,0,0,0,0,0,0,0,0,"21,000",0,0,0,"22,000","1,000","21,000","21,000"
"=""058842""",SGBR2X凱基45購04,0,0,0,0,0,0,0,0,0,"21,000",0,0,0,"21,000",0,"21,000","21,000"
"=""060020""",堤維西第一46購01,0,0,0,0,0,0,0,0,0,"21,000",0,0,0,"21,000",0,"21,000","21,000"
"=""062483""",世紀鋼群益46購03,0,0,0,0,0,0,0,0,0,"21,000",0,0,0,"21,000",0,"21,000","21,000"
"=""062293""",華航群益46購02  ,0,0,0,0,0,0,0,0,0,"21,000",0,0,0,"21,000",0,"21,000","21,000"
"=""062265""",波力凱基46購02  ,0,0,0,0,0,0,0,0,0,"21,000",0,0,0,"26,000","5,000","21,000","21,000"
"=""046243""",金像電國票43購02,0,0,0,0,0,0,0,0,0,"21,000",0,0,0,"27,000","6,000","21,000","21,000"
"=""046236""",華友聯國票43購01,0,0,0,0,0,0,0,0,0,"21,000",0,0,0,"21,000",0,"21,000","21,000"
"=""062881""",台積電元富4C購01,0,0,0,0,0,0,0,0,0,"21,000",0,0,0,"21,000",0,"21,000","21,000"
"=""062786""",臺股指群益49購11,0,0,0,0,0,0,0,0,0,"21,000",0,0,0,"56,000","35,000","21,000","21,000"
"=""055329""",來億元大44購04  ,0,0,0,0,0,0,0,0,0,"21,000",0,0,0,"21,000",0,"21,000","21,000"
"=""055468""",帝寶群益44購01  ,0,0,0,0,0,0,0,0,0,"21,000",0,0,0,"21,000",0,"21,000","21,000"
"=""060349""",漢唐元大46購02  ,0,0,0,0,0,0,0,0,0,"21,000",0,0,0,"115,000","94,000","21,000","21,000"
"=""060316""",緯創群益46購02  ,0,0,0,0,0,0,0,0,0,"21,000",0,0,0,"21,000",0,"21,000","21,000"
"=""068545""",台積電兆豐4A購01,0,0,0,0,0,0,0,0,0,"21,000",0,0,0,"21,000",0,"21,000","21,000"
"=""061413""",材料群益46購10  ,0,0,0,0,0,0,0,0,0,"21,000",0,0,0,"21,000",0,"21,000","21,000"
"=""068890""",精銳元富48購02  ,0,0,0,0,0,0,0,0,0,"21,000",0,0,0,"21,000",0,"21,000","21,000"
"=""068692""",鴻海凱基48購06  ,0,0,0,0,0,0,0,0,0,"21,000",0,0,0,"21,000",0,"21,000","21,000"
"=""069405""",群創統一52購02  ,0,0,0,0,0,0,0,0,0,"21,000",0,0,0,"55,000","34,000","21,000","21,000"
"=""069226""",台積電元富48購14,0,0,0,0,0,0,0,0,0,"21,000",0,0,0,"21,000",0,"21,000","21,000"
"=""056621""",世紀鋼第一4B購01,0,0,0,0,0,0,0,0,0,"21,000",0,0,0,"21,000",0,"21,000","21,000"
5203,訊連            ,"42,000","21,000","21,000",0,0,0,0,0,0,-113,0,98,-98,0,15,-15,"20,887"
8464,億豐            ,"191,503","169,671","21,832",0,0,0,"6,000",0,"6,000","-7,523",1,"8,000","-7,999",476,0,476,"20,309"
"=""051507""",元晶國票44購01  ,0,0,0,0,0,0,0,0,0,"20,000",0,0,0,"20,000",0,"20,000","20,000"
"=""051477""",京鼎元大48購02  ,0,0,0,0,0,0,0,0,0,"20,000",0,0,0,"20,000",0,"20,000","20,000"
"=""063680""",元債2X富邦47購01,0,0,0,0,0,0,0,0,0,"20,000",0,0,0,"20,000",0,"20,000","20,000"
"=""063696""",盟立永豐47購02  ,0,0,0,0,0,0,0,0,0,"20,000",0,0,0,"20,000",0,"20,000","20,000"
"=""063737""",鴻準國票48購03  ,0,0,0,0,0,0,0,0,0,"20,000",0,0,0,"20,000",0,"20,000","20,000"
"=""051632""",建漢元富47購02  ,0,0,0,0,0,0,0,0,0,"20,000",0,0,0,"20,000",0,"20,000","20,000"
4994,傳奇            ,"26,000","5,000","21,000",0,0,0,0,0,0,"-1,000",0,"1,000","-1,000",0,0,0,"20,000"
3686,達能            ,"24,000","6,000","18,000",0,0,0,0,0,0,"2,000","3,000","1,000","2,000",0,0,0,"20,000"
"=""052413""",皇昌元大43購12  ,0,0,0,0,0,0,0,0,0,"20,000",0,0,0,"20,000",0,"20,000","20,000"
"=""052553""",滬深2X凱基44購04,0,0,0,0,0,0,0,0,0,"20,000",0,0,0,"20,000",0,"20,000","20,000"
"=""052931""",信邦凱基44購01  ,0,0,0,0,0,0,0,0,0,"20,000",0,0,0,"20,000",0,"20,000","20,000"
"=""053173""",中502X國票45購06,0,0,0,0,0,0,0,0,0,"20,000",0,0,0,"20,000",0,"20,000","20,000"
"=""053248""",陽明元大44購08  ,0,0,0,0,0,0,0,0,0,"20,000",0,0,0,"20,000",0,"20,000","20,000"
"=""056422""",威盛群益45購03  ,0,0,0,0,0,0,0,0,0,"20,000",0,0,0,"20,000",0,"20,000","20,000"
"=""052286""",堤維西國票43購01,0,0,0,0,0,0,0,0,0,"20,000",0,0,0,"73,000","53,000","20,000","20,000"
"=""051420""",裕隆兆豐43購01  ,0,0,0,0,0,0,0,0,0,"20,000",0,0,0,"20,000",0,"20,000","20,000"
"=""051264""",鴻海中信43購04  ,0,0,0,0,0,0,0,0,0,"20,000",0,0,0,"20,000",0,"20,000","20,000"
"=""058962""",華泰元富45購02  ,0,0,0,0,0,0,0,0,0,"20,000",0,0,0,"20,000",0,"20,000","20,000"
"=""063901""",愛普元大46購01  ,0,0,0,0,0,0,0,0,0,"20,000",0,0,0,"20,000",0,"20,000","20,000"
"=""059017""",金寶台新45購01  ,0,0,0,0,0,0,0,0,0,"20,000",0,0,0,"33,000","13,000","20,000","20,000"
"=""064000""",士電第一47購01  ,0,0,0,0,0,0,0,0,0,"20,000",0,0,0,"20,000",0,"20,000","20,000"
"=""059123""",國泰金凱基45購02,0,0,0,0,0,0,0,0,0,"20,000",0,0,0,"20,000",0,"20,000","20,000"
"=""059154""",碩天群益45購02  ,0,0,0,0,0,0,0,0,0,"20,000",0,0,0,"46,000","26,000","20,000","20,000"
"=""059159""",台泥元大45購01  ,0,0,0,0,0,0,0,0,0,"20,000",0,0,0,"20,000",0,"20,000","20,000"
"=""059264""",臺股指凱基49購12,0,0,0,0,0,0,0,0,0,"20,000",0,0,0,"25,000","5,000","20,000","20,000"
"=""054022""",崇越元富44購01  ,0,0,0,0,0,0,0,0,0,"20,000",0,0,0,"20,000",0,"20,000","20,000"
"=""054095""",聯發科富邦46購01,0,0,0,0,0,0,0,0,0,"20,000",0,0,0,"20,000",0,"20,000","20,000"
"=""054221""",京元電凱基44購03,0,0,0,0,0,0,0,0,0,"20,000",0,0,0,"40,000","20,000","20,000","20,000"
"=""04381T""",漢翔群益35售06  ,0,0,0,0,0,0,0,0,0,"20,000",0,0,0,"20,000",0,"20,000","20,000"
"=""043793""",偉訓國票55購02  ,0,0,0,0,0,0,0,0,0,"20,000",0,0,0,"20,000",0,"20,000","20,000"
"=""043799""",樺漢國票56購01  ,0,0,0,0,0,0,0,0,0,"20,000",0,0,0,"20,000",0,"20,000","20,000"
"=""043800""",惠特國票56購02  ,0,0,0,0,0,0,0,0,0,"20,000",0,0,0,"20,000",0,"20,000","20,000"
"=""044563""",昇陽半統一4B購01,0,0,0,0,0,0,0,0,0,"20,000",0,0,0,"20,000",0,"20,000","20,000"
"=""051862""",定穎控元大43購05,0,0,0,0,0,0,0,0,0,"20,000",0,0,0,"20,000",0,"20,000","20,000"
"=""053780""",群臺2X凱基45購01,0,0,0,0,0,0,0,0,0,"20,000",0,0,0,"40,000","20,000","20,000","20,000"
"=""053787""",皇昌凱基49購01  ,0,0,0,0,0,0,0,0,0,"20,000",0,0,0,"20,000",0,"20,000","20,000"
"=""053760""",大銀永豐44購01  ,0,0,0,0,0,0,0,0,0,"20,000",0,0,0,"20,000",0,"20,000","20,000"
"=""04827T""",台積電第一38售02,0,0,0,0,0,0,0,0,0,"20,000",0,0,0,"20,000",0,"20,000","20,000"
"=""048345""",世芯群益42購15  ,0,0,0,0,0,0,0,0,0,"20,000",0,0,0,"20,000",0,"20,000","20,000"
"=""04838T""",華通元富36售03  ,0,0,0,0,0,0,0,0,0,"20,000",0,0,0,"20,000",0,"20,000","20,000"
"=""048392""",國巨國票43購04  ,0,0,0,0,0,0,0,0,0,"20,000",0,0,0,"20,000",0,"20,000","20,000"
"=""048349""",川湖第一48購01  ,0,0,0,0,0,0,0,0,0,"20,000",0,0,0,"20,000",0,"20,000","20,000"
"=""047720""",世芯元大45購03  ,0,0,0,0,0,0,0,0,0,"20,000",0,0,0,"20,000",0,"20,000","20,000"
"=""047724""",世芯第一42購02  ,0,0,0,0,0,0,0,0,0,"20,000",0,0,0,"20,000",0,"20,000","20,000"
"=""047709""",智原元大43購16  ,0,0,0,0,0,0,0,0,0,"20,000",0,0,0,"20,000",0,"20,000","20,000"
"=""048108""",潤隆國票43購01  ,0,0,0,0,0,0,0,0,0,"20,000",0,0,0,"20,000",0,"20,000","20,000"
"=""063031""",臺股指群益46購19,0,0,0,0,0,0,0,0,0,"20,000",0,0,0,"83,000","63,000","20,000","20,000"
"=""048956""",時碩群益43購03  ,0,0,0,0,0,0,0,0,0,"20,000",0,0,0,"20,000",0,"20,000","20,000"
"=""049337""",世紀鋼群益43購07,0,0,0,0,0,0,0,0,0,"20,000",0,0,0,"20,000",0,"20,000","20,000"
"=""04920T""",香港2X國票39售03,0,0,0,0,0,0,0,0,0,"20,000",0,0,0,"23,000","3,000","20,000","20,000"
"=""050055""",上緯控元大47購01,"20,000",0,"20,000",0,0,0,0,0,0,0,0,0,0,0,0,0,"20,000"
"=""050213""",中信金群益43購01,0,0,0,0,0,0,0,0,0,"20,000",0,0,0,"118,000","98,000","20,000","20,000"
"=""049461""",台積電永豐46購11,0,0,0,0,0,0,0,0,0,"20,000",0,0,0,"20,000",0,"20,000","20,000"
"=""049901""",滬深2X富邦43購03,0,0,0,0,0,0,0,0,0,"20,000",0,0,0,"20,000",0,"20,000","20,000"
"=""063292""",南亞科中信46購02,0,0,0,0,0,0,0,0,0,"20,000",0,0,0,"123,000","103,000","20,000","20,000"
"=""049811""",臺股指元大45購12,0,0,0,0,0,0,0,0,0,"20,000",0,0,0,"20,000",0,"20,000","20,000"
"=""049743""",鴻海國泰45購04  ,0,0,0,0,0,0,0,0,0,"20,000",0,0,0,"20,000",0,"20,000","20,000"
"=""050424""",東哥國票43購03  ,0,0,0,0,0,0,0,0,0,"20,000",0,0,0,"20,000",0,"20,000","20,000"
"=""050645""",SGBR2X中信43購02,0,0,0,0,0,0,0,0,0,"20,000",0,0,0,"20,000",0,"20,000","20,000"
"=""051028""",金像電凱基44購04,0,0,0,0,0,0,0,0,0,"20,000",0,0,0,"41,000","21,000","20,000","20,000"
"=""056354""",景碩凱基46購06  ,0,0,0,0,0,0,0,0,0,"20,000",0,0,0,"29,000","9,000","20,000","20,000"
"=""056374""",台積電元大47購05,0,0,0,0,0,0,0,0,0,"20,000",0,0,0,"20,000",0,"20,000","20,000"
"=""056094""",威盛元大44購23  ,0,0,0,0,0,0,0,0,0,"20,000",0,0,0,"20,000",0,"20,000","20,000"
"=""056128""",鴻海國泰46購11  ,0,0,0,0,0,0,0,0,0,"20,000",0,0,0,"20,000",0,"20,000","20,000"
2415,錩新            ,"27,000","7,000","20,000",0,0,0,0,0,0,0,0,0,0,0,0,0,"20,000"
"=""053376""",群創國泰46購02  ,0,0,0,0,0,0,0,0,0,"20,000",0,0,0,"30,000","10,000","20,000","20,000"
"=""055673""",零壹群益45購02  ,0,0,0,0,0,0,0,0,0,"20,000",0,0,0,"20,000",0,"20,000","20,000"
1773,勝一            ,"24,000","7,000","17,000",0,0,0,0,0,0,"3,000","3,000",0,"3,000",0,0,0,"20,000"
"=""064912""",威盛凱基47購04  ,0,0,0,0,0,0,0,0,0,"20,000",0,0,0,"20,000",0,"20,000","20,000"
"=""064861""",滬深2X群益47購04,0,0,0,0,0,0,0,0,0,"20,000",0,0,0,"20,000",0,"20,000","20,000"
"=""064645""",緯創元富44購01  ,0,0,0,0,0,0,0,0,0,"20,000",0,0,0,"20,000",0,"20,000","20,000"
"=""064497""",一詮群益46購10  ,0,0,0,0,0,0,0,0,0,"20,000",0,0,0,"20,000",0,"20,000","20,000"
"=""064527""",瑞昱永豐49購01  ,0,0,0,0,0,0,0,0,0,"20,000",0,0,0,"28,000","8,000","20,000","20,000"
"=""044369""",南電元大55購08  ,0,0,0,0,0,0,0,0,0,"20,000",0,0,0,"20,000",0,"20,000","20,000"
"=""043873""",奇鋐凱基55購08  ,0,0,0,0,0,0,0,0,0,"20,000",0,0,0,"31,000","11,000","20,000","20,000"
"=""056544""",台灣50元大45購09,0,0,0,0,0,0,0,0,0,"20,000",0,0,0,"20,000",0,"20,000","20,000"
"=""069115""",矽力元大48購04  ,0,0,0,0,0,0,0,0,0,"20,000",0,0,0,"26,000","6,000","20,000","20,000"
"=""061659""",SGBR2X群益46購03,0,0,0,0,0,0,0,0,0,"20,000",0,0,0,"20,000",0,"20,000","20,000"
"=""069125""",華通群益48購02  ,0,0,0,0,0,0,0,0,0,"20,000",0,0,0,"20,000",0,"20,000","20,000"
"=""056905""",世芯元大45購13  ,0,0,0,0,0,0,0,0,0,"20,000",0,0,0,"20,000",0,"20,000","20,000"
"=""057302""",京元電元大45購08,0,0,0,0,0,0,0,0,0,"20,000",0,0,0,"20,000",0,"20,000","20,000"
"=""057316""",臻鼎元大45購03  ,0,0,0,0,0,0,0,0,0,"20,000",0,0,0,"20,000",0,"20,000","20,000"
"=""061885""",瑞昱元大46購02  ,0,0,0,0,0,0,0,0,0,"20,000",0,0,0,"20,000",0,"20,000","20,000"
"=""061893""",陽明元大46購16  ,0,0,0,"20,000",0,"20,000",0,0,0,"20,000",0,0,0,"20,000",0,"20,000","20,000"
"=""061909""",精誠元大46購02  ,0,0,0,0,0,0,0,0,0,"20,000",0,0,0,"20,000",0,"20,000","20,000"
"=""061924""",新唐富邦48購02  ,0,0,0,0,0,0,0,0,0,"20,000",0,0,0,"20,000",0,"20,000","20,000"
"=""061822""",訊芯凱基47購01  ,0,0,0,0,0,0,0,0,0,"20,000",0,0,0,"20,000",0,"20,000","20,000"
"=""062066""",波力群益46購01  ,0,0,0,0,0,0,0,0,0,"20,000",0,0,0,"20,000",0,"20,000","20,000"
"=""062076""",仁寶元大49購01  ,0,0,0,0,0,0,0,0,0,"20,000",0,0,0,"20,000",0,"20,000","20,000"
"=""068704""",台灣50富邦3C購01,0,0,0,0,0,0,0,0,0,"20,000",0,0,0,"20,000",0,"20,000","20,000"
"=""060885""",昆盈中信47購01  ,0,0,0,0,0,0,0,0,0,"20,000",0,0,0,"25,000","5,000","20,000","20,000"
"=""060958""",可成台新46購01  ,0,0,0,0,0,0,0,0,0,"20,000",0,0,0,"20,000",0,"20,000","20,000"
"=""060964""",台積電元富5C購02,0,0,0,0,0,0,0,0,0,"20,000",0,0,0,"100,000","80,000","20,000","20,000"
"=""060956""",美時台新46購01  ,0,0,0,0,0,0,0,0,0,"20,000",0,0,0,"20,000",0,"20,000","20,000"
"=""061254""",仁寶凱基47購01  ,0,0,0,0,0,0,0,0,0,"20,000",0,0,0,"70,000","50,000","20,000","20,000"
"=""061233""",貿聯元大46購06  ,0,0,0,0,0,0,0,0,0,"20,000",0,0,0,"20,000",0,"20,000","20,000"
"=""061236""",晶碩元大4C購01  ,0,0,0,0,0,0,0,0,0,"20,000",0,0,0,"280,000","260,000","20,000","20,000"
"=""061088""",立隆電永豐46購01,0,0,0,0,0,0,0,0,0,"20,000",0,0,0,"42,000","22,000","20,000","20,000"
"=""061064""",汎德群益3A購01  ,0,0,0,0,0,0,0,0,0,"20,000",0,0,0,"20,000",0,"20,000","20,000"
"=""068355""",鈺齊永豐48購01  ,0,0,0,0,0,0,0,0,0,"20,000",0,0,0,"20,000",0,"20,000","20,000"
"=""060819""",臺股指元富46購11,0,0,0,0,0,0,0,0,0,"20,000",0,0,0,"20,000",0,"20,000","20,000"
"=""060774""",牧德元大46購02  ,0,0,0,0,0,0,0,0,0,"20,000",0,0,0,"20,000",0,"20,000","20,000"
"=""060520""",京元電凱基47購03,0,0,0,0,0,0,0,0,0,"20,000",0,0,0,"20,000",0,"20,000","20,000"
"=""055463""",材料群益49購01  ,0,0,0,0,0,0,0,0,0,"20,000",0,0,0,"20,000",0,"20,000","20,000"
"=""055411""",緯穎中信44購02  ,0,0,0,"20,000",0,"20,000",0,0,0,"20,000",0,0,0,"20,000",0,"20,000","20,000"
"=""054356""",臺股指群益4C購01,0,0,0,0,0,0,0,0,0,"20,000",0,0,0,"30,000","10,000","20,000","20,000"
"=""08925U""",材料台新34售01  ,0,0,0,0,0,0,0,0,0,"20,000",0,0,0,"20,000",0,"20,000","20,000"
"=""055328""",訊芯元大44購09  ,0,0,0,0,0,0,0,0,0,"20,000",0,0,0,"20,000",0,"20,000","20,000"
"=""055266""",一詮群益45購03  ,0,0,0,0,0,0,0,0,0,"20,000",0,0,0,"20,000",0,"20,000","20,000"
"=""08431U""",大亞統一34售04  ,0,0,0,0,0,0,0,0,0,"20,000",0,0,0,"30,000","10,000","20,000","20,000"
"=""047649""",中興電群益43購06,0,0,0,0,0,0,0,0,0,"20,000",0,0,0,"20,000",0,"20,000","20,000"
"=""04757T""",電子類凱基35售06,0,0,0,0,0,0,0,0,0,"20,000",0,0,0,"20,000",0,"20,000","20,000"
"=""054621""",毅嘉國票46購02  ,0,0,0,0,0,0,0,0,0,"20,000",0,0,0,"20,000",0,"20,000","20,000"
"=""054427""",世芯元富44購08  ,0,0,0,0,0,0,0,0,0,"20,000",0,0,0,"20,000",0,"20,000","20,000"
"=""04712T""",台灣50凱基35售15,0,0,0,0,0,0,0,0,0,"20,000",0,0,0,"27,000","7,000","20,000","20,000"
"=""047309""",中華元大43購03  ,0,0,0,0,0,0,0,0,0,"20,000",0,0,0,"20,000",0,"20,000","20,000"
"=""04726T""",創意永豐35售03  ,0,0,0,0,0,0,0,0,0,"20,000",0,0,0,"20,000",0,"20,000","20,000"
"=""08120U""",技嘉群益32售03  ,0,0,0,0,0,0,0,0,0,"20,000",0,0,0,"40,000","20,000","20,000","20,000"
"=""046174""",材料統一47購01  ,0,0,0,0,0,0,0,0,0,"20,000",0,0,0,"20,000",0,"20,000","20,000"
"=""046134""",台達電永豐43購01,0,0,0,0,0,0,0,0,0,"20,000",0,0,0,"20,000",0,"20,000","20,000"
"=""046441""",大同統一48購04  ,0,0,0,0,0,0,0,0,0,"20,000",0,0,0,"33,000","13,000","20,000","20,000"
"=""062569""",台積電元大46購20,0,0,0,0,0,0,0,0,0,"20,000",0,0,0,"25,000","5,000","20,000","20,000"
"=""046586""",大立光凱基43購09,0,0,0,0,0,0,0,0,0,"20,000",0,0,0,"20,000",0,"20,000","20,000"
"=""062656""",大立光凱基46購04,0,0,0,0,0,0,0,0,0,"20,000",0,0,0,"20,000",0,"20,000","20,000"
"=""062692""",京元電永豐47購01,0,0,0,0,0,0,0,0,0,"20,000",0,0,0,"30,000","10,000","20,000","20,000"
"=""057552""",貿聯元大45購05  ,0,0,0,0,0,0,0,0,0,"20,000",0,0,0,"30,000","10,000","20,000","20,000"
"=""07653U""",技嘉凱基32售04  ,0,0,0,0,0,0,0,0,0,"20,000",0,0,0,"20,000",0,"20,000","20,000"
"=""055808""",聯電群益44購03  ,0,0,0,0,0,0,0,0,0,"20,000",0,0,0,"20,000",0,"20,000","20,000"
"=""07426U""",元金2X中信33售01,0,0,0,0,0,0,0,0,0,"20,000",0,0,0,"20,000",0,"20,000","20,000"
"=""04591T""",台灣50元富35售09,0,0,0,0,0,0,0,0,0,"20,000",0,0,0,"20,000",0,"20,000","20,000"
"=""060060""",日電貿凱基46購01,0,0,0,0,0,0,0,0,0,"20,000",0,0,0,"20,000",0,"20,000","20,000"
"=""058344""",臺股指群益46購05,0,0,0,0,0,0,0,0,0,"20,000",0,0,0,"30,000","10,000","20,000","20,000"
"=""059951""",富鼎國票46購04  ,0,0,0,0,0,0,0,0,0,"20,000",0,0,0,"20,000",0,"20,000","20,000"
"=""058784""",長榮航元大45購06,0,0,0,0,0,0,0,0,0,"20,000",0,0,0,"20,000",0,"20,000","20,000"
"=""059726""",永崴控群益47購01,0,0,0,0,0,0,0,0,0,"20,000",0,0,0,"20,000",0,"20,000","20,000"
"=""058808""",華航中信46購01  ,0,0,0,0,0,0,0,0,0,"20,000",0,0,0,"20,000",0,"20,000","20,000"
"=""068137""",飛宏富邦4A購01  ,0,0,0,0,0,0,0,0,0,"20,000",0,0,0,"90,000","70,000","20,000","20,000"
"=""068127""",臺股指元富47購13,0,0,0,0,0,0,0,0,0,"20,000",0,0,0,"44,000","24,000","20,000","20,000"
"=""060137""",大立光群益48購01,0,0,0,0,0,0,0,0,0,"20,000",0,0,0,"20,000",0,"20,000","20,000"
"=""060142""",日月光群益46購02,0,0,0,0,0,0,0,0,0,"20,000",0,0,0,"50,000","30,000","20,000","20,000"
"=""067882""",群創群益47購03  ,0,0,0,0,0,0,0,0,0,"20,000",0,0,0,"20,000",0,"20,000","20,000"
"=""067722""",欣興元大47購02  ,0,0,0,0,0,0,0,0,0,"20,000",0,0,0,"20,000",0,"20,000","20,000"
"=""067826""",辛耘永豐49購01  ,0,0,0,0,0,0,0,0,0,"20,000",0,0,0,"109,000","89,000","20,000","20,000"
"=""059568""",陽明元大47購06  ,0,0,0,0,0,0,0,0,0,"20,000",0,0,0,"160,000","140,000","20,000","20,000"
"=""058499""",仁寶凱基45購02  ,0,0,0,0,0,0,0,0,0,"20,000",0,0,0,"20,000",0,"20,000","20,000"
"=""058472""",英業達國票46購05,0,0,0,0,0,0,0,0,0,"20,000",0,0,0,"72,000","52,000","20,000","20,000"
"=""067261""",全漢國票47購02  ,0,0,0,0,0,0,0,0,0,"20,000",0,0,0,"20,000",0,"20,000","20,000"
"=""067249""",香港2X國票47購03,0,0,0,0,0,0,0,0,0,"20,000",0,0,0,"20,000",0,"20,000","20,000"
"=""067472""",中租凱基47購02  ,0,0,0,0,0,0,0,0,0,"20,000",0,0,0,"20,000",0,"20,000","20,000"
"=""067489""",臺股指凱基4A購13,0,0,0,0,0,0,0,0,0,"20,000",0,0,0,"20,000",0,"20,000","20,000"
"=""067572""",友達富邦49購01  ,0,0,0,0,0,0,0,0,0,"20,000",0,0,0,"20,000",0,"20,000","20,000"
"=""053473""",訊芯凱基4A購01  ,0,0,0,0,0,0,0,0,0,"20,000",0,0,0,"20,000",0,"20,000","20,000"
"=""03389T""",華通中信33售03  ,0,0,0,0,0,0,0,0,0,"20,000",0,0,0,"20,000",0,"20,000","20,000"
"=""03401T""",祥碩群益33售02  ,0,0,0,0,0,0,0,0,0,"20,000",0,0,0,"20,000",0,"20,000","20,000"
"=""067088""",南亞科兆豐51購01,0,0,0,0,0,0,0,0,0,"20,000",0,0,0,"20,000",0,"20,000","20,000"
"=""041812""",佳能群益54購03  ,0,0,0,0,0,0,0,0,0,"20,000",0,0,0,"20,000",0,"20,000","20,000"
"=""055975""",鈞興國票46購02  ,0,0,0,0,0,0,0,0,0,"20,000",0,0,0,"20,000",0,"20,000","20,000"
"=""055918""",元債2X元大48購02,0,0,0,0,0,0,0,0,0,"20,000",0,0,0,"20,000",0,"20,000","20,000"
"=""03142T""",金像電凱基34售02,0,0,0,0,0,0,0,0,0,"20,000",0,0,0,"20,000",0,"20,000","20,000"
"=""04510T""",金融類國票35售03,0,0,0,0,0,0,0,0,0,"20,000",0,0,0,"20,000",0,"20,000","20,000"
"=""044925""",致茂元大55購06  ,0,0,0,0,0,0,0,0,0,"20,000",0,0,0,"20,000",0,"20,000","20,000"
"=""03473T""",神基國票34售04  ,0,0,0,0,0,0,0,0,0,"20,000",0,0,0,"20,000",0,"20,000","20,000"
"=""045179""",智原國泰56購02  ,0,0,0,0,0,0,0,0,0,"20,000",0,0,0,"518,000","498,000","20,000","20,000"
"=""03559T""",世紀鋼群益33售08,0,0,0,0,0,0,0,0,0,"20,000",0,0,0,"30,000","10,000","20,000","20,000"
"=""045348""",可成凱基55購03  ,0,0,0,0,0,0,0,0,0,"20,000",0,0,0,"20,000",0,"20,000","20,000"
"=""045543""",長榮群益55購07  ,0,0,0,0,0,0,0,0,0,"20,000",0,0,0,"20,000",0,"20,000","20,000"
"=""045539""",致茂群益55購01  ,0,0,0,0,0,0,0,0,0,"20,000",0,0,0,"20,000",0,"20,000","20,000"
"=""038598""",SP黃豆凱基55購02,0,0,0,0,0,0,0,0,0,"20,000",0,0,0,"20,000",0,"20,000","20,000"
"=""036443""",昇陽半群益57購01,0,0,0,0,0,0,0,0,0,"20,000",0,0,0,"30,000","10,000","20,000","20,000"
"=""03620B""",臺股指元大36熊09,0,0,0,0,0,0,0,0,0,"20,000",0,0,0,"50,000","30,000","20,000","20,000"
"=""03860T""",聯發科統一37售03,0,0,0,0,0,0,0,0,0,"20,000",0,0,0,"20,000",0,"20,000","20,000"
"=""03608B""",臺股指元大31熊66,0,0,0,0,0,0,0,0,0,"20,000",0,0,0,"70,000","50,000","20,000","20,000"
"=""065140""",威盛群益47購06  ,0,0,0,0,0,0,0,0,0,"20,000",0,0,0,"20,000",0,"20,000","20,000"
"=""04306T""",台灣50台新36售01,0,0,0,0,0,0,0,0,0,"20,000",0,0,0,"50,000","30,000","20,000","20,000"
"=""042619""",康舒凱基57購01  ,0,0,0,0,0,0,0,0,0,"20,000",0,0,0,"20,000",0,"20,000","20,000"
"=""065728""",圓剛元大47購01  ,0,0,0,0,0,0,0,0,0,"20,000",0,0,0,"20,000",0,"20,000","20,000"
"=""065371""",建漢群益47購02  ,0,0,0,0,0,0,0,0,0,"20,000",0,0,0,"20,000",0,"20,000","20,000"
"=""038948""",緯穎凱基55購04  ,0,0,0,0,0,0,0,0,0,"20,000",0,0,0,"20,000",0,"20,000","20,000"
"=""03040T""",技嘉國泰34售03  ,0,0,0,0,0,0,0,0,0,"20,000",0,0,0,"20,000",0,"20,000","20,000"
"=""066023""",微星群益47購01  ,0,0,0,0,0,0,0,0,0,"20,000",0,0,0,"50,000","30,000","20,000","20,000"
"=""04350T""",台積電台新35售04,0,0,0,0,0,0,0,0,0,"20,000",0,0,0,"20,000",0,"20,000","20,000"
"=""04124T""",創意群益34售19  ,0,0,0,0,0,0,0,0,0,"20,000",0,0,0,"20,000",0,"20,000","20,000"
"=""04161T""",緯創元大35售09  ,0,0,0,0,0,0,0,0,0,"20,000",0,0,0,"20,000",0,"20,000","20,000"
"=""041604""",至上群益54購02  ,0,0,0,0,0,0,0,0,0,"20,000",0,0,0,"20,000",0,"20,000","20,000"
"=""03798T""",台灣50群益34售05,0,0,0,0,0,0,0,0,0,"20,000",0,0,0,"20,000",0,"20,000","20,000"
"=""066248""",精成科國票47購01,0,0,0,0,0,0,0,0,0,"20,000",0,0,0,"20,000",0,"20,000","20,000"
"=""066126""",直得統一51購02  ,0,0,0,0,0,0,0,0,0,"20,000",0,0,0,"20,000",0,"20,000","20,000"
"=""066127""",直得統一53購01  ,0,0,0,0,0,0,0,0,0,"20,000",0,0,0,"20,000",0,"20,000","20,000"
"=""036930""",緯穎元富59購03  ,0,0,0,0,0,0,0,0,0,"20,000",0,0,0,"20,000",0,"20,000","20,000"
"=""036932""",T50反1永豐56購01,0,0,0,0,0,0,0,0,0,"20,000",0,0,0,"20,000",0,"20,000","20,000"
"=""03773T""",T50正2國票36售04,0,0,0,0,0,0,0,0,0,"20,000",0,0,0,"20,000",0,"20,000","20,000"
"=""066700""",碩天統一3B購01  ,0,0,0,0,0,0,0,0,0,"20,000",0,0,0,"20,000",0,"20,000","20,000"
"=""066449""",聚陽元大47購01  ,0,0,0,0,0,0,0,0,0,"20,000",0,0,0,"20,000",0,"20,000","20,000"
"=""066451""",台玻元大47購02  ,0,0,0,0,0,0,0,0,0,"20,000",0,0,0,"40,000","20,000","20,000","20,000"
6416,瑞祺電通        ,"36,000","16,000","20,000",0,0,0,0,0,0,-49,0,49,-49,0,0,0,"19,951"
1525,江申            ,"76,000","63,000","13,000",0,0,0,0,0,0,"6,312","8,000","1,000","7,000","3,001","3,689",-688,"19,312"
4119,旭富            ,"54,854","36,000","18,854",0,0,0,0,0,0,307,"3,000","2,693",307,0,0,0,"19,161"
3501,維熹            ,"20,000","3,000","17,000",0,0,0,0,0,0,"2,000","2,000",0,"2,000",0,0,0,"19,000"
"=""051607""",弘憶股國票44購01,0,0,0,0,0,0,0,0,0,"19,000",0,0,0,"20,000","1,000","19,000","19,000"
"=""051057""",富邦金元大46購02,0,0,0,0,0,0,0,0,0,"19,000",0,0,0,"77,000","58,000","19,000","19,000"
"=""052280""",上証2X國票46購01,0,0,0,0,0,0,0,0,0,"19,000",0,0,0,"19,000",0,"19,000","19,000"
"=""051931""",愛普群益44購03  ,0,0,0,0,0,0,0,0,0,"19,000",0,0,0,"33,000","14,000","19,000","19,000"
"=""04463T""",滬深2X永豐35售01,0,0,0,0,0,0,0,0,0,"19,000",0,0,0,"24,000","5,000","19,000","19,000"
"=""044567""",建準群益55購06  ,0,0,0,0,0,0,0,0,0,"19,000",0,0,0,"19,000",0,"19,000","19,000"
"=""044585""",鴻準凱基55購04  ,0,0,0,0,0,0,0,0,0,"19,000",0,0,0,"19,000",0,"19,000","19,000"
9136,巨騰-DR         ,"22,000","3,000","19,000",0,0,0,0,0,0,0,0,0,0,0,0,0,"19,000"
"=""054266""",台積電元大48購04,0,0,0,0,0,0,0,0,0,"19,000",0,0,0,"59,000","40,000","19,000","19,000"
"=""064034""",東科凱基48購01  ,0,0,0,0,0,0,0,0,0,"19,000",0,0,0,"20,000","1,000","19,000","19,000"
"=""063979""",群創兆豐48購01  ,0,0,0,0,0,0,0,0,0,"19,000",0,0,0,"22,000","3,000","19,000","19,000"
"=""063778""",精銳元富46購01  ,0,0,0,0,0,0,0,0,0,"19,000",0,0,0,"19,000",0,"19,000","19,000"
"=""056115""",矽力元大44購06  ,0,0,0,0,0,0,0,0,0,"19,000",0,0,0,"19,000",0,"19,000","19,000"
2891B,中信金乙特      ,0,0,0,0,0,0,0,0,0,"19,000","70,000","51,000","19,000",0,0,0,"19,000"
"=""056154""",威盛富邦44購02  ,0,0,0,0,0,0,0,0,0,"19,000",0,0,0,"28,000","9,000","19,000","19,000"
"=""056246""",佳能元大44購01  ,0,0,0,0,0,0,0,0,0,"19,000",0,0,0,"19,000",0,"19,000","19,000"
"=""056304""",台積電永豐47購07,0,0,0,0,0,0,0,0,0,"19,000",0,0,0,"19,000",0,"19,000","19,000"
"=""050376""",達發元大43購01  ,0,0,0,0,0,0,0,0,0,"19,000",0,0,0,"37,000","18,000","19,000","19,000"
"=""063237""",聯發科元大46購14,0,0,0,0,0,0,0,0,0,"19,000",0,0,0,"20,000","1,000","19,000","19,000"
"=""049722""",瑞祺元富44購02  ,0,0,0,0,0,0,0,0,0,"19,000",0,0,0,"19,000",0,"19,000","19,000"
"=""063444""",智邦元大46購10  ,0,0,0,0,0,0,0,0,0,"19,000",0,0,0,"69,000","50,000","19,000","19,000"
"=""049064""",瑞祺凱基43購01  ,0,0,0,0,0,0,0,0,0,"19,000",0,0,0,"19,000",0,"19,000","19,000"
"=""044199""",亞翔永豐55購03  ,0,0,0,0,0,0,0,0,0,"19,000",0,0,0,"122,000","103,000","19,000","19,000"
"=""064826""",愛普元大4B購02  ,0,0,0,0,0,0,0,0,0,"19,000",0,0,0,"19,000",0,"19,000","19,000"
"=""064982""",劍麟元富51購01  ,0,0,0,0,0,0,0,0,0,"19,000",0,0,0,"25,000","6,000","19,000","19,000"
"=""03756T""",文曄凱基36售02  ,0,0,0,0,0,0,0,0,0,"19,000",0,0,0,"19,000",0,"19,000","19,000"
"=""066188""",技嘉永豐4A購01  ,0,0,0,0,0,0,0,0,0,"19,000",0,0,0,"59,000","40,000","19,000","19,000"
"=""066369""",洋基元富47購03  ,0,0,0,0,0,0,0,0,0,"19,000",0,0,0,"19,000",0,"19,000","19,000"
"=""066063""",材料元富4A購01  ,0,0,0,0,0,0,0,0,0,"19,000",0,0,0,"24,000","5,000","19,000","19,000"
"=""03051T""",智邦凱基33售04  ,0,0,0,0,0,0,0,0,0,"19,000",0,0,0,"19,000",0,"19,000","19,000"
"=""065497""",三芳永豐47購01  ,0,0,0,0,0,0,0,0,0,"19,000",0,0,0,"149,000","130,000","19,000","19,000"
"=""04295T""",華孚元大35售04  ,0,0,0,0,0,0,0,0,0,"19,000",0,0,0,"20,000","1,000","19,000","19,000"
"=""043107""",台塑國泰56購01  ,0,0,0,0,0,0,0,0,0,"19,000",0,0,0,"19,000",0,"19,000","19,000"
"=""066875""",華泰統一3B購02  ,0,0,0,0,0,0,0,0,0,"19,000",0,0,0,"30,000","11,000","19,000","19,000"
"=""041813""",凱美群益54購01  ,0,0,0,0,0,0,0,0,0,"19,000",0,0,0,"20,000","1,000","19,000","19,000"
"=""041927""",南亞元富54購01  ,0,0,0,0,0,0,0,0,0,"19,000",0,0,0,"20,000","1,000","19,000","19,000"
"=""067255""",陽明國票48購03  ,0,0,0,0,0,0,0,0,0,"19,000",0,0,0,"20,000","1,000","19,000","19,000"
"=""060160""",鴻準元大46購06  ,0,0,0,0,0,0,0,0,0,"19,000",0,0,0,"21,000","2,000","19,000","19,000"
"=""060164""",大同元大46購02  ,0,0,0,0,0,0,0,0,0,"19,000",0,0,0,"19,000",0,"19,000","19,000"
"=""059847""",臺股指凱基45購52,0,0,0,0,0,0,0,0,0,"19,000",0,0,0,"19,000",0,"19,000","19,000"
"=""062215""",FBNQ2X元富46購01,0,0,0,0,0,0,0,0,0,"19,000",0,0,0,"70,000","51,000","19,000","19,000"
"=""057511""",大聯大凱基46購01,0,0,0,0,0,0,0,0,0,"19,000",0,0,0,"21,000","2,000","19,000","19,000"
"=""062654""",一詮凱基46購06  ,0,0,0,0,0,0,0,0,0,"19,000",0,0,0,"660,000","641,000","19,000","19,000"
"=""062517""",矽統統一3C購01  ,0,0,0,0,0,0,0,0,0,"19,000",0,0,0,"19,000",0,"19,000","19,000"
"=""046125""",貿聯元富42購04  ,0,0,0,0,0,0,0,0,0,"19,000",0,0,0,"30,000","11,000","19,000","19,000"
"=""062225""",昇貿元富46購01  ,0,0,0,0,0,0,0,0,0,"19,000",0,0,0,"28,000","9,000","19,000","19,000"
"=""055252""",上証2X群益46購04,0,0,0,0,0,0,0,0,0,"19,000",0,0,0,"20,000","1,000","19,000","19,000"
"=""058140""",技嘉群益45購07  ,0,0,0,0,0,0,0,0,0,"19,000",0,0,0,"19,000",0,"19,000","19,000"
"=""055341""",志聖富邦46購01  ,0,0,0,0,0,0,0,0,0,"19,000",0,0,0,"19,000",0,"19,000","19,000"
"=""060669""",台光電凱基47購03,0,0,0,0,0,0,0,0,0,"19,000",0,0,0,"160,000","141,000","19,000","19,000"
"=""060321""",台灣50元大49購03,0,0,0,0,0,0,0,0,0,"19,000",0,0,0,"33,000","14,000","19,000","19,000"
"=""068392""",大立光統一4A購04,0,0,0,0,0,0,0,0,0,"19,000",0,0,0,"22,000","3,000","19,000","19,000"
"=""068587""",神達群益48購03  ,0,0,0,0,0,0,0,0,0,"19,000",0,0,0,"66,000","47,000","19,000","19,000"
"=""068503""",聯發科元大48購04,0,0,0,0,0,0,0,0,0,"19,000",0,0,0,"119,000","100,000","19,000","19,000"
"=""068963""",智原富邦4C購01  ,0,0,0,0,0,0,0,0,0,"19,000",0,0,0,"19,000",0,"19,000","19,000"
"=""068740""",訊芯群益48購03  ,0,0,0,0,0,0,0,0,0,"19,000",0,0,0,"19,000",0,"19,000","19,000"
"=""068891""",立積元富48購01  ,0,0,0,0,0,0,0,0,0,"19,000",0,0,0,"34,000","15,000","19,000","19,000"
"=""069636""",玉晶光凱基48購01,0,0,0,0,0,0,0,0,0,"19,000",0,0,0,"50,000","31,000","19,000","19,000"
"=""061861""",保瑞群益49購02  ,0,0,0,0,0,0,0,0,0,"19,000",0,0,0,"19,000",0,"19,000","19,000"
"=""069419""",羅昇統一56購01  ,0,0,0,0,0,0,0,0,0,"19,000",0,0,0,"20,000","1,000","19,000","19,000"
"=""069270""",華碩台新48購02  ,0,0,0,0,0,0,0,0,0,"19,000",0,0,0,"19,000",0,"19,000","19,000"
"=""057179""",欣興凱基46購03  ,0,0,0,0,0,0,0,0,0,"19,000",0,0,0,"19,000",0,"19,000","19,000"
"=""061519""",牧德統一56購01  ,0,0,0,0,0,0,0,0,0,"19,000",0,0,0,"19,000",0,"19,000","19,000"
"=""056727""",仁寶群益45購01  ,0,0,0,0,0,0,0,0,0,"19,000",0,0,0,"72,000","53,000","19,000","19,000"
6689,伊雲谷          ,"131,000","78,000","53,000",0,0,0,0,0,0,"-34,003","4,000","40,004","-36,004","4,001","2,000","2,001","18,997"
"=""00865B""",國泰US短期公債  ,"5,000","1,000","4,000",0,0,0,0,0,0,"14,053","6,000",0,"6,000","109,053","101,000","8,053","18,053"
"=""03003T""",長榮航凱基36售04,0,0,0,0,0,0,0,0,0,"18,000",0,0,0,"18,000",0,"18,000","18,000"
"=""036942""",力積電永豐54購01,0,0,0,0,0,0,0,0,0,"18,000",0,0,0,"68,000","50,000","18,000","18,000"
"=""066129""",直得統一59購01  ,0,0,0,0,0,0,0,0,0,"18,000",0,0,0,"187,000","169,000","18,000","18,000"
"=""066435""",日月光統一61購01,0,0,0,0,0,0,0,0,0,"18,000",0,0,0,"19,000","1,000","18,000","18,000"
"=""066815""",元債2X凱基57購01,0,0,0,0,0,0,0,0,0,"18,000",0,0,0,"98,000","80,000","18,000","18,000"
"=""065219""",上証2X凱基47購02,0,0,0,0,0,0,0,0,0,"18,000",0,0,0,"18,000",0,"18,000","18,000"
"=""035017""",世紀鋼永豐55購02,0,0,0,0,0,0,0,0,0,"18,000",0,0,0,"21,000","3,000","18,000","18,000"
"=""058759""",美時元大45購04  ,0,0,0,0,0,0,0,0,0,"18,000",0,0,0,"18,000",0,"18,000","18,000"
"=""060250""",世芯元富46購06  ,0,0,0,0,0,0,0,0,0,"18,000",0,0,0,"18,000",0,"18,000","18,000"
"=""057642""",神達凱基45購02  ,0,0,0,0,0,0,0,0,0,"18,000",0,0,0,"158,000","140,000","18,000","18,000"
"=""067909""",聯發科元大47購20,0,0,0,0,0,0,0,0,0,"18,000",0,0,0,"18,000",0,"18,000","18,000"
"=""067558""",臺股指群益47購06,0,0,0,0,0,0,0,0,0,"18,000",0,0,0,"38,000","20,000","18,000","18,000"
"=""067103""",大立光元富47購06,0,0,0,0,0,0,0,0,0,"18,000",0,0,0,"56,000","38,000","18,000","18,000"
"=""055947""",嘉澤元大44購06  ,0,0,0,0,0,0,0,0,0,"18,000",0,0,0,"100,000","82,000","18,000","18,000"
"=""056726""",金寶群益45購02  ,0,0,0,0,0,0,0,0,0,"18,000",0,0,0,"69,000","51,000","18,000","18,000"
"=""061726""",長榮航永豐47購02,0,0,0,0,0,0,0,0,0,"18,000",0,0,0,"25,000","7,000","18,000","18,000"
"=""061815""",牧德凱基46購06  ,0,0,0,0,0,0,0,0,0,"18,000",0,0,0,"28,000","10,000","18,000","18,000"
"=""061264""",漢翔凱基46購02  ,0,0,0,0,0,0,0,0,0,"18,000",0,0,0,"20,000","2,000","18,000","18,000"
"=""055255""",台塑群益44購01  ,0,0,0,0,0,0,0,0,0,"18,000",0,0,0,"55,000","37,000","18,000","18,000"
"=""04708T""",台灣50群益35售13,0,0,0,0,0,0,0,0,0,"18,000",0,0,0,"27,000","9,000","18,000","18,000"
6754,匯僑設計        ,"22,000","11,000","11,000",0,0,0,0,0,0,"7,000","7,000",0,"7,000",0,0,0,"18,000"
"=""063702""",中磊永豐4C購01  ,0,0,0,0,0,0,0,0,0,"18,000",0,0,0,"18,000",0,"18,000","18,000"
"=""063674""",世紀鋼元大47購03,0,0,0,0,0,0,0,0,0,"18,000",0,0,0,"33,000","15,000","18,000","18,000"
"=""051155""",美費半國票44購02,0,0,0,0,0,0,0,0,0,"18,000",0,0,0,"33,000","15,000","18,000","18,000"
"=""052986""",中502X元富44購03,0,0,0,0,0,0,0,0,0,"18,000",0,0,0,"24,000","6,000","18,000","18,000"
"=""063878""",聯發科元大46購24,0,0,0,0,0,0,0,0,0,"18,000",0,0,0,"18,000",0,"18,000","18,000"
"=""059203""",寶成元大45購04  ,0,0,0,0,0,0,0,0,0,"18,000",0,0,0,"48,000","30,000","18,000","18,000"
"=""059312""",英業達群益45購08,0,0,0,0,0,0,0,0,0,"18,000",0,0,0,"18,000",0,"18,000","18,000"
"=""054331""",晶豪科群益44購03,0,0,0,0,0,0,0,0,0,"18,000",0,0,0,"18,000",0,"18,000","18,000"
"=""049040""",達興群益43購02  ,0,0,0,0,0,0,0,0,0,"18,000",0,0,0,"18,000",0,"18,000","18,000"
"=""048593""",華航元富4B購01  ,0,0,0,0,0,0,0,0,0,"18,000",0,0,0,"18,000",0,"18,000","18,000"
"=""050147""",緯穎凱基49購01  ,0,0,0,0,0,0,0,0,0,"18,000",0,0,0,"20,000","2,000","18,000","18,000"
"=""063288""",華邦電中信46購03,0,0,0,0,0,0,0,0,0,"18,000",0,0,0,"38,000","20,000","18,000","18,000"
"=""063350""",佳能凱基48購01  ,0,0,0,0,0,0,0,0,0,"18,000",0,0,0,"18,000",0,"18,000","18,000"
"=""050595""",萬海元大43購11  ,0,0,0,0,0,0,0,0,0,"18,000",0,0,0,"18,000",0,"18,000","18,000"
"=""056251""",新興元大44購01  ,0,0,0,0,0,0,0,0,0,"18,000",0,0,0,"18,000",0,"18,000","18,000"
2882B,國泰金乙特      ,0,0,0,0,0,0,0,0,0,"18,000","28,000","10,000","18,000",0,0,0,"18,000"
"=""054762""",建準永豐46購03  ,0,0,0,0,0,0,0,0,0,"18,000",0,0,0,"18,000",0,"18,000","18,000"
"=""053393""",台積電元大44購42,0,0,0,0,0,0,0,0,0,"18,000",0,0,0,"42,000","24,000","18,000","18,000"
"=""064862""",元債2X群益51購02,0,0,0,0,0,0,0,0,0,"18,000",0,0,0,"18,000",0,"18,000","18,000"
"=""064642""",台積電台新49購01,0,0,0,0,0,0,0,0,0,"18,000",0,0,0,"18,000",0,"18,000","18,000"
"=""00666R""",富邦�琤肭磪齯�1 ,0,0,0,0,0,0,0,0,0,"17,998",0,0,0,"524,001","506,003","17,998","17,998"
"=""065848""",世紀鋼統一55購03,0,0,0,0,0,0,0,0,0,"17,000",0,0,0,"17,000",0,"17,000","17,000"
"=""041443""",日月光中信54購01,0,0,0,0,0,0,0,0,0,"17,000",0,0,0,"260,000","243,000","17,000","17,000"
"=""066838""",景碩凱基47購05  ,0,0,0,0,0,0,0,0,0,"17,000",0,0,0,"31,000","14,000","17,000","17,000"
"=""066764""",聯發科元大47購12,0,0,0,0,0,0,0,0,0,"17,000",0,0,0,"37,000","20,000","17,000","17,000"
"=""066756""",所羅門元大4C購02,0,0,0,0,0,0,0,0,0,"17,000",0,0,0,"17,000",0,"17,000","17,000"
"=""066469""",陽明元大47購13  ,0,0,0,0,0,0,0,0,0,"17,000",0,0,0,"17,000",0,"17,000","17,000"
"=""066619""",中環富邦49購01  ,0,0,0,0,0,0,0,0,0,"17,000",0,0,0,"17,000",0,"17,000","17,000"
"=""043212""",華城國票56購03  ,0,0,0,0,0,0,0,0,0,"17,000",0,0,0,"71,000","54,000","17,000","17,000"
"=""065132""",華通群益47購01  ,0,0,0,0,0,0,0,0,0,"17,000",0,0,0,"18,000","1,000","17,000","17,000"
"=""042919""",力成富邦55購02  ,0,0,0,0,0,0,0,0,0,"17,000",0,0,0,"32,000","15,000","17,000","17,000"
"=""03238T""",中華群益35售01  ,0,0,0,0,0,0,0,0,0,"17,000",0,0,0,"62,000","45,000","17,000","17,000"
"=""066920""",健鼎群益4B購01  ,0,0,0,0,0,0,0,0,0,"17,000",0,0,0,"22,000","5,000","17,000","17,000"
"=""041825""",京鼎群益56購01  ,0,0,0,0,0,0,0,0,0,"17,000",0,0,0,"27,000","10,000","17,000","17,000"
"=""067543""",全新群益47購05  ,0,0,0,0,0,0,0,0,0,"17,000",0,0,0,"17,000",0,"17,000","17,000"
"=""067417""",台灣50永豐4B購01,0,0,0,0,0,0,0,0,0,"17,000",0,0,0,"27,000","10,000","17,000","17,000"
"=""067243""",玉晶光元富47購01,0,0,0,0,0,0,0,0,0,"17,000",0,0,0,"56,000","39,000","17,000","17,000"
"=""059502""",德律永豐46購01  ,0,0,0,0,0,0,0,0,0,"17,000",0,0,0,"17,000",0,"17,000","17,000"
"=""067635""",鈺邦統一51購01  ,0,0,0,0,0,0,0,0,0,"17,000",0,0,0,"113,000","96,000","17,000","17,000"
"=""067875""",聯發科群益47購15,0,0,0,0,0,0,0,0,0,"17,000",0,0,0,"17,000",0,"17,000","17,000"
"=""068199""",陽明元富48購01  ,0,0,0,0,0,0,0,0,0,"17,000",0,0,0,"94,000","77,000","17,000","17,000"
"=""068273""",台積電凱基4A購16,0,0,0,0,0,0,0,0,0,"17,000",0,0,0,"17,000",0,"17,000","17,000"
"=""058261""",東哥凱基45購02  ,0,0,0,0,0,0,0,0,0,"17,000",0,0,0,"50,000","33,000","17,000","17,000"
"=""08162U""",中興電統一32售03,0,0,0,0,0,0,0,0,0,"17,000",0,0,0,"22,000","5,000","17,000","17,000"
"=""046189""",元日2X富邦44購01,0,0,0,0,0,0,0,0,0,"17,000",0,0,0,"34,000","17,000","17,000","17,000"
"=""062512""",康普元富46購01  ,0,0,0,0,0,0,0,0,0,"17,000",0,0,0,"17,000",0,"17,000","17,000"
"=""046707""",智原元富42購05  ,0,0,0,0,0,0,0,0,0,"17,000",0,0,0,"17,000",0,"17,000","17,000"
"=""056740""",世紀鋼群益45購03,0,0,0,0,0,0,0,0,0,"17,000",0,0,0,"17,000",0,"17,000","17,000"
"=""062202""",迅得永豐48購01  ,0,0,0,0,0,0,0,0,0,"17,000",0,0,0,"20,000","3,000","17,000","17,000"
"=""057888""",華城國票46購04  ,0,0,0,0,0,0,0,0,0,"17,000",0,0,0,"20,000","3,000","17,000","17,000"
"=""061166""",天虹元富46購02  ,0,0,0,0,0,0,0,0,0,"17,000",0,0,0,"17,000",0,"17,000","17,000"
"=""068804""",宇隆國票49購01  ,0,0,0,0,0,0,0,0,0,"17,000",0,0,0,"25,000","8,000","17,000","17,000"
"=""060432""",聯電國泰48購01  ,0,0,0,0,0,0,0,0,0,"17,000",0,0,0,"17,000",0,"17,000","17,000"
"=""061820""",祥碩凱基4C購01  ,0,0,0,0,0,0,0,0,0,"17,000",0,0,0,"17,000",0,"17,000","17,000"
"=""061810""",大立光凱基48購02,0,0,0,0,0,0,0,0,0,"17,000",0,0,0,"27,000","10,000","17,000","17,000"
"=""061901""",大立光元大4A購03,0,0,0,0,0,0,0,0,0,"17,000",0,0,0,"20,000","3,000","17,000","17,000"
"=""069673""",健策元大48購05  ,0,0,0,0,0,0,0,0,0,"17,000",0,0,0,"17,000",0,"17,000","17,000"
"=""064819""",祥碩元大49購05  ,0,0,0,0,0,0,0,0,0,"17,000",0,0,0,"62,000","45,000","17,000","17,000"
2702,華園            ,"10,000","1,000","9,000",0,0,0,0,0,0,"8,000","8,000",0,"8,000",0,0,0,"17,000"
"=""051038""",臺股指凱基44購28,0,0,0,0,0,0,0,0,0,"17,000",0,0,0,"17,000",0,"17,000","17,000"
"=""050843""",科妍凱基43購02  ,0,0,0,0,0,0,0,0,0,"17,000",0,0,0,"17,000",0,"17,000","17,000"
"=""048348""",緯穎群益42購04  ,0,0,0,0,0,0,0,0,0,"17,000",0,0,0,"20,000","3,000","17,000","17,000"
"=""047815""",致伸富邦44購01  ,0,0,0,0,0,0,0,0,0,"17,000",0,0,0,"17,000",0,"17,000","17,000"
"=""048954""",奇鋐群益43購06  ,0,0,0,0,0,0,0,0,0,"17,000",0,0,0,"17,000",0,"17,000","17,000"
"=""063124""",所羅門凱基46購03,0,0,0,0,0,0,0,0,0,"17,000",0,0,0,"59,000","42,000","17,000","17,000"
"=""054232""",保瑞凱基44購05  ,0,0,0,0,0,0,0,0,0,"17,000",0,0,0,"17,000",0,"17,000","17,000"
"=""054234""",世紀鋼凱基45購04,0,0,0,0,0,0,0,0,0,"17,000",0,0,0,"17,000",0,"17,000","17,000"
"=""053997""",台積電國泰46購07,0,0,0,0,0,0,0,0,0,"17,000",0,0,0,"17,000",0,"17,000","17,000"
"=""053811""",陽明國票45購05  ,0,0,0,0,0,0,0,0,0,"17,000",0,0,0,"22,000","5,000","17,000","17,000"
"=""044512""",旺宏凱基57購05  ,0,0,0,0,0,0,0,0,0,"17,000",0,0,0,"72,000","55,000","17,000","17,000"
"=""064100""",川湖群益46購17  ,0,0,0,0,0,0,0,0,0,"17,000",0,0,0,"24,000","7,000","17,000","17,000"
"=""051753""",威盛元富46購01  ,0,0,0,0,0,0,0,0,0,"17,000",0,0,0,"42,000","25,000","17,000","17,000"
"=""056450""",聯電中信46購01  ,0,0,0,0,0,0,0,0,0,"17,000",0,0,0,"20,000","3,000","17,000","17,000"
"=""063638""",道瓊2X元大47購01,0,0,0,0,0,0,0,0,0,"17,000",0,0,0,"27,000","10,000","17,000","17,000"
6768,志強-KY         ,"45,000","11,000","34,000",0,0,0,0,0,0,"-17,000",0,"10,000","-10,000",0,"7,000","-7,000","17,000"
6552,易華電          ,"25,000","8,000","17,000",0,0,0,0,0,0,0,0,0,0,0,0,0,"17,000"
6438,迅得            ,"110,000","94,000","16,000",0,0,0,0,0,0,868,0,0,0,"1,000",132,868,"16,868"
1903,士紙            ,"50,000","38,000","12,000",0,0,0,0,0,0,"4,635","5,000",365,"4,635",0,0,0,"16,635"
3679,新至陞          ,"22,000","9,214","12,786",0,0,0,0,0,0,"3,295","3,335",40,"3,295",0,0,0,"16,081"
4722,國精化          ,"34,000","16,000","18,000",0,0,0,0,0,0,"-2,000",0,"2,000","-2,000",0,0,0,"16,000"
3321,同泰            ,"8,000",0,"8,000",0,0,0,0,0,0,"8,000","8,000",0,"8,000",0,0,0,"16,000"
8222,寶一            ,"119,000","103,000","16,000",0,0,0,0,0,0,0,0,0,0,0,0,0,"16,000"
"=""051653""",威盛群益43購08  ,0,0,0,0,0,0,0,0,0,"16,000",0,0,0,"16,000",0,"16,000","16,000"
"=""056421""",台光電群益45購06,0,0,0,0,0,0,0,0,0,"16,000",0,0,0,"16,000",0,"16,000","16,000"
"=""052984""",國企2X元富4A購01,0,0,0,0,0,0,0,0,0,"16,000",0,0,0,"22,000","6,000","16,000","16,000"
"=""063876""",京元電元大46購06,0,0,0,0,0,0,0,0,0,"16,000",0,0,0,"74,000","58,000","16,000","16,000"
"=""059022""",美律中信45購01  ,0,0,0,0,0,0,0,0,0,"16,000",0,0,0,"35,000","19,000","16,000","16,000"
"=""059318""",聯發科群益45購09,0,0,0,0,0,0,0,0,0,"16,000",0,0,0,"30,000","14,000","16,000","16,000"
"=""053810""",陽明國票45購04  ,0,0,0,0,0,0,0,0,0,"16,000",0,0,0,"19,000","3,000","16,000","16,000"
"=""054237""",上銀國泰46購01  ,0,0,0,0,0,0,0,0,0,"16,000",0,0,0,"50,000","34,000","16,000","16,000"
"=""055578""",訊芯元富44購05  ,0,0,0,0,0,0,0,0,0,"16,000",0,0,0,"133,000","117,000","16,000","16,000"
2305,全友            ,"76,000","60,000","16,000",0,0,0,0,0,0,0,0,0,0,0,0,0,"16,000"
"=""054658""",滬深2X元大44購17,0,0,0,0,0,0,0,0,0,"16,000",0,0,0,"30,000","14,000","16,000","16,000"
"=""050438""",全新兆豐45購01  ,0,0,0,0,0,0,0,0,0,"16,000",0,0,0,"16,000",0,"16,000","16,000"
"=""050442""",台積電群益43購32,0,0,0,0,0,0,0,0,0,"16,000",0,0,0,"16,000",0,"16,000","16,000"
"=""04894T""",裕民群益36售03  ,0,0,0,0,0,0,0,0,0,"16,000",0,0,0,"16,000",0,"16,000","16,000"
"=""047944""",愛山林統一4C購01,0,0,0,0,0,0,0,0,0,"16,000",0,0,0,"50,000","34,000","16,000","16,000"
"=""048472""",川湖元富48購02  ,0,0,0,0,0,0,0,0,0,"16,000",0,0,0,"26,000","10,000","16,000","16,000"
"=""049764""",華通凱基46購01  ,0,0,0,0,0,0,0,0,0,"16,000",0,0,0,"16,000",0,"16,000","16,000"
"=""049994""",晟銘電群益43購06,0,0,0,0,0,0,0,0,0,"16,000",0,0,0,"16,000",0,"16,000","16,000"
"=""063534""",世紀鋼國票47購03,0,0,0,0,0,0,0,0,0,"16,000",0,0,0,"26,000","10,000","16,000","16,000"
"=""064852""",元債2X國泰48購02,0,0,0,0,0,0,0,0,0,"16,000",0,0,0,"16,000",0,"16,000","16,000"
"=""064995""",世紀鋼元富47購02,0,0,0,0,0,0,0,0,0,"16,000",0,0,0,"50,000","34,000","16,000","16,000"
"=""064935""",至上凱基47購01  ,0,0,0,0,0,0,0,0,0,"16,000",0,0,0,"16,000",0,"16,000","16,000"
"=""064571""",辛耘國票46購02  ,0,0,0,0,0,0,0,0,0,"16,000",0,0,0,"16,000",0,"16,000","16,000"
"=""044113""",台塑化凱基55購01,0,0,0,0,0,0,0,0,0,"16,000",0,0,0,"16,000",0,"16,000","16,000"
"=""064419""",華新科凱基48購01,0,0,0,0,0,0,0,0,0,"16,000",0,0,0,"16,000",0,"16,000","16,000"
"=""061565""",智原凱基46購04  ,0,0,0,0,0,0,0,0,0,"16,000",0,0,0,"45,000","29,000","16,000","16,000"
"=""056927""",華邦電群益47購01,0,0,0,0,0,0,0,0,0,"16,000",0,0,0,"36,000","20,000","16,000","16,000"
"=""057157""",龍德船群益47購01,0,0,0,0,0,0,0,0,0,"16,000",0,0,0,"19,000","3,000","16,000","16,000"
"=""060308""",智邦群益4A購01  ,0,0,0,0,0,0,0,0,0,"16,000",0,0,0,"40,000","24,000","16,000","16,000"
"=""068650""",神基統一51購02  ,0,0,0,0,0,0,0,0,0,"16,000",0,0,0,"32,000","16,000","16,000","16,000"
"=""068443""",科技息凱基49購01,0,0,0,0,0,0,0,0,0,"16,000",0,0,0,"30,000","14,000","16,000","16,000"
"=""060820""",臺股指元富46購12,0,0,0,0,0,0,0,0,0,"16,000",0,0,0,"16,000",0,"16,000","16,000"
"=""060816""",亞翔元富46購01  ,0,0,0,0,0,0,0,0,0,"16,000",0,0,0,"16,000",0,"16,000","16,000"
"=""061123""",FB越南元富46購01,0,0,0,0,0,0,0,0,0,"16,000",0,0,0,"39,000","23,000","16,000","16,000"
"=""061124""",台塑元富46購02  ,0,0,0,0,0,0,0,0,0,"16,000",0,0,0,"16,000",0,"16,000","16,000"
"=""061386""",上証2X群益46購07,0,0,0,0,0,0,0,0,0,"16,000",0,0,0,"68,000","52,000","16,000","16,000"
"=""056832""",台灣50中信48購02,0,0,0,0,0,0,0,0,0,"16,000",0,0,0,"16,000",0,"16,000","16,000"
"=""07606U""",臺股指元大33售23,0,0,0,0,0,0,0,0,0,"16,000",0,0,0,"20,000","4,000","16,000","16,000"
"=""07673U""",臺股指群益2C售27,0,0,0,0,0,0,0,0,0,"16,000",0,0,0,"16,000",0,"16,000","16,000"
"=""04603T""",晶豪科群益35售02,0,0,0,0,0,0,0,0,0,"16,000",0,0,0,"16,000",0,"16,000","16,000"
"=""08446U""",健策群益31售05  ,0,0,0,0,0,0,0,0,0,"16,000",0,0,0,"16,000",0,"16,000","16,000"
"=""059630""",凱基金國票46購03,0,0,0,0,0,0,0,0,0,"16,000",0,0,0,"26,000","10,000","16,000","16,000"
"=""058646""",聯發科凱基48購01,0,0,0,0,0,0,0,0,0,"16,000",0,0,0,"20,000","4,000","16,000","16,000"
"=""059680""",一詮凱基46購03  ,0,0,0,0,0,0,0,0,0,"16,000",0,0,0,"16,000",0,"16,000","16,000"
"=""068100""",華邦電元富47購02,0,0,0,0,0,0,0,0,0,"16,000",0,0,0,"76,000","60,000","16,000","16,000"
"=""067881""",欣興群益48購02  ,0,0,0,0,0,0,0,0,0,"16,000",0,0,0,"16,000",0,"16,000","16,000"
"=""067664""",元油反凱基4A購01,0,0,0,0,0,0,0,0,0,"16,000",0,0,0,"16,000",0,"16,000","16,000"
"=""060090""",萬海國票47購01  ,0,0,0,0,0,0,0,0,0,"16,000",0,0,0,"90,000","74,000","16,000","16,000"
"=""055779""",群創中信47購01  ,0,0,0,0,0,0,0,0,0,"16,000",0,0,0,"16,000",0,"16,000","16,000"
"=""058586""",盟立群益45購01  ,0,0,0,0,0,0,0,0,0,"16,000",0,0,0,"112,000","96,000","16,000","16,000"
"=""055985""",威盛國泰46購05  ,0,0,0,0,0,0,0,0,0,"16,000",0,0,0,"16,000",0,"16,000","16,000"
"=""065301""",鴻準統一51購03  ,0,0,0,0,0,0,0,0,0,"16,000",0,0,0,"16,000",0,"16,000","16,000"
"=""065524""",雄獅統一51購01  ,0,0,0,0,0,0,0,0,0,"16,000",0,0,0,"16,000",0,"16,000","16,000"
"=""065488""",所羅門第一48購02,0,0,0,0,0,0,0,0,0,"16,000",0,0,0,"16,000",0,"16,000","16,000"
"=""065336""",晶心科統一51購01,0,0,0,0,0,0,0,0,0,"16,000",0,0,0,"49,000","33,000","16,000","16,000"
"=""065683""",聯茂凱基47購03  ,0,0,0,0,0,0,0,0,0,"16,000",0,0,0,"46,000","30,000","16,000","16,000"
"=""065555""",廣宇元富47購01  ,0,0,0,0,0,0,0,0,0,"16,000",0,0,0,"36,000","20,000","16,000","16,000"
"=""04487T""",長榮航元大35售05,0,0,0,0,0,0,0,0,0,"16,000",0,0,0,"16,000",0,"16,000","16,000"
"=""041141""",聯鈞國泰55購01  ,0,0,0,0,0,0,0,0,0,"16,000",0,0,0,"16,000",0,"16,000","16,000"
"=""042489""",國巨凱基54購11  ,0,0,0,0,0,0,0,0,0,"16,000",0,0,0,"16,000",0,"16,000","16,000"
"=""04548T""",華城元富35售03  ,0,0,0,0,0,0,0,0,0,"16,000",0,0,0,"96,000","80,000","16,000","16,000"
"=""066247""",健策國票49購01  ,0,0,0,0,0,0,0,0,0,"16,000",0,0,0,"16,000",0,"16,000","16,000"
"=""066389""",智原統一41購01  ,0,0,0,0,0,0,0,0,0,"16,000",0,0,0,"244,000","228,000","16,000","16,000"
"=""066282""",海華元大47購04  ,0,0,0,0,0,0,0,0,0,"16,000",0,0,0,"19,000","3,000","16,000","16,000"
"=""038188""",世芯國票54購05  ,0,0,0,0,0,0,0,0,0,"16,000",0,0,0,"21,000","5,000","16,000","16,000"
"=""066107""",信邦凱基47購01  ,0,0,0,0,0,0,0,0,0,"16,000",0,0,0,"43,000","27,000","16,000","16,000"
"=""066011""",所羅門群益49購02,0,0,0,0,0,0,0,0,0,"16,000",0,0,0,"65,000","49,000","16,000","16,000"
1517,利奇            ,"11,000","3,000","8,000",0,0,0,0,0,0,"7,020","12,000","4,980","7,020",0,0,0,"15,020"
"=""047447""",臺股指凱基45購18,0,0,0,0,0,0,0,0,0,"15,000",0,0,0,"15,000",0,"15,000","15,000"
1463,強盛新          ,"32,000","17,000","15,000",0,0,0,0,0,0,0,0,0,0,0,0,0,"15,000"
"=""047566""",創意永豐46購01  ,0,0,0,0,0,0,0,0,0,"15,000",0,0,0,"15,000",0,"15,000","15,000"
"=""054551""",南港永豐45購02  ,0,0,0,0,0,0,0,0,0,"15,000",0,0,0,"36,000","21,000","15,000","15,000"
"=""08628U""",中興電群益32售04,0,0,0,0,0,0,0,0,0,"15,000",0,0,0,"35,000","20,000","15,000","15,000"
"=""055496""",貿聯元大44購08  ,0,0,0,0,0,0,0,0,0,"15,000",0,0,0,"15,000",0,"15,000","15,000"
"=""07752U""",長榮航凱基34售03,0,0,0,0,0,0,0,0,0,"15,000",0,0,0,"15,000",0,"15,000","15,000"
"=""062826""",精誠元大46購06  ,0,0,0,0,0,0,0,0,0,"15,000",0,0,0,"18,000","3,000","15,000","15,000"
"=""062886""",台光電元富4A購05,0,0,0,0,0,0,0,0,0,"15,000",0,0,0,"99,000","84,000","15,000","15,000"
"=""047357""",新日興群益44購01,0,0,0,0,0,0,0,0,0,"15,000",0,0,0,"438,000","423,000","15,000","15,000"
"=""047352""",大立光群益42購10,0,0,0,0,0,0,0,0,0,"15,000",0,0,0,"15,000",0,"15,000","15,000"
"=""062545""",愛普國票47購02  ,0,0,0,0,0,0,0,0,0,"15,000",0,0,0,"15,000",0,"15,000","15,000"
"=""062565""",金寶元大46購06  ,0,0,0,0,0,0,0,0,0,"15,000",0,0,0,"34,000","19,000","15,000","15,000"
"=""046968""",材料元富42購03  ,0,0,0,0,0,0,0,0,0,"15,000",0,0,0,"15,000",0,"15,000","15,000"
"=""04695T""",聯發科永豐35售03,0,0,0,0,0,0,0,0,0,"15,000",0,0,0,"15,000",0,"15,000","15,000"
"=""055819""",奇鋐群益44購06  ,0,0,0,0,0,0,0,0,0,"15,000",0,0,0,"17,000","2,000","15,000","15,000"
"=""07490U""",元石油元大31售02,0,0,0,0,0,0,0,0,0,"15,000",0,0,0,"15,000",0,"15,000","15,000"
"=""07044U""",臺股指富邦56售10,0,0,0,0,0,0,0,0,0,"15,000",0,0,0,"15,000",0,"15,000","15,000"
"=""057561""",臺股指元大46購14,0,0,0,0,0,0,0,0,0,"15,000",0,0,0,"15,000",0,"15,000","15,000"
"=""055851""",文曄凱基46購01  ,0,0,0,0,0,0,0,0,0,"15,000",0,0,0,"25,000","10,000","15,000","15,000"
"=""055869""",欣巴巴凱基44購03,0,0,0,0,0,0,0,0,0,"15,000",0,0,0,"25,000","10,000","15,000","15,000"
"=""056842""",光寶科群益3B購01,0,0,0,0,0,0,0,0,0,"15,000",0,0,0,"15,000",0,"15,000","15,000"
"=""057847""",鴻準凱基45購06  ,0,0,0,0,0,0,0,0,0,"15,000",0,0,0,"15,000",0,"15,000","15,000"
"=""061173""",美時群益46購02  ,0,0,0,0,0,0,0,0,0,"15,000",0,0,0,"55,000","40,000","15,000","15,000"
"=""061220""",陽明元大46購08  ,0,0,0,0,0,0,0,0,0,"15,000",0,0,0,"16,000","1,000","15,000","15,000"
"=""068807""",南電第一41購01  ,0,0,0,0,0,0,0,0,0,"15,000",0,0,0,"15,000",0,"15,000","15,000"
"=""068734""",京元電群益48購04,0,0,0,0,0,0,0,0,0,"15,000",0,0,0,"15,000",0,"15,000","15,000"
"=""060945""",臻鼎凱基46購04  ,0,0,0,0,0,0,0,0,0,"15,000",0,0,0,"15,000",0,"15,000","15,000"
"=""057115""",英業達群益45購01,0,0,0,0,0,0,0,0,0,"15,000",0,0,0,"30,000","15,000","15,000","15,000"
"=""057308""",緯創元大45購13  ,0,0,0,0,0,0,0,0,0,"15,000",0,0,0,"16,000","1,000","15,000","15,000"
"=""057289""",金寶元大47購02  ,0,0,0,0,0,0,0,0,0,"15,000",0,0,0,"15,000",0,"15,000","15,000"
"=""061553""",台灣50凱基47購08,0,0,0,0,0,0,0,0,0,"15,000",0,0,0,"35,000","20,000","15,000","15,000"
"=""056640""",世芯元富45購04  ,0,0,0,0,0,0,0,0,0,"15,000",0,0,0,"15,000",0,"15,000","15,000"
"=""056603""",威盛群益45購04  ,0,0,0,0,0,0,0,0,0,"15,000",0,0,0,"15,000",0,"15,000","15,000"
"=""043488""",貿聯國泰56購02  ,0,0,0,0,0,0,0,0,0,"15,000",0,0,0,"15,000",0,"15,000","15,000"
"=""065816""",乙盛國票48購03  ,0,0,0,0,0,0,0,0,0,"15,000",0,0,0,"15,000",0,"15,000","15,000"
"=""065900""",漢翔凱基47購01  ,0,0,0,0,0,0,0,0,0,"15,000",0,0,0,"15,000",0,"15,000","15,000"
"=""038148""",台塑富邦55購01  ,0,0,0,0,0,0,0,0,0,"15,000",0,0,0,"28,000","13,000","15,000","15,000"
"=""066614""",世芯國泰48購04  ,0,0,0,0,0,0,0,0,0,"15,000",0,0,0,"15,000",0,"15,000","15,000"
"=""066531""",台塑凱基51購01  ,0,0,0,0,0,0,0,0,0,"15,000",0,0,0,"15,000",0,"15,000","15,000"
"=""066491""",中興電群益4A購01,0,0,0,0,0,0,0,0,0,"15,000",0,0,0,"18,000","3,000","15,000","15,000"
"=""066706""",同欣電凱基47購01,0,0,0,0,0,0,0,0,0,"15,000",0,0,0,"17,000","2,000","15,000","15,000"
"=""066722""",威盛群益47購08  ,0,0,0,0,0,0,0,0,0,"15,000",0,0,0,"15,000",0,"15,000","15,000"
"=""03483T""",台光電凱基33售16,0,0,0,0,0,0,0,0,0,"15,000",0,0,0,"15,000",0,"15,000","15,000"
"=""03896C""",臺股指元大31牛67,0,0,0,0,0,0,0,0,0,"15,000",0,0,0,"15,000",0,"15,000","15,000"
"=""065243""",復盛凱基47購01  ,0,0,0,0,0,0,0,0,0,"15,000",0,0,0,"85,000","70,000","15,000","15,000"
"=""03322T""",滬深2X群益35售02,0,0,0,0,0,0,0,0,0,"15,000",0,0,0,"20,000","5,000","15,000","15,000"
"=""054864""",全新元大44購03  ,0,0,0,0,0,0,0,0,0,"15,000",0,0,0,"15,000",0,"15,000","15,000"
"=""04186T""",華城群益35售02  ,0,0,0,0,0,0,0,0,0,"15,000",0,0,0,"15,000",0,"15,000","15,000"
"=""053620""",愛普國票45購02  ,0,0,0,0,0,0,0,0,0,"15,000",0,0,0,"15,000",0,"15,000","15,000"
"=""058388""",時碩國票45購02  ,0,0,0,0,0,0,0,0,0,"15,000",0,0,0,"15,000",0,"15,000","15,000"
"=""059395""",南寶中信46購01  ,0,0,0,0,0,0,0,0,0,"15,000",0,0,0,"45,000","30,000","15,000","15,000"
"=""067237""",國巨元富47購07  ,0,0,0,0,0,0,0,0,0,"15,000",0,0,0,"16,000","1,000","15,000","15,000"
"=""067311""",臺股指群益4A購09,0,0,0,0,0,0,0,0,0,"15,000",0,0,0,"15,000",0,"15,000","15,000"
"=""067437""",瑞昱台新47購01  ,0,0,0,0,0,0,0,0,0,"15,000",0,0,0,"15,000",0,"15,000","15,000"
"=""067566""",華新富邦49購01  ,0,0,0,0,0,0,0,0,0,"15,000",0,0,0,"15,000",0,"15,000","15,000"
"=""060074""",台化國票47購01  ,0,0,0,0,0,0,0,0,0,"15,000",0,0,0,"20,000","5,000","15,000","15,000"
"=""067935""",晶睿兆豐3B購01  ,0,0,0,0,0,0,0,0,0,"15,000",0,0,0,"21,000","6,000","15,000","15,000"
"=""068054""",T50正2凱基4A購03,0,0,0,0,0,0,0,0,0,"15,000",0,0,0,"15,000",0,"15,000","15,000"
"=""068045""",富世達元大47購01,0,0,0,0,0,0,0,0,0,"15,000",0,0,0,"15,000",0,"15,000","15,000"
"=""068190""",泰金寶永豐48購01,0,0,0,0,0,0,0,0,0,"15,000",0,0,0,"223,000","208,000","15,000","15,000"
"=""059993""",緯創元大45購38  ,0,0,0,0,0,0,0,0,0,"15,000",0,0,0,"260,000","245,000","15,000","15,000"
"=""059939""",一詮國票45購02  ,0,0,0,0,0,0,0,0,0,"15,000",0,0,0,"15,000",0,"15,000","15,000"
"=""04431T""",智原統一39售05  ,0,0,0,0,0,0,0,0,0,"15,000",0,0,0,"15,000",0,"15,000","15,000"
"=""04398T""",中砂凱基36售02  ,0,0,0,0,0,0,0,0,0,"15,000",0,0,0,"15,000",0,"15,000","15,000"
"=""064502""",台積電統一3A購08,0,0,0,0,0,0,0,0,0,"15,000",0,0,0,"15,000",0,"15,000","15,000"
"=""064512""",緯創統一3A購01  ,0,0,0,0,0,0,0,0,0,"15,000",0,0,0,"15,000",0,"15,000","15,000"
"=""064904""",元債2X凱基52購01,0,0,0,0,0,0,0,0,0,"15,000",0,0,0,"213,000","198,000","15,000","15,000"
"=""064776""",金像電元富47購01,0,0,0,0,0,0,0,0,0,"15,000",0,0,0,"15,000",0,"15,000","15,000"
"=""065038""",智邦元大47購01  ,0,0,0,0,0,0,0,0,0,"15,000",0,0,0,"15,000",0,"15,000","15,000"
"=""063476""",臺股指元大46購40,0,0,0,0,0,0,0,0,0,"15,000",0,0,0,"20,000","5,000","15,000","15,000"
"=""063399""",聯發科群益48購04,0,0,0,0,0,0,0,0,0,"15,000",0,0,0,"15,000",0,"15,000","15,000"
"=""049820""",皇昌群益43購03  ,0,0,0,0,0,0,0,0,0,"15,000",0,0,0,"15,000",0,"15,000","15,000"
"=""063248""",亞光元大46購09  ,0,0,0,0,0,0,0,0,0,"15,000",0,0,0,"15,000",0,"15,000","15,000"
"=""048512""",台積電統一48購06,0,0,0,0,0,0,0,0,0,"15,000",0,0,0,"15,000",0,"15,000","15,000"
"=""048411""",順德富邦42購01  ,0,0,0,"15,000",0,"15,000",0,0,0,"15,000",0,0,0,"15,000",0,"15,000","15,000"
"=""048455""",皇昌中信42購01  ,0,0,0,0,0,0,0,0,0,"15,000",0,0,0,"15,000",0,"15,000","15,000"
"=""048100""",元債2X國票43購03,0,0,0,0,0,0,0,0,0,"15,000",0,0,0,"15,000",0,"15,000","15,000"
"=""048079""",十銓統一52購01  ,0,0,0,0,0,0,0,0,0,"15,000",0,0,0,"35,000","20,000","15,000","15,000"
"=""048097""",祥碩元富45購01  ,0,0,0,0,0,0,0,0,0,"15,000",0,0,0,"15,000",0,"15,000","15,000"
"=""063032""",臺股指群益46購20,0,0,0,0,0,0,0,0,0,"15,000",0,0,0,"498,000","483,000","15,000","15,000"
"=""062989""",康舒元大46購05  ,0,0,0,0,0,0,0,0,0,"15,000",0,0,0,"26,000","11,000","15,000","15,000"
"=""050626""",中砂富邦44購03  ,0,0,0,0,0,0,0,0,0,"15,000",0,0,0,"15,000",0,"15,000","15,000"
"=""050856""",嘉澤凱基48購01  ,0,0,0,0,0,0,0,0,0,"15,000",0,0,0,"15,000",0,"15,000","15,000"
"=""050822""",台達電國泰45購02,0,0,0,0,0,0,0,0,0,"15,000",0,0,0,"30,000","15,000","15,000","15,000"
"=""050972""",達興元富43購02  ,0,0,0,0,0,0,0,0,0,"15,000",0,0,0,"15,000",0,"15,000","15,000"
"=""050873""",技嘉元大43購12  ,0,0,0,0,0,0,0,0,0,"15,000",0,0,0,"15,000",0,"15,000","15,000"
"=""050916""",台積電元富49購02,0,0,0,0,0,0,0,0,0,"15,000",0,0,0,"15,000",0,"15,000","15,000"
"=""056293""",群創統一4B購01  ,0,0,0,0,0,0,0,0,0,"15,000",0,0,0,"15,000",0,"15,000","15,000"
"=""053369""",迅得統一53購01  ,0,0,0,0,0,0,0,0,0,"15,000",0,0,0,"25,000","10,000","15,000","15,000"
1533,車王電          ,"30,000","15,000","15,000",0,0,0,0,0,0,0,0,0,0,0,0,0,"15,000"
"=""054333""",嘉晶群益45購01  ,0,0,0,0,0,0,0,0,0,"15,000",0,0,0,"15,000",0,"15,000","15,000"
"=""039865""",龍德船國泰55購01,0,0,0,0,0,0,0,0,0,"15,000",0,0,0,"34,000","19,000","15,000","15,000"
"=""053954""",滬深2X永豐44購10,0,0,0,0,0,0,0,0,0,"15,000",0,0,0,"15,000",0,"15,000","15,000"
"=""054158""",奇鋐永豐46購01  ,0,0,0,0,0,0,0,0,0,"15,000",0,0,0,"83,000","68,000","15,000","15,000"
"=""044514""",智邦凱基55購10  ,0,0,0,0,0,0,0,0,0,"15,000",0,0,0,"15,000",0,"15,000","15,000"
"=""064290""",大立光元大46購22,0,0,0,0,0,0,0,0,0,"15,000",0,0,0,"15,000",0,"15,000","15,000"
"=""059241""",統一凱基45購01  ,0,0,0,0,0,0,0,0,0,"15,000",0,0,0,"120,000","105,000","15,000","15,000"
"=""064113""",全新群益46購11  ,0,0,0,0,0,0,0,0,0,"15,000",0,0,0,"15,000",0,"15,000","15,000"
"=""063916""",上銀中信48購01  ,0,0,0,0,0,0,0,0,0,"15,000",0,0,0,"15,000",0,"15,000","15,000"
"=""051848""",智邦元大43購06  ,0,0,0,0,0,0,0,0,0,"15,000",0,0,0,"15,000",0,"15,000","15,000"
"=""051845""",潤隆元大45購03  ,0,0,0,0,0,0,0,0,0,"15,000",0,0,0,"15,000",0,"15,000","15,000"
"=""052506""",達運永豐46購01  ,0,0,0,0,0,0,0,0,0,"15,000",0,0,0,"15,000",0,"15,000","15,000"
"=""052670""",帝寶永豐45購01  ,0,0,0,0,0,0,0,0,0,"15,000",0,0,0,"15,000",0,"15,000","15,000"
"=""052735""",滬深2X統一51購01,0,0,0,0,0,0,0,0,0,"15,000",0,0,0,"15,000",0,"15,000","15,000"
"=""056473""",鴻準國票46購02  ,0,0,0,0,0,0,0,0,0,"15,000",0,0,0,"25,000","10,000","15,000","15,000"
"=""052183""",亞光國票46購02  ,0,0,0,0,0,0,0,0,0,"15,000",0,0,0,"20,000","5,000","15,000","15,000"
"=""052312""",萬海凱基49購01  ,0,0,0,0,0,0,0,0,0,"15,000",0,0,0,"15,000",0,"15,000","15,000"
"=""052253""",京鼎國泰46購01  ,0,0,0,0,0,0,0,0,0,"15,000",0,0,0,"15,000",0,"15,000","15,000"
"=""051136""",定穎控凱基45購03,0,0,0,0,0,0,0,0,0,"15,000",0,0,0,"15,000",0,"15,000","15,000"
"=""051168""",潤隆國泰45購01  ,0,0,0,0,0,0,0,0,0,"15,000",0,0,0,"35,000","20,000","15,000","15,000"
"=""051309""",台灣50元富49購01,0,0,0,0,0,0,0,0,0,"15,000",0,0,0,"15,000",0,"15,000","15,000"
4414,如興            ,"18,000","3,000","15,000",0,0,0,0,0,0,0,0,0,0,0,0,0,"15,000"
1321,大洋            ,"69,000","54,000","15,000",0,0,0,0,0,0,-1,"7,000","7,001",-1,0,0,0,"14,999"
2484,希華            ,"39,000","32,000","7,000",0,0,0,0,0,0,"7,861","8,000",139,"7,861",0,0,0,"14,861"
2014,中鴻            ,"736,000","914,000","-178,000",0,0,0,0,0,0,"192,853","126,000","63,147","62,853","134,000","4,000","130,000","14,853"
"=""00910""",第一金太空衛星  ,0,0,0,0,0,0,0,0,0,"14,514",0,0,0,"116,601","102,087","14,514","14,514"
"=""065913""",鴻海元富47購04  ,0,0,0,0,0,0,0,0,0,"14,000",0,0,0,"55,000","41,000","14,000","14,000"
"=""00689R""",國泰20年美債反1 ,0,0,0,0,0,0,0,0,0,"14,000",0,0,0,"115,000","101,000","14,000","14,000"
"=""041317""",SGBR2X元富54購04,0,0,0,0,0,0,0,0,0,"14,000",0,0,0,"14,000",0,"14,000","14,000"
"=""066680""",友達凱基47購01  ,0,0,0,0,0,0,0,0,0,"14,000",0,0,0,"14,000",0,"14,000","14,000"
"=""066470""",大立光元大47購08,0,0,0,0,0,0,0,0,0,"14,000",0,0,0,"14,000",0,"14,000","14,000"
"=""066156""",中砂統一3B購03  ,0,0,0,0,0,0,0,0,0,"14,000",0,0,0,"14,000",0,"14,000","14,000"
"=""065252""",京元電元富51購01,0,0,0,0,0,0,0,0,0,"14,000",0,0,0,"81,000","67,000","14,000","14,000"
"=""065348""",台塑群益48購02  ,0,0,0,0,0,0,0,0,0,"14,000",0,0,0,"15,000","1,000","14,000","14,000"
"=""065699""",台塑元大51購02  ,0,0,0,0,0,0,0,0,0,"14,000",0,0,0,"14,000",0,"14,000","14,000"
"=""03119T""",正文元大34售02  ,0,0,0,0,0,0,0,0,0,"14,000",0,0,0,"14,000",0,"14,000","14,000"
"=""03109T""",辛耘國票34售03  ,0,0,0,0,0,0,0,0,0,"14,000",0,0,0,"14,000",0,"14,000","14,000"
"=""03582T""",金像電元大33售26,0,0,0,0,0,0,0,0,0,"14,000",0,0,0,"14,000",0,"14,000","14,000"
"=""067896""",滬深2X元大57購01,0,0,0,0,0,0,0,0,0,"14,000",0,0,0,"20,000","6,000","14,000","14,000"
"=""067246""",愛普元富47購02  ,0,0,0,0,0,0,0,0,0,"14,000",0,0,0,"14,000",0,"14,000","14,000"
"=""067652""",聯發科永豐48購04,0,0,0,0,0,0,0,0,0,"14,000",0,0,0,"18,000","4,000","14,000","14,000"
"=""058607""",欣巴巴群益47購01,0,0,0,0,0,0,0,0,0,"14,000",0,0,0,"15,000","1,000","14,000","14,000"
"=""053483""",毅嘉元富4A購01  ,0,0,0,0,0,0,0,0,0,"14,000",0,0,0,"24,000","10,000","14,000","14,000"
1460,宏遠            ,"81,000","50,000","31,000",0,0,0,0,0,0,"-17,000",0,"17,000","-17,000",0,0,0,"14,000"
"=""062861""",聯茂永豐47購01  ,0,0,0,0,0,0,0,0,0,"14,000",0,0,0,"30,000","16,000","14,000","14,000"
"=""047139""",神達群益42購02  ,0,0,0,0,0,0,0,0,0,"14,000",0,0,0,"30,000","16,000","14,000","14,000"
"=""057826""",鴻準永豐45購03  ,0,0,0,0,0,0,0,0,0,"14,000",0,0,0,"74,000","60,000","14,000","14,000"
"=""057495""",鴻海凱基46購09  ,0,0,0,0,0,0,0,0,0,"14,000",0,0,0,"34,000","20,000","14,000","14,000"
"=""04680T""",智原凱基38售04  ,0,0,0,0,0,0,0,0,0,"14,000",0,0,0,"20,000","6,000","14,000","14,000"
"=""062276""",T50反1群益4C購01,0,0,0,0,0,0,0,0,0,"14,000",0,0,0,"14,000",0,"14,000","14,000"
"=""062348""",宏致元大46購02  ,0,0,0,0,0,0,0,0,0,"14,000",0,0,0,"24,000","10,000","14,000","14,000"
"=""056688""",矽統元大45購05  ,0,0,0,0,0,0,0,0,0,"14,000",0,0,0,"14,000",0,"14,000","14,000"
"=""061695""",臻鼎群益46購03  ,0,0,0,0,0,0,0,0,0,"14,000",0,0,0,"18,000","4,000","14,000","14,000"
"=""061614""",義隆富邦47購01  ,0,0,0,0,0,0,0,0,0,"14,000",0,0,0,"26,000","12,000","14,000","14,000"
"=""069464""",台積電元大48購38,0,0,0,0,0,0,0,0,0,"14,000",0,0,0,"16,000","2,000","14,000","14,000"
"=""061766""",創意元富4C購05  ,0,0,0,0,0,0,0,0,0,"14,000",0,0,0,"48,000","34,000","14,000","14,000"
"=""068887""",聯發科元富4A購07,0,0,0,0,0,0,0,0,0,"14,000",0,0,0,"14,000",0,"14,000","14,000"
"=""061031""",大同元大46購12  ,0,0,0,0,0,0,0,0,0,"14,000",0,0,0,"14,000",0,"14,000","14,000"
"=""061465""",義隆元大46購01  ,0,0,0,0,0,0,0,0,0,"14,000",0,0,0,"14,000",0,"14,000","14,000"
"=""061247""",中502X凱基49購01,0,0,0,0,0,0,0,0,0,"14,000",0,0,0,"15,000","1,000","14,000","14,000"
"=""068591""",力積電群益4A購02,0,0,0,0,0,0,0,0,0,"14,000",0,0,0,"20,000","6,000","14,000","14,000"
"=""060264""",東元國票47購01  ,0,0,0,0,0,0,0,0,0,"14,000",0,0,0,"40,000","26,000","14,000","14,000"
1617,榮星            ,"19,000","10,000","9,000",0,0,0,0,0,0,"5,000","6,000","1,000","5,000",0,0,0,"14,000"
"=""056364""",矽統台新45購01  ,0,0,0,0,0,0,0,0,0,"14,000",0,0,0,"14,000",0,"14,000","14,000"
"=""051032""",健和興凱基43購03,0,0,0,0,0,0,0,0,0,"14,000",0,0,0,"14,000",0,"14,000","14,000"
"=""050862""",日本反元大45購01,0,0,0,0,0,0,0,0,0,"14,000",0,0,0,"17,000","3,000","14,000","14,000"
"=""050394""",視陽永豐43購01  ,0,0,0,0,0,0,0,0,0,"14,000",0,0,0,"19,000","5,000","14,000","14,000"
"=""048490""",新光金永豐44購02,0,0,0,0,0,0,0,0,0,"14,000",0,0,0,"14,000",0,"14,000","14,000"
"=""063137""",創意凱基46購09  ,0,0,0,0,0,0,0,0,0,"14,000",0,0,0,"25,000","11,000","14,000","14,000"
"=""050328""",立隆電永豐44購01,0,0,0,0,0,0,0,0,0,"14,000",0,0,0,"402,000","388,000","14,000","14,000"
5525,順天            ,"16,000","2,000","14,000",0,0,0,0,0,0,0,0,0,0,0,0,0,"14,000"
"=""051586""",華碩國泰45購02  ,0,0,0,0,0,0,0,0,0,"14,000",0,0,0,"18,000","4,000","14,000","14,000"
"=""051288""",華通群益43購07  ,0,0,0,0,0,0,0,0,0,"14,000",0,0,0,"14,000",0,"14,000","14,000"
"=""056516""",華新科凱基45購01,0,0,0,0,0,0,0,0,0,"14,000",0,0,0,"14,000",0,"14,000","14,000"
"=""059188""",凱基金元大4B購01,0,0,0,0,0,0,0,0,0,"14,000",0,0,0,"14,000",0,"14,000","14,000"
"=""064021""",鴻準凱基48購01  ,0,0,0,0,0,0,0,0,0,"14,000",0,0,0,"14,000",0,"14,000","14,000"
"=""064067""",智原元大4A購03  ,0,0,0,0,0,0,0,0,0,"14,000",0,0,0,"16,000","2,000","14,000","14,000"
"=""053831""",世紀鋼國票45購01,0,0,0,0,0,0,0,0,0,"14,000",0,0,0,"14,000",0,"14,000","14,000"
"=""04392T""",台積電永豐35售01,0,0,0,0,0,0,0,0,0,"14,000",0,0,0,"14,000",0,"14,000","14,000"
"=""043972""",台積電永豐5B購04,0,0,0,0,0,0,0,0,0,"14,000",0,0,0,"15,000","1,000","14,000","14,000"
"=""04063T""",欣興元大34售10  ,0,0,0,0,0,0,0,0,0,"14,000",0,0,0,"21,000","7,000","14,000","14,000"
"=""04049T""",祥碩群益34售03  ,0,0,0,0,0,0,0,0,0,"14,000",0,0,0,"26,000","12,000","14,000","14,000"
"=""0051""",元大中型100     ,"14,000","4,000","10,000",0,0,0,0,0,0,"3,652",0,0,0,"4,000",348,"3,652","13,652"
"=""065815""",敦泰國票48購01  ,0,0,0,0,0,0,0,0,0,"13,000",0,0,0,"13,000",0,"13,000","13,000"
"=""065818""",泓德國票47購01  ,0,0,0,0,0,0,0,0,0,"13,000",0,0,0,"74,000","61,000","13,000","13,000"
"=""04135T""",長榮航元大34售11,0,0,0,0,0,0,0,0,0,"13,000",0,0,0,"20,000","7,000","13,000","13,000"
"=""020019""",統一特選台灣5GN ,0,0,0,0,0,0,0,0,0,"13,000",0,0,0,"13,000",0,"13,000","13,000"
"=""03732T""",臺股指凱基36售18,0,0,0,0,0,0,0,0,0,"13,000",0,0,0,"25,000","12,000","13,000","13,000"
"=""066692""",東哥富邦3B購01  ,0,0,0,0,0,0,0,0,0,"13,000",0,0,0,"23,000","10,000","13,000","13,000"
"=""039148""",A50正2元大55購02,0,0,0,0,0,0,0,0,0,"13,000",0,0,0,"13,000",0,"13,000","13,000"
"=""065135""",精英群益48購01  ,0,0,0,0,0,0,0,0,0,"13,000",0,0,0,"13,000",0,"13,000","13,000"
"=""059450""",台灣50元富45購13,0,0,0,0,0,0,0,0,0,"13,000",0,0,0,"13,000",0,"13,000","13,000"
"=""067226""",長榮永豐49購01  ,"124,000","111,000","13,000",0,0,0,0,0,0,0,0,0,0,0,0,0,"13,000"
"=""067981""",聯發科統一4C購09,0,0,0,0,0,0,0,0,0,"13,000",0,0,0,"13,000",0,"13,000","13,000"
"=""067661""",臺股指永豐4B購06,0,0,0,0,0,0,0,0,0,"13,000",0,0,0,"129,000","116,000","13,000","13,000"
"=""067745""",台塑富邦49購02  ,0,0,0,0,0,0,0,0,0,"13,000",0,0,0,"13,000",0,"13,000","13,000"
"=""067755""",聯發科兆豐47購02,0,0,0,0,0,0,0,0,0,"13,000",0,0,0,"52,000","39,000","13,000","13,000"
"=""060180""",長榮元大46購02  ,0,0,0,0,0,0,0,0,0,"13,000",0,0,0,"41,000","28,000","13,000","13,000"
"=""059645""",台積電永豐48購03,0,0,0,0,0,0,0,0,0,"13,000",0,0,0,"30,000","17,000","13,000","13,000"
"=""068598""",科妍元大48購01  ,0,0,0,0,0,0,0,0,0,"13,000",0,0,0,"148,000","135,000","13,000","13,000"
"=""061479""",貿聯元大46購07  ,0,0,0,0,0,0,0,0,0,"13,000",0,0,0,"52,000","39,000","13,000","13,000"
"=""061778""",台光電國票47購04,0,0,0,0,0,0,0,0,0,"13,000",0,0,0,"28,000","15,000","13,000","13,000"
"=""061908""",乙盛元大4A購01  ,0,0,0,0,0,0,0,0,0,"13,000",0,0,0,"17,000","4,000","13,000","13,000"
"=""062133""",偉訓國票49購01  ,0,0,0,0,0,0,0,0,0,"13,000",0,0,0,"13,000",0,"13,000","13,000"
"=""061701""",緯穎群益48購03  ,0,0,0,0,0,0,0,0,0,"13,000",0,0,0,"33,000","20,000","13,000","13,000"
"=""056710""",健策元大45購02  ,0,0,0,0,0,0,0,0,0,"13,000",0,0,0,"13,000",0,"13,000","13,000"
"=""057105""",信錦群益46購01  ,0,0,0,0,0,0,0,0,0,"13,000",0,0,0,"13,000",0,"13,000","13,000"
"=""046324""",金像電元大46購03,0,0,0,0,0,0,0,0,0,"13,000",0,0,0,"13,000",0,"13,000","13,000"
"=""056758""",萬海凱基4A購02  ,0,0,0,"13,000",0,"13,000",0,0,0,"13,000",0,0,0,"13,000",0,"13,000","13,000"
"=""056796""",定穎控國票46購01,0,0,0,0,0,0,0,0,0,"13,000",0,0,0,"13,000",0,"13,000","13,000"
"=""057698""",台塑富邦47購01  ,0,0,0,0,0,0,0,0,0,"13,000",0,0,0,"15,000","2,000","13,000","13,000"
"=""058141""",正崴群益46購02  ,0,0,0,0,0,0,0,0,0,"13,000",0,0,0,"13,000",0,"13,000","13,000"
"=""08252U""",玉晶光凱基32售03,0,0,0,0,0,0,0,0,0,"13,000",0,0,0,"13,000",0,"13,000","13,000"
"=""085709""",亞翔凱基51購05  ,0,0,0,0,0,0,0,0,0,"13,000",0,0,0,"13,000",0,"13,000","13,000"
"=""04084T""",佳必琪國票34售02,0,0,0,0,0,0,0,0,0,"13,000",0,0,0,"13,000",0,"13,000","13,000"
"=""064790""",鴻海元大47購07  ,0,0,0,0,0,0,0,0,0,"13,000",0,0,0,"87,000","74,000","13,000","13,000"
"=""064948""",一詮永豐51購01  ,0,0,0,0,0,0,0,0,0,"13,000",0,0,0,"13,000",0,"13,000","13,000"
"=""064593""",嘉晶中信46購01  ,0,0,0,0,0,0,0,0,0,"13,000",0,0,0,"13,000",0,"13,000","13,000"
"=""053992""",世紀鋼凱基44購05,0,0,0,0,0,0,0,0,0,"13,000",0,0,0,"13,000",0,"13,000","13,000"
"=""043774""",智易元富55購01  ,0,0,0,0,0,0,0,0,0,"13,000",0,0,0,"33,000","20,000","13,000","13,000"
"=""064086""",世紀鋼元大46購03,0,0,0,0,0,0,0,0,0,"13,000",0,0,0,"115,000","102,000","13,000","13,000"
"=""064132""",祥碩群益47購01  ,0,0,0,0,0,0,0,0,0,"13,000",0,0,0,"13,000",0,"13,000","13,000"
"=""058941""",嘉澤群益45購05  ,0,0,0,0,0,0,0,0,0,"13,000",0,0,0,"34,000","21,000","13,000","13,000"
"=""059002""",臺股指法興45購01,0,0,0,0,0,0,0,0,0,"13,000",0,0,0,"25,000","12,000","13,000","13,000"
"=""051212""",達興元富49購02  ,0,0,0,0,0,0,0,0,0,"13,000",0,0,0,"33,000","20,000","13,000","13,000"
"=""052940""",裕慶凱基44購01  ,0,0,0,0,0,0,0,0,0,"13,000",0,0,0,"13,000",0,"13,000","13,000"
"=""053016""",來億統一54購01  ,0,0,0,0,0,0,0,0,0,"13,000",0,0,0,"13,000",0,"13,000","13,000"
"=""053188""",百和國票45購01  ,0,0,0,0,0,0,0,0,0,"13,000",0,0,0,"13,000",0,"13,000","13,000"
8072,陞泰            ,"16,000","2,000","14,000",0,0,0,0,0,0,"-1,000",0,"1,000","-1,000",0,0,0,"13,000"
"=""049636""",萬海凱基43購06  ,0,0,0,0,0,0,0,0,0,"13,000",0,0,0,"13,000",0,"13,000","13,000"
"=""048578""",美債2X永豐46購01,0,0,0,0,0,0,0,0,0,"13,000",0,0,0,"36,000","23,000","13,000","13,000"
"=""047833""",聯發科群益44購09,0,0,0,0,0,0,0,0,0,"13,000",0,0,0,"13,000",0,"13,000","13,000"
"=""048959""",穎崴群益48購01  ,0,0,0,0,0,0,0,0,0,"13,000",0,0,0,"13,000",0,"13,000","13,000"
"=""062958""",台積電元大46購23,0,0,0,0,0,0,0,0,0,"13,000",0,0,0,"102,000","89,000","13,000","13,000"
"=""049361""",臻鼎國票45購01  ,0,0,0,0,0,0,0,0,0,"13,000",0,0,0,"21,000","8,000","13,000","13,000"
"=""063073""",緯穎永豐49購03  ,0,0,0,0,0,0,0,0,0,"13,000",0,0,0,"15,000","2,000","13,000","13,000"
"=""049202""",華通永豐44購02  ,0,0,0,0,0,0,0,0,0,"13,000",0,0,0,"13,000",0,"13,000","13,000"
"=""050716""",滬深2X國票44購03,0,0,0,0,0,0,0,0,0,"13,000",0,0,0,"13,000",0,"13,000","13,000"
"=""053361""",長榮統一48購04  ,0,0,0,0,0,0,0,0,0,"13,000",0,0,0,"13,000",0,"13,000","13,000"
2250,IKKA-KY         ,"35,000","23,000","12,000",0,0,0,0,0,0,"1,000","1,000",0,"1,000",0,0,0,"13,000"
"=""056015""",玉晶光統一4A購01,0,0,0,0,0,0,0,0,0,"13,000",0,0,0,"20,000","7,000","13,000","13,000"
"=""056064""",鉅祥群益46購03  ,0,0,0,0,0,0,0,0,0,"12,000",0,0,0,"12,000",0,"12,000","12,000"
"=""053357""",華城統一5A購01  ,0,0,0,0,0,0,0,0,0,"12,000",0,0,0,"20,000","8,000","12,000","12,000"
"=""063628""",鈞興群益49購01  ,0,0,0,0,0,0,0,0,0,"12,000",0,0,0,"12,000",0,"12,000","12,000"
"=""063075""",鴻海統一4C購07  ,0,0,0,0,0,0,0,0,0,"12,000",0,0,0,"59,000","47,000","12,000","12,000"
"=""062972""",立隆電元大46購02,0,0,0,0,0,0,0,0,0,"12,000",0,0,0,"12,000",0,"12,000","12,000"
"=""048397""",鴻海國泰44購06  ,0,0,0,0,0,0,0,0,0,"12,000",0,0,0,"24,000","12,000","12,000","12,000"
"=""048382""",精銳元富42購01  ,0,0,0,0,0,0,0,0,0,"12,000",0,0,0,"12,000",0,"12,000","12,000"
"=""048284""",台灣50兆豐46購01,0,0,0,0,0,0,0,0,0,"12,000",0,0,0,"12,000",0,"12,000","12,000"
"=""050326""",台塑永豐44購01  ,0,0,0,0,0,0,0,0,0,"12,000",0,0,0,"392,000","380,000","12,000","12,000"
"=""063398""",聯發科群益47購06,0,0,0,0,0,0,0,0,0,"12,000",0,0,0,"66,000","54,000","12,000","12,000"
"=""063385""",達發富邦48購01  ,0,0,0,0,0,0,0,0,0,"12,000",0,0,0,"12,000",0,"12,000","12,000"
"=""050007""",T50正2國票43購09,0,0,0,0,0,0,0,0,0,"12,000",0,0,0,"20,000","8,000","12,000","12,000"
6776,展�眥篕�        ,"20,000","9,000","11,000",0,0,0,0,0,0,"1,000","1,000",0,"1,000",0,0,0,"12,000"
4935,茂林-KY         ,"18,000","19,000","-1,000",0,0,0,0,0,0,"13,000","13,000",0,"13,000",0,0,0,"12,000"
3057,喬鼎            ,"18,000","11,000","7,000",0,0,0,0,0,0,"5,000","5,000",0,"5,000",0,0,0,"12,000"
3416,融程電          ,"23,000","8,000","15,000",0,0,0,0,0,0,"-3,000",0,"3,000","-3,000",0,0,0,"12,000"
3535,晶彩科          ,"46,000","36,000","10,000",0,0,0,0,0,0,"2,000","9,000","7,000","2,000",0,0,0,"12,000"
"=""051298""",富邦金群益45購01,0,0,0,0,0,0,0,0,0,"12,000",0,0,0,"19,000","7,000","12,000","12,000"
"=""052233""",日電貿凱基45購01,0,0,0,0,0,0,0,0,0,"12,000",0,0,0,"12,000",0,"12,000","12,000"
"=""063956""",晟銘電永豐47購02,0,0,0,0,0,0,0,0,0,"12,000",0,0,0,"109,000","97,000","12,000","12,000"
"=""063826""",臺股指凱基4B購11,0,0,0,0,0,0,0,0,0,"12,000",0,0,0,"12,000",0,"12,000","12,000"
"=""04375T""",電子類凱基36售01,0,0,0,0,0,0,0,0,0,"12,000",0,0,0,"12,000",0,"12,000","12,000"
"=""054286""",宏致元大46購01  ,0,0,0,0,0,0,0,0,0,"12,000",0,0,0,"33,000","21,000","12,000","12,000"
"=""054263""",華新元大44購01  ,0,0,0,0,0,0,0,0,0,"12,000",0,0,0,"12,000",0,"12,000","12,000"
"=""064584""",致新元富4C購01  ,0,0,0,0,0,0,0,0,0,"12,000",0,0,0,"34,000","22,000","12,000","12,000"
"=""064555""",廣宇國票47購01  ,0,0,0,0,0,0,0,0,0,"12,000",0,0,0,"12,000",0,"12,000","12,000"
"=""064981""",裕隆元富47購01  ,0,0,0,0,0,0,0,0,0,"12,000",0,0,0,"12,000",0,"12,000","12,000"
"=""040046""",台積電永豐5A購03,0,0,0,0,0,0,0,0,0,"12,000",0,0,0,"76,000","64,000","12,000","12,000"
"=""08748U""",臺股指元大36售13,0,0,0,0,0,0,0,0,0,"12,000",0,0,0,"42,000","30,000","12,000","12,000"
"=""08726U""",奇鋐群益32售12  ,0,0,0,0,0,0,0,0,0,"12,000",0,0,0,"12,000",0,"12,000","12,000"
"=""047673""",長榮航富邦42購02,0,0,0,0,0,0,0,0,0,"12,000",0,0,0,"176,000","164,000","12,000","12,000"
"=""08099U""",奇鋐凱基32售04  ,0,0,0,0,0,0,0,0,0,"12,000",0,0,0,"12,000",0,"12,000","12,000"
"=""047370""",技嘉凱基46購01  ,0,0,0,0,0,0,0,0,0,"12,000",0,0,0,"12,000",0,"12,000","12,000"
"=""057714""",台積電元大48購06,0,0,0,0,0,0,0,0,0,"12,000",0,0,0,"14,000","2,000","12,000","12,000"
"=""062481""",台虹群益46購01  ,0,"3,000","-3,000",0,0,0,0,0,0,"15,000",0,0,0,"15,000",0,"15,000","12,000"
"=""046446""",京元電統一47購01,0,0,0,0,0,0,0,0,0,"12,000",0,0,0,"57,000","45,000","12,000","12,000"
"=""062567""",鴻海元大46購20  ,0,0,0,0,0,0,0,0,0,"12,000",0,0,0,"12,000",0,"12,000","12,000"
"=""062564""",金寶元大46購05  ,0,0,0,0,0,0,0,0,0,"12,000",0,0,0,"16,000","4,000","12,000","12,000"
"=""046954""",晶心科群益42購03,0,0,0,0,0,0,0,0,0,"12,000",0,0,0,"23,000","11,000","12,000","12,000"
"=""061997""",鴻海元富46購07  ,0,0,0,0,0,0,0,0,0,"12,000",0,0,0,"12,000",0,"12,000","12,000"
"=""061828""",臺股指凱基46購26,0,0,0,0,0,0,0,0,0,"12,000",0,0,0,"12,000",0,"12,000","12,000"
"=""068906""",長榮元大49購04  ,0,0,0,0,0,0,0,0,0,"12,000",0,0,0,"12,000",0,"12,000","12,000"
"=""060343""",鴻準元大46購07  ,0,0,0,0,0,0,0,0,0,"12,000",0,0,0,"27,000","15,000","12,000","12,000"
"=""060679""",材料凱基46購02  ,0,0,0,0,0,0,0,0,0,"12,000",0,0,0,"12,000",0,"12,000","12,000"
"=""060761""",台光電元大46購04,0,0,0,0,0,0,0,0,0,"12,000",0,0,0,"12,000",0,"12,000","12,000"
"=""060720""",京元電群益47購02,0,0,0,0,0,0,0,0,0,"12,000",0,0,0,"12,000",0,"12,000","12,000"
"=""060574""",宇隆元大46購01  ,0,0,0,0,0,0,0,0,0,"12,000",0,0,0,"40,000","28,000","12,000","12,000"
"=""059675""",大同凱基45購02  ,0,0,0,0,0,0,0,0,0,"12,000",0,0,0,"16,000","4,000","12,000","12,000"
"=""059871""",台灣50群益46購03,0,0,0,0,0,0,0,0,0,"12,000",0,0,0,"18,000","6,000","12,000","12,000"
"=""058337""",貿聯群益47購04  ,0,0,0,0,0,0,0,0,0,"12,000",0,0,0,"100,000","88,000","12,000","12,000"
"=""068195""",鴻海元富52購02  ,0,0,0,0,0,0,0,0,0,"12,000",0,0,0,"13,000","1,000","12,000","12,000"
"=""067822""",神基永豐49購01  ,0,0,0,0,0,0,0,0,0,"12,000",0,0,0,"12,000",0,"12,000","12,000"
"=""068090""",台積電元富48購05,0,0,0,0,0,0,0,0,0,"12,000",0,0,0,"12,000",0,"12,000","12,000"
"=""067578""",至上富邦49購01  ,0,0,0,0,0,0,0,0,0,"12,000",0,0,0,"20,000","8,000","12,000","12,000"
"=""059562""",英業達元大45購10,0,0,0,0,0,0,0,0,0,"12,000",0,0,0,"42,000","30,000","12,000","12,000"
"=""067139""",和大元大49購01  ,0,0,0,0,0,0,0,0,0,"12,000",0,0,0,"61,000","49,000","12,000","12,000"
"=""03377T""",健鼎元大33售23  ,0,0,0,0,0,0,0,0,0,"12,000",0,0,0,"151,000","139,000","12,000","12,000"
"=""054882""",訊芯元大44購04  ,0,0,0,0,0,0,0,0,0,"12,000",0,0,0,"51,000","39,000","12,000","12,000"
"=""042991""",長榮群益55購02  ,0,0,0,0,0,0,0,0,0,"12,000",0,0,0,"32,000","20,000","12,000","12,000"
"=""065453""",泰金寶元大47購05,0,0,0,0,0,0,0,0,0,"12,000",0,0,0,"12,000",0,"12,000","12,000"
"=""065441""",世芯元大47購11  ,0,0,0,0,0,0,0,0,0,"12,000",0,0,0,"13,000","1,000","12,000","12,000"
"=""065638""",海華群益48購01  ,0,0,0,0,0,0,0,0,0,"12,000",0,0,0,"16,000","4,000","12,000","12,000"
"=""065599""",聯德國票47購01  ,0,0,0,0,0,0,0,0,0,"12,000",0,0,0,"38,000","26,000","12,000","12,000"
"=""045188""",華新科統一6B購02,0,0,0,0,0,0,0,0,0,"12,000",0,0,0,"12,000",0,"12,000","12,000"
"=""04491T""",智原元大35售09  ,0,0,0,0,0,0,0,0,0,"12,000",0,0,0,"316,000","304,000","12,000","12,000"
"=""045115""",興勤元大55購03  ,0,0,0,0,0,0,0,0,0,"12,000",0,0,0,"12,000",0,"12,000","12,000"
"=""044992""",欣興中信59購02  ,0,0,0,0,0,0,0,0,0,"12,000",0,0,0,"12,000",0,"12,000","12,000"
"=""066716""",台積電群益47購35,0,0,0,0,0,0,0,0,0,"12,000",0,0,0,"12,000",0,"12,000","12,000"
"=""066471""",大立光元大47購09,0,0,0,0,0,0,0,0,0,"12,000",0,0,0,"16,000","4,000","12,000","12,000"
"=""066466""",盟立元大47購06  ,0,0,0,0,0,0,0,0,0,"12,000",0,0,0,"12,000",0,"12,000","12,000"
"=""066195""",牧德永豐48購01  ,0,0,0,0,0,0,0,0,0,"12,000",0,0,0,"35,000","23,000","12,000","12,000"
"=""03714T""",矽統元大34售07  ,0,0,0,0,0,0,0,0,0,"12,000",0,0,0,"12,000",0,"12,000","12,000"
8033,雷虎            ,"23,000","27,000","-4,000",0,0,0,0,0,0,"15,950","16,000",50,"15,950",0,0,0,"11,950"
3031,佰鴻            ,"26,000","14,000","12,000",0,0,0,0,0,0,-129,0,129,-129,0,0,0,"11,871"
"=""00731""",復華富時高息低波,0,0,0,0,0,0,0,0,0,"11,704",0,0,0,"518,000","506,296","11,704","11,704"
2707,晶華            ,"60,000","47,000","13,000",0,0,0,0,0,0,"-1,841","3,000","4,841","-1,841",0,0,0,"11,159"
"=""063619""",京元電群益48購02,0,0,0,0,0,0,0,0,0,"11,000",0,0,0,"11,000",0,"11,000","11,000"
1614,三洋電          ,"13,000","1,000","12,000",0,0,0,0,0,0,"-1,000",0,"1,000","-1,000",0,0,0,"11,000"
"=""055689""",美利達群益44購01,0,0,0,0,0,0,0,0,0,"11,000",0,0,0,"11,000",0,"11,000","11,000"
"=""054681""",中信金元大45購01,0,0,0,0,0,0,0,0,0,"11,000",0,0,0,"15,000","4,000","11,000","11,000"
"=""050045""",新巨元大43購01  ,0,0,0,0,0,0,0,0,0,"11,000",0,0,0,"11,000",0,"11,000","11,000"
"=""050168""",鴻海富邦43購07  ,0,0,0,0,0,0,0,0,0,"11,000",0,0,0,"11,000",0,"11,000","11,000"
"=""049535""",台光電元大48購02,0,0,0,0,0,0,0,0,0,"11,000",0,0,0,"12,000","1,000","11,000","11,000"
"=""049380""",世紀鋼凱基43購08,0,0,0,0,0,0,0,0,0,"11,000",0,0,0,"52,000","41,000","11,000","11,000"
"=""049387""",正文富邦47購01  ,0,0,0,0,0,0,0,0,0,"11,000",0,0,0,"11,000",0,"11,000","11,000"
"=""053119""",華城凱基44購04  ,0,0,0,0,0,0,0,0,0,"11,000",0,0,0,"15,000","4,000","11,000","11,000"
"=""052822""",道瓊反元大4A購01,0,0,0,0,0,0,0,0,0,"11,000",0,0,0,"11,000",0,"11,000","11,000"
6873,泓德能源        ,"14,000","4,000","10,000",0,0,0,0,0,0,"1,000","1,000",0,"1,000","1,000","1,000",0,"11,000"
6657,華安            ,"11,000",0,"11,000",0,0,0,0,0,0,0,0,0,0,0,0,0,"11,000"
"=""051708""",瀚宇博永豐44購01,0,0,0,0,0,0,0,0,0,"11,000",0,0,0,"15,000","4,000","11,000","11,000"
4133,亞諾法          ,"64,000","53,000","11,000",0,0,0,0,0,0,0,0,0,0,0,0,0,"11,000"
"=""059048""",長榮統一4A購03  ,0,0,0,0,0,0,0,0,0,"11,000",0,0,0,"11,000",0,"11,000","11,000"
"=""063904""",洋基元大46購04  ,0,0,0,0,0,0,0,0,0,"11,000",0,0,0,"21,000","10,000","11,000","11,000"
"=""040166""",T50反1國泰55購01,0,0,0,0,0,0,0,0,0,"11,000",0,0,0,"11,000",0,"11,000","11,000"
"=""040538""",南電元富54購05  ,0,0,0,0,0,0,0,0,0,"11,000",0,0,0,"53,000","42,000","11,000","11,000"
"=""064990""",晶相光元富47購02,0,0,0,0,0,0,0,0,0,"11,000",0,0,0,"16,000","5,000","11,000","11,000"
"=""065030""",鴻海元大47購08  ,0,0,0,0,0,0,0,0,0,"11,000",0,0,0,"11,000",0,"11,000","11,000"
"=""065760""",聯德元大47購01  ,0,0,0,0,0,0,0,0,0,"11,000",0,0,0,"100,000","89,000","11,000","11,000"
"=""030651""",聯茂元大52購01  ,0,0,0,0,0,0,0,0,0,"11,000",0,0,0,"52,000","41,000","11,000","11,000"
"=""041492""",仲琦國票54購01  ,0,0,0,0,0,0,0,0,0,"11,000",0,0,0,"11,000",0,"11,000","11,000"
"=""037124""",振樺電凱基53購01,0,0,0,0,0,0,0,0,0,"11,000",0,0,0,"92,000","81,000","11,000","11,000"
"=""066183""",直得永豐49購01  ,0,0,0,0,0,0,0,0,0,"11,000",0,0,0,"44,000","33,000","11,000","11,000"
"=""066172""",技嘉中信47購01  ,0,0,0,0,0,0,0,0,0,"11,000",0,0,0,"14,000","3,000","11,000","11,000"
"=""066609""",所羅門兆豐47購01,0,0,0,0,0,0,0,0,0,"11,000",0,0,0,"29,000","18,000","11,000","11,000"
"=""03557T""",創意群益33售21  ,0,0,0,0,0,0,0,0,0,"11,000",0,0,0,"31,000","20,000","11,000","11,000"
"=""045299""",世芯元大55購11  ,0,0,0,0,0,0,0,0,0,"11,000",0,0,0,"12,000","1,000","11,000","11,000"
"=""045301""",材料元大55購05  ,0,0,0,0,0,0,0,0,0,"11,000",0,0,0,"65,000","54,000","11,000","11,000"
"=""036066""",華邦電群益53購05,0,0,0,0,0,0,0,0,0,"11,000",0,0,0,"11,000",0,"11,000","11,000"
"=""065642""",jpp群益48購01   ,0,0,0,0,0,0,0,0,0,"11,000",0,0,0,"12,000","1,000","11,000","11,000"
"=""065712""",台積電元大47購16,0,0,0,0,0,0,0,0,0,"11,000",0,0,0,"11,000",0,"11,000","11,000"
"=""042696""",智邦群益55購03  ,0,0,0,0,0,0,0,0,0,"11,000",0,0,0,"11,000",0,"11,000","11,000"
"=""065180""",聯電凱基47購04  ,0,0,0,0,0,0,0,0,0,"11,000",0,0,0,"24,000","13,000","11,000","11,000"
"=""041714""",正崴元富54購02  ,0,0,0,0,0,0,0,0,0,"11,000",0,0,0,"11,000",0,"11,000","11,000"
"=""058551""",嘉澤元大45購09  ,0,0,0,0,0,0,0,0,0,"11,000",0,0,0,"11,000",0,"11,000","11,000"
"=""058529""",仁寶元大45購05  ,"11,000",0,"11,000",0,0,0,0,0,0,0,0,0,0,0,0,0,"11,000"
"=""058440""",正崴永豐46購01  ,0,0,0,0,0,0,0,0,0,"11,000",0,0,0,"447,000","436,000","11,000","11,000"
"=""067629""",台積電統一51購08,0,0,0,0,0,0,0,0,0,"11,000",0,0,0,"19,000","8,000","11,000","11,000"
"=""067473""",台塑化凱基47購02,0,0,0,0,0,0,0,0,0,"11,000",0,0,0,"11,000",0,"11,000","11,000"
"=""068009""",創意群益49購04  ,0,0,0,0,0,0,0,0,0,"11,000",0,0,0,"15,000","4,000","11,000","11,000"
"=""060138""",智原群益46購03  ,0,0,0,0,0,0,0,0,0,"11,000",0,0,0,"11,000",0,"11,000","11,000"
"=""058338""",永崴控群益45購02,0,0,0,0,0,0,0,0,0,"11,000",0,0,0,"11,000",0,"11,000","11,000"
"=""058357""",台達電國票47購01,0,0,0,0,0,0,0,0,0,"11,000",0,0,0,"16,000","5,000","11,000","11,000"
"=""060027""",長榮元富46購04  ,0,0,0,0,0,0,0,0,0,"11,000",0,0,0,"11,000",0,"11,000","11,000"
"=""059905""",長榮群益45購09  ,0,0,0,0,0,0,0,0,0,"11,000",0,0,0,"51,000","40,000","11,000","11,000"
"=""058678""",振樺電元富4B購01,0,0,0,0,0,0,0,0,0,"11,000",0,0,0,"21,000","10,000","11,000","11,000"
"=""060706""",上証2X群益46購05,0,0,0,0,0,0,0,0,0,"11,000",0,0,0,"20,000","9,000","11,000","11,000"
"=""060801""",智邦元富47購03  ,0,0,0,0,0,0,0,0,0,"11,000",0,0,0,"11,000",0,"11,000","11,000"
"=""060921""",材料國泰48購01  ,0,0,0,0,0,0,0,0,0,"11,000",0,0,0,"11,000",0,"11,000","11,000"
"=""060910""",長榮航國票48購01,0,0,0,0,0,0,0,0,0,"11,000",0,0,0,"11,000",0,"11,000","11,000"
"=""061400""",基泰群益47購01  ,0,0,0,0,0,0,0,0,0,"11,000",0,0,0,"11,000",0,"11,000","11,000"
"=""061827""",臺股指凱基46購25,0,0,0,0,0,0,0,0,0,"11,000",0,0,0,"34,000","23,000","11,000","11,000"
"=""061787""",旺宏富邦48購01  ,0,0,0,0,0,0,0,0,0,"11,000",0,0,0,"11,000",0,"11,000","11,000"
"=""069232""",聯發科元富4A購09,0,0,0,0,0,0,0,0,0,"11,000",0,0,0,"14,000","3,000","11,000","11,000"
"=""061510""",祥碩元富4A購02  ,0,0,0,0,0,0,0,0,0,"11,000",0,0,0,"11,000",0,"11,000","11,000"
"=""056908""",神達元大45購02  ,0,0,0,0,0,0,0,0,0,"11,000",0,0,0,"26,000","15,000","11,000","11,000"
"=""062713""",台化元富4C購01  ,0,0,0,0,0,0,0,0,0,"11,000",0,0,0,"11,000",0,"11,000","11,000"
"=""046854""",臺股指元大43購53,0,0,0,0,0,0,0,0,0,"11,000",0,0,0,"12,000","1,000","11,000","11,000"
"=""046768""",臺股指凱基43購70,0,0,0,0,0,0,0,0,0,"11,000",0,0,0,"11,000",0,"11,000","11,000"
"=""04672T""",敬鵬永豐35售01  ,0,0,0,0,0,0,0,0,0,"11,000",0,0,0,"11,000",0,"11,000","11,000"
"=""057880""",寶成富邦47購01  ,0,0,0,0,0,0,0,0,0,"11,000",0,0,0,"11,000",0,"11,000","11,000"
"=""057919""",廣宇元大45購05  ,0,0,0,0,0,0,0,0,0,"11,000",0,0,0,"11,000",0,"11,000","11,000"
"=""055069""",南亞科群益46購02,0,0,0,0,0,0,0,0,0,"11,000",0,0,0,"14,000","3,000","11,000","11,000"
1410,南染            ,"11,000",0,"11,000",0,0,0,0,0,0,0,0,0,0,0,0,0,"11,000"
"=""055442""",鴻準群益44購02  ,0,0,0,0,0,0,0,0,0,"11,000",0,0,0,"65,000","54,000","11,000","11,000"
"=""08681U""",技嘉富邦36售01  ,0,0,0,0,0,0,0,0,0,"11,000",0,0,0,"11,000",0,"11,000","11,000"
"=""055382""",富邦金凱基44購03,0,0,0,0,0,0,0,0,0,"11,000",0,0,0,"11,000",0,"11,000","11,000"
1227,佳格            ,"64,000","64,000",0,0,0,0,0,0,0,"10,929","1,000",71,929,"10,000",0,"10,000","10,929"
"=""047680""",景碩富邦44購05  ,0,0,0,0,0,0,0,0,0,"10,000",0,0,0,"118,000","108,000","10,000","10,000"
"=""047563""",亞光永豐43購03  ,0,0,0,0,0,0,0,0,0,"10,000",0,0,0,"10,000",0,"10,000","10,000"
"=""047488""",欣巴巴元大43購04,0,0,0,0,0,0,0,0,0,"10,000",0,0,0,"10,000",0,"10,000","10,000"
"=""04750T""",台積電中信39售01,0,0,0,0,0,0,0,0,0,"10,000",0,0,0,"10,000",0,"10,000","10,000"
1451,年興            ,"19,000","9,000","10,000",0,0,0,0,0,0,0,0,0,0,0,0,0,"10,000"
"=""055295""",台積電元大47購04,0,0,0,0,0,0,0,0,0,"10,000",0,0,0,"10,000",0,"10,000","10,000"
"=""055284""",國企2X元大46購02,0,0,0,0,0,0,0,0,0,"10,000",0,0,0,"10,000",0,"10,000","10,000"
"=""055257""",金寶群益44購01  ,0,0,0,0,0,0,0,0,0,"10,000",0,0,0,"50,000","40,000","10,000","10,000"
"=""055470""",滬深2X元大47購02,0,0,0,0,0,0,0,0,0,"10,000",0,0,0,"10,000",0,"10,000","10,000"
"=""055509""",臺股指元大45購23,0,0,0,0,0,0,0,0,0,"10,000",0,0,0,"10,000",0,"10,000","10,000"
"=""055050""",雲豹凱基45購02  ,0,0,0,0,0,0,0,0,0,"10,000",0,0,0,"10,000",0,"10,000","10,000"
"=""08034U""",中環凱基31售02  ,0,0,0,0,0,0,0,0,0,"10,000",0,0,0,"10,000",0,"10,000","10,000"
"=""054944""",聯發科永豐45購06,0,0,0,0,0,0,0,0,0,"10,000",0,0,0,"10,000",0,"10,000","10,000"
"=""054979""",大銀元富47購01  ,0,0,0,0,0,0,0,0,0,"10,000",0,0,0,"10,000",0,"10,000","10,000"
"=""054993""",南港國票46購01  ,0,0,0,0,0,0,0,0,0,"10,000",0,0,0,"10,000",0,"10,000","10,000"
"=""054999""",宏達電國票46購02,0,0,0,0,0,0,0,0,0,"10,000",0,0,0,"10,000",0,"10,000","10,000"
"=""08199U""",臺股指群益33售21,0,0,0,0,0,0,0,0,0,"10,000",0,0,0,"10,000",0,"10,000","10,000"
"=""055231""",致茂凱基46購01  ,0,0,0,0,0,0,0,0,0,"10,000",0,0,0,"10,000",0,"10,000","10,000"
"=""08317U""",技嘉元大31售21  ,0,0,0,0,0,0,0,0,0,"10,000",0,0,0,"10,000",0,"10,000","10,000"
"=""058152""",奇鋐群益45購13  ,0,0,0,0,0,0,0,0,0,"10,000",0,0,0,"10,000",0,"10,000","10,000"
"=""058154""",緯創群益45購10  ,0,0,0,0,0,0,0,0,0,"10,000",0,0,0,"10,000",0,"10,000","10,000"
"=""047170""",美時元大43購04  ,0,0,0,0,0,0,0,0,0,"10,000",0,0,0,"12,000","2,000","10,000","10,000"
"=""04721T""",聚陽台新35售01  ,0,0,0,0,0,0,0,0,0,"10,000",0,0,0,"10,000",0,"10,000","10,000"
"=""062774""",智原群益46購06  ,0,0,0,0,0,0,0,0,0,"10,000",0,0,0,"10,000",0,"10,000","10,000"
"=""062793""",T50正2元大48購03,0,0,0,0,0,0,0,0,0,"10,000",0,0,0,"28,000","18,000","10,000","10,000"
"=""045861""",新日興第一42購01,0,0,0,0,0,0,0,0,0,"10,000",0,0,0,"50,000","40,000","10,000","10,000"
"=""045969""",華新科統一48購01,0,0,0,0,0,0,0,0,0,"10,000",0,0,0,"10,000",0,"10,000","10,000"
"=""057713""",廣宇元大45購04  ,0,0,0,0,0,0,0,0,0,"10,000",0,0,0,"12,000","2,000","10,000","10,000"
"=""057733""",貿聯元大45購08  ,0,0,0,0,0,0,0,0,0,"10,000",0,0,0,"10,000",0,"10,000","10,000"
"=""057746""",香港2X群益45購04,0,0,0,0,0,0,0,0,0,"10,000",0,0,0,"10,000",0,"10,000","10,000"
"=""057846""",廣宇凱基45購02  ,0,0,0,0,0,0,0,0,0,"10,000",0,0,0,"10,000",0,"10,000","10,000"
"=""057590""",新唐群益45購03  ,0,0,0,0,0,0,0,0,0,"10,000",0,0,0,"10,000",0,"10,000","10,000"
"=""056736""",佳必琪群益45購01,0,0,0,0,0,0,0,0,0,"10,000",0,0,0,"10,000",0,"10,000","10,000"
"=""057512""",神達凱基46購01  ,0,0,0,0,0,0,0,0,0,"10,000",0,0,0,"10,000",0,"10,000","10,000"
"=""057409""",正崴元富45購02  ,0,0,0,"10,000",0,"10,000",0,0,0,"10,000",0,0,0,"10,000",0,"10,000","10,000"
"=""07098U""",力積電凱基55售07,0,0,0,0,0,0,0,0,0,"10,000",0,0,0,"10,000",0,"10,000","10,000"
"=""075586""",欣興元大49購20  ,0,0,0,0,0,0,0,0,0,"10,000",0,0,0,"20,000","10,000","10,000","10,000"
"=""074605""",巨大元大49購02  ,0,0,0,0,0,0,0,0,0,"10,000",0,0,0,"10,000",0,"10,000","10,000"
"=""07356U""",台積電統一32售05,0,0,0,0,0,0,0,0,0,"10,000",0,0,0,"10,000",0,"10,000","10,000"
"=""07222U""",臺股指群益55售27,0,0,0,0,0,0,0,0,0,"10,000",0,0,0,"10,000",0,"10,000","10,000"
"=""07234U""",FBNQ2X元富55售02,0,0,0,0,0,0,0,0,0,"10,000",0,0,0,"10,000",0,"10,000","10,000"
"=""07690U""",緯創統一32售05  ,0,0,0,0,0,0,0,0,0,"10,000",0,0,0,"10,000",0,"10,000","10,000"
"=""04667T""",高力凱基35售10  ,0,0,0,0,0,0,0,0,0,"10,000",0,0,0,"10,000",0,"10,000","10,000"
"=""04662T""",FBNQ2X凱基38售02,0,0,0,0,0,0,0,0,0,"10,000",0,0,0,"30,000","20,000","10,000","10,000"
"=""046558""",寶成凱基44購01  ,0,0,0,0,0,0,0,0,0,"10,000",0,0,0,"10,000",0,"10,000","10,000"
"=""04653T""",威盛元大35售25  ,0,0,0,0,0,0,0,0,0,"10,000",0,0,0,"10,000",0,"10,000","10,000"
"=""04684T""",臺股指富邦36售10,0,0,0,0,0,0,0,0,0,"10,000",0,0,0,"10,000",0,"10,000","10,000"
"=""062736""",台光電台新46購03,0,0,0,0,0,0,0,0,0,"10,000",0,0,0,"45,000","35,000","10,000","10,000"
"=""046413""",矽創群益42購01  ,0,0,0,0,0,0,0,0,0,"10,000",0,0,0,"10,000",0,"10,000","10,000"
"=""046299""",台灣50元大45購02,0,0,0,0,0,0,0,0,0,"10,000",0,0,0,"20,000","10,000","10,000","10,000"
"=""062341""",亞光元大46購05  ,0,0,0,0,0,0,0,0,0,"10,000",0,0,0,"10,000",0,"10,000","10,000"
"=""062332""",聯發科元大46購07,0,0,0,0,0,0,0,0,0,"10,000",0,0,0,"10,000",0,"10,000","10,000"
"=""046147""",光寶科統一52購01,0,0,0,0,0,0,0,0,0,"10,000",0,0,0,"10,000",0,"10,000","10,000"
"=""046065""",世芯元大44購08  ,0,0,0,0,0,0,0,0,0,"10,000",0,0,0,"10,000",0,"10,000","10,000"
"=""045976""",奇鋐統一48購03  ,0,0,0,0,0,0,0,0,0,"10,000",0,0,0,"10,000",0,"10,000","10,000"
"=""062240""",台達電凱基46購03,0,0,0,0,0,0,0,0,0,"10,000",0,0,0,"10,000",0,"10,000","10,000"
"=""062255""",奇鋐凱基46購06  ,0,0,0,0,0,0,0,0,0,"10,000",0,0,0,"10,000",0,"10,000","10,000"
"=""057048""",世芯凱基46購10  ,0,0,0,0,0,0,0,0,0,"10,000",0,0,0,"10,000",0,"10,000","10,000"
"=""057244""",建準元富46購01  ,0,0,0,0,0,0,0,0,0,"10,000",0,0,0,"50,000","40,000","10,000","10,000"
"=""056675""",臺股指凱基3B購01,0,0,0,0,0,0,0,0,0,"10,000",0,0,0,"10,000",0,"10,000","10,000"
"=""057382""",正崴統一4B購01  ,0,0,0,0,0,0,0,0,0,"10,000",0,0,0,"10,000",0,"10,000","10,000"
"=""056526""",T50反1永豐4A購01,0,0,0,0,0,0,0,0,0,"10,000",0,0,0,"10,000",0,"10,000","10,000"
"=""061703""",寶成群益46購01  ,0,0,0,0,0,0,0,0,0,"10,000",0,0,0,"20,000","10,000","10,000","10,000"
"=""061686""",健和興群益46購01,0,0,0,0,0,0,0,0,0,"10,000",0,0,0,"10,000",0,"10,000","10,000"
"=""061675""",鴻準群益46購05  ,0,0,0,0,0,0,0,0,0,"10,000",0,0,0,"10,000",0,"10,000","10,000"
"=""061644""",敦泰元大46購02  ,0,0,0,0,0,0,0,0,0,"10,000",0,0,0,"10,000",0,"10,000","10,000"
"=""069241""",昇陽半元富48購01,0,0,0,0,0,0,0,0,0,"10,000",0,0,0,"10,000",0,"10,000","10,000"
"=""069277""",友訊元富48購01  ,0,0,0,0,0,0,0,0,0,"10,000",0,0,0,"25,000","15,000","10,000","10,000"
"=""061728""",材料永豐49購01  ,0,0,0,0,0,0,0,0,0,"10,000",0,0,0,"10,000",0,"10,000","10,000"
"=""061729""",精誠永豐47購01  ,0,0,0,0,0,0,0,0,0,"10,000",0,0,0,"15,000","5,000","10,000","10,000"
"=""069132""",瑞昱群益4A購01  ,0,0,0,0,0,0,0,0,0,"10,000",0,0,0,"10,000",0,"10,000","10,000"
"=""069323""",乙盛國票49購02  ,0,0,0,0,0,0,0,0,0,"10,000",0,0,0,"60,000","50,000","10,000","10,000"
"=""061860""",訊芯群益48購01  ,0,0,0,0,0,0,0,0,0,"10,000",0,0,0,"10,000",0,"10,000","10,000"
"=""069341""",華碩凱基52購01  ,0,0,0,0,0,0,0,0,0,"10,000",0,0,0,"10,000",0,"10,000","10,000"
"=""061918""",長榮航台新46購01,0,0,0,0,0,0,0,0,0,"10,000",0,0,0,"10,000",0,"10,000","10,000"
"=""06938U""",奇鋐永豐55售05  ,0,0,0,0,0,0,0,0,0,"10,000",0,0,0,"10,000",0,"10,000","10,000"
"=""062005""",牧德元富46購02  ,0,0,0,0,0,0,0,0,0,"10,000",0,0,0,"10,000",0,"10,000","10,000"
"=""062037""",辛耘國泰48購01  ,0,0,0,0,0,0,0,0,0,"10,000",0,0,0,"10,000",0,"10,000","10,000"
"=""061959""",SGBR2X凱基47購02,0,0,0,0,0,0,0,0,0,"10,000",0,0,0,"10,000",0,"10,000","10,000"
"=""062073""",川湖元大49購02  ,0,0,0,0,0,0,0,0,0,"10,000",0,0,0,"10,000",0,"10,000","10,000"
"=""062088""",全新元大4C購01  ,0,0,0,0,0,0,0,0,0,"10,000",0,0,0,"10,000",0,"10,000","10,000"
"=""069602""",崇越統一52購02  ,0,0,0,0,0,0,0,0,0,"10,000",0,0,0,"10,000",0,"10,000","10,000"
"=""061409""",世芯群益48購06  ,0,0,0,0,0,0,0,0,0,"10,000",0,0,0,"10,000",0,"10,000","10,000"
"=""061454""",宇隆元大46購02  ,0,0,0,0,0,0,0,0,0,"10,000",0,0,0,"10,000",0,"10,000","10,000"
"=""061341""",緯創凱基46購06  ,0,0,0,0,0,0,0,0,0,"10,000",0,0,0,"10,000",0,"10,000","10,000"
"=""061347""",祥碩凱基46購04  ,0,0,0,0,0,0,0,0,0,"10,000",0,0,0,"10,000",0,"10,000","10,000"
"=""061374""",精誠國票46購01  ,0,0,0,0,0,0,0,0,0,"10,000",0,0,0,"10,000",0,"10,000","10,000"
"=""061098""",世芯永豐48購05  ,0,0,0,0,0,0,0,0,0,"10,000",0,0,0,"10,000",0,"10,000","10,000"
"=""061222""",陽明元大46購10  ,0,0,0,0,0,0,0,0,0,"10,000",0,0,0,"10,000",0,"10,000","10,000"
"=""061156""",四維航元富3A購01,0,0,0,0,0,0,0,0,0,"10,000",0,0,0,"10,000",0,"10,000","10,000"
"=""060920""",奇鋐國泰48購02  ,0,0,0,0,0,0,0,0,0,"10,000",0,0,0,"10,000",0,"10,000","10,000"
"=""069008""",精銳國票49購01  ,0,0,0,0,0,0,0,0,0,"10,000",0,0,0,"10,000",0,"10,000","10,000"
"=""068925""",精銳元大52購01  ,0,0,0,0,0,0,0,0,0,"10,000",0,0,0,"10,000",0,"10,000","10,000"
"=""068739""",立積群益48購01  ,0,0,0,0,0,0,0,0,0,"10,000",0,0,0,"10,000",0,"10,000","10,000"
"=""068745""",精銳第一48購01  ,0,0,0,0,0,0,0,0,0,"10,000",0,0,0,"10,000",0,"10,000","10,000"
"=""068383""",台積電統一62購02,0,0,0,0,0,0,0,0,0,"10,000",0,0,0,"10,000",0,"10,000","10,000"
"=""068684""",嘉基永豐48購01  ,0,0,0,0,0,0,0,0,0,"10,000",0,0,0,"63,000","53,000","10,000","10,000"
"=""068513""",景碩元大48購01  ,0,0,0,0,0,0,0,0,0,"10,000",0,0,0,"10,000",0,"10,000","10,000"
"=""068501""",佳能元大48購02  ,0,0,0,0,0,0,0,0,0,"10,000",0,0,0,"60,000","50,000","10,000","10,000"
"=""060700""",中磊永豐47購01  ,0,0,0,0,0,0,0,0,0,"10,000",0,0,0,"10,000",0,"10,000","10,000"
"=""060675""",牧德凱基46購03  ,0,0,0,0,0,0,0,0,0,"10,000",0,0,0,"20,000","10,000","10,000","10,000"
"=""060676""",碩天凱基48購02  ,0,0,0,0,0,0,0,0,0,"10,000",0,0,0,"10,000",0,"10,000","10,000"
"=""060655""",波力中信46購01  ,0,0,0,0,0,0,0,0,0,"10,000",0,0,0,"10,000",0,"10,000","10,000"
"=""060726""",富邦金群益46購02,0,0,0,0,0,0,0,0,0,"10,000",0,0,0,"30,000","20,000","10,000","10,000"
"=""060759""",大同元大46購08  ,0,0,0,0,0,0,0,0,0,"10,000",0,0,0,"10,000",0,"10,000","10,000"
"=""060589""",長榮元大46購07  ,0,0,0,0,0,0,0,0,0,"10,000",0,0,0,"10,000",0,"10,000","10,000"
"=""060631""",穎崴國票48購01  ,0,0,0,0,0,0,0,0,0,"10,000",0,0,0,"17,000","7,000","10,000","10,000"
"=""060358""",長榮航元大46購02,0,0,0,0,0,0,0,0,0,"10,000",0,0,0,"10,000",0,"10,000","10,000"
"=""060410""",可成永豐48購01  ,0,0,0,0,0,0,0,0,0,"10,000",0,0,0,"10,000",0,"10,000","10,000"
"=""059679""",一詮凱基45購02  ,0,0,0,0,0,0,0,0,0,"10,000",0,0,0,"10,000",0,"10,000","10,000"
"=""058715""",臺股指國票45購09,0,0,0,0,0,0,0,0,0,"10,000",0,0,0,"10,000",0,"10,000","10,000"
"=""059625""",永崴控元富45購05,0,0,0,0,0,0,0,0,0,"10,000",0,0,0,"10,000",0,"10,000","10,000"
"=""059706""",緯創富邦4B購02  ,0,0,0,0,0,0,0,0,0,"10,000",0,0,0,"10,000",0,"10,000","10,000"
"=""059716""",正崴群益47購02  ,0,0,0,0,0,0,0,0,0,"10,000",0,0,0,"10,000",0,"10,000","10,000"
"=""058837""",貿聯統一4C購02  ,0,0,0,0,0,0,0,0,0,"10,000",0,0,0,"25,000","15,000","10,000","10,000"
"=""059903""",冠德群益45購02  ,0,0,0,0,0,0,0,0,0,"10,000",0,0,0,"10,000",0,"10,000","10,000"
"=""059918""",世芯群益47購07  ,0,0,0,0,0,0,0,0,0,"10,000",0,0,0,"11,000","1,000","10,000","10,000"
"=""059901""",一詮群益45購05  ,0,0,0,0,0,0,0,0,0,"10,000",0,0,0,"10,000",0,"10,000","10,000"
"=""059879""",合機群益45購01  ,0,0,0,0,0,0,0,0,0,"10,000",0,0,0,"10,000",0,"10,000","10,000"
"=""058351""",元金2X國票46購02,0,0,0,0,0,0,0,0,0,"10,000",0,0,0,"10,000",0,"10,000","10,000"
"=""060232""",嘉澤凱基48購02  ,0,0,0,0,0,0,0,0,0,"10,000",0,0,0,"10,000",0,"10,000","10,000"
"=""060190""",世芯元大46購10  ,0,0,0,0,0,0,0,0,0,"10,000",0,0,0,"10,000",0,"10,000","10,000"
"=""068113""",創意元富47購03  ,0,0,0,0,0,0,0,0,0,"10,000",0,0,0,"10,000",0,"10,000","10,000"
"=""068290""",立隆電台新48購01,0,0,0,0,0,0,0,0,0,"10,000",0,0,0,"80,000","70,000","10,000","10,000"
"=""068221""",南亞科群益48購05,0,0,0,0,0,0,0,0,0,"10,000",0,0,0,"40,000","30,000","10,000","10,000"
"=""068239""",燿華國票48購01  ,0,0,0,0,0,0,0,0,0,"10,000",0,0,0,"10,000",0,"10,000","10,000"
"=""067903""",鴻海元大47購23  ,0,0,0,0,0,0,0,0,0,"10,000",0,0,0,"20,000","10,000","10,000","10,000"
"=""067920""",奇鋐元大4B購03  ,0,0,0,0,0,0,0,0,0,"10,000",0,0,0,"10,000",0,"10,000","10,000"
"=""067740""",大量群益47購01  ,0,0,0,0,0,0,0,0,0,"10,000",0,0,0,"10,000",0,"10,000","10,000"
"=""067788""",台化元富47購03  ,0,0,0,0,0,0,0,0,0,"10,000",0,0,0,"10,000",0,"10,000","10,000"
"=""060066""",臺股指凱基46購20,"10,000",0,"10,000",0,0,0,0,0,0,0,0,0,0,0,0,0,"10,000"
"=""067701""",台化元大47購05  ,0,0,0,0,0,0,0,0,0,"10,000",0,0,0,"10,000",0,"10,000","10,000"
"=""067483""",雄獅統一3B購02  ,0,0,0,0,0,0,0,0,0,"10,000",0,0,0,"10,000",0,"10,000","10,000"
"=""067421""",鴻海永豐47購15  ,0,0,0,0,0,0,0,0,0,"10,000",0,0,0,"10,000",0,"10,000","10,000"
"=""067303""",亞翔群益49購03  ,0,0,0,0,0,0,0,0,0,"10,000",0,0,0,"20,000","10,000","10,000","10,000"
"=""067634""",中磊統一51購01  ,0,0,0,0,0,0,0,0,0,"10,000",0,0,0,"10,000",0,"10,000","10,000"
"=""067617""",南亞統一51購03  ,0,0,0,0,0,0,0,0,0,"10,000",0,0,0,"10,000",0,"10,000","10,000"
"=""067613""",台塑化中信47購01,0,0,0,0,0,0,0,0,0,"10,000",0,0,0,"10,000",0,"10,000","10,000"
"=""067593""",台塑元富48購02  ,0,0,0,0,0,0,0,0,0,"10,000",0,0,0,"20,000","10,000","10,000","10,000"
"=""067637""",台塑化統一51購03,0,0,0,0,0,0,0,0,0,"10,000",0,0,0,"20,000","10,000","10,000","10,000"
"=""058466""",中石化國票46購03,0,0,0,0,0,0,0,0,0,"10,000",0,0,0,"10,000",0,"10,000","10,000"
"=""059556""",中華元大45購04  ,0,0,0,0,0,0,0,0,0,"10,000",0,0,0,"10,000",0,"10,000","10,000"
"=""058624""",皇昌永豐48購01  ,0,0,0,0,0,0,0,0,0,"10,000",0,0,0,"10,000",0,"10,000","10,000"
"=""041814""",凱美群益55購01  ,0,0,0,0,0,0,0,0,0,"10,000",0,0,0,"10,000",0,"10,000","10,000"
"=""041789""",緯創元大57購01  ,0,0,0,0,0,0,0,0,0,"10,000",0,0,0,"10,000",0,"10,000","10,000"
"=""041776""",立隆電元大54購03,0,0,0,0,0,0,0,0,0,"10,000",0,0,0,"10,000",0,"10,000","10,000"
"=""03291T""",台灣50群益33售07,0,0,0,0,0,0,0,0,0,"10,000",0,0,0,"10,000",0,"10,000","10,000"
"=""03242T""",漢翔群益33售02  ,0,0,0,0,0,0,0,0,0,"10,000",0,0,0,"10,000",0,"10,000","10,000"
"=""055980""",天虹國票46購03  ,0,0,0,0,0,0,0,0,0,"10,000",0,0,0,"10,000",0,"10,000","10,000"
"=""066916""",陽明群益47購04  ,0,0,0,0,0,0,0,0,0,"10,000",0,0,0,"10,000",0,"10,000","10,000"
"=""03093X""",永豐金元大61展01,0,0,0,0,0,0,0,0,0,"10,000",0,0,0,"10,000",0,"10,000","10,000"
"=""053458""",和益凱基45購01  ,0,0,0,0,0,0,0,0,0,"10,000",0,0,0,"10,000",0,"10,000","10,000"
"=""066993""",上銀凱基49購03  ,0,0,0,0,0,0,0,0,0,"10,000",0,0,0,"10,000",0,"10,000","10,000"
"=""03365T""",精英元富33售05  ,0,0,0,0,0,0,0,0,0,"10,000",0,0,0,"10,000",0,"10,000","10,000"
"=""03399T""",聯發科元大33售08,0,0,0,0,0,0,0,0,0,"10,000",0,0,0,"10,000",0,"10,000","10,000"
"=""03409T""",材料元富33售03  ,0,0,0,0,0,0,0,0,0,"10,000",0,0,0,"10,000",0,"10,000","10,000"
"=""067048""",世芯永豐47購11  ,0,0,0,0,0,0,0,0,0,"10,000",0,0,0,"10,000",0,"10,000","10,000"
"=""067111""",保瑞元富47購02  ,0,0,0,0,0,0,0,0,0,"10,000",0,0,0,"10,000",0,"10,000","10,000"
"=""067099""",宇隆元富4A購01  ,0,0,0,0,0,0,0,0,0,"10,000",0,0,0,"20,000","10,000","10,000","10,000"
"=""052122""",創意統一59購01  ,0,0,0,0,0,0,0,0,0,"10,000",0,0,0,"10,000",0,"10,000","10,000"
"=""053541""",T50反1元大49購03,0,0,0,0,0,0,0,0,0,"10,000",0,0,0,"10,000",0,"10,000","10,000"
"=""053553""",正新元大44購02  ,0,0,0,0,0,0,0,0,0,"10,000",0,0,0,"10,000",0,"10,000","10,000"
"=""041960""",乙盛國票55購02  ,0,0,0,0,0,0,0,0,0,"10,000",0,0,0,"10,000",0,"10,000","10,000"
"=""042031""",國巨中信59購04  ,0,0,0,0,0,0,0,0,0,"10,000",0,0,0,"20,000","10,000","10,000","10,000"
"=""065227""",廣宇凱基47購01  ,0,0,0,0,0,0,0,0,0,"10,000",0,0,0,"28,000","18,000","10,000","10,000"
"=""065238""",日電貿凱基4A購01,0,0,0,0,0,0,0,0,0,"10,000",0,0,0,"10,000",0,"10,000","10,000"
"=""065283""",彩晶永豐4A購01  ,0,0,0,0,0,0,0,0,0,"10,000",0,0,0,"20,000","10,000","10,000","10,000"
"=""065304""",金像電統一51購01,0,0,0,0,0,0,0,0,0,"10,000",0,0,0,"10,000",0,"10,000","10,000"
"=""065319""",威盛群益3C購03  ,0,0,0,0,0,0,0,0,0,"10,000",0,0,0,"42,000","32,000","10,000","10,000"
"=""042975""",SP黃豆群益61購01,0,0,0,0,0,0,0,0,0,"10,000",0,0,0,"10,000",0,"10,000","10,000"
"=""042941""",台積電元大55購07,0,0,0,0,0,0,0,0,0,"10,000",0,0,0,"10,000",0,"10,000","10,000"
"=""04260T""",大立光元大35售14,0,0,0,0,0,0,0,0,0,"10,000",0,0,0,"50,000","40,000","10,000","10,000"
"=""042603""",微星凱基56購01  ,0,0,0,0,0,0,0,0,0,"10,000",0,0,0,"20,000","10,000","10,000","10,000"
"=""03674T""",緯穎元富34售05  ,0,0,0,0,0,0,0,0,0,"10,000",0,0,0,"10,000",0,"10,000","10,000"
"=""065094""",威盛統一3B購03  ,0,0,0,0,0,0,0,0,0,"10,000",0,0,0,"10,000",0,"10,000","10,000"
"=""043243""",奇鋐永豐55購06  ,0,0,0,0,0,0,0,0,0,"10,000",0,0,0,"10,000",0,"10,000","10,000"
"=""04311T""",威盛統一39售08  ,0,0,0,0,0,0,0,0,0,"10,000",0,0,0,"10,000",0,"10,000","10,000"
"=""065698""",威盛群益3B購01  ,0,0,0,0,0,0,0,0,0,"10,000",0,0,0,"10,000",0,"10,000","10,000"
"=""065681""",中租凱基49購01  ,0,0,0,0,0,0,0,0,0,"10,000",0,0,0,"99,000","89,000","10,000","10,000"
"=""065662""",國巨凱基47購02  ,0,0,0,0,0,0,0,0,0,"10,000",0,0,0,"10,000",0,"10,000","10,000"
"=""065429""",長榮元大47購03  ,0,0,0,0,0,0,0,0,0,"10,000",0,0,0,"10,000",0,"10,000","10,000"
"=""065422""",台積電元大47購12,0,0,0,0,0,0,0,0,0,"10,000",0,0,0,"10,000",0,"10,000","10,000"
"=""065489""",威盛群益3C購04  ,0,0,0,0,0,0,0,0,0,"10,000",0,0,0,"10,000",0,"10,000","10,000"
"=""065486""",東哥國票4B購01  ,0,0,0,0,0,0,0,0,0,"10,000",0,0,0,"10,000",0,"10,000","10,000"
"=""065480""",凌華國票48購01  ,0,0,0,0,0,0,0,0,0,"10,000",0,0,0,"12,000","2,000","10,000","10,000"
"=""065390""",精成科統一43購01,0,0,0,0,0,0,0,0,0,"10,000",0,0,0,"10,000",0,"10,000","10,000"
"=""065353""",裕隆群益49購02  ,0,0,0,0,0,0,0,0,0,"10,000",0,0,0,"20,000","10,000","10,000","10,000"
"=""045401""",聯發科群益55購06,0,0,0,0,0,0,0,0,0,"10,000",0,0,0,"10,000",0,"10,000","10,000"
"=""045410""",臺股指群益55購18,0,0,0,0,0,0,0,0,0,"10,000",0,0,0,"10,000",0,"10,000","10,000"
"=""042118""",聯發科國票55購02,0,0,0,0,0,0,0,0,0,"10,000",0,0,0,"10,000",0,"10,000","10,000"
"=""045214""",大聯大凱基55購01,0,0,0,"10,000",0,"10,000",0,0,0,"10,000",0,0,0,"10,000",0,"10,000","10,000"
"=""045295""",聯鈞元大55購08  ,0,0,0,0,0,0,0,0,0,"10,000",0,0,0,"10,000",0,"10,000","10,000"
"=""035642""",宏�硌s益53購02  ,0,0,0,0,0,0,0,0,0,"10,000",0,0,0,"10,000",0,"10,000","10,000"
"=""03586T""",台光電元大33售36,0,0,0,0,0,0,0,0,0,"10,000",0,0,0,"10,000",0,"10,000","10,000"
"=""042440""",景碩富邦56購02  ,0,0,0,0,0,0,0,0,0,"10,000",0,0,0,"10,000",0,"10,000","10,000"
"=""038635""",祥碩凱基54購05  ,0,0,0,0,0,0,0,0,0,"10,000",0,0,0,"10,000",0,"10,000","10,000"
"=""038639""",臺股指凱基54購22,0,0,0,0,0,0,0,0,0,"10,000",0,0,0,"10,000",0,"10,000","10,000"
"=""038642""",仁寶群益54購01  ,0,0,0,0,0,0,0,0,0,"10,000",0,0,0,"10,000",0,"10,000","10,000"
"=""03845T""",臺股指群益34售49,0,0,0,0,0,0,0,0,0,"10,000",0,0,0,"10,000",0,"10,000","10,000"
"=""038585""",南寶國票55購02  ,0,0,0,0,0,0,0,0,0,"10,000",0,0,0,"10,000",0,"10,000","10,000"
"=""042528""",旺宏元大54購16  ,0,0,0,0,0,0,0,0,0,"10,000",0,0,0,"10,000",0,"10,000","10,000"
"=""042534""",漢唐元大54購09  ,0,0,0,0,0,0,0,0,0,"10,000",0,0,0,"10,000",0,"10,000","10,000"
"=""038744""",世芯中信58購01  ,0,0,0,0,0,0,0,0,0,"10,000",0,0,0,"10,000",0,"10,000","10,000"
"=""036177""",龍德船國票55購01,0,0,0,0,0,0,0,0,0,"10,000",0,0,0,"10,000",0,"10,000","10,000"
"=""03629B""",臺股指元大39熊03,0,0,0,0,0,0,0,0,0,"10,000",0,0,0,"20,000","10,000","10,000","10,000"
"=""036696""",華邦電元富54購03,0,0,0,0,0,0,0,0,0,"10,000",0,0,0,"10,000",0,"10,000","10,000"
"=""03657T""",瑞鼎群益34售03  ,0,0,0,0,0,0,0,0,0,"10,000",0,0,0,"10,000",0,"10,000","10,000"
"=""044946""",智原元大55購05  ,0,0,0,0,0,0,0,0,0,"10,000",0,0,0,"10,000",0,"10,000","10,000"
"=""044948""",日電貿元大55購04,0,0,0,0,0,0,0,0,0,"10,000",0,0,0,"30,000","20,000","10,000","10,000"
"=""04495T""",聯發科統一39售03,0,0,0,0,0,0,0,0,0,"10,000",0,0,0,"10,000",0,"10,000","10,000"
"=""034531""",光寶科元富56購01,0,0,0,0,0,0,0,0,0,"10,000",0,0,0,"10,000",0,"10,000","10,000"
"=""041082""",富鼎元大54購04  ,0,0,0,0,0,0,0,0,0,"10,000",0,0,0,"10,000",0,"10,000","10,000"
"=""041173""",日月光群益56購01,0,0,0,0,0,0,0,0,0,"10,000",0,0,0,"10,000",0,"10,000","10,000"
"=""03233T""",技嘉元大34售11  ,0,0,0,0,0,0,0,0,0,"10,000",0,0,0,"10,000",0,"10,000","10,000"
"=""04120T""",緯創群益34售05  ,0,0,0,0,0,0,0,0,0,"10,000",0,0,0,"10,000",0,"10,000","10,000"
"=""03192T""",光寶科凱基34售07,0,0,0,0,0,0,0,0,0,"10,000",0,0,0,"10,000",0,"10,000","10,000"
"=""044733""",金像電元大55購02,0,0,0,0,0,0,0,0,0,"10,000",0,0,0,"30,000","20,000","10,000","10,000"
"=""044786""",至上元大55購07  ,0,0,0,0,0,0,0,0,0,"10,000",0,0,0,"10,000",0,"10,000","10,000"
"=""045643""",創意永豐45購02  ,0,0,0,0,0,0,0,0,0,"10,000",0,0,0,"10,000",0,"10,000","10,000"
"=""066632""",鴻海永豐48購07  ,0,0,0,0,0,0,0,0,0,"10,000",0,0,0,"10,000",0,"10,000","10,000"
"=""066581""",景碩元富47購01  ,0,0,0,0,0,0,0,0,0,"10,000",0,0,0,"10,000",0,"10,000","10,000"
"=""066669""",中興電凱基47購01,0,0,0,0,0,0,0,0,0,"10,000",0,0,0,"10,000",0,"10,000","10,000"
"=""066812""",穎崴統一51購01  ,0,0,0,0,0,0,0,0,0,"10,000",0,0,0,"10,000",0,"10,000","10,000"
"=""066185""",國巨永豐47購03  ,0,0,0,0,0,0,0,0,0,"10,000",0,0,0,"10,000",0,"10,000","10,000"
"=""03706T""",健策國票35售01  ,0,0,0,0,0,0,0,0,0,"10,000",0,0,0,"10,000",0,"10,000","10,000"
"=""036931""",寶成元富53購01  ,0,0,0,0,0,0,0,0,0,"10,000",0,0,0,"20,000","10,000","10,000","10,000"
"=""066152""",嘉澤統一57購01  ,0,0,0,0,0,0,0,0,0,"10,000",0,0,0,"10,000",0,"10,000","10,000"
"=""066147""",華晶科統一51購05,0,0,0,0,0,0,0,0,0,"10,000",0,0,0,"55,000","45,000","10,000","10,000"
"=""066197""",精成科永豐51購01,0,0,0,0,0,0,0,0,0,"10,000",0,0,0,"10,000",0,"10,000","10,000"
"=""03758T""",台積電元大34售37,0,0,0,0,0,0,0,0,0,"10,000",0,0,0,"10,000",0,"10,000","10,000"
"=""037262""",華泰凱基53購01  ,0,0,0,0,0,0,0,0,0,"10,000",0,0,0,"10,000",0,"10,000","10,000"
"=""038111""",力成元大53購02  ,0,0,0,0,0,0,0,0,0,"10,000",0,0,0,"10,000",0,"10,000","10,000"
"=""038155""",鈺邦元富56購01  ,0,0,0,0,0,0,0,0,0,"10,000",0,0,0,"20,000","10,000","10,000","10,000"
"=""066263""",華通元大51購01  ,0,0,0,0,0,0,0,0,0,"10,000",0,0,0,"10,000",0,"10,000","10,000"
"=""03799T""",台灣50群益34售06,0,0,0,0,0,0,0,0,0,"10,000",0,0,0,"110,000","100,000","10,000","10,000"
"=""03791T""",創意兆豐34售03  ,0,0,0,0,0,0,0,0,0,"10,000",0,0,0,"11,000","1,000","10,000","10,000"
"=""066361""",皇昌元富47購02  ,0,0,0,0,0,0,0,0,0,"10,000",0,0,0,"10,000",0,"10,000","10,000"
"=""066314""",滬深2X永豐48購04,0,0,0,0,0,0,0,0,0,"10,000",0,0,0,"10,000",0,"10,000","10,000"
"=""041647""",鴻海富邦56購01  ,0,0,0,0,0,0,0,0,0,"10,000",0,0,0,"10,000",0,"10,000","10,000"
"=""03072T""",臺股指永豐35售02,0,0,0,0,0,0,0,0,0,"10,000",0,0,0,"10,000",0,"10,000","10,000"
"=""065962""",燿華元大47購03  ,0,0,0,0,0,0,0,0,0,"10,000",0,0,0,"61,000","51,000","10,000","10,000"
"=""065794""",A50正2國泰48購01,0,0,0,0,0,0,0,0,0,"10,000",0,0,0,"20,000","10,000","10,000","10,000"
"=""00775B""",新光投等債15+   ,"9,000",0,"9,000",0,0,0,0,0,0,"1,000",0,0,0,"3,000","2,000","1,000","10,000"
"=""065842""",精成科統一51購03,0,0,0,0,0,0,0,0,0,"10,000",0,0,0,"10,000",0,"10,000","10,000"
"=""065879""",威盛群益43購01  ,0,0,0,0,0,0,0,0,0,"10,000",0,0,0,"10,000",0,"10,000","10,000"
"=""065056""",碩天元大47購02  ,0,0,0,0,0,0,0,0,0,"10,000",0,0,0,"10,000",0,"10,000","10,000"
"=""064908""",台積電凱基49購06,0,0,0,0,0,0,0,0,0,"10,000",0,0,0,"10,000",0,"10,000","10,000"
"=""064838""",佳世達永豐51購01,0,0,0,0,0,0,0,0,0,"10,000",0,0,0,"10,000",0,"10,000","10,000"
"=""064516""",緯創統一3C購01  ,0,0,0,0,0,0,0,0,0,"10,000",0,0,0,"10,000",0,"10,000","10,000"
"=""064608""",鴻海凱基5C購01  ,0,0,0,0,0,0,0,0,0,"10,000",0,0,0,"10,000",0,"10,000","10,000"
"=""064609""",廣宇凱基46購01  ,0,0,0,0,0,0,0,0,0,"10,000",0,0,0,"10,000",0,"10,000","10,000"
"=""04418T""",材料元大35售06  ,0,0,0,0,0,0,0,0,0,"10,000",0,0,0,"10,000",0,"10,000","10,000"
"=""044157""",康舒元大5A購03  ,0,0,0,0,0,0,0,0,0,"10,000",0,0,0,"10,000",0,"10,000","10,000"
"=""04057T""",臺股指凱基3A售11,0,0,0,0,0,0,0,0,0,"10,000",0,0,0,"10,000",0,"10,000","10,000"
"=""040178""",佳能永豐56購02  ,0,0,0,0,0,0,0,0,0,"10,000",0,0,0,"10,000",0,"10,000","10,000"
"=""043825""",奇鋐兆豐55購02  ,0,0,0,0,0,0,0,0,0,"10,000",0,0,0,"10,000",0,"10,000","10,000"
"=""041004""",元金2X凱基56購02,0,0,0,0,0,0,0,0,0,"10,000",0,0,0,"15,000","5,000","10,000","10,000"
"=""04083T""",健策國票35售02  ,0,0,0,0,0,0,0,0,0,"10,000",0,0,0,"10,000",0,"10,000","10,000"
"=""064345""",南電凱基48購01  ,0,0,0,0,0,0,0,0,0,"10,000",0,0,0,"18,000","8,000","10,000","10,000"
"=""041064""",緯創元大54購28  ,0,0,0,0,0,0,0,0,0,"10,000",0,0,0,"10,000",0,"10,000","10,000"
"=""064375""",智能車元富46購01,0,0,0,0,0,0,0,0,0,"10,000",0,0,0,"10,000",0,"10,000","10,000"
"=""064456""",玉晶光元大46購10,0,0,0,0,0,0,0,0,0,"10,000",0,0,0,"17,000","7,000","10,000","10,000"
"=""064480""",台塑群益46購07  ,0,0,0,0,0,0,0,0,0,"10,000",0,0,0,"10,000",0,"10,000","10,000"
"=""063900""",達發元大4B購01  ,0,0,0,0,0,0,0,0,0,"10,000",0,0,0,"10,000",0,"10,000","10,000"
"=""059024""",長榮中信47購01  ,0,0,0,0,0,0,0,0,0,"10,000",0,0,0,"10,000",0,"10,000","10,000"
"=""058972""",台泥國票46購01  ,0,0,0,0,0,0,0,0,0,"10,000",0,0,0,"15,000","5,000","10,000","10,000"
"=""063841""",台積電群益5C購04,0,0,0,0,0,0,0,0,0,"10,000",0,0,0,"10,000",0,"10,000","10,000"
"=""051777""",滬深2X中信43購01,0,0,0,0,0,0,0,0,0,"10,000",0,0,0,"10,000",0,"10,000","10,000"
"=""051736""",上緯控元大43購02,0,0,0,0,0,0,0,0,0,"10,000",0,0,0,"10,000",0,"10,000","10,000"
"=""059313""",金像電群益47購01,0,0,0,0,0,0,0,0,0,"10,000",0,0,0,"25,000","15,000","10,000","10,000"
"=""064244""",全新群益46購12  ,0,0,0,0,0,0,0,0,0,"10,000",0,0,0,"10,000",0,"10,000","10,000"
"=""064235""",潤隆群益46購01  ,0,0,0,0,0,0,0,0,0,"10,000",0,0,0,"10,000",0,"10,000","10,000"
"=""064222""",元晶永豐48購01  ,0,0,0,0,0,0,0,0,0,"10,000",0,0,0,"10,000",0,"10,000","10,000"
"=""064081""",祥碩元大46購07  ,0,0,0,0,0,0,0,0,0,"10,000",0,0,0,"10,000",0,"10,000","10,000"
"=""064082""",亞翔元大46購02  ,0,0,0,0,0,0,0,0,0,"10,000",0,0,0,"10,000",0,"10,000","10,000"
"=""059183""",陽明元大45購11  ,0,0,0,"10,000",0,"10,000",0,0,0,"10,000",0,0,0,"10,000",0,"10,000","10,000"
"=""059162""",華城元大45購06  ,0,0,0,0,0,0,0,0,0,"10,000",0,0,0,"10,000",0,"10,000","10,000"
"=""063987""",致茂元富46購03  ,0,0,0,0,0,0,0,0,0,"10,000",0,0,0,"10,000",0,"10,000","10,000"
"=""054254""",群創富邦46購01  ,0,0,0,0,0,0,0,0,0,"10,000",0,0,0,"20,000","10,000","10,000","10,000"
"=""043806""",臺股指國票55購04,0,0,0,0,0,0,0,0,0,"10,000",0,0,0,"10,000",0,"10,000","10,000"
"=""040015""",力成元富54購01  ,0,0,0,0,0,0,0,0,0,"10,000",0,0,0,"10,000",0,"10,000","10,000"
"=""03953T""",台積電富邦38售04,0,0,0,0,0,0,0,0,0,"10,000",0,0,0,"10,000",0,"10,000","10,000"
"=""039567""",定穎控元富54購02,0,0,0,0,0,0,0,0,0,"10,000",0,0,0,"10,000",0,"10,000","10,000"
"=""039720""",華邦電國泰55購01,0,0,0,0,0,0,0,0,0,"10,000",0,0,0,"20,000","10,000","10,000","10,000"
"=""054088""",美時富邦47購01  ,0,0,0,0,0,0,0,0,0,"10,000",0,0,0,"20,000","10,000","10,000","10,000"
"=""054037""",上銀元大46購02  ,0,0,0,0,0,0,0,0,0,"10,000",0,0,0,"10,000",0,"10,000","10,000"
"=""044439""",致茂元大58購01  ,0,0,0,0,0,0,0,0,0,"10,000",0,0,0,"10,000",0,"10,000","10,000"
"=""051896""",富邦金兆豐44購02,0,0,0,0,0,0,0,0,0,"10,000",0,0,0,"10,000",0,"10,000","10,000"
"=""059391""",大同中信45購01  ,0,0,0,0,0,0,0,0,0,"10,000",0,0,0,"14,000","4,000","10,000","10,000"
"=""059335""",台灣50元大45購17,0,0,0,0,0,0,0,0,0,"10,000",0,0,0,"10,000",0,"10,000","10,000"
4576,大銀微系統      ,"22,000","12,000","10,000",0,0,0,0,0,0,0,0,0,0,0,0,0,"10,000"
3528,安馳            ,"13,000","3,000","10,000",0,0,0,0,0,0,0,0,0,0,0,0,0,"10,000"
"=""063719""",台化中信46購02  ,0,0,0,0,0,0,0,0,0,"10,000",0,0,0,"10,000",0,"10,000","10,000"
"=""051605""",冠德國票44購02  ,0,0,0,0,0,0,0,0,0,"10,000",0,0,0,"10,000",0,"10,000","10,000"
"=""051633""",新日興元富43購03,0,0,0,0,0,0,0,0,0,"10,000",0,0,0,"10,000",0,"10,000","10,000"
"=""051573""",昇貿元富44購02  ,0,0,0,"10,000",0,"10,000",0,0,0,"10,000",0,0,0,"10,000",0,"10,000","10,000"
"=""051585""",台積電國泰45購16,0,0,0,0,0,0,0,0,0,"10,000",0,0,0,"10,000",0,"10,000","10,000"
"=""051592""",陽明統一49購04  ,0,0,0,0,0,0,0,0,0,"10,000",0,0,0,"10,000",0,"10,000","10,000"
6625,必應            ,"142,000","132,000","10,000",0,0,0,0,0,0,0,0,0,0,0,0,0,"10,000"
8112A,至上甲特        ,0,0,0,0,0,0,"10,000",0,"10,000",0,0,0,0,0,0,0,"10,000"
"=""051475""",建漢元大46購01  ,0,0,0,0,0,0,0,0,0,"10,000",0,0,0,"10,000",0,"10,000","10,000"
"=""052768""",材料凱基44購03  ,0,0,0,0,0,0,0,0,0,"10,000",0,0,0,"10,000",0,"10,000","10,000"
"=""052642""",滬深反中信46購01,0,0,0,0,0,0,0,0,0,"10,000",0,0,0,"10,000",0,"10,000","10,000"
"=""052659""",創見永豐45購01  ,0,0,0,0,0,0,0,0,0,"10,000",0,0,0,"10,000",0,"10,000","10,000"
"=""052599""",陽明元大44購05  ,0,0,0,0,0,0,0,0,0,"10,000",0,0,0,"10,000",0,"10,000","10,000"
"=""052427""",長華元大43購14  ,0,0,0,0,0,0,0,0,0,"10,000",0,0,0,"10,000",0,"10,000","10,000"
"=""052357""",十銓永豐46購01  ,0,0,0,0,0,0,0,0,0,"10,000",0,0,0,"10,000",0,"10,000","10,000"
"=""053187""",億豐國票45購01  ,0,0,0,0,0,0,0,0,0,"10,000",0,0,0,"10,000",0,"10,000","10,000"
"=""053261""",百和元大44購02  ,0,0,0,0,0,0,0,0,0,"10,000",0,0,0,"10,000",0,"10,000","10,000"
"=""053040""",萬海元大44購06  ,0,0,0,0,0,0,0,0,0,"10,000",0,0,0,"26,000","16,000","10,000","10,000"
"=""052943""",世紀鋼凱基44購03,0,0,0,0,0,0,0,0,0,"10,000",0,0,0,"10,000",0,"10,000","10,000"
"=""052249""",華航國泰46購01  ,0,0,0,0,0,0,0,0,0,"10,000",0,0,0,"10,000",0,"10,000","10,000"
"=""052200""",上証2X元富49購02,0,0,0,0,0,0,0,0,0,"10,000",0,0,0,"10,000",0,"10,000","10,000"
"=""052277""",世芯元富43購11  ,"10,000",0,"10,000",0,0,0,0,0,0,0,0,0,0,0,0,0,"10,000"
"=""052185""",臻鼎國票43購02  ,0,0,0,0,0,0,0,0,0,"10,000",0,0,0,"10,000",0,"10,000","10,000"
"=""056424""",華新科群益45購01,0,0,0,0,0,0,0,0,0,"10,000",0,0,0,"10,000",0,"10,000","10,000"
"=""051346""",美指2X凱基45購02,0,0,0,0,0,0,0,0,0,"10,000",0,0,0,"10,000",0,"10,000","10,000"
"=""051372""",威盛元大43購11  ,0,0,0,0,0,0,0,0,0,"10,000",0,0,0,"10,000",0,"10,000","10,000"
"=""051197""",達興群益45購03  ,0,0,0,0,0,0,0,0,0,"10,000",0,0,0,"10,000",0,"10,000","10,000"
"=""051107""",達興群益45購02  ,0,0,0,0,0,0,0,0,0,"10,000",0,0,0,"10,000",0,"10,000","10,000"
"=""049279""",威盛凱基43購07  ,0,0,0,0,0,0,0,0,0,"10,000",0,0,0,"100,000","90,000","10,000","10,000"
"=""04925T""",四維航國票37售03,0,0,0,0,0,0,0,0,0,"10,000",0,0,0,"10,000",0,"10,000","10,000"
"=""049263""",材料元大48購03  ,0,0,0,0,0,0,0,0,0,"10,000",0,0,0,"10,000",0,"10,000","10,000"
"=""04926T""",晶心科國票36售02,0,0,0,0,0,0,0,0,0,"10,000",0,0,0,"10,000",0,"10,000","10,000"
"=""062969""",聯發科元大46購12,0,0,0,0,0,0,0,0,0,"10,000",0,0,0,"10,000",0,"10,000","10,000"
"=""049005""",上銀永豐43購01  ,0,0,0,0,0,0,0,0,0,"10,000",0,0,0,"10,000",0,"10,000","10,000"
"=""048979""",聯茂元大43購04  ,0,0,0,"10,000",0,"10,000",0,0,0,"10,000",0,0,0,"10,000",0,"10,000","10,000"
"=""048912""",技嘉中信43購01  ,0,0,0,0,0,0,0,0,0,"10,000",0,0,0,"10,000",0,"10,000","10,000"
"=""048809""",定穎控凱基42購02,0,0,0,0,0,0,0,0,0,"10,000",0,0,0,"20,000","10,000","10,000","10,000"
"=""048681""",上銀凱基43購04  ,0,0,0,0,0,0,0,0,0,"10,000",0,0,0,"10,000",0,"10,000","10,000"
"=""048793""",美債2X凱基4A購01,0,0,0,0,0,0,0,0,0,"10,000",0,0,0,"10,000",0,"10,000","10,000"
"=""048338""",順德群益44購01  ,0,0,0,0,0,0,0,0,0,"10,000",0,0,0,"10,000",0,"10,000","10,000"
"=""048226""",大立光元富42購05,0,0,0,0,0,0,0,0,0,"10,000",0,0,0,"20,000","10,000","10,000","10,000"
"=""048449""",緯穎元大43購12  ,0,0,0,0,0,0,0,0,0,"10,000",0,0,0,"40,000","30,000","10,000","10,000"
"=""048644""",台積電元大43購95,0,0,0,0,0,0,0,0,0,"10,000",0,0,0,"11,000","1,000","10,000","10,000"
"=""047867""",亞翔凱基43購08  ,0,0,0,0,0,0,0,0,0,"10,000",0,0,0,"10,000",0,"10,000","10,000"
"=""04791T""",聯發科永豐37售05,0,0,0,0,0,0,0,0,0,"10,000",0,0,0,"10,000",0,"10,000","10,000"
"=""04781T""",瑞昱凱基35售05  ,0,0,0,0,0,0,0,0,0,"10,000",0,0,0,"10,000",0,"10,000","10,000"
"=""047707""",亞光元大47購01  ,0,0,0,0,0,0,0,0,0,"10,000",0,0,0,"10,000",0,"10,000","10,000"
"=""048074""",創意統一48購04  ,0,0,0,0,0,0,0,0,0,"10,000",0,0,0,"10,000",0,"10,000","10,000"
"=""049545""",世芯元大43購35  ,0,0,0,0,0,0,0,0,0,"10,000",0,0,0,"10,000",0,"10,000","10,000"
"=""063133""",長榮航凱基46購07,0,0,0,0,0,0,0,0,0,"10,000",0,0,0,"11,000","1,000","10,000","10,000"
"=""063240""",全新元大46購05  ,0,0,0,0,0,0,0,0,0,"10,000",0,0,0,"10,000",0,"10,000","10,000"
"=""063284""",世芯統一5C購01  ,0,0,0,0,0,0,0,0,0,"10,000",0,0,0,"31,000","21,000","10,000","10,000"
"=""063366""",臻鼎凱基46購07  ,0,0,0,0,0,0,0,0,0,"10,000",0,0,0,"10,000",0,"10,000","10,000"
"=""063291""",微星中信46購01  ,0,0,0,0,0,0,0,0,0,"10,000",0,0,0,"10,000",0,"10,000","10,000"
"=""050164""",龍德船國票44購01,0,0,0,0,0,0,0,0,0,"10,000",0,0,0,"14,000","4,000","10,000","10,000"
"=""050146""",達興凱基43購01  ,0,0,0,0,0,0,0,0,0,"10,000",0,0,0,"20,000","10,000","10,000","10,000"
"=""063430""",大成鋼元大46購05,0,0,0,0,0,0,0,0,0,"10,000",0,0,0,"10,000",0,"10,000","10,000"
"=""050028""",創意國票44購03  ,0,0,0,0,0,0,0,0,0,"10,000",0,0,0,"10,000",0,"10,000","10,000"
"=""050029""",盛群國票44購01  ,0,0,0,0,0,0,0,0,0,"10,000",0,0,0,"10,000",0,"10,000","10,000"
"=""049926""",台化永豐44購01  ,0,0,0,0,0,0,0,0,0,"10,000",0,0,0,"10,000",0,"10,000","10,000"
"=""050066""",T50反1中信49購03,0,0,0,0,0,0,0,0,0,"10,000",0,0,0,"10,000",0,"10,000","10,000"
"=""063419""",愛普群益46購05  ,0,0,0,0,0,0,0,0,0,"10,000",0,0,0,"10,000",0,"10,000","10,000"
"=""050348""",精英富邦45購01  ,0,0,0,0,0,0,0,0,0,"10,000",0,0,0,"10,000",0,"10,000","10,000"
"=""050325""",SGBR2X永豐45購01,0,0,0,0,0,0,0,0,0,"10,000",0,0,0,"10,000",0,"10,000","10,000"
"=""050218""",上緯控群益43購02,0,0,0,0,0,0,0,0,0,"10,000",0,0,0,"10,000",0,"10,000","10,000"
"=""050250""",科妍凱基43購01  ,0,0,0,0,0,0,0,0,0,"10,000",0,0,0,"10,000",0,"10,000","10,000"
"=""063532""",臻鼎國票46購03  ,0,0,0,0,0,0,0,0,0,"10,000",0,0,0,"56,000","46,000","10,000","10,000"
"=""054787""",長榮凱基44購08  ,0,0,0,0,0,0,0,0,0,"10,000",0,0,0,"60,000","50,000","10,000","10,000"
"=""05608U""",緯穎群益57售01  ,0,0,0,0,0,0,0,0,0,"10,000",0,0,0,"10,000",0,"10,000","10,000"
"=""056068""",訊舟群益46購01  ,0,0,0,0,0,0,0,0,0,"10,000",0,0,0,"20,000","10,000","10,000","10,000"
"=""056132""",聯發科國泰46購08,0,0,0,0,0,0,0,0,0,"10,000",0,0,0,"10,000",0,"10,000","10,000"
"=""055620""",鴻準國票46購01  ,0,0,0,0,0,0,0,0,0,"10,000",0,0,0,"10,000",0,"10,000","10,000"
"=""053444""",威盛永豐46購02  ,0,0,0,0,0,0,0,0,0,"10,000",0,0,0,"10,000",0,"10,000","10,000"
"=""053286""",迅得中信44購01  ,0,0,0,0,0,0,0,0,0,"10,000",0,0,0,"10,000",0,"10,000","10,000"
"=""053364""",辛耘統一47購04  ,0,0,0,0,0,0,0,0,0,"10,000",0,0,0,"10,000",0,"10,000","10,000"
2491,吉祥全          ,"12,000",0,"12,000",0,0,0,0,0,0,"-2,000","1,000","3,000","-2,000",0,0,0,"10,000"
"=""056195""",技嘉群益42購03  ,0,0,0,0,0,0,0,0,0,"10,000",0,0,0,"10,000",0,"10,000","10,000"
"=""056188""",陽明國票46購02  ,0,0,0,0,0,0,0,0,0,"10,000",0,0,0,"10,000",0,"10,000","10,000"
"=""056189""",陽明國票46購03  ,0,0,0,0,0,0,0,0,0,"10,000",0,0,0,"10,000",0,"10,000","10,000"
"=""056288""",矽格國票46購01  ,0,0,0,0,0,0,0,0,0,"10,000",0,0,0,"10,000",0,"10,000","10,000"
"=""050902""",所羅門國票43購01,0,0,0,0,0,0,0,0,0,"10,000",0,0,0,"10,000",0,"10,000","10,000"
"=""050667""",華航統一41購01  ,0,0,0,0,0,0,0,0,0,"10,000",0,0,0,"10,000",0,"10,000","10,000"
"=""050687""",正崴元富49購01  ,0,0,0,0,0,0,0,0,0,"10,000",0,0,0,"10,000",0,"10,000","10,000"
"=""050578""",T50反1元大43購06,0,0,0,0,0,0,0,0,0,"10,000",0,0,0,"10,000",0,"10,000","10,000"
"=""050563""",台塑國票44購01  ,0,0,0,0,0,0,0,0,0,"10,000",0,0,0,"10,000",0,"10,000","10,000"
"=""050564""",台光電國票44購03,0,0,0,0,0,0,0,0,0,"10,000",0,0,0,"10,000",0,"10,000","10,000"
"=""050534""",中信金元富46購01,0,0,0,0,0,0,0,0,0,"10,000",0,0,0,"10,000",0,"10,000","10,000"
6504,南六            ,"14,000","5,006","8,994",0,0,0,0,0,0,"1,000","1,000",0,"1,000",0,0,0,"9,994"
"=""00876""",元大全球5G      ,"139,000","60,000","79,000",0,0,0,0,0,0,"-69,158",0,0,0,"66,842","136,000","-69,158","9,842"
3592,瑞鼎            ,"105,000","125,000","-20,000",0,0,0,"24,000","1,000","23,000","6,353","39,535","33,149","6,386",0,33,-33,"9,353"
"=""063740""",南亞科國票47購04,0,0,0,0,0,0,0,0,0,"9,000",0,0,0,"24,000","15,000","9,000","9,000"
"=""053057""",迅得元大44購01  ,0,0,0,0,0,0,0,0,0,"9,000",0,0,0,"9,000",0,"9,000","9,000"
"=""053191""",滬深2X元富44購08,0,0,0,0,0,0,0,0,0,"9,000",0,0,0,"9,000",0,"9,000","9,000"
"=""052488""",台泥永豐45購01  ,0,0,0,0,0,0,0,0,0,"9,000",0,0,0,"9,000",0,"9,000","9,000"
"=""064250""",玉晶光群益46購05,0,0,0,0,0,0,0,0,0,"9,000",0,0,0,"9,000",0,"9,000","9,000"
9937,全國            ,"9,000",0,"9,000",0,0,0,0,0,0,0,0,0,0,0,0,0,"9,000"
9930,中聯資源        ,"13,000","4,000","9,000",0,0,0,0,0,0,0,0,0,0,0,0,0,"9,000"
"=""064063""",晟銘電元大46購03,0,0,0,0,0,0,0,0,0,"9,000",0,0,0,"63,000","54,000","9,000","9,000"
"=""064060""",鉅祥元大46購03  ,0,0,0,0,0,0,0,0,0,"9,000",0,0,0,"9,000",0,"9,000","9,000"
"=""059136""",金融類凱基45購01,0,0,0,0,0,0,0,0,0,"9,000",0,0,0,"94,000","85,000","9,000","9,000"
"=""058978""",友訊國票46購04  ,0,0,0,0,0,0,0,0,0,"9,000",0,0,0,"10,000","1,000","9,000","9,000"
"=""063914""",A50正2中信46購02,0,0,0,0,0,0,0,0,0,"9,000",0,0,0,"9,000",0,"9,000","9,000"
"=""050471""",復盛凱基45購01  ,0,0,0,0,0,0,0,0,0,"9,000",0,0,0,"9,000",0,"9,000","9,000"
"=""050989""",中信金國票44購02,0,0,0,0,0,0,0,0,0,"9,000",0,0,0,"9,000",0,"9,000","9,000"
1539,巨庭            ,"13,000","4,000","9,000",0,0,0,0,0,0,0,0,0,0,0,0,0,"9,000"
"=""056125""",大亞國泰46購01  ,0,0,0,0,0,0,0,0,0,"9,000",0,0,0,"9,000",0,"9,000","9,000"
2431,聯昌            ,"17,000","3,000","14,000",0,0,0,0,0,0,"-5,000","1,000","6,000","-5,000",0,0,0,"9,000"
"=""055768""",訊芯富邦46購03  ,0,0,0,0,0,0,0,0,0,"9,000",0,0,0,"9,000",0,"9,000","9,000"
"=""047832""",京元電群益44購01,0,0,0,0,0,0,0,0,0,"9,000",0,0,0,"9,000",0,"9,000","9,000"
"=""048396""",華通國泰44購03  ,0,0,0,0,0,0,0,0,0,"9,000",0,0,0,"9,000",0,"9,000","9,000"
"=""064405""",神達統一56購01  ,0,0,0,0,0,0,0,0,0,"9,000",0,0,0,"11,000","2,000","9,000","9,000"
"=""04070T""",台灣50元富34售05,0,0,0,0,0,0,0,0,0,"9,000",0,0,0,"51,000","42,000","9,000","9,000"
"=""044174""",建準統一6B購01  ,0,0,0,0,0,0,0,0,0,"9,000",0,0,0,"11,000","2,000","9,000","9,000"
"=""064544""",聯發科富邦4C購01,0,0,0,0,0,0,0,0,0,"9,000",0,0,0,"80,000","71,000","9,000","9,000"
"=""064795""",燿華元大47購02  ,0,0,0,0,0,0,0,0,0,"9,000",0,0,0,"89,000","80,000","9,000","9,000"
"=""064933""",晶心科凱基47購01,0,0,0,0,0,0,0,0,0,"9,000",0,0,0,"11,000","2,000","9,000","9,000"
"=""00707R""",期元大S&P日圓反1,0,0,0,0,0,0,0,0,0,"9,000",0,0,0,"16,000","7,000","9,000","9,000"
"=""020032""",元大綠能N       ,0,0,0,0,0,0,0,0,0,"9,000",0,0,0,"9,000",0,"9,000","9,000"
"=""066281""",世芯元大4A購03  ,0,0,0,0,0,0,0,0,0,"9,000",0,0,0,"9,000",0,"9,000","9,000"
"=""066648""",聯發科統一51購03,0,0,0,0,0,0,0,0,0,"9,000",0,0,0,"10,000","1,000","9,000","9,000"
"=""066697""",材料凱基47購07  ,0,0,0,0,0,0,0,0,0,"9,000",0,0,0,"33,000","24,000","9,000","9,000"
"=""066442""",南電統一51購03  ,0,0,0,0,0,0,0,0,0,"9,000",0,0,0,"14,000","5,000","9,000","9,000"
"=""03226T""",大同群益33售03  ,0,0,0,0,0,0,0,0,0,"9,000",0,0,0,"10,000","1,000","9,000","9,000"
"=""041165""",富邦金群益5A購01,0,0,0,0,0,0,0,0,0,"9,000",0,0,0,"9,000",0,"9,000","9,000"
"=""045766""",亞翔群益42購03  ,0,0,0,0,0,0,0,0,0,"9,000",0,0,0,"50,000","41,000","9,000","9,000"
"=""04508T""",電子類國票35售07,0,0,0,0,0,0,0,0,0,"9,000",0,0,0,"9,000",0,"9,000","9,000"
"=""04238T""",創意國票36售02  ,0,0,0,0,0,0,0,0,0,"9,000",0,0,0,"9,000",0,"9,000","9,000"
"=""065467""",愛山林國票48購01,0,0,0,0,0,0,0,0,0,"9,000",0,0,0,"9,000",0,"9,000","9,000"
"=""065513""",富鼎永豐47購01  ,0,0,0,0,0,0,0,0,0,"9,000",0,0,0,"13,000","4,000","9,000","9,000"
"=""065652""",台灣50凱基4B購01,0,0,0,0,0,0,0,0,0,"9,000",0,0,0,"10,000","1,000","9,000","9,000"
"=""065112""",聯強中信49購01  ,0,0,0,0,0,0,0,0,0,"9,000",0,0,0,"10,000","1,000","9,000","9,000"
"=""036818""",華城凱基53購03  ,0,0,0,"10,000","1,000","9,000",0,0,0,"9,000",0,0,0,"10,000","1,000","9,000","9,000"
"=""065163""",彩晶群益4B購01  ,0,0,0,0,0,0,0,0,0,"9,000",0,0,0,"13,000","4,000","9,000","9,000"
"=""067171""",神達元大51購01  ,0,0,0,0,0,0,0,0,0,"9,000",0,0,0,"9,000",0,"9,000","9,000"
"=""066963""",聯發科元大47購14,0,0,0,0,0,0,0,0,0,"9,000",0,0,0,"29,000","20,000","9,000","9,000"
"=""03312T""",臺股指元大36售21,0,0,0,0,0,0,0,0,0,"9,000",0,0,0,"10,000","1,000","9,000","9,000"
"=""033137""",川湖元大54購01  ,0,0,0,0,0,0,0,0,0,"9,000",0,0,0,"10,000","1,000","9,000","9,000"
"=""067222""",上証2X永豐51購01,"9,000",0,"9,000",0,0,0,0,0,0,0,0,0,0,0,0,0,"9,000"
"=""067387""",台灣50元富47購13,0,0,0,0,0,0,0,0,0,"9,000",0,0,0,"9,000",0,"9,000","9,000"
"=""067475""",愛普凱基47購07  ,0,0,0,0,0,0,0,0,0,"9,000",0,0,0,"9,000",0,"9,000","9,000"
"=""067925""",矽力元大49購01  ,0,0,0,0,0,0,0,0,0,"9,000",0,0,0,"10,000","1,000","9,000","9,000"
"=""068228""",玉晶光群益48購01,0,0,0,0,0,0,0,0,0,"9,000",0,0,0,"10,000","1,000","9,000","9,000"
"=""057641""",貿聯凱基45購03  ,0,0,0,0,0,0,0,0,0,"9,000",0,0,0,"9,000",0,"9,000","9,000"
"=""058813""",皇翔台新45購01  ,0,0,0,0,0,0,0,0,0,"9,000",0,0,0,"330,000","321,000","9,000","9,000"
"=""059837""",皇昌凱基47購02  ,0,0,0,0,0,0,0,0,0,"9,000",0,0,0,"19,000","10,000","9,000","9,000"
"=""060748""",中華元大4C購01  ,0,0,0,0,0,0,0,0,0,"9,000",0,0,0,"32,000","23,000","9,000","9,000"
"=""060729""",嘉澤群益4A購02  ,0,0,0,0,0,0,0,0,0,"9,000",0,0,0,"9,000",0,"9,000","9,000"
"=""068673""",鴻準永豐4B購02  ,0,0,0,0,0,0,0,0,0,"9,000",0,0,0,"9,000",0,"9,000","9,000"
"=""060846""",中興電永豐48購01,"9,000",0,"9,000",0,0,0,0,0,0,0,0,0,0,0,0,0,"9,000"
"=""061286""",鉅祥永豐47購01  ,0,0,0,0,0,0,0,0,0,"9,000",0,0,0,"9,000",0,"9,000","9,000"
"=""061436""",訊芯元富46購02  ,0,0,0,0,0,0,0,0,0,"9,000",0,0,0,"9,000",0,"9,000","9,000"
"=""061417""",訊芯群益47購02  ,0,0,0,0,0,0,0,0,0,"9,000",0,0,0,"414,000","405,000","9,000","9,000"
"=""062127""",亞德客國票46購01,0,0,0,0,0,0,0,0,0,"9,000",0,0,0,"19,000","10,000","9,000","9,000"
"=""06937U""",臺股指國泰56售02,0,0,0,0,0,0,0,0,0,"9,000",0,0,0,"19,000","10,000","9,000","9,000"
"=""061887""",義隆元大46購02  ,0,0,0,0,0,0,0,0,0,"9,000",0,0,0,"77,000","68,000","9,000","9,000"
"=""057364""",富鼎群益47購02  ,0,0,0,0,0,0,0,0,0,"9,000",0,0,0,"9,000",0,"9,000","9,000"
"=""056668""",世芯國票47購05  ,0,0,0,0,0,0,0,0,0,"9,000",0,0,0,"9,000",0,"9,000","9,000"
"=""057201""",華航永豐45購03  ,0,0,0,0,0,0,0,0,0,"9,000",0,0,0,"11,000","2,000","9,000","9,000"
"=""057323""",天虹元大4A購01  ,0,0,0,0,0,0,0,0,0,"9,000",0,0,0,"10,000","1,000","9,000","9,000"
"=""056982""",世芯元富4B購03  ,0,0,0,0,0,0,0,0,0,"9,000",0,0,0,"9,000",0,"9,000","9,000"
"=""056865""",智易凱基45購01  ,0,0,0,0,0,0,0,0,0,"9,000",0,0,0,"10,000","1,000","9,000","9,000"
"=""061536""",三福化中信46購01,0,0,0,0,0,0,0,0,0,"9,000",0,0,0,"36,000","27,000","9,000","9,000"
"=""062233""",T50反1凱基46購06,0,0,0,0,0,0,0,0,0,"9,000",0,0,0,"14,000","5,000","9,000","9,000"
"=""062437""",元晶永豐47購01  ,0,0,0,0,0,0,0,0,0,"9,000",0,0,0,"10,000","1,000","9,000","9,000"
"=""062712""",台灣50元富46購17,0,0,0,0,0,0,0,0,0,"9,000",0,0,0,"9,000",0,"9,000","9,000"
"=""046548""",新日興凱基43購04,0,0,0,0,0,0,0,0,0,"9,000",0,0,0,"9,000",0,"9,000","9,000"
"=""046705""",智原元富42購03  ,0,0,0,0,0,0,0,0,0,"9,000",0,0,0,"19,000","10,000","9,000","9,000"
"=""057889""",中砂國票46購03  ,0,0,0,0,0,0,0,0,0,"9,000",0,0,0,"9,000",0,"9,000","9,000"
"=""057973""",國票金群益46購01,0,0,0,0,0,0,0,0,0,"9,000",0,0,0,"12,000","3,000","9,000","9,000"
"=""07715U""",元金2X凱基36售01,0,0,0,0,0,0,0,0,0,"9,000",0,0,0,"34,000","25,000","9,000","9,000"
"=""055214""",一詮永豐47購01  ,0,0,0,0,0,0,0,0,0,"9,000",0,0,0,"9,000",0,"9,000","9,000"
"=""055067""",威盛群益4A購01  ,0,0,0,0,0,0,0,0,0,"9,000",0,0,0,"10,000","1,000","9,000","9,000"
"=""055370""",川湖凱基44購04  ,0,0,0,0,0,0,0,0,0,"9,000",0,0,0,"93,000","84,000","9,000","9,000"
"=""054557""",大銀永豐45購01  ,0,0,0,0,0,0,0,0,0,"9,000",0,0,0,"9,000",0,"9,000","9,000"
3376,新日興          ,"1,030,000","1,172,763","-142,763",0,0,0,"55,000",0,"55,000","96,064","109,000","12,936","96,064","3,000","3,000",0,"8,301"
8021,尖點            ,"38,000","29,000","9,000",0,0,0,0,0,0,-700,0,700,-700,0,0,0,"8,300"
6869,雲豹能源        ,"7,000",0,"7,000",0,0,0,0,0,0,"1,000","1,000",0,"1,000","1,000","1,000",0,"8,000"
6698,旭暉應材        ,"35,000","24,000","11,000",0,0,0,0,0,0,"-3,000",0,"3,000","-3,000",0,0,0,"8,000"
3305,昇貿            ,"569,000","677,000","-108,000",0,0,0,0,0,0,"116,000","25,000",0,"25,000","91,000",0,"91,000","8,000"
3494,誠研            ,"8,000",0,"8,000",0,0,0,0,0,0,0,0,0,0,0,0,0,"8,000"
"=""052578""",滬深2X富邦47購01,0,0,0,0,0,0,0,0,0,"8,000",0,0,0,"8,000",0,"8,000","8,000"
"=""052646""",滬深2X永豐44購08,0,0,0,0,0,0,0,0,0,"8,000",0,0,0,"43,000","35,000","8,000","8,000"
"=""053176""",華城國票45購01  ,0,0,0,0,0,0,0,0,0,"8,000",0,0,0,"8,000",0,"8,000","8,000"
"=""051253""",緯穎富邦47購01  ,0,0,0,0,0,0,0,0,0,"8,000",0,0,0,"8,000",0,"8,000","8,000"
"=""063769""",昆盈元富46購01  ,0,0,0,0,0,0,0,0,0,"8,000",0,0,0,"8,000",0,"8,000","8,000"
"=""063852""",世芯群益4C購06  ,0,0,0,0,0,0,0,0,0,"8,000",0,0,0,"11,000","3,000","8,000","8,000"
"=""064101""",宇隆群益48購02  ,0,0,0,0,0,0,0,0,0,"8,000",0,0,0,"24,000","16,000","8,000","8,000"
"=""064167""",上銀元富4C購03  ,0,0,0,0,0,0,0,0,0,"8,000",0,0,0,"60,000","52,000","8,000","8,000"
"=""059274""",漢唐永豐46購02  ,0,0,0,0,0,0,0,0,0,"8,000",0,0,0,"8,000",0,"8,000","8,000"
"=""054121""",京元電群益44購03,0,0,0,0,0,0,0,0,0,"8,000",0,0,0,"8,000",0,"8,000","8,000"
"=""048312""",欣興元大45購03  ,0,0,0,0,0,0,0,0,0,"8,000",0,0,0,"10,000","2,000","8,000","8,000"
"=""063039""",臺股指法興46購12,0,0,0,0,0,0,0,0,0,"8,000",0,0,0,"354,000","346,000","8,000","8,000"
"=""049099""",材料元大47購04  ,0,0,0,0,0,0,0,0,0,"8,000",0,0,0,"8,000",0,"8,000","8,000"
"=""049189""",國泰金兆豐44購01,0,0,0,0,0,0,0,0,0,"8,000",0,0,0,"8,000",0,"8,000","8,000"
"=""063320""",華通國票47購02  ,0,0,0,0,0,0,0,0,0,"8,000",0,0,0,"60,000","52,000","8,000","8,000"
"=""063153""",鴻海元富4C購03  ,0,0,0,0,0,0,0,0,0,"8,000",0,0,0,"8,000",0,"8,000","8,000"
2033,佳大            ,"3,000","1,000","2,000",0,0,0,0,0,0,"6,000","6,000",0,"6,000",0,0,0,"8,000"
"=""056106""",嘉澤元大44購07  ,0,0,0,0,0,0,0,0,0,"8,000",0,0,0,"229,000","221,000","8,000","8,000"
"=""053323""",滬深2X群益44購04,0,0,0,0,0,0,0,0,0,"8,000",0,0,0,"20,000","12,000","8,000","8,000"
"=""053305""",元大金凱基44購01,0,0,0,0,0,0,0,0,0,"8,000",0,0,0,"10,000","2,000","8,000","8,000"
"=""055600""",三福化凱基44購01,0,0,0,0,0,0,0,0,0,"8,000",0,0,0,"8,000",0,"8,000","8,000"
"=""050368""",萬海元大49購02  ,0,0,0,0,0,0,0,0,0,"8,000",0,0,0,"8,000",0,"8,000","8,000"
"=""064918""",聯詠凱基47購01  ,0,0,0,0,0,0,0,0,0,"8,000",0,0,0,"8,000",0,"8,000","8,000"
"=""064978""",智原富邦49購01  ,0,0,0,0,0,0,0,0,0,"8,000",0,0,0,"8,000",0,"8,000","8,000"
"=""04414T""",飛宏元大36售01  ,0,0,0,0,0,0,0,0,0,"8,000",0,0,0,"8,000",0,"8,000","8,000"
"=""064374""",FANG+元富4C購01 ,0,0,0,0,0,0,0,0,0,"8,000",0,0,0,"23,000","15,000","8,000","8,000"
"=""065070""",復盛元大47購02  ,0,0,0,0,0,0,0,0,0,"8,000",0,0,0,"26,000","18,000","8,000","8,000"
1414,東和            ,"7,000","9,000","-2,000",0,0,0,0,0,0,"10,000","10,000",0,"10,000",0,0,0,"8,000"
1110,東泥            ,"21,000","11,000","10,000",0,0,0,0,0,0,"-2,000",0,"2,000","-2,000",0,0,0,"8,000"
"=""054383""",建準凱基46購01  ,0,0,0,0,0,0,0,0,0,"8,000",0,0,0,"8,000",0,"8,000","8,000"
"=""047478""",亞光元大44購03  ,0,0,0,0,0,0,0,0,0,"8,000",0,0,0,"14,000","6,000","8,000","8,000"
"=""047679""",景碩富邦44購04  ,0,0,0,0,0,0,0,0,0,"8,000",0,0,0,"26,000","18,000","8,000","8,000"
"=""08398U""",大同元大31售06  ,0,0,0,0,0,0,0,0,0,"8,000",0,0,0,"8,000",0,"8,000","8,000"
"=""08012U""",滬深2X元大33售03,0,0,0,0,0,0,0,0,0,"8,000",0,0,0,"10,000","2,000","8,000","8,000"
"=""054986""",上証2X國票45購23,0,0,0,0,0,0,0,0,0,"8,000",0,0,0,"11,000","3,000","8,000","8,000"
"=""08251U""",漢翔凱基31售06  ,0,0,0,0,0,0,0,0,0,"8,000",0,0,0,"8,000",0,"8,000","8,000"
"=""055137""",萬海兆豐46購02  ,0,0,0,0,0,0,0,0,0,"8,000",0,0,0,"10,000","2,000","8,000","8,000"
"=""062947""",名軒元大46購03  ,0,0,0,0,0,0,0,0,0,"8,000",0,0,0,"40,000","32,000","8,000","8,000"
"=""047326""",欣興元大44購06  ,0,0,0,0,0,0,0,0,0,"8,000",0,0,0,"8,000",0,"8,000","8,000"
"=""062794""",臺指反元大46購02,0,0,0,0,0,0,0,0,0,"8,000",0,0,0,"8,000",0,"8,000","8,000"
"=""04592T""",台灣50元富35售10,0,0,0,0,0,0,0,0,0,"8,000",0,0,0,"23,000","15,000","8,000","8,000"
"=""071389""",台塑化元大48購02,0,0,0,0,0,0,0,0,0,"8,000",0,0,0,"8,000",0,"8,000","8,000"
"=""062182""",鴻海永豐47購10  ,0,0,0,0,0,0,0,0,0,"8,000",0,0,0,"8,000",0,"8,000","8,000"
"=""057487""",T50正2凱基49購01,0,0,0,0,0,0,0,0,0,"8,000",0,0,0,"8,000",0,"8,000","8,000"
"=""046791""",鴻海元富43購07  ,0,0,0,0,0,0,0,0,0,"8,000",0,0,0,"12,000","4,000","8,000","8,000"
"=""069093""",威盛元大49購08  ,0,0,0,0,0,0,0,0,0,"8,000",0,0,0,"8,000",0,"8,000","8,000"
"=""069356""",亞翔凱基4C購01  ,0,0,0,0,0,0,0,0,0,"8,000",0,0,0,"11,000","3,000","8,000","8,000"
"=""069278""",華碩元富48購03  ,0,0,0,0,0,0,0,0,0,"8,000",0,0,0,"18,000","10,000","8,000","8,000"
"=""061259""",南亞科凱基47購01,0,0,0,0,0,0,0,0,0,"8,000",0,0,0,"8,000",0,"8,000","8,000"
"=""068791""",昇陽半富邦49購01,0,0,0,0,0,0,0,0,0,"8,000",0,0,0,"112,000","104,000","8,000","8,000"
"=""060771""",瀚宇博兆豐3A購01,0,0,0,0,0,0,0,0,0,"8,000",0,0,0,"16,000","8,000","8,000","8,000"
"=""068668""",華城永豐4A購01  ,0,0,0,0,0,0,0,0,0,"8,000",0,0,0,"9,000","1,000","8,000","8,000"
"=""068617""",高力凱基3A購01  ,0,0,0,0,0,0,0,0,0,"8,000",0,0,0,"8,000",0,"8,000","8,000"
"=""068567""",祥碩國票48購02  ,0,0,0,0,0,0,0,0,0,"8,000",0,0,0,"123,000","115,000","8,000","8,000"
"=""060743""",東鹼元大46購01  ,0,0,0,0,0,0,0,0,0,"8,000",0,0,0,"10,000","2,000","8,000","8,000"
"=""060511""",元債2X凱基56購01,0,0,0,0,0,0,0,0,0,"8,000",0,0,0,"8,000",0,"8,000","8,000"
"=""059731""",世紀鋼群益45購08,0,0,0,0,0,0,0,0,0,"8,000",0,0,0,"8,000",0,"8,000","8,000"
"=""058621""",鴻海永豐45購10  ,0,0,0,0,0,0,0,0,0,"8,000",0,0,0,"111,000","103,000","8,000","8,000"
"=""058305""",啟�痐舅j45購02  ,0,0,0,0,0,0,0,0,0,"8,000",0,0,0,"100,000","92,000","8,000","8,000"
"=""068027""",台積電元大47購47,0,0,0,0,0,0,0,0,0,"8,000",0,0,0,"130,000","122,000","8,000","8,000"
"=""060087""",可成國票47購01  ,0,0,0,0,0,0,0,0,0,"8,000",0,0,0,"8,000",0,"8,000","8,000"
"=""060120""",T50正2群益46購01,0,0,0,0,0,0,0,0,0,"8,000",0,0,0,"9,000","1,000","8,000","8,000"
"=""060114""",創意富邦46購01  ,0,0,0,0,0,0,0,0,0,"8,000",0,0,0,"8,000",0,"8,000","8,000"
"=""055948""",世芯元大44購21  ,0,0,0,0,0,0,0,0,0,"8,000",0,0,0,"60,000","52,000","8,000","8,000"
"=""054918""",雲豹群益44購01  ,0,0,0,0,0,0,0,0,0,"8,000",0,0,0,"38,000","30,000","8,000","8,000"
"=""067137""",香港2X永豐3B購01,0,0,0,0,0,0,0,0,0,"8,000",0,0,0,"10,000","2,000","8,000","8,000"
"=""067125""",亞翔統一3B購01  ,0,0,0,0,0,0,0,0,0,"8,000",0,0,0,"8,000",0,"8,000","8,000"
"=""03368T""",定穎控元富33售04,0,0,0,0,0,0,0,0,0,"8,000",0,0,0,"388,000","380,000","8,000","8,000"
"=""041794""",和碩元大54購01  ,0,0,0,0,0,0,0,0,0,"8,000",0,0,0,"48,000","40,000","8,000","8,000"
"=""053526""",亞光群益44購02  ,"8,000",0,"8,000",0,0,0,0,0,0,0,0,0,0,0,0,0,"8,000"
"=""065333""",帆宣統一55購01  ,0,0,0,0,0,0,0,0,0,"8,000",0,0,0,"50,000","42,000","8,000","8,000"
"=""04274T""",威盛凱基39售02  ,0,0,0,0,0,0,0,0,0,"8,000",0,0,0,"8,000",0,"8,000","8,000"
"=""065532""",鈺齊統一51購01  ,0,0,0,0,0,0,0,0,0,"8,000",0,0,0,"11,000","3,000","8,000","8,000"
"=""038702""",鴻海台新54購01  ,0,0,0,0,0,0,0,0,0,"8,000",0,0,0,"8,000",0,"8,000","8,000"
"=""038706""",美時國泰55購01  ,0,0,0,0,0,0,0,0,0,"8,000",0,0,0,"10,000","2,000","8,000","8,000"
"=""045784""",富華新凱基45購01,0,0,0,0,0,0,0,0,0,"8,000",0,0,0,"70,000","62,000","8,000","8,000"
"=""045837""",緯創元大48購01  ,0,0,0,0,0,0,0,0,0,"8,000",0,0,0,"68,000","60,000","8,000","8,000"
"=""066557""",健策凱基48購01  ,0,0,0,0,0,0,0,0,0,"8,000",0,0,0,"13,000","5,000","8,000","8,000"
"=""066321""",全新永豐4A購01  ,0,0,0,0,0,0,0,0,0,"8,000",0,0,0,"14,000","6,000","8,000","8,000"
"=""037634""",昇陽半群益53購01,0,0,0,0,0,0,0,0,0,"8,000",0,0,0,"8,000",0,"8,000","8,000"
"=""01002T""",土銀國泰R1      ,0,"2,000","-2,000",0,0,0,0,0,0,"10,000","10,000",0,"10,000",0,0,0,"8,000"
"=""03017X""",元展17          ,0,0,0,0,0,0,0,0,0,"8,000",0,0,0,"8,000",0,"8,000","8,000"
"=""065733""",聯詠元大47購02  ,0,0,0,0,0,0,0,0,0,"8,000",0,0,0,"11,000","3,000","8,000","8,000"
"=""00660""",元大歐洲50      ,0,0,0,0,0,0,0,0,0,"8,000",0,0,0,"10,000","2,000","8,000","8,000"
4755,三福化          ,"13,000","5,000","8,000",0,0,0,0,0,0,-1,0,1,-1,0,0,0,"7,999"
2597,潤弘            ,"9,000","2,000","7,000",0,0,0,0,0,0,993,"1,000",7,993,0,0,0,"7,993"
1537,廣隆            ,"17,000","2,000","15,000",0,0,0,0,0,0,"-7,015",0,"7,015","-7,015",0,0,0,"7,985"
2423,固緯            ,"115,000","107,000","8,000",0,0,0,0,0,0,-16,0,0,0,2,18,-16,"7,984"
"=""00913""",兆豐台灣晶圓製造,0,0,0,0,0,0,0,0,0,"7,970",0,0,0,"118,201","110,231","7,970","7,970"
"=""00771""",元大US高息特別股,0,40,-40,0,0,0,0,0,0,"7,111",0,0,0,"8,111","1,000","7,111","7,071"
"=""065876""",亞德客第一47購02,0,0,0,0,0,0,0,0,0,"7,000",0,0,0,"7,000",0,"7,000","7,000"
"=""00702""",國泰標普低波高息,"86,000",0,"86,000",0,0,0,0,0,0,"-79,000",0,0,0,"100,000","179,000","-79,000","7,000"
"=""065939""",訊芯元富51購01  ,0,0,0,0,0,0,0,0,0,"7,000",0,0,0,"10,000","3,000","7,000","7,000"
"=""041480""",T50反1國票55購01,0,0,0,0,0,0,0,0,0,"7,000",0,0,0,"10,000","3,000","7,000","7,000"
"=""066244""",盟立國票48購02  ,0,0,0,0,0,0,0,0,0,"7,000",0,0,0,"7,000",0,"7,000","7,000"
"=""066345""",聯發科富邦51購01,0,0,0,0,0,0,0,0,0,"7,000",0,0,0,"78,000","71,000","7,000","7,000"
"=""066610""",奇鋐兆豐47購02  ,0,0,0,0,0,0,0,0,0,"7,000",0,0,0,"356,000","349,000","7,000","7,000"
"=""066640""",世芯永豐4A購05  ,0,0,0,0,0,0,0,0,0,"7,000",0,0,0,"30,000","23,000","7,000","7,000"
"=""04504T""",愛普國票37售01  ,0,0,0,0,0,0,0,0,0,"7,000",0,0,0,"10,000","3,000","7,000","7,000"
"=""04119T""",緯創群益34售04  ,0,0,0,0,0,0,0,0,0,"7,000",0,0,0,"7,000",0,"7,000","7,000"
"=""03835T""",臺股指元大36售46,0,0,0,0,0,0,0,0,0,"7,000",0,0,0,"21,000","14,000","7,000","7,000"
"=""045304""",祥碩元大55購05  ,0,0,0,0,0,0,0,0,0,"7,000",0,0,0,"7,000",0,"7,000","7,000"
"=""065618""",中鋼群益47購01  ,0,0,0,0,0,0,0,0,0,"7,000",0,0,0,"7,000",0,"7,000","7,000"
"=""043122""",川湖群益55購03  ,0,0,0,0,0,0,0,0,0,"7,000",0,0,0,"7,000",0,"7,000","7,000"
"=""067089""",奇鋐兆豐48購01  ,0,0,0,0,0,0,0,0,0,"7,000",0,0,0,"7,000",0,"7,000","7,000"
"=""067086""",光寶科兆豐51購01,0,0,0,0,0,0,0,0,0,"7,000",0,0,0,"28,000","21,000","7,000","7,000"
"=""055927""",鴻海元大44購38  ,0,0,0,0,0,0,0,0,0,"7,000",0,0,0,"16,000","9,000","7,000","7,000"
"=""067428""",大成鋼兆豐3B購01,0,0,0,0,0,0,0,0,0,"7,000",0,0,0,"7,000",0,"7,000","7,000"
"=""067538""",智邦群益47購04  ,0,0,0,0,0,0,0,0,0,"7,000",0,0,0,"15,000","8,000","7,000","7,000"
"=""067913""",裕民元大47購02  ,0,0,0,0,0,0,0,0,0,"7,000",0,0,0,"65,000","58,000","7,000","7,000"
"=""058890""",鴻海元大45購33  ,0,0,0,0,0,0,0,0,0,"7,000",0,0,0,"7,000",0,"7,000","7,000"
"=""058892""",英業達元大45購08,0,0,0,0,0,0,0,0,0,"7,000",0,0,0,"7,000",0,"7,000","7,000"
"=""058673""",全新元富45購02  ,0,0,0,0,0,0,0,0,0,"7,000",0,0,0,"7,000",0,"7,000","7,000"
"=""060428""",玉晶光元富4C購01,0,0,0,0,0,0,0,0,0,"7,000",0,0,0,"18,000","11,000","7,000","7,000"
"=""060551""",國泰金富邦48購01,0,0,0,0,0,0,0,0,0,"7,000",0,0,0,"7,000",0,"7,000","7,000"
"=""068686""",力積電永豐4A購01,0,0,0,0,0,0,0,0,0,"7,000",0,0,0,"7,000",0,"7,000","7,000"
"=""060822""",智邦兆豐48購01  ,0,0,0,0,0,0,0,0,0,"7,000",0,0,0,"98,000","91,000","7,000","7,000"
"=""068440""",臺指反凱基4A購02,0,0,0,0,0,0,0,0,0,"7,000",0,0,0,"7,000",0,"7,000","7,000"
"=""069307""",致茂國票49購02  ,0,0,0,0,0,0,0,0,0,"7,000",0,0,0,"8,000","1,000","7,000","7,000"
"=""061795""",迅得富邦48購01  ,0,0,0,0,0,0,0,0,0,"7,000",0,0,0,"24,000","17,000","7,000","7,000"
"=""061774""",道瓊反國票47購01,0,0,0,0,0,0,0,0,0,"7,000",0,0,0,"7,000",0,"7,000","7,000"
"=""061833""",國企2X群益4A購03,0,0,0,0,0,0,0,0,0,"7,000",0,0,0,"7,000",0,"7,000","7,000"
"=""062031""",台塑國泰48購01  ,0,0,0,0,0,0,0,0,0,"7,000",0,0,0,"37,000","30,000","7,000","7,000"
"=""062028""",泰金寶國票46購01,0,0,0,0,0,0,0,0,0,"7,000",0,0,0,"31,000","24,000","7,000","7,000"
"=""061612""",欣興台新46購01  ,0,0,0,0,0,0,0,0,0,"7,000",0,0,0,"19,000","12,000","7,000","7,000"
"=""069109""",立積元大4A購02  ,0,0,0,0,0,0,0,0,0,"7,000",0,0,0,"7,000",0,"7,000","7,000"
"=""061697""",精誠群益48購01  ,0,0,0,0,0,0,0,0,0,"7,000",0,0,0,"7,000",0,"7,000","7,000"
"=""061573""",精誠凱基46購01  ,0,0,0,0,0,0,0,0,0,"7,000",0,0,0,"7,000",0,"7,000","7,000"
"=""062532""",冠德國票47購02  ,0,0,0,0,0,0,0,0,0,"7,000",0,0,0,"7,000",0,"7,000","7,000"
"=""062705""",達發永豐48購01  ,0,0,0,0,0,0,0,0,0,"7,000",0,0,0,"27,000","20,000","7,000","7,000"
"=""04685T""",大立光元富35售03,0,0,0,0,0,0,0,0,0,"7,000",0,0,0,"86,000","79,000","7,000","7,000"
"=""04630T""",祥碩元大35售09  ,0,0,0,0,0,0,0,0,0,"7,000",0,0,0,"7,000",0,"7,000","7,000"
"=""057438""",緯創中信45購03  ,0,0,0,0,0,0,0,0,0,"7,000",0,0,0,"7,000",0,"7,000","7,000"
"=""057818""",緯穎元富46購02  ,0,0,0,0,0,0,0,0,0,"7,000",0,0,0,"17,000","10,000","7,000","7,000"
"=""056806""",長榮兆豐47購01  ,0,0,0,0,0,0,0,0,0,"7,000",0,0,0,"7,000",0,"7,000","7,000"
"=""062801""",鴻海元大46購21  ,0,0,0,0,0,0,0,0,0,"7,000",0,0,0,"8,000","1,000","7,000","7,000"
"=""062819""",世芯元大46購20  ,0,0,0,0,0,0,0,0,0,"7,000",0,0,0,"7,000",0,"7,000","7,000"
"=""062849""",臺股指中信4B購02,0,0,0,0,0,0,0,0,0,"7,000",0,0,0,"25,000","18,000","7,000","7,000"
"=""047035""",三陽永豐43購01  ,0,0,0,0,0,0,0,0,0,"7,000",0,0,0,"7,000",0,"7,000","7,000"
"=""062914""",聯發科凱基46購09,0,0,0,0,0,0,0,0,0,"7,000",0,0,0,"7,000",0,"7,000","7,000"
"=""055224""",SP黃豆凱基44購01,0,0,0,0,0,0,0,0,0,"7,000",0,0,0,"7,000",0,"7,000","7,000"
"=""047642""",聯詠國泰44購02  ,0,0,0,0,0,0,0,0,0,"7,000",0,0,0,"7,000",0,"7,000","7,000"
1464,得力            ,"11,000","4,000","7,000",0,0,0,0,0,0,0,0,0,0,0,0,0,"7,000"
1219,福壽            ,"36,000","29,000","7,000",0,0,0,0,0,0,0,0,0,0,0,0,0,"7,000"
"=""054577""",智易統一4C購01  ,0,0,0,0,0,0,0,0,0,"7,000",0,0,0,"7,000",0,"7,000","7,000"
"=""063630""",中磊群益47購01  ,0,0,0,0,0,0,0,0,0,"7,000",0,0,0,"79,000","72,000","7,000","7,000"
"=""056248""",威盛元大44購26  ,0,0,0,0,0,0,0,0,0,"7,000",0,0,0,"7,000",0,"7,000","7,000"
"=""050418""",辛耘國票44購02  ,0,0,0,0,0,0,0,0,0,"7,000",0,0,0,"7,000",0,"7,000","7,000"
"=""050928""",緯穎元富49購05  ,0,0,0,0,0,0,0,0,0,"7,000",0,0,0,"7,000",0,"7,000","7,000"
"=""050939""",台積電群益43購34,0,0,0,0,0,0,0,0,0,"7,000",0,0,0,"7,000",0,"7,000","7,000"
"=""050801""",奇鋐中信45購01  ,0,0,0,0,0,0,0,0,0,"7,000",0,0,0,"20,000","13,000","7,000","7,000"
"=""049699""",華通永豐45購03  ,0,0,0,0,0,0,0,0,0,"7,000",0,0,0,"120,000","113,000","7,000","7,000"
"=""049182""",TPK國票44購01   ,0,0,0,0,0,0,0,0,0,"7,000",0,0,0,"7,000",0,"7,000","7,000"
"=""04843T""",香港2X國票38售01,0,0,0,0,0,0,0,0,0,"7,000",0,0,0,"16,000","9,000","7,000","7,000"
"=""047913""",三商壽凱基42購01,0,0,0,0,0,0,0,0,0,"7,000",0,0,0,"7,000",0,"7,000","7,000"
"=""051606""",中信金國票44購03,0,0,0,0,0,0,0,0,0,"7,000",0,0,0,"7,000",0,"7,000","7,000"
"=""056430""",嘉澤群益47購02  ,0,0,0,0,0,0,0,0,0,"7,000",0,0,0,"7,000",0,"7,000","7,000"
"=""053160""",台光電國泰46購03,0,0,0,0,0,0,0,0,0,"7,000",0,0,0,"7,000",0,"7,000","7,000"
"=""052948""",台達化群益46購01,0,0,0,0,0,0,0,0,0,"7,000",0,0,0,"7,000",0,"7,000","7,000"
"=""052523""",國企2X群益48購02,0,0,0,0,0,0,0,0,0,"7,000",0,0,0,"7,000",0,"7,000","7,000"
"=""052418""",國泰金元大43購01,0,0,0,0,0,0,0,0,0,"7,000",0,0,0,"15,000","8,000","7,000","7,000"
"=""039433""",康舒國泰55購01  ,0,0,0,0,0,0,0,0,0,"7,000",0,0,0,"7,000",0,"7,000","7,000"
"=""040036""",創意國泰55購01  ,0,0,0,0,0,0,0,0,0,"7,000",0,0,0,"10,000","3,000","7,000","7,000"
"=""054314""",中砂群益46購01  ,0,0,0,0,0,0,0,0,0,"7,000",0,0,0,"7,000",0,"7,000","7,000"
"=""064258""",泰金寶群益4A購01,0,"10,000","-10,000",0,0,0,0,0,0,"17,000",0,0,0,"42,000","25,000","17,000","7,000"
"=""059384""",宏�皏�豐45購01  ,0,0,0,0,0,0,0,0,0,"7,000",0,0,0,"13,000","6,000","7,000","7,000"
"=""044501""",旺宏國票57購04  ,0,0,0,0,0,0,0,0,0,"7,000",0,0,0,"7,000",0,"7,000","7,000"
"=""051920""",矽統群益43購04  ,0,0,0,0,0,0,0,0,0,"7,000",0,0,0,"30,000","23,000","7,000","7,000"
"=""059192""",偉訓元大45購01  ,0,0,0,0,0,0,0,0,0,"7,000",0,0,0,"7,000",0,"7,000","7,000"
"=""063846""",盟立群益48購01  ,0,0,0,0,0,0,0,0,0,"7,000",0,0,0,"7,000",0,"7,000","7,000"
"=""051847""",旺宏元大43購05  ,0,0,0,0,0,0,0,0,0,"7,000",0,0,0,"7,000",0,"7,000","7,000"
4137,麗豐-KY         ,"26,000","20,000","6,000",0,0,0,0,0,0,878,"1,000",122,878,0,0,0,"6,878"
"=""00647L""",元大S&P500正2   ,0,0,0,0,0,0,0,0,0,"6,678",0,0,0,"20,001","13,323","6,678","6,678"
4912,聯德控股-KY     ,"26,000","22,000","4,000",0,0,0,0,0,0,"2,066","2,066",0,"2,066",0,0,0,"6,066"
4562,穎漢            ,"3,000",0,"3,000",0,0,0,0,0,0,"3,000","3,000",0,"3,000",0,0,0,"6,000"
3047,訊舟            ,"477,000","473,000","4,000",0,0,0,0,0,0,"2,000","2,000",0,"2,000",0,0,0,"6,000"
"=""051681""",敦泰凱基43購01  ,0,0,0,0,0,0,0,0,0,"6,000",0,0,0,"226,000","220,000","6,000","6,000"
"=""063644""",華通元大46購02  ,0,0,0,0,0,0,0,0,0,"6,000",0,0,0,"6,000",0,"6,000","6,000"
"=""063677""",台塑第一46購01  ,0,0,0,0,0,0,0,0,0,"6,000",0,0,0,"6,000",0,"6,000","6,000"
"=""051379""",碩天元大45購01  ,0,0,0,0,0,0,0,0,0,"6,000",0,0,0,"6,000",0,"6,000","6,000"
"=""051231""",亞光元大46購03  ,0,0,0,0,0,0,0,0,0,"6,000",0,0,0,"6,000",0,"6,000","6,000"
"=""063789""",臻鼎台新46購01  ,0,0,0,0,0,0,0,0,0,"6,000",0,0,0,"6,000",0,"6,000","6,000"
"=""064223""",訊芯永豐4C購01  ,0,0,0,0,0,0,0,0,0,"6,000",0,0,0,"18,000","12,000","6,000","6,000"
"=""053709""",國企2X群益44購06,0,0,0,0,0,0,0,0,0,"6,000",0,0,0,"6,000",0,"6,000","6,000"
"=""051864""",迅得元大43購03  ,0,0,0,0,0,0,0,0,0,"6,000",0,0,0,"6,000",0,"6,000","6,000"
"=""054200""",智原元富47購04  ,0,0,0,0,0,0,0,0,0,"6,000",0,0,0,"6,000",0,"6,000","6,000"
"=""039713""",華孚元大54購03  ,0,0,0,0,0,0,0,0,0,"6,000",0,0,0,"11,000","5,000","6,000","6,000"
"=""039964""",台達電群益58購02,0,0,0,0,0,0,0,0,0,"6,000",0,0,0,"6,000",0,"6,000","6,000"
"=""03925T""",滬深2X群益37售01,0,0,0,0,0,0,0,0,0,"6,000",0,0,0,"23,000","17,000","6,000","6,000"
"=""054161""",矽格永豐45購01  ,0,0,0,0,0,0,0,0,0,"6,000",0,0,0,"6,000",0,"6,000","6,000"
"=""054156""",長榮航永豐46購02,0,0,0,0,0,0,0,0,0,"6,000",0,0,0,"25,000","19,000","6,000","6,000"
"=""053964""",文曄永豐44購02  ,0,0,0,0,0,0,0,0,0,"6,000",0,0,0,"6,000",0,"6,000","6,000"
"=""054021""",日月光元富5A購01,0,0,0,0,0,0,0,0,0,"6,000",0,0,0,"6,000",0,"6,000","6,000"
"=""048466""",台灣50元富58購01,0,0,0,0,0,0,0,0,0,"6,000",0,0,0,"10,000","4,000","6,000","6,000"
"=""048656""",材料元大43購28  ,0,0,0,0,0,0,0,0,0,"6,000",0,0,0,"6,000",0,"6,000","6,000"
"=""063101""",台積電中信48購04,0,0,0,0,0,0,0,0,0,"6,000",0,0,0,"20,000","14,000","6,000","6,000"
"=""04885T""",慧洋元富36售03  ,0,0,0,0,0,0,0,0,0,"6,000",0,0,0,"6,000",0,"6,000","6,000"
"=""063364""",世芯凱基4C購02  ,0,0,0,0,0,0,0,0,0,"6,000",0,0,0,"6,000",0,"6,000","6,000"
"=""050227""",電子類群益43購04,0,0,0,0,0,0,0,0,0,"6,000",0,0,0,"20,000","14,000","6,000","6,000"
"=""050182""",健和興元大43購04,0,0,0,0,0,0,0,0,0,"6,000",0,0,0,"33,000","27,000","6,000","6,000"
"=""050718""",元油反國票43購01,0,0,0,0,0,0,0,0,0,"6,000",0,0,0,"30,000","24,000","6,000","6,000"
"=""050913""",融程電國票43購01,0,0,0,0,0,0,0,0,0,"6,000",0,0,0,"6,000",0,"6,000","6,000"
"=""050428""",台積電國泰45購09,0,0,0,0,0,0,0,0,0,"6,000",0,0,0,"210,000","204,000","6,000","6,000"
"=""050448""",怡利電群益45購01,0,0,0,0,0,0,0,0,0,"6,000",0,0,0,"6,000",0,"6,000","6,000"
"=""050560""",東哥凱基43購02  ,0,0,0,0,0,0,0,0,0,"6,000",0,0,0,"6,000",0,"6,000","6,000"
"=""056337""",T50正2凱基45購06,0,0,0,0,0,0,0,0,0,"6,000",0,0,0,"14,000","8,000","6,000","6,000"
2906,高林            ,"74,000","65,000","9,000",0,0,0,0,0,0,"-3,000",0,"3,000","-3,000",0,0,0,"6,000"
1909,榮成            ,"696,000","694,000","2,000",0,0,0,0,0,0,"4,000","9,000","5,000","4,000",0,0,0,"6,000"
2460,建通            ,"333,000","327,000","6,000",0,0,0,0,0,0,0,0,0,0,0,0,0,"6,000"
2032,新鋼            ,"7,000","3,000","4,000",0,0,0,0,0,0,"2,000","2,000",0,"2,000",0,0,0,"6,000"
2109,華豐            ,"8,000","2,000","6,000",0,0,0,0,0,0,0,0,0,0,0,0,0,"6,000"
"=""054707""",國泰金凱基49購01,0,0,0,0,0,0,0,0,0,"6,000",0,0,0,"150,000","144,000","6,000","6,000"
"=""043891""",旺宏統一65購01  ,0,0,0,0,0,0,0,0,0,"6,000",0,0,0,"6,000",0,"6,000","6,000"
"=""040165""",T50正2國泰55購01,0,0,0,0,0,0,0,0,0,"6,000",0,0,0,"6,000",0,"6,000","6,000"
"=""064996""",世紀鋼元富51購01,0,0,0,0,0,0,0,0,0,"6,000",0,0,0,"17,000","11,000","6,000","6,000"
"=""064587""",T50反1中信4C購02,0,0,0,0,0,0,0,0,0,"6,000",0,0,0,"6,000",0,"6,000","6,000"
"=""066119""",台塑統一51購03  ,0,0,0,0,0,0,0,0,0,"6,000",0,0,0,"11,000","5,000","6,000","6,000"
"=""041320""",台積電元富5A購06,0,0,0,0,0,0,0,0,0,"6,000",0,0,0,"12,000","6,000","6,000","6,000"
"=""066113""",祥碩凱基48購02  ,0,0,0,0,0,0,0,0,0,"6,000",0,0,0,"10,000","4,000","6,000","6,000"
"=""043715""",上緯控元大58購01,0,0,0,0,0,0,0,0,0,"6,000",0,0,0,"6,000",0,"6,000","6,000"
"=""043403""",矽格中信55購01  ,0,0,0,0,0,0,0,0,0,"6,000",0,0,0,"6,000",0,"6,000","6,000"
"=""066817""",中興電凱基47購02,0,0,0,0,0,0,0,0,0,"6,000",0,0,0,"14,000","8,000","6,000","6,000"
"=""066627""",矽力富邦4A購01  ,0,0,0,0,0,0,0,0,0,"6,000",0,0,0,"16,000","10,000","6,000","6,000"
"=""066544""",燿華凱基47購02  ,0,0,0,0,0,0,0,0,0,"6,000",0,0,0,"15,000","9,000","6,000","6,000"
"=""066455""",台積電元大49購07,0,0,0,0,0,0,0,0,0,"6,000",0,0,0,"6,000",0,"6,000","6,000"
"=""066139""",所羅門統一57購01,0,0,0,0,0,0,0,0,0,"6,000",0,0,0,"6,000",0,"6,000","6,000"
"=""043130""",台光電群益56購02,0,0,0,0,0,0,0,0,0,"6,000",0,0,0,"6,000",0,"6,000","6,000"
"=""065237""",晟銘電凱基49購01,0,0,0,0,0,0,0,0,0,"6,000",0,0,0,"7,000","1,000","6,000","6,000"
"=""065661""",鴻海凱基47購16  ,0,0,0,0,0,0,0,0,0,"6,000",0,0,0,"52,000","46,000","6,000","6,000"
"=""065479""",彩晶國票49購01  ,0,0,0,0,0,0,0,0,0,"6,000",0,0,0,"17,000","11,000","6,000","6,000"
"=""045397""",智邦群益55購16  ,0,0,0,0,0,0,0,0,0,"6,000",0,0,0,"6,000",0,"6,000","6,000"
"=""03859T""",臺股指法興34售14,"11,000","5,000","6,000",0,0,0,0,0,0,0,0,0,0,0,0,0,"6,000"
"=""04221T""",台光電富邦35售04,0,0,0,0,0,0,0,0,0,"6,000",0,0,0,"6,000",0,"6,000","6,000"
"=""038669""",宏�痐舅j54購02  ,0,0,0,0,0,0,0,0,0,"6,000",0,0,0,"6,000",0,"6,000","6,000"
"=""044846""",台化凱基55購01  ,0,0,0,0,0,0,0,0,0,"6,000",0,0,0,"6,000",0,"6,000","6,000"
"=""045181""",亞翔國泰56購02  ,0,0,0,0,0,0,0,0,0,"6,000",0,0,0,"16,000","10,000","6,000","6,000"
"=""058635""",元日2X凱基47購02,0,0,0,0,0,0,0,0,0,"6,000",0,0,0,"6,000",0,"6,000","6,000"
"=""058756""",高股息元大48購01,0,0,0,0,0,0,0,0,0,"6,000",0,0,0,"6,000",0,"6,000","6,000"
"=""059823""",中華凱基45購02  ,0,0,0,0,0,0,0,0,0,"6,000",0,0,0,"15,000","9,000","6,000","6,000"
"=""058291""",陽明元大45購07  ,0,0,0,0,0,0,0,0,0,"6,000",0,0,0,"6,000",0,"6,000","6,000"
"=""067870""",台塑群益4B購02  ,0,0,0,0,0,0,0,0,0,"6,000",0,0,0,"41,000","35,000","6,000","6,000"
"=""060111""",德律富邦49購01  ,0,0,0,0,0,0,0,0,0,"6,000",0,0,0,"6,000",0,"6,000","6,000"
"=""067789""",鴻海元富47購13  ,0,0,0,0,0,0,0,0,0,"6,000",0,0,0,"6,000",0,"6,000","6,000"
"=""068339""",大成鋼永豐48購01,0,0,0,0,0,0,0,0,0,"6,000",0,0,0,"6,000",0,"6,000","6,000"
"=""057625""",元金2X凱基46購01,0,0,0,0,0,0,0,0,0,"6,000",0,0,0,"326,000","320,000","6,000","6,000"
"=""068170""",富世達統一54購02,0,0,0,0,0,0,0,0,0,"6,000",0,0,0,"6,000",0,"6,000","6,000"
"=""067207""",國泰金凱基47購02,0,0,0,0,0,0,0,0,0,"6,000",0,0,0,"6,000",0,"6,000","6,000"
"=""056733""",創意群益47購02  ,0,0,0,0,0,0,0,0,0,"6,000",0,0,0,"6,000",0,"6,000","6,000"
"=""058433""",元晶統一53購02  ,0,0,0,0,0,0,0,0,0,"6,000",0,0,0,"9,000","3,000","6,000","6,000"
"=""059443""",陽明富邦48購03  ,0,0,0,0,0,0,0,0,0,"6,000",0,0,0,"9,000","3,000","6,000","6,000"
"=""054852""",鴻海元大44購26  ,0,0,0,0,0,0,0,0,0,"6,000",0,0,0,"6,000",0,"6,000","6,000"
"=""054834""",TPK國票45購02   ,0,0,0,0,0,0,0,0,0,"6,000",0,0,0,"151,000","145,000","6,000","6,000"
"=""067143""",台積電元大4B購05,0,0,0,0,0,0,0,0,0,"6,000",0,0,0,"6,000",0,"6,000","6,000"
"=""034218""",鈺邦國票54購01  ,0,0,0,0,0,0,0,0,0,"6,000",0,0,0,"6,000",0,"6,000","6,000"
"=""053623""",台光電凱基3B購03,0,0,0,0,0,0,0,0,0,"6,000",0,0,0,"6,000",0,"6,000","6,000"
1220,台榮            ,"10,000","4,000","6,000",0,0,0,0,0,0,0,0,0,0,0,0,0,"6,000"
1456,怡華            ,"9,000","5,000","4,000",0,0,0,0,0,0,"2,000","3,000","1,000","2,000",0,0,0,"6,000"
"=""08685U""",啟�痐葩I32售01  ,0,0,0,0,0,0,0,0,0,"6,000",0,0,0,"6,000",0,"6,000","6,000"
"=""08728U""",材料統一34售01  ,0,0,0,0,0,0,0,0,0,"6,000",0,0,0,"6,000",0,"6,000","6,000"
"=""055195""",京鼎國票45購04  ,0,0,0,0,0,0,0,0,0,"6,000",0,0,0,"6,000",0,"6,000","6,000"
"=""07961U""",長榮航群益33售04,0,0,0,0,0,0,0,0,0,"6,000",0,0,0,"6,000",0,"6,000","6,000"
"=""08046U""",一詮元大31售03  ,0,0,0,0,0,0,0,0,0,"6,000",0,0,0,"6,000",0,"6,000","6,000"
"=""062810""",聯發科元大46購10,0,0,0,0,0,0,0,0,0,"6,000",0,0,0,"6,000",0,"6,000","6,000"
"=""062808""",聯發科元大46購08,0,0,0,0,0,0,0,0,0,"6,000",0,0,0,"108,000","102,000","6,000","6,000"
"=""04594T""",華泰元富38售02  ,0,0,0,0,0,0,0,0,0,"6,000",0,0,0,"6,000",0,"6,000","6,000"
"=""058028""",建漢凱基46購01  ,0,0,0,0,0,0,0,0,0,"6,000",0,0,0,"6,000",0,"6,000","6,000"
"=""057991""",威盛富邦47購02  ,0,0,0,0,0,0,0,0,0,"6,000",0,0,0,"6,000",0,"6,000","6,000"
"=""062169""",京鼎中信48購01  ,0,0,0,0,0,0,0,0,0,"6,000",0,0,0,"10,000","4,000","6,000","6,000"
"=""07621U""",華擎群益32售03  ,0,0,0,0,0,0,0,0,0,"6,000",0,0,0,"6,000",0,"6,000","6,000"
"=""046449""",皇翔統一48購01  ,0,0,0,0,0,0,0,0,0,"6,000",0,0,0,"6,000",0,"6,000","6,000"
"=""062258""",景碩凱基48購01  ,0,0,0,0,0,0,0,0,0,"6,000",0,0,0,"73,000","67,000","6,000","6,000"
"=""062685""",鴻海永豐46購14  ,0,0,0,0,0,0,0,0,0,"6,000",0,0,0,"16,000","10,000","6,000","6,000"
"=""056537""",長榮永豐46購04  ,0,0,0,0,0,0,0,0,0,"6,000",0,0,0,"6,000",0,"6,000","6,000"
"=""057021""",長榮統一4A購02  ,0,0,0,0,0,0,0,0,0,"6,000",0,0,0,"6,000",0,"6,000","6,000"
"=""057304""",陽明元大45購03  ,0,0,0,0,0,0,0,0,0,"6,000",0,0,0,"6,000",0,"6,000","6,000"
"=""057061""",上銀元大45購04  ,0,0,0,0,0,0,0,0,0,"6,000",0,0,0,"6,000",0,"6,000","6,000"
"=""062024""",中租國票48購01  ,0,0,0,0,0,0,0,0,0,"6,000",0,0,0,"6,000",0,"6,000","6,000"
"=""061949""",晶心科永豐47購01,0,0,0,0,0,0,0,0,0,"6,000",0,0,0,"26,000","20,000","6,000","6,000"
"=""069453""",帝寶群益49購01  ,0,0,0,0,0,0,0,0,0,"6,000",0,0,0,"6,000",0,"6,000","6,000"
"=""062096""",萬海元大4B購02  ,"6,000",0,"6,000",0,0,0,0,0,0,0,0,0,0,0,0,0,"6,000"
"=""069311""",文曄國票48購01  ,0,0,0,0,0,0,0,0,0,"6,000",0,0,0,"29,000","23,000","6,000","6,000"
"=""061733""",長榮統一4C購03  ,0,0,0,0,0,0,0,0,0,"6,000",0,0,0,"6,000",0,"6,000","6,000"
"=""060804""",正崴元富46購01  ,0,0,0,0,0,0,0,0,0,"6,000",0,0,0,"16,000","10,000","6,000","6,000"
"=""060647""",長榮航中信46購01,0,0,0,0,0,0,0,0,0,"6,000",0,0,0,"11,000","5,000","6,000","6,000"
"=""060698""",世芯永豐49購02  ,0,0,0,0,0,0,0,0,0,"6,000",0,0,0,"26,000","20,000","6,000","6,000"
"=""060335""",正新元大46購01  ,0,0,0,0,0,0,0,0,0,"6,000",0,0,0,"6,000",0,"6,000","6,000"
"=""060311""",大同群益48購01  ,0,0,0,0,0,0,0,0,0,"6,000",0,0,0,"6,000",0,"6,000","6,000"
"=""068763""",立積凱基48購01  ,0,0,0,0,0,0,0,0,0,"6,000",0,0,0,"6,000",0,"6,000","6,000"
"=""061349""",南電凱基46購01  ,0,0,0,0,0,0,0,0,0,"6,000",0,0,0,"6,000",0,"6,000","6,000"
2478,大毅            ,"15,000","9,000","6,000",0,0,0,0,0,0,-1,0,1,-1,0,0,0,"5,999"
1423,利華            ,"1,000","1,000",0,0,0,0,0,0,0,"5,994","6,000",6,"5,994",0,0,0,"5,994"
4927,泰鼎-KY         ,"41,000","35,000","6,000",0,0,0,0,0,0,-413,"1,000","1,413",-413,0,0,0,"5,587"
3432,台端            ,"6,000","1,000","5,000",0,0,0,0,0,0,0,0,0,0,0,0,0,"5,000"
"=""063705""",緯穎永豐48購05  ,0,0,0,0,0,0,0,0,0,"5,000",0,0,0,"5,000",0,"5,000","5,000"
"=""051603""",技嘉國票44購01  ,0,0,0,0,0,0,0,0,0,"5,000",0,0,0,"5,000",0,"5,000","5,000"
"=""051661""",弘憶股群益43購01,0,0,0,0,0,0,0,0,0,"5,000",0,0,0,"510,000","505,000","5,000","5,000"
"=""063732""",統一國票46購01  ,0,0,0,0,0,0,0,0,0,"5,000",0,0,0,"5,000",0,"5,000","5,000"
"=""051690""",中石化富邦43購03,0,0,0,0,0,0,0,0,0,"5,000",0,0,0,"5,000",0,"5,000","5,000"
6861,睿生光電        ,"9,000","3,000","6,000",0,0,0,0,0,0,"-1,000",0,"1,000","-1,000",0,0,0,"5,000"
8463,潤泰材          ,"21,000","11,000","10,000",0,0,0,0,0,0,"-5,000",0,"5,000","-5,000",0,0,0,"5,000"
"=""052186""",臻鼎國票44購01  ,0,0,0,0,0,0,0,0,0,"5,000",0,0,0,"10,000","5,000","5,000","5,000"
"=""056504""",FB越南凱基46購02,0,0,0,0,0,0,0,0,0,"5,000",0,0,0,"5,000",0,"5,000","5,000"
"=""052339""",陽明中信46購01  ,0,0,0,0,0,0,0,0,0,"5,000",0,0,0,"5,000",0,"5,000","5,000"
"=""052419""",大立光元大49購01,0,0,0,0,0,0,0,0,0,"5,000",0,0,0,"10,000","5,000","5,000","5,000"
"=""052499""",宏達電永豐45購01,0,0,0,0,0,0,0,0,0,"5,000",0,0,0,"5,000",0,"5,000","5,000"
"=""052634""",景碩國票46購01  ,0,0,0,0,0,0,0,0,0,"5,000",0,0,0,"5,000",0,"5,000","5,000"
"=""052604""",亞光元大4A購01  ,0,0,0,0,0,0,0,0,0,"5,000",0,0,0,"5,000",0,"5,000","5,000"
"=""053015""",強茂統一38購01  ,0,0,0,0,0,0,0,0,0,"5,000",0,0,0,"5,000",0,"5,000","5,000"
"=""053158""",台積電國泰46購04,0,0,0,0,0,0,0,0,0,"5,000",0,0,0,"10,000","5,000","5,000","5,000"
"=""054210""",A50正2凱基46購01,0,0,0,0,0,0,0,0,0,"5,000",0,0,0,"5,000",0,"5,000","5,000"
"=""054227""",世芯凱基45購07  ,0,0,0,0,0,0,0,0,0,"5,000",0,0,0,"5,000",0,"5,000","5,000"
"=""054269""",致茂元大4A購02  ,0,0,0,0,0,0,0,0,0,"5,000",0,0,0,"5,000",0,"5,000","5,000"
"=""064335""",一詮凱基46購08  ,0,0,0,0,0,0,0,0,0,"5,000",0,0,0,"21,000","16,000","5,000","5,000"
"=""059273""",台光電永豐46購05,0,0,0,0,0,0,0,0,0,"5,000",0,0,0,"5,000",0,"5,000","5,000"
"=""059227""",同欣電元富45購01,0,0,0,0,0,0,0,0,0,"5,000",0,0,0,"9,000","4,000","5,000","5,000"
"=""059168""",川湖元大45購10  ,0,0,0,0,0,0,0,0,0,"5,000",0,0,0,"5,000",0,"5,000","5,000"
"=""064102""",國巨群益46購07  ,0,0,0,0,0,0,0,0,0,"5,000",0,0,0,"5,000",0,"5,000","5,000"
"=""051837""",毅嘉國票44購01  ,0,0,0,0,0,0,0,0,0,"5,000",0,0,0,"5,000",0,"5,000","5,000"
"=""063796""",道瓊2X凱基48購01,0,0,0,0,0,0,0,0,0,"5,000",0,0,0,"5,000",0,"5,000","5,000"
"=""063952""",華碩永豐47購02  ,0,0,0,0,0,0,0,0,0,"5,000",0,0,0,"5,000",0,"5,000","5,000"
"=""063933""",友訊國票47購03  ,0,0,0,0,0,0,0,0,0,"5,000",0,0,0,"5,000",0,"5,000","5,000"
"=""056237""",台玻元大46購01  ,0,0,0,0,0,0,0,0,0,"5,000",0,0,0,"5,000",0,"5,000","5,000"
"=""056387""",嘉澤元大45購01  ,0,0,0,0,0,0,0,0,0,"5,000",0,0,0,"5,000",0,"5,000","5,000"
"=""050643""",T50反1中信53購01,0,0,0,0,0,0,0,0,0,"5,000",0,0,0,"5,000",0,"5,000","5,000"
"=""050415""",奇鋐國票44購02  ,0,0,0,0,0,0,0,0,0,"5,000",0,0,0,"5,000",0,"5,000","5,000"
"=""051016""",T50正2富邦43購05,0,0,0,0,0,0,0,0,0,"5,000",0,0,0,"105,000","100,000","5,000","5,000"
2254,巨鎧精密-創     ,0,0,0,0,0,0,0,0,0,"5,000","2,000",0,"2,000","4,000","1,000","3,000","5,000"
2466,冠西電          ,"6,000","1,000","5,000",0,0,0,0,0,0,0,0,0,0,0,0,0,"5,000"
"=""056033""",大立光凱基46購03,0,0,0,0,0,0,0,0,0,"5,000",0,0,0,"5,000",0,"5,000","5,000"
"=""056011""",華孚元富44購02  ,0,0,0,0,0,0,0,0,0,"5,000",0,0,0,"10,000","5,000","5,000","5,000"
"=""063621""",一詮群益46購09  ,0,0,0,0,0,0,0,0,0,"5,000",0,0,0,"5,000",0,"5,000","5,000"
"=""055535""",聯發科國泰46購07,0,0,0,0,0,0,0,0,0,"5,000",0,0,0,"5,000",0,"5,000","5,000"
"=""049984""",聯電群益43購05  ,0,0,0,0,0,0,0,0,0,"5,000",0,0,0,"5,000",0,"5,000","5,000"
"=""063489""",奇鋐富邦48購02  ,0,0,0,0,0,0,0,0,0,"5,000",0,0,0,"5,000",0,"5,000","5,000"
"=""063541""",欣興國泰48購02  ,0,0,0,0,0,0,0,0,0,"5,000",0,0,0,"5,000",0,"5,000","5,000"
"=""050252""",鴻海凱基44購08  ,0,0,0,0,0,0,0,0,0,"5,000",0,0,0,"5,000",0,"5,000","5,000"
"=""063555""",臺股指元富4B購01,0,0,0,0,0,0,0,0,0,"5,000",0,0,0,"10,000","5,000","5,000","5,000"
"=""063367""",達發凱基46購04  ,0,0,0,0,0,0,0,0,0,"5,000",0,0,0,"5,000",0,"5,000","5,000"
"=""049763""",潤隆凱基43購05  ,0,0,0,0,0,0,0,0,0,"5,000",0,0,0,"5,000",0,"5,000","5,000"
"=""049701""",矽統永豐45購02  ,0,0,0,0,0,0,0,0,0,"5,000",0,0,0,"5,000",0,"5,000","5,000"
"=""049693""",臺企銀中信43購01,0,0,0,0,0,0,0,0,0,"5,000",0,0,0,"5,000",0,"5,000","5,000"
"=""063231""",川湖統一3C購04  ,0,0,0,0,0,0,0,0,0,"5,000",0,0,0,"5,000",0,"5,000","5,000"
"=""049630""",永道群益45購03  ,0,0,0,0,0,0,0,0,0,"5,000",0,0,0,"5,000",0,"5,000","5,000"
"=""049604""",世芯國泰45購01  ,0,0,0,0,0,0,0,0,0,"5,000",0,0,0,"5,000",0,"5,000","5,000"
"=""048947""",中砂群益43購03  ,0,0,0,0,0,0,0,0,0,"5,000",0,0,0,"5,000",0,"5,000","5,000"
"=""048896""",興富發統一48購01,0,0,0,0,0,0,0,0,0,"5,000",0,0,0,"5,000",0,"5,000","5,000"
"=""049027""",中興電群益44購03,0,0,0,0,0,0,0,0,0,"5,000",0,0,0,"5,000",0,"5,000","5,000"
"=""063106""",精銳中信47購01  ,0,0,0,0,0,0,0,0,0,"5,000",0,0,0,"5,000",0,"5,000","5,000"
"=""063074""",上銀統一54購01  ,0,0,0,0,0,0,0,0,0,"5,000",0,0,0,"25,000","20,000","5,000","5,000"
"=""063042""",臺股指法興46購15,0,0,0,0,0,0,0,0,0,"5,000",0,0,0,"5,000",0,"5,000","5,000"
"=""048497""",乙盛國票43購01  ,0,0,0,0,0,0,0,0,0,"5,000",0,0,0,"5,000",0,"5,000","5,000"
"=""048398""",台積電國泰44購09,0,0,0,0,0,0,0,0,0,"5,000",0,0,0,"5,000",0,"5,000","5,000"
"=""048327""",新光金永豐45購02,0,0,0,0,0,0,0,0,0,"5,000",0,0,0,"20,000","15,000","5,000","5,000"
"=""048346""",祥碩群益43購02  ,0,0,0,0,0,0,0,0,0,"5,000",0,0,0,"5,000",0,"5,000","5,000"
"=""048357""",新美齊凱基43購02,0,0,0,0,0,0,0,0,0,"5,000",0,0,0,"5,000",0,"5,000","5,000"
"=""064632""",廣宇統一4C購01  ,0,0,0,0,0,0,0,0,0,"5,000",0,0,0,"5,000",0,"5,000","5,000"
"=""064683""",聯詠元大46購02  ,0,0,0,0,0,0,0,0,0,"5,000",0,0,0,"5,000",0,"5,000","5,000"
"=""065010""",華城元富3B購01  ,0,0,0,0,0,0,0,0,0,"5,000",0,0,0,"20,000","15,000","5,000","5,000"
"=""064789""",聯電元大48購02  ,0,0,0,0,0,0,0,0,0,"5,000",0,0,0,"5,000",0,"5,000","5,000"
"=""04013T""",力積電元富34售01,0,0,0,0,0,0,0,0,0,"5,000",0,0,0,"5,000",0,"5,000","5,000"
"=""04033T""",佳世達元大34售02,0,0,0,0,0,0,0,0,0,"5,000",0,0,0,"5,000",0,"5,000","5,000"
"=""040068""",鴻海元大54購57  ,0,0,0,0,0,0,0,0,0,"5,000",0,0,0,"15,000","10,000","5,000","5,000"
"=""04406T""",漢翔群益35售07  ,0,0,0,0,0,0,0,0,0,"5,000",0,0,0,"5,000",0,"5,000","5,000"
"=""04424T""",臺股指永豐38售03,0,0,0,0,0,0,0,0,0,"5,000",0,0,0,"5,000",0,"5,000","5,000"
"=""041069""",神達元大54購33  ,0,0,0,0,0,0,0,0,0,"5,000",0,0,0,"5,000",0,"5,000","5,000"
"=""04086T""",元黃金凱基37售01,0,0,0,0,0,0,0,0,0,"5,000",0,0,0,"5,000",0,"5,000","5,000"
"=""064439""",智能車元大46購01,0,0,0,0,0,0,0,0,0,"5,000",0,0,0,"5,000",0,"5,000","5,000"
"=""054472""",致茂元大46購01  ,0,0,0,0,0,0,0,0,0,"5,000",0,0,0,"15,000","10,000","5,000","5,000"
"=""054391""",矽格凱基44購02  ,0,0,0,0,0,0,0,0,0,"5,000",0,0,0,"5,000",0,"5,000","5,000"
"=""054570""",致茂統一4A購02  ,0,0,0,0,0,0,0,0,0,"5,000",0,0,0,"5,000",0,"5,000","5,000"
"=""054590""",技嘉統一39購01  ,0,0,0,0,0,0,0,0,0,"5,000",0,0,0,"15,000","10,000","5,000","5,000"
"=""055458""",景碩群益46購04  ,0,0,0,0,0,0,0,0,0,"5,000",0,0,0,"10,000","5,000","5,000","5,000"
"=""055460""",健策群益46購03  ,0,0,0,0,0,0,0,0,0,"5,000",0,0,0,"10,000","5,000","5,000","5,000"
"=""08886U""",臺股指群益32售29,0,0,0,0,0,0,0,0,0,"5,000",0,0,0,"15,000","10,000","5,000","5,000"
"=""08648U""",台灣50元大35售08,0,0,0,0,0,0,0,0,0,"5,000",0,0,0,"5,000",0,"5,000","5,000"
"=""047040""",鉅祥永豐44購01  ,0,0,0,0,0,0,0,0,0,"5,000",0,0,0,"5,000",0,"5,000","5,000"
"=""047030""",緯穎中信42購04  ,0,0,0,0,0,0,0,0,0,"5,000",0,0,0,"20,000","15,000","5,000","5,000"
"=""062911""",瑞昱凱基46購04  ,0,0,0,0,0,0,0,0,0,"5,000",0,0,0,"5,000",0,"5,000","5,000"
"=""07727U""",T50正2富邦33售01,0,0,0,0,0,0,0,0,0,"5,000",0,0,0,"25,000","20,000","5,000","5,000"
"=""055044""",貿聯凱基47購03  ,0,0,0,0,0,0,0,0,0,"5,000",0,0,0,"15,000","10,000","5,000","5,000"
"=""054950""",辛耘永豐47購02  ,0,0,0,0,0,0,0,0,0,"5,000",0,0,0,"5,000",0,"5,000","5,000"
"=""055184""",川湖國票45購03  ,0,0,0,0,0,0,0,0,0,"5,000",0,0,0,"15,000","10,000","5,000","5,000"
"=""055097""",上銀元大44購04  ,0,0,0,0,0,0,0,0,0,"5,000",0,0,0,"5,000",0,"5,000","5,000"
"=""08187U""",緯穎國泰33售03  ,0,0,0,0,0,0,0,0,0,"5,000",0,0,0,"5,000",0,"5,000","5,000"
"=""04690T""",敬鵬元大35售07  ,0,0,0,0,0,0,0,0,0,"5,000",0,0,0,"5,000",0,"5,000","5,000"
"=""046823""",光寶科元大43購01,0,0,0,0,0,0,0,0,0,"5,000",0,0,0,"5,000",0,"5,000","5,000"
"=""062600""",精誠元大46購05  ,0,0,0,0,0,0,0,0,0,"5,000",0,0,0,"6,000","1,000","5,000","5,000"
"=""062562""",川湖元大46購09  ,0,0,0,0,0,0,0,0,0,"5,000",0,0,0,"5,000",0,"5,000","5,000"
"=""046515""",台灣50凱基43購20,0,0,0,0,0,0,0,0,0,"5,000",0,0,0,"5,000",0,"5,000","5,000"
"=""062595""",神達元大4B購03  ,0,0,0,0,0,0,0,0,0,"5,000",0,0,0,"10,000","5,000","5,000","5,000"
"=""046722""",智原統一48購01  ,0,0,0,0,0,0,0,0,0,"5,000",0,0,0,"15,000","10,000","5,000","5,000"
"=""062305""",洋基群益46購01  ,0,0,0,0,0,0,0,0,0,"5,000",0,0,0,"5,000",0,"5,000","5,000"
"=""046212""",矽統群益48購01  ,0,0,0,0,0,0,0,0,0,"5,000",0,0,0,"5,000",0,"5,000","5,000"
"=""062497""",燿華元富47購01  ,0,0,0,0,0,0,0,0,0,"5,000",0,0,0,"5,000",0,"5,000","5,000"
"=""062513""",材料元富46購02  ,0,0,0,0,0,0,0,0,0,"5,000",0,0,0,"5,000",0,"5,000","5,000"
"=""055796""",欣巴巴永豐44購01,0,0,0,0,0,0,0,0,0,"5,000",0,0,0,"55,000","50,000","5,000","5,000"
"=""062144""",士電富邦48購01  ,0,0,0,0,0,0,0,0,0,"5,000",0,0,0,"5,000",0,"5,000","5,000"
"=""062178""",廣隆永豐47購01  ,0,0,0,0,0,0,0,0,0,"5,000",0,0,0,"5,000",0,"5,000","5,000"
"=""057479""",神達國票45購02  ,0,0,0,0,0,0,0,0,0,"5,000",0,0,0,"5,000",0,"5,000","5,000"
"=""057429""",嘉澤兆豐45購02  ,0,0,0,0,0,0,0,0,0,"5,000",0,0,0,"5,000",0,"5,000","5,000"
"=""057395""",祥碩統一4B購01  ,0,0,0,0,0,0,0,0,0,"5,000",0,0,0,"5,000",0,"5,000","5,000"
"=""056812""",元債2X元富5B購01,0,0,0,0,0,0,0,0,0,"5,000",0,0,0,"9,000","4,000","5,000","5,000"
"=""057726""",長榮航元大45購03,0,0,0,0,0,0,0,0,0,"5,000",0,0,0,"5,000",0,"5,000","5,000"
"=""061351""",臺股指凱基49購15,0,0,0,0,0,0,0,0,0,"5,000",0,0,0,"15,000","10,000","5,000","5,000"
"=""061345""",世芯凱基4A購02  ,0,0,0,0,0,0,0,0,0,"5,000",0,0,0,"5,000",0,"5,000","5,000"
"=""061273""",緯穎凱基4B購02  ,0,0,0,0,0,0,0,0,0,"5,000",0,0,0,"5,000",0,"5,000","5,000"
"=""061476""",威強電元大46購02,0,0,0,0,0,0,0,0,0,"5,000",0,0,0,"5,000",0,"5,000","5,000"
"=""061134""",凱美元富47購05  ,0,0,0,0,0,0,0,0,0,"5,000",0,0,0,"6,000","1,000","5,000","5,000"
"=""068758""",世芯凱基52購01  ,0,0,0,0,0,0,0,0,0,"5,000",0,0,0,"5,000",0,"5,000","5,000"
"=""068700""",長榮凱基49購03  ,0,0,0,0,0,0,0,0,0,"5,000",0,0,0,"7,000","2,000","5,000","5,000"
"=""068917""",玉晶光元大48購02,0,0,0,0,0,0,0,0,0,"5,000",0,0,0,"5,000",0,"5,000","5,000"
"=""060881""",堤維西中信46購01,0,0,0,0,0,0,0,0,0,"5,000",0,0,0,"5,000",0,"5,000","5,000"
"=""060897""",緯穎中信49購01  ,0,0,0,0,0,0,0,0,0,"5,000",0,0,0,"25,000","20,000","5,000","5,000"
"=""060446""",瑞昱群益46購02  ,0,0,0,0,0,0,0,0,0,"5,000",0,0,0,"5,000",0,"5,000","5,000"
"=""060735""",緯穎群益46購10  ,0,0,0,0,0,0,0,0,0,"5,000",0,0,0,"5,000",0,"5,000","5,000"
"=""068634""",力積電元大48購05,0,0,0,0,0,0,0,0,0,"5,000",0,0,0,"5,000",0,"5,000","5,000"
"=""068519""",世芯元大4A購05  ,0,0,0,0,0,0,0,0,0,"5,000",0,0,0,"5,000",0,"5,000","5,000"
"=""061731""",緯穎永豐46購09  ,0,0,0,0,0,0,0,0,0,"5,000",0,0,0,"7,000","2,000","5,000","5,000"
"=""061782""",台中銀國票47購01,0,0,0,0,0,0,0,0,0,"5,000",0,0,0,"12,000","7,000","5,000","5,000"
"=""069389""",台積電統一54購02,0,0,0,0,0,0,0,0,0,"5,000",0,0,0,"5,000",0,"5,000","5,000"
"=""061951""",洋基永豐46購01  ,0,0,0,0,0,0,0,0,0,"5,000",0,0,0,"14,000","9,000","5,000","5,000"
"=""062046""",鴻海群益46購11  ,0,0,0,0,0,0,0,0,0,"5,000",0,0,0,"5,000",0,"5,000","5,000"
"=""057273""",緯穎國票46購01  ,0,0,0,0,0,0,0,0,0,"5,000",0,0,0,"5,000",0,"5,000","5,000"
"=""056992""",英業達國票46購02,0,0,0,0,0,0,0,0,0,"5,000",0,0,0,"5,000",0,"5,000","5,000"
"=""061520""",天虹統一54購01  ,0,0,0,0,0,0,0,0,0,"5,000",0,0,0,"54,000","49,000","5,000","5,000"
"=""061499""",牧德兆豐48購01  ,0,0,0,0,0,0,0,0,0,"5,000",0,0,0,"5,000",0,"5,000","5,000"
"=""056529""",台積電永豐47購09,0,0,0,0,0,0,0,0,0,"5,000",0,0,0,"40,000","35,000","5,000","5,000"
"=""056551""",美費半元大45購02,0,0,0,0,0,0,0,0,0,"5,000",0,0,0,"5,000",0,"5,000","5,000"
"=""061571""",貿聯凱基48購02  ,0,0,0,0,0,0,0,0,0,"5,000",0,0,0,"5,000",0,"5,000","5,000"
"=""056701""",零壹元大45購02  ,0,0,0,0,0,0,0,0,0,"5,000",0,0,0,"5,000",0,"5,000","5,000"
"=""061613""",緯穎台新46購01  ,0,0,0,0,0,0,0,0,0,"5,000",0,0,0,"25,000","20,000","5,000","5,000"
"=""061623""",美時元大46購15  ,"5,000",0,"5,000",0,0,0,0,0,0,0,0,0,0,0,0,0,"5,000"
"=""053588""",亞光統一49購01  ,0,0,0,0,0,0,0,0,0,"5,000",0,0,0,"5,000",0,"5,000","5,000"
"=""052104""",長榮航群益45購05,0,0,0,0,0,0,0,0,0,"5,000",0,0,0,"5,000",0,"5,000","5,000"
"=""041970""",T50反1國泰55購02,0,0,0,0,0,0,0,0,0,"5,000",0,0,0,"5,000",0,"5,000","5,000"
"=""04182T""",威盛永豐37售01  ,0,0,0,0,0,0,0,0,0,"5,000",0,0,0,"5,000",0,"5,000","5,000"
"=""041903""",聯發科凱基55購06,0,0,0,0,0,0,0,0,0,"5,000",0,0,0,"5,000",0,"5,000","5,000"
"=""052081""",世芯永豐43購06  ,0,0,0,0,0,0,0,0,0,"5,000",0,0,0,"5,000",0,"5,000","5,000"
"=""034062""",臻鼎群益53購06  ,0,0,0,0,0,0,0,0,0,"5,000",0,0,0,"5,000",0,"5,000","5,000"
"=""054826""",欣興國票47購01  ,0,0,0,0,0,0,0,0,0,"5,000",0,0,0,"5,000",0,"5,000","5,000"
"=""03095T""",東元元大34售01  ,0,0,0,0,0,0,0,0,0,"5,000",0,0,0,"5,000",0,"5,000","5,000"
"=""066999""",致茂凱基4A購02  ,0,0,0,0,0,0,0,0,0,"5,000",0,0,0,"5,000",0,"5,000","5,000"
"=""066953""",亞德客元大47購02,0,0,0,0,0,0,0,0,0,"5,000",0,0,0,"5,000",0,"5,000","5,000"
"=""057601""",亞泥中信45購01  ,0,0,0,0,0,0,0,0,0,"5,000",0,0,0,"5,000",0,"5,000","5,000"
"=""067628""",智原第一3B購01  ,0,0,0,0,0,0,0,0,0,"5,000",0,0,0,"5,000",0,"5,000","5,000"
"=""058554""",保瑞元大45購06  ,0,0,0,0,0,0,0,0,0,"5,000",0,0,0,"5,000",0,"5,000","5,000"
"=""067575""",矽力富邦48購02  ,0,0,0,0,0,0,0,0,0,"5,000",0,0,0,"5,000",0,"5,000","5,000"
"=""067436""",台積電台新49購02,0,0,0,0,0,0,0,0,0,"5,000",0,0,0,"100,000","95,000","5,000","5,000"
"=""067425""",矽力中信3B購01  ,0,0,0,0,0,0,0,0,0,"5,000",0,0,0,"5,000",0,"5,000","5,000"
"=""068236""",FB越南國票48購01,0,0,0,0,0,0,0,0,0,"5,000",0,0,0,"5,000",0,"5,000","5,000"
"=""068323""",中磊元大48購01  ,0,0,0,0,0,0,0,0,0,"5,000",0,0,0,"5,000",0,"5,000","5,000"
"=""068327""",穎崴元大48購01  ,0,0,0,0,0,0,0,0,0,"5,000",0,0,0,"34,000","29,000","5,000","5,000"
"=""068330""",鈺齊元大48購01  ,0,0,0,0,0,0,0,0,0,"5,000",0,0,0,"5,000",0,"5,000","5,000"
"=""057610""",宏達電永豐45購02,0,0,0,0,0,0,0,0,0,"5,000",0,0,0,"5,000",0,"5,000","5,000"
"=""060186""",日電貿元大46購01,0,0,0,0,0,0,0,0,0,"5,000",0,0,0,"25,000","20,000","5,000","5,000"
"=""067692""",S&P反1元大51購01,0,0,0,0,0,0,0,0,0,"5,000",0,0,0,"5,000",0,"5,000","5,000"
"=""068005""",全新群益47購06  ,0,0,0,0,0,0,0,0,0,"5,000",0,0,0,"5,000",0,"5,000","5,000"
"=""058323""",台積電群益4B購06,0,0,0,0,0,0,0,0,0,"5,000",0,0,0,"5,000",0,"5,000","5,000"
"=""060030""",永崴控元富49購01,0,0,0,0,0,0,0,0,0,"5,000",0,0,0,"5,000",0,"5,000","5,000"
"=""058853""",昆盈凱基45購01  ,0,0,0,0,0,0,0,0,0,"5,000",0,0,0,"5,000",0,"5,000","5,000"
"=""058906""",緯創元大45購30  ,0,0,0,0,0,0,0,0,0,"5,000",0,0,0,"10,000","5,000","5,000","5,000"
"=""058924""",美時群益45購01  ,0,0,0,0,0,0,0,0,0,"5,000",0,0,0,"5,000",0,"5,000","5,000"
"=""058760""",美時元大49購01  ,0,0,0,0,0,0,0,0,0,"5,000",0,0,0,"5,000",0,"5,000","5,000"
"=""059736""",大成鋼元大45購03,0,0,0,0,0,0,0,0,0,"5,000",0,0,0,"33,000","28,000","5,000","5,000"
"=""059761""",文曄元大45購05  ,0,0,0,0,0,0,0,0,0,"5,000",0,0,0,"5,000",0,"5,000","5,000"
"=""059613""",大同元富45購02  ,0,0,0,0,0,0,0,0,0,"5,000",0,0,0,"8,000","3,000","5,000","5,000"
"=""058717""",元債2X群益4A購03,0,0,0,0,0,0,0,0,0,"5,000",0,0,0,"5,000",0,"5,000","5,000"
"=""045025""",貿聯富邦5B購01  ,0,0,0,0,0,0,0,0,0,"5,000",0,0,0,"20,000","15,000","5,000","5,000"
"=""034507""",亞翔凱基59購01  ,0,0,0,0,0,0,0,0,0,"5,000",0,0,0,"20,000","15,000","5,000","5,000"
"=""045825""",大立光元大43購14,0,0,0,0,0,0,0,0,0,"5,000",0,0,0,"5,000",0,"5,000","5,000"
"=""045761""",世芯群益44購03  ,0,0,0,0,0,0,0,0,0,"5,000",0,0,0,"5,000",0,"5,000","5,000"
"=""044763""",緯創元大55購11  ,0,0,0,0,0,0,0,0,0,"5,000",0,0,0,"7,000","2,000","5,000","5,000"
"=""045639""",三集瑞元大55購02,0,0,0,0,0,0,0,0,0,"5,000",0,0,0,"5,000",0,"5,000","5,000"
"=""03217T""",義隆國票33售02  ,0,0,0,0,0,0,0,0,0,"5,000",0,0,0,"5,000",0,"5,000","5,000"
"=""03183T""",旺宏國票33售01  ,0,0,0,0,0,0,0,0,0,"5,000",0,0,0,"5,000",0,"5,000","5,000"
"=""038707""",美時國泰55購02  ,0,0,0,0,0,0,0,0,0,"5,000",0,0,0,"5,000",0,"5,000","5,000"
"=""03627T""",創意國票35售02  ,0,0,0,0,0,0,0,0,0,"5,000",0,0,0,"30,000","25,000","5,000","5,000"
"=""04228T""",神達統一37售02  ,0,0,0,0,0,0,0,0,0,"5,000",0,0,0,"10,000","5,000","5,000","5,000"
"=""042377""",大立光元大54購13,0,0,0,0,0,0,0,0,0,"5,000",0,0,0,"10,000","5,000","5,000","5,000"
"=""042365""",京元電元大54購26,0,0,0,0,0,0,0,0,0,"5,000",0,0,0,"5,000",0,"5,000","5,000"
"=""038584""",大銀國票55購01  ,0,0,0,0,0,0,0,0,0,"5,000",0,0,0,"5,000",0,"5,000","5,000"
"=""045353""",晟銘電凱基55購03,0,0,0,0,0,0,0,0,0,"5,000",0,0,0,"15,000","10,000","5,000","5,000"
"=""045349""",強茂凱基58購02  ,0,0,0,0,0,0,0,0,0,"5,000",0,0,0,"5,000",0,"5,000","5,000"
"=""065439""",敦泰元大47購02  ,0,0,0,0,0,0,0,0,0,"5,000",0,0,0,"5,000",0,"5,000","5,000"
"=""065376""",英業達統一43購01,0,0,0,0,0,0,0,0,0,"5,000",0,0,0,"5,000",0,"5,000","5,000"
"=""0053""",元大電子        ,"3,000","1,000","2,000",0,0,0,0,0,0,"3,000",0,0,0,"3,000",0,"3,000","5,000"
"=""065251""",漢唐元富47購01  ,0,0,0,0,0,0,0,0,0,"5,000",0,0,0,"5,000",0,"5,000","5,000"
"=""065335""",保瑞統一51購02  ,0,0,0,0,0,0,0,0,0,"5,000",0,0,0,"5,000",0,"5,000","5,000"
"=""065212""",華通兆豐48購01  ,0,0,0,0,0,0,0,0,0,"5,000",0,0,0,"15,000","10,000","5,000","5,000"
"=""043124""",楠梓電群益57購01,0,0,0,0,0,0,0,0,0,"5,000",0,0,0,"5,000",0,"5,000","5,000"
"=""04314T""",威盛中信36售02  ,0,0,0,0,0,0,0,0,0,"5,000",0,0,0,"5,000",0,"5,000","5,000"
"=""04320T""",英業達元大35售03,0,0,0,0,0,0,0,0,0,"5,000",0,0,0,"5,000",0,"5,000","5,000"
"=""065123""",國喬群益49購01  ,0,0,0,0,0,0,0,0,0,"5,000",0,0,0,"5,000",0,"5,000","5,000"
"=""042589""",光寶科凱基55購05,0,0,0,0,0,0,0,0,0,"5,000",0,0,0,"5,000",0,"5,000","5,000"
"=""042598""",旺宏凱基57購02  ,0,0,0,0,0,0,0,0,0,"5,000",0,0,0,"5,000",0,"5,000","5,000"
"=""042656""",欣興國泰56購01  ,0,0,0,0,0,0,0,0,0,"5,000",0,0,0,"5,000",0,"5,000","5,000"
"=""066340""",高力永豐3B購01  ,0,0,0,0,0,0,0,0,0,"5,000",0,0,0,"5,000",0,"5,000","5,000"
"=""038228""",至上凱基53購02  ,0,0,0,0,0,0,0,0,0,"5,000",0,0,0,"5,000",0,"5,000","5,000"
"=""03803T""",華孚群益34售04  ,0,0,0,0,0,0,0,0,0,"5,000",0,0,0,"5,000",0,"5,000","5,000"
"=""066422""",台積電統一51購05,0,0,0,0,0,0,0,0,0,"5,000",0,0,0,"5,000",0,"5,000","5,000"
"=""065990""",台塑群益47購01  ,0,0,0,0,0,0,0,0,0,"5,000",0,0,0,"337,000","332,000","5,000","5,000"
"=""043515""",創見元大55購01  ,0,0,0,0,0,0,0,0,0,"5,000",0,0,0,"5,000",0,"5,000","5,000"
"=""043438""",矽格元富55購02  ,0,0,0,0,0,0,0,0,0,"5,000",0,0,0,"7,000","2,000","5,000","5,000"
"=""066120""",南亞統一51購02  ,0,0,0,0,0,0,0,0,0,"5,000",0,0,0,"5,000",0,"5,000","5,000"
"=""04154T""",祥碩凱基35售07  ,0,0,0,0,0,0,0,0,0,"5,000",0,0,0,"5,000",0,"5,000","5,000"
"=""00735""",國泰臺韓科技    ,0,0,0,0,0,0,0,0,0,"5,000",0,0,0,"106,000","101,000","5,000","5,000"
"=""065776""",百和元大47購02  ,0,0,0,0,0,0,0,0,0,"5,000",0,0,0,"5,000",0,"5,000","5,000"
9908,大台北          ,"6,000","1,000","5,000",0,0,0,0,0,0,-98,"1,000","1,098",-98,0,0,0,"4,902"
2464,盟立            ,"30,000","25,000","5,000",0,0,0,0,0,0,-687,"1,000","1,687",-687,0,0,0,"4,313"
"=""00911""",兆豐洲際半導體  ,0,0,0,0,0,0,0,0,0,"4,100",0,0,0,"109,100","105,000","4,100","4,100"
"=""066042""",神達群益47購06  ,0,0,0,0,0,0,0,0,0,"4,000",0,0,0,"4,000",0,"4,000","4,000"
"=""02001L""",富邦蘋果正二N   ,0,0,0,0,0,0,0,0,0,"4,000",0,0,0,"26,000","22,000","4,000","4,000"
"=""066375""",群光統一3B購01  ,0,0,0,0,0,0,0,0,0,"4,000",0,0,0,"4,000",0,"4,000","4,000"
"=""066208""",台積電群益47購32,0,0,0,0,0,0,0,0,0,"4,000",0,0,0,"4,000",0,"4,000","4,000"
"=""037425""",力積電群益53購03,0,0,0,0,0,0,0,0,0,"4,000",0,0,0,"4,000",0,"4,000","4,000"
"=""042798""",乙盛元富55購02  ,0,0,0,0,0,0,0,0,0,"4,000",0,0,0,"4,000",0,"4,000","4,000"
"=""065226""",中華凱基48購01  ,0,0,0,0,0,0,0,0,0,"4,000",0,0,0,"6,000","2,000","4,000","4,000"
"=""065594""",揚明光國票48購01,0,0,0,0,0,0,0,0,0,"4,000",0,0,0,"4,000",0,"4,000","4,000"
"=""065579""",材料元富47購01  ,0,0,0,0,0,0,0,0,0,"4,000",0,0,0,"5,000","1,000","4,000","4,000"
"=""03544T""",祥碩元大33售05  ,0,0,0,0,0,0,0,0,0,"4,000",0,0,0,"4,000",0,"4,000","4,000"
"=""04529T""",南電元富35售03  ,0,0,0,0,0,0,0,0,0,"4,000",0,0,0,"4,000",0,"4,000","4,000"
"=""035476""",富世達永豐55購01,0,0,0,0,0,0,0,0,0,"4,000",0,0,0,"6,000","2,000","4,000","4,000"
"=""038705""",中砂國泰55購01  ,0,0,0,0,0,0,0,0,0,"4,000",0,0,0,"4,000",0,"4,000","4,000"
"=""03175T""",FBNQ2X元大33售03,0,0,0,0,0,0,0,0,0,"4,000",0,0,0,"5,000","1,000","4,000","4,000"
"=""03190T""",台光電中信33售02,0,0,0,0,0,0,0,0,0,"4,000",0,0,0,"4,000",0,"4,000","4,000"
"=""045778""",台積電凱基58購03,0,0,0,0,0,0,0,0,0,"4,000",0,0,0,"4,000",0,"4,000","4,000"
"=""044966""",三集瑞元大55購01,0,0,0,0,0,0,0,0,0,"4,000",0,0,0,"157,000","153,000","4,000","4,000"
"=""044933""",漢唐元大55購02  ,0,0,0,0,0,0,0,0,0,"4,000",0,0,0,"4,000",0,"4,000","4,000"
"=""045178""",雄獅國泰56購01  ,0,0,0,0,0,0,0,0,0,"4,000",0,0,0,"4,000",0,"4,000","4,000"
"=""045146""",南亞群益57購01  ,0,0,0,0,0,0,0,0,0,"4,000",0,0,0,"4,000",0,"4,000","4,000"
"=""03513T""",台灣50元大37售05,0,0,0,0,0,0,0,0,0,"4,000",0,0,0,"4,000",0,"4,000","4,000"
"=""059654""",一詮永豐47購02  ,0,0,0,0,0,0,0,0,0,"4,000",0,0,0,"9,000","5,000","4,000","4,000"
"=""058640""",台積電凱基45購28,0,0,0,0,0,0,0,0,0,"4,000",0,0,0,"4,000",0,"4,000","4,000"
"=""059810""",欣興永豐46購01  ,0,0,0,0,0,0,0,0,0,"4,000",0,0,0,"4,000",0,"4,000","4,000"
"=""059813""",永崴控永豐45購01,0,0,0,0,0,0,0,0,0,"4,000",0,0,0,"4,000",0,"4,000","4,000"
"=""059806""",長榮航永豐45購04,0,0,0,0,0,0,0,0,0,"4,000",0,0,0,"4,000",0,"4,000","4,000"
"=""059883""",光寶科群益46購02,0,0,0,0,0,0,0,0,0,"4,000",0,0,0,"11,000","7,000","4,000","4,000"
"=""058347""",臺股指群益46購08,0,0,0,0,0,0,0,0,0,"4,000",0,0,0,"4,000",0,"4,000","4,000"
"=""059980""",一詮元大45購07  ,0,0,0,0,0,0,0,0,0,"4,000",0,0,0,"4,000",0,"4,000","4,000"
"=""060079""",台積電國票48購01,0,0,0,0,0,0,0,0,0,"4,000",0,0,0,"16,000","12,000","4,000","4,000"
"=""067477""",中砂統一3C購01  ,0,0,0,0,0,0,0,0,0,"4,000",0,0,0,"4,000",0,"4,000","4,000"
"=""067482""",力智凱基49購01  ,0,0,0,0,0,0,0,0,0,"4,000",0,0,0,"4,000",0,"4,000","4,000"
"=""067599""",華新元富47購01  ,0,0,0,0,0,0,0,0,0,"4,000",0,0,0,"4,000",0,"4,000","4,000"
"=""067270""",天虹國票47購01  ,0,0,0,0,0,0,0,0,0,"4,000",0,0,0,"42,000","38,000","4,000","4,000"
"=""067280""",香港2X群益4A購02,0,0,0,0,0,0,0,0,0,"4,000",0,0,0,"21,000","17,000","4,000","4,000"
"=""058420""",材料富邦47購02  ,0,0,0,0,0,0,0,0,0,"4,000",0,0,0,"24,000","20,000","4,000","4,000"
"=""054851""",鴻海元大44購25  ,0,0,0,0,0,0,0,0,0,"4,000",0,0,0,"6,000","2,000","4,000","4,000"
"=""041775""",京元電元大54購25,0,0,0,0,0,0,0,0,0,"4,000",0,0,0,"4,000",0,"4,000","4,000"
"=""055971""",長榮航國票46購01,0,0,0,0,0,0,0,0,0,"4,000",0,0,0,"22,000","18,000","4,000","4,000"
"=""032658""",毅嘉群益52購02  ,0,0,0,0,0,0,0,0,0,"4,000",0,0,0,"5,000","1,000","4,000","4,000"
"=""03285T""",滬深2X元大36售03,0,0,0,0,0,0,0,0,0,"4,000",0,0,0,"14,000","10,000","4,000","4,000"
"=""03397T""",台積電元大33售05,0,0,0,0,0,0,0,0,0,"4,000",0,0,0,"9,000","5,000","4,000","4,000"
"=""03363T""",健鼎凱基34售04  ,0,0,0,0,0,0,0,0,0,"4,000",0,0,0,"4,000",0,"4,000","4,000"
"=""061685""",裕民群益46購01  ,0,0,0,0,0,0,0,0,0,"4,000",0,0,0,"5,000","1,000","4,000","4,000"
"=""061529""",飛宏中信46購01  ,0,0,0,0,0,0,0,0,0,"4,000",0,0,0,"4,000",0,"4,000","4,000"
"=""057193""",川湖永豐48購01  ,0,0,0,0,0,0,0,0,0,"4,000",0,0,0,"4,000",0,"4,000","4,000"
"=""069454""",汎銓群益48購02  ,0,0,0,0,0,0,0,0,0,"4,000",0,0,0,"4,000",0,"4,000","4,000"
"=""069643""",祥碩凱基4B購02  ,0,0,0,0,0,0,0,0,0,"4,000",0,0,0,"4,000",0,"4,000","4,000"
"=""06958U""",智邦元富56售03  ,0,0,0,0,0,0,0,0,0,"4,000",0,0,0,"20,000","16,000","4,000","4,000"
"=""061842""",英業達群益46購03,0,0,0,0,0,0,0,0,0,"4,000",0,0,0,"10,000","6,000","4,000","4,000"
"=""061783""",穎崴國票49購02  ,0,0,0,0,0,0,0,0,0,"4,000",0,0,0,"9,000","5,000","4,000","4,000"
"=""061786""",中興電富邦48購01,0,0,0,0,0,0,0,0,0,"4,000",0,0,0,"11,000","7,000","4,000","4,000"
"=""069312""",嘉澤國票4A購03  ,0,0,0,0,0,0,0,0,0,"4,000",0,0,0,"4,000",0,"4,000","4,000"
"=""060469""",鴻海中信4A購01  ,0,0,0,0,0,0,0,0,0,"4,000",0,0,0,"17,000","13,000","4,000","4,000"
"=""060283""",長榮富邦4B購01  ,0,0,0,0,0,0,0,0,0,"4,000",0,0,0,"5,000","1,000","4,000","4,000"
"=""060360""",國泰金元大4C購01,0,0,0,0,0,0,0,0,0,"4,000",0,0,0,"10,000","6,000","4,000","4,000"
"=""060975""",嘉澤元富47購05  ,0,0,0,0,0,0,0,0,0,"4,000",0,0,0,"12,000","8,000","4,000","4,000"
"=""061408""",世芯群益48購05  ,0,0,0,0,0,0,0,0,0,"4,000",0,0,0,"8,000","4,000","4,000","4,000"
"=""057727""",神基元大45購01  ,0,0,0,0,0,0,0,0,0,"4,000",0,0,0,"6,000","2,000","4,000","4,000"
"=""056815""",聯電元富47購03  ,0,0,0,0,0,0,0,0,0,"4,000",0,0,0,"7,000","3,000","4,000","4,000"
"=""057759""",建準群益45購05  ,0,0,0,0,0,0,0,0,0,"4,000",0,0,0,"6,000","2,000","4,000","4,000"
"=""057774""",貿聯群益45購03  ,0,0,0,0,0,0,0,0,0,"4,000",0,0,0,"20,000","16,000","4,000","4,000"
"=""045923""",矽統凱基46購01  ,0,0,0,0,0,0,0,0,0,"4,000",0,0,0,"5,000","1,000","4,000","4,000"
"=""057417""",神達元富45購01  ,0,0,0,0,0,0,0,0,0,"4,000",0,0,0,"4,000",0,"4,000","4,000"
"=""056769""",勤誠凱基45購02  ,0,0,0,0,0,0,0,0,0,"4,000",0,0,0,"14,000","10,000","4,000","4,000"
"=""07630U""",新光金凱基34售03,0,0,0,0,0,0,0,0,0,"4,000",0,0,0,"9,000","5,000","4,000","4,000"
"=""062465""",興富發群益46購01,0,0,0,0,0,0,0,0,0,"4,000",0,0,0,"24,000","20,000","4,000","4,000"
"=""046533""",台積電凱基43購45,0,0,0,0,0,0,0,0,0,"4,000",0,0,0,"4,000",0,"4,000","4,000"
"=""062611""",創意國泰48購01  ,0,0,0,0,0,0,0,0,0,"4,000",0,0,0,"10,000","6,000","4,000","4,000"
"=""062716""",台積電元富46購11,0,0,0,0,0,0,0,0,0,"4,000",0,0,0,"4,000",0,"4,000","4,000"
"=""062697""",世芯永豐46購12  ,0,0,0,0,0,0,0,0,0,"4,000",0,0,0,"49,000","45,000","4,000","4,000"
"=""08204U""",威盛元富31售06  ,0,0,0,0,0,0,0,0,0,"4,000",0,0,0,"4,000",0,"4,000","4,000"
"=""07941U""",創意富邦37售01  ,0,0,0,0,0,0,0,0,0,"4,000",0,0,0,"10,000","6,000","4,000","4,000"
"=""058087""",華城元大48購01  ,0,0,0,0,0,0,0,0,0,"4,000",0,0,0,"4,000",0,"4,000","4,000"
"=""062935""",緯創國票47購03  ,0,0,0,0,0,0,0,0,0,"4,000",0,0,0,"4,000",0,"4,000","4,000"
"=""047012""",亞翔元大44購06  ,0,0,0,0,0,0,0,0,0,"4,000",0,0,0,"30,000","26,000","4,000","4,000"
"=""047121""",祥碩統一47購02  ,0,0,0,0,0,0,0,0,0,"4,000",0,0,0,"48,000","44,000","4,000","4,000"
"=""08962U""",金像電凱基33售07,0,0,0,0,0,0,0,0,0,"4,000",0,0,0,"4,000",0,"4,000","4,000"
"=""054583""",大立光兆豐44購04,0,0,0,0,0,0,0,0,0,"4,000",0,0,0,"4,000",0,"4,000","4,000"
"=""04742T""",全新元富35售01  ,0,0,0,0,0,0,0,0,0,"4,000",0,0,0,"4,000",0,"4,000","4,000"
"=""047664""",亞翔群益42購06  ,0,0,0,0,0,0,0,0,0,"4,000",0,0,0,"15,000","11,000","4,000","4,000"
1541,錩泰            ,"4,000",0,"4,000",0,0,0,0,0,0,0,0,0,0,0,0,0,"4,000"
"=""053304""",萬海凱基46購03  ,0,0,0,0,0,0,0,0,0,"4,000",0,0,0,"5,000","1,000","4,000","4,000"
"=""056305""",台積電永豐47購08,0,0,0,0,0,0,0,0,0,"4,000",0,0,0,"4,000",0,"4,000","4,000"
"=""048206""",世芯凱基42購05  ,0,0,0,0,0,0,0,0,0,"4,000",0,0,0,"4,000",0,"4,000","4,000"
"=""048031""",華通凱基44購03  ,0,0,0,0,0,0,0,0,0,"4,000",0,0,0,"4,000",0,"4,000","4,000"
"=""048143""",智原元大43購23  ,0,0,0,0,0,0,0,0,0,"4,000",0,0,0,"4,000",0,"4,000","4,000"
"=""049309""",玉晶光永豐44購01,0,0,0,0,0,0,0,0,0,"4,000",0,0,0,"4,000",0,"4,000","4,000"
"=""048733""",景碩元大43購25  ,0,0,0,0,0,0,0,0,0,"4,000",0,0,0,"4,000",0,"4,000","4,000"
"=""063213""",T50反1元大49購05,0,0,0,0,0,0,0,0,0,"4,000",0,0,0,"13,000","9,000","4,000","4,000"
"=""049663""",元債2X元大49購02,0,0,0,0,0,0,0,0,0,"4,000",0,0,0,"24,000","20,000","4,000","4,000"
"=""063358""",世芯凱基46購18  ,0,0,0,0,0,0,0,0,0,"4,000",0,0,0,"11,000","7,000","4,000","4,000"
"=""050344""",元債2X富邦44購02,0,0,0,0,0,0,0,0,0,"4,000",0,0,0,"4,000",0,"4,000","4,000"
"=""050303""",材料國泰45購05  ,0,0,0,0,0,0,0,0,0,"4,000",0,0,0,"4,000",0,"4,000","4,000"
"=""059308""",宇隆群益46購01  ,0,0,0,0,0,0,0,0,0,"4,000",0,0,0,"5,000","1,000","4,000","4,000"
"=""044649""",神達富邦56購03  ,0,0,0,0,0,0,0,0,0,"4,000",0,0,0,"4,000",0,"4,000","4,000"
"=""039482""",富鼎統一6A購02  ,0,0,0,0,0,0,0,0,0,"4,000",0,0,0,"4,000",0,"4,000","4,000"
"=""054189""",A50正2元富44購03,0,0,0,0,0,0,0,0,0,"4,000",0,0,0,"14,000","10,000","4,000","4,000"
"=""059073""",訊芯國票46購01  ,0,0,0,0,0,0,0,0,0,"4,000",0,0,0,"14,000","10,000","4,000","4,000"
"=""063836""",鴻海群益47購10  ,0,0,0,0,0,0,0,0,0,"4,000",0,0,0,"154,000","150,000","4,000","4,000"
"=""063753""",啟�眥窶�49購01  ,0,0,0,0,0,0,0,0,0,"4,000",0,0,0,"4,000",0,"4,000","4,000"
"=""051806""",群光凱基43購01  ,0,0,0,0,0,0,0,0,0,"4,000",0,0,0,"4,000",0,"4,000","4,000"
"=""059166""",美時元大4A購01  ,0,0,0,0,0,0,0,0,0,"4,000",0,0,0,"5,000","1,000","4,000","4,000"
"=""064019""",台積電凱基48購05,0,0,0,0,0,0,0,0,0,"4,000",0,0,0,"6,000","2,000","4,000","4,000"
"=""059223""",長榮元富48購02  ,0,0,0,0,0,0,0,0,0,"4,000",0,0,0,"8,000","4,000","4,000","4,000"
"=""059212""",鴻海富邦47購03  ,0,0,0,0,0,0,0,0,0,"4,000",0,0,0,"4,000",0,"4,000","4,000"
"=""053225""",滬深2X元大44購08,0,0,0,0,0,0,0,0,0,"4,000",0,0,0,"4,000",0,"4,000","4,000"
"=""052820""",滬深2X元大45購02,0,0,0,0,0,0,0,0,0,"4,000",0,0,0,"4,000",0,"4,000","4,000"
"=""056428""",奇鋐群益45購05  ,0,0,0,0,0,0,0,0,0,"4,000",0,0,0,"4,000",0,"4,000","4,000"
"=""051081""",裕隆永豐43購01  ,0,0,0,0,0,0,0,0,0,"4,000",0,0,0,"4,000",0,"4,000","4,000"
"=""051351""",聯強凱基43購01  ,0,0,0,0,0,0,0,0,0,"4,000",0,0,0,"44,000","40,000","4,000","4,000"
"=""051452""",嘉澤凱基46購01  ,0,0,0,0,0,0,0,0,0,"4,000",0,0,0,"55,000","51,000","4,000","4,000"
8473,山林水          ,"15,000","5,000","10,000",0,0,0,0,0,0,"-6,000",0,"6,000","-6,000",0,0,0,"4,000"
"=""051502""",迎廣國票44購01  ,0,0,0,0,0,0,0,0,0,"4,000",0,0,0,"4,000",0,"4,000","4,000"
8104,錸寶            ,"9,000","5,000","4,000",0,0,0,0,0,0,0,0,0,0,0,0,0,"4,000"
"=""051682""",材料凱基43購11  ,0,0,0,0,0,0,0,0,0,"4,000",0,0,0,"4,000",0,"4,000","4,000"
"=""051613""",滬深2X元富59購01,0,0,0,0,0,0,0,0,0,"4,000",0,0,0,"4,000",0,"4,000","4,000"
"=""064493""",南亞科群益48購03,0,0,0,0,0,0,0,0,0,"4,000",0,0,0,"4,000",0,"4,000","4,000"
"=""04052T""",台積電凱基46售03,0,0,0,0,0,0,0,0,0,"4,000",0,0,0,"4,000",0,"4,000","4,000"
"=""040321""",景碩群益54購01  ,0,0,0,0,0,0,0,0,0,"4,000",0,0,0,"4,000",0,"4,000","4,000"
"=""064984""",楠梓電元富4A購02,0,0,0,0,0,0,0,0,0,"4,000",0,0,0,"4,000",0,"4,000","4,000"
"=""064723""",仲琦統一41購01  ,0,0,0,0,0,0,0,0,0,"4,000",0,0,0,"7,000","3,000","4,000","4,000"
"=""064704""",力智元大46購02  ,0,0,0,0,0,0,0,0,0,"4,000",0,0,0,"4,000",0,"4,000","4,000"
"=""065028""",華城凱基3B購01  ,0,0,0,0,0,0,0,0,0,"4,000",0,0,0,"11,000","7,000","4,000","4,000"
2236,百達-KY         ,"52,000","47,140","4,860",0,0,0,0,0,0,"-1,000",0,"1,000","-1,000",0,0,0,"3,860"
1783,和康生          ,"52,000","48,000","4,000",0,0,0,0,0,0,-340,0,340,-340,0,0,0,"3,660"
1215,卜蜂            ,"26,000","22,000","4,000",0,0,0,0,0,0,-363,0,363,-363,0,0,0,"3,637"
"=""00908""",富邦入息REITs+  ,"87,000","11,000","76,000",0,0,0,0,0,0,"-72,746",0,0,0,"325,000","397,746","-72,746","3,254"
"=""00925""",新光標普電動車  ,0,0,0,0,0,0,0,0,0,"3,000",0,0,0,"224,000","221,000","3,000","3,000"
"=""065924""",陽明元富47購02  ,0,0,0,0,0,0,0,0,0,"3,000",0,0,0,"3,000",0,"3,000","3,000"
"=""065862""",華碩永豐48購01  ,0,0,0,0,0,0,0,0,0,"3,000",0,0,0,"3,000",0,"3,000","3,000"
"=""00709""",富邦歐洲        ,0,0,0,0,0,0,0,0,0,"3,000",0,0,0,"72,000","69,000","3,000","3,000"
"=""065998""",華通群益47購02  ,0,0,0,0,0,0,0,0,0,"3,000",0,0,0,"13,000","10,000","3,000","3,000"
"=""065972""",亞航元大47購01  ,0,0,0,0,0,0,0,0,0,"3,000",0,0,0,"3,000",0,"3,000","3,000"
"=""065978""",群創元大4A購01  ,0,0,0,0,0,0,0,0,0,"3,000",0,0,0,"33,000","30,000","3,000","3,000"
"=""066064""",聯德元富47購01  ,0,0,0,0,0,0,0,0,0,"3,000",0,0,0,"3,000",0,"3,000","3,000"
"=""04144T""",道瓊2X國票39售01,0,0,0,0,0,0,0,0,0,"3,000",0,0,0,"3,000",0,"3,000","3,000"
"=""03734T""",矽統元富34售02  ,0,0,0,0,0,0,0,0,0,"3,000",0,0,0,"3,000",0,"3,000","3,000"
"=""066288""",精成科元大47購04,0,0,0,0,0,0,0,0,0,"3,000",0,0,0,"3,000",0,"3,000","3,000"
"=""066496""",台達電群益47購01,0,0,0,0,0,0,0,0,0,"3,000",0,0,0,"3,000",0,"3,000","3,000"
"=""066596""",揚明光國票48購02,0,0,0,0,0,0,0,0,0,"3,000",0,0,0,"4,000","1,000","3,000","3,000"
"=""066710""",FBNQ2X群益47購01,0,0,0,0,0,0,0,0,0,"3,000",0,0,0,"3,000",0,"3,000","3,000"
"=""03514T""",台灣50元大37售06,0,0,0,0,0,0,0,0,0,"3,000",0,0,0,"3,000",0,"3,000","3,000"
"=""04499T""",中興電凱基35售04,0,0,0,0,0,0,0,0,0,"3,000",0,0,0,"3,000",0,"3,000","3,000"
"=""03178T""",奇鋐元大34售11  ,0,0,0,0,0,0,0,0,0,"3,000",0,0,0,"3,000",0,"3,000","3,000"
"=""03613T""",中華凱基35售03  ,0,0,0,0,0,0,0,0,0,"3,000",0,0,0,"60,000","57,000","3,000","3,000"
"=""038648""",蔚華科群益5A購01,0,0,0,0,0,0,0,0,0,"3,000",0,0,0,"3,000",0,"3,000","3,000"
"=""04233T""",材料凱基35售09  ,0,0,0,0,0,0,0,0,0,"3,000",0,0,0,"3,000",0,"3,000","3,000"
"=""03554T""",南亞科群益33售05,0,0,0,0,0,0,0,0,0,"3,000",0,0,0,"3,000",0,"3,000","3,000"
"=""03574T""",祥碩凱基33售05  ,0,0,0,0,0,0,0,0,0,"3,000",0,0,0,"3,000",0,"3,000","3,000"
"=""045394""",T50反1群益55購03,0,0,0,0,0,0,0,0,0,"3,000",0,0,0,"3,000",0,"3,000","3,000"
"=""045365""",愛普凱基56購04  ,0,0,0,0,0,0,0,0,0,"3,000",0,0,0,"3,000",0,"3,000","3,000"
"=""045433""",京元電元大55購11,0,0,0,0,0,0,0,0,0,"3,000",0,0,0,"3,000",0,"3,000","3,000"
"=""065553""",國巨元富47購04  ,0,0,0,0,0,0,0,0,0,"3,000",0,0,0,"3,000",0,"3,000","3,000"
"=""03904T""",緯穎群益37售03  ,0,0,0,0,0,0,0,0,0,"3,000",0,0,0,"3,000",0,"3,000","3,000"
"=""03897C""",臺股指元大34牛11,0,0,0,0,0,0,0,0,0,"3,000",0,0,0,"5,000","2,000","3,000","3,000"
"=""065428""",長榮元大47購02  ,0,0,0,0,0,0,0,0,0,"3,000",0,0,0,"9,000","6,000","3,000","3,000"
"=""065327""",世芯統一51購01  ,0,0,0,0,0,0,0,0,0,"3,000",0,0,0,"3,000",0,"3,000","3,000"
"=""065281""",炎洲永豐4A購01  ,0,0,0,0,0,0,0,0,0,"3,000",0,0,0,"5,000","2,000","3,000","3,000"
"=""042723""",台積電元大55購04,0,0,0,0,0,0,0,0,0,"3,000",0,0,0,"3,000",0,"3,000","3,000"
"=""043157""",金像電凱基57購02,0,0,0,0,0,0,0,0,0,"3,000",0,0,0,"3,000",0,"3,000","3,000"
"=""043119""",滬深2X群益57購03,0,0,0,0,0,0,0,0,0,"3,000",0,0,0,"3,000",0,"3,000","3,000"
"=""067142""",台積電元大4B購04,0,0,0,0,0,0,0,0,0,"3,000",0,0,0,"6,000","3,000","3,000","3,000"
"=""067108""",訊芯元富47購01  ,0,0,0,0,0,0,0,0,0,"3,000",0,0,0,"3,000",0,"3,000","3,000"
"=""067109""",訊芯元富47購02  ,0,0,0,0,0,0,0,0,0,"3,000",0,0,0,"3,000",0,"3,000","3,000"
"=""052086""",裕融永豐45購01  ,0,0,0,0,0,0,0,0,0,"3,000",0,0,0,"3,000",0,"3,000","3,000"
"=""052025""",萬海國票44購06  ,0,0,0,0,0,0,0,0,0,"3,000",0,0,0,"3,000",0,"3,000","3,000"
"=""03305T""",國企2X元大33售02,0,0,0,0,0,0,0,0,0,"3,000",0,0,0,"5,000","2,000","3,000","3,000"
"=""032992""",南電群益52購06  ,0,0,0,0,0,0,0,0,0,"3,000",0,0,0,"120,000","117,000","3,000","3,000"
"=""055984""",致茂國泰46購02  ,0,0,0,0,0,0,0,0,0,"3,000",0,0,0,"3,000",0,"3,000","3,000"
"=""066899""",台塑群益47購03  ,0,0,0,0,0,0,0,0,0,"3,000",0,0,0,"3,000",0,"3,000","3,000"
"=""058385""",貿聯國票46購04  ,0,0,0,0,0,0,0,0,0,"3,000",0,0,0,"3,000",0,"3,000","3,000"
"=""067186""",正文富邦49購01  ,0,0,0,0,0,0,0,0,0,"3,000",0,0,0,"4,000","1,000","3,000","3,000"
"=""067362""",美債2X元富3B購01,0,0,0,0,0,0,0,0,0,"3,000",0,0,0,"60,000","57,000","3,000","3,000"
"=""067385""",臺股指富邦48購10,0,0,0,0,0,0,0,0,0,"3,000",0,0,0,"3,000",0,"3,000","3,000"
"=""067576""",台塑化富邦49購01,0,0,0,0,0,0,0,0,0,"3,000",0,0,0,"3,000",0,"3,000","3,000"
"=""067395""",慧洋元富47購01  ,0,0,0,0,0,0,0,0,0,"3,000",0,0,0,"3,000",0,"3,000","3,000"
"=""068301""",鴻海元大4B購02  ,0,0,0,0,0,0,0,0,0,"3,000",0,0,0,"25,000","22,000","3,000","3,000"
"=""068263""",台灣50凱基52購01,0,0,0,0,0,0,0,0,0,"3,000",0,0,0,"7,000","4,000","3,000","3,000"
"=""068144""",辛耘富邦4C購01  ,0,0,0,0,0,0,0,0,0,"3,000",0,0,0,"3,000",0,"3,000","3,000"
"=""060028""",日電貿元富49購01,0,0,0,0,0,0,0,0,0,"3,000",0,0,0,"24,000","21,000","3,000","3,000"
"=""058274""",川湖元大45購05  ,0,0,0,0,0,0,0,0,0,"3,000",0,0,0,"4,000","1,000","3,000","3,000"
"=""058352""",台塑國票45購01  ,0,0,0,0,0,0,0,0,0,"3,000",0,0,0,"3,000",0,"3,000","3,000"
"=""058314""",SGBR2X群益45購01,0,0,0,0,0,0,0,0,0,"3,000",0,0,0,"8,000","5,000","3,000","3,000"
"=""058774""",正崴元大47購04  ,0,0,0,0,0,0,0,0,0,"3,000",0,0,0,"5,000","2,000","3,000","3,000"
"=""058639""",鴻海凱基47購08  ,0,0,0,0,0,0,0,0,0,"3,000",0,0,0,"3,000",0,"3,000","3,000"
"=""058670""",金寶元富45購03  ,0,0,0,0,0,0,0,0,0,"3,000",0,0,0,"3,000",0,"3,000","3,000"
"=""054455""",保瑞群益46購01  ,0,0,0,0,0,0,0,0,0,"3,000",0,0,0,"3,000",0,"3,000","3,000"
1516,川飛            ,"3,000","3,000",0,0,0,0,0,0,0,"3,000","3,000",0,"3,000",0,0,0,"3,000"
1452,宏益            ,"3,000","1,000","2,000",0,0,0,0,0,0,"1,000","2,000","1,000","1,000",0,0,0,"3,000"
1101B,台泥乙特        ,0,0,0,0,0,0,0,0,0,"3,000","3,000",0,"3,000",0,0,0,"3,000"
"=""055484""",志聖元大44購01  ,0,0,0,0,0,0,0,0,0,"3,000",0,0,0,"3,000",0,"3,000","3,000"
"=""08839U""",技嘉元大33售14  ,0,0,0,0,0,0,0,0,0,"3,000",0,0,0,"3,000",0,"3,000","3,000"
"=""08724U""",三陽群益32售05  ,0,0,0,0,0,0,0,0,0,"3,000",0,0,0,"3,000",0,"3,000","3,000"
"=""055366""",滬深2X凱基44購11,0,0,0,0,0,0,0,0,0,"3,000",0,0,0,"3,000",0,"3,000","3,000"
"=""047211""",中華富邦44購01  ,0,0,0,0,0,0,0,0,0,"3,000",0,0,0,"3,000",0,"3,000","3,000"
"=""047194""",智原元大43購14  ,0,0,0,0,0,0,0,0,0,"3,000",0,0,0,"5,000","2,000","3,000","3,000"
"=""07717U""",技嘉凱基32售06  ,0,0,0,0,0,0,0,0,0,"3,000",0,0,0,"3,000",0,"3,000","3,000"
"=""058167""",緯穎群益45購08  ,0,0,0,0,0,0,0,0,0,"3,000",0,0,0,"3,000",0,"3,000","3,000"
"=""07863U""",長榮航凱基31售14,0,0,0,0,0,0,0,0,0,"3,000",0,0,0,"3,000",0,"3,000","3,000"
"=""054998""",飛宏國票44購01  ,0,0,0,0,0,0,0,0,0,"3,000",0,0,0,"3,000",0,"3,000","3,000"
"=""08088U""",英業達統一33售04,0,0,0,0,0,0,0,0,0,"3,000",0,0,0,"3,000",0,"3,000","3,000"
"=""08114U""",陽明國票32售03  ,0,0,0,0,0,0,0,0,0,"3,000",0,0,0,"6,000","3,000","3,000","3,000"
"=""055119""",祥碩元大49購01  ,0,0,0,0,0,0,0,0,0,"3,000",0,0,0,"3,000",0,"3,000","3,000"
"=""055093""",中砂元大46購01  ,0,0,0,0,0,0,0,0,0,"3,000",0,0,0,"3,000",0,"3,000","3,000"
"=""055084""",訊芯群益44購08  ,0,0,0,0,0,0,0,0,0,"3,000",0,0,0,"3,000",0,"3,000","3,000"
"=""046526""",潤隆凱基43購03  ,0,0,0,0,0,0,0,0,0,"3,000",0,0,0,"3,000",0,"3,000","3,000"
"=""04661T""",台灣50凱基35售13,0,0,0,0,0,0,0,0,0,"3,000",0,0,0,"20,000","17,000","3,000","3,000"
"=""062294""",長榮航群益49購01,0,0,0,0,0,0,0,0,0,"3,000",0,0,0,"3,000",0,"3,000","3,000"
"=""062299""",材料群益46購13  ,0,0,0,0,0,0,0,0,0,"3,000",0,0,0,"3,000",0,"3,000","3,000"
"=""055908""",華孚元富45購01  ,0,0,0,0,0,0,0,0,0,"3,000",0,0,0,"3,000",0,"3,000","3,000"
"=""057475""",長榮國票46購03  ,0,0,0,0,0,0,0,0,0,"3,000",0,0,0,"6,000","3,000","3,000","3,000"
"=""057957""",金寶群益45購05  ,0,0,0,0,0,0,0,0,0,"3,000",0,0,0,"8,000","5,000","3,000","3,000"
"=""057886""",美債2X國票47購01,0,0,0,0,0,0,0,0,0,"3,000",0,0,0,"61,000","58,000","3,000","3,000"
"=""057848""",鴻準凱基47購01  ,0,0,0,0,0,0,0,0,0,"3,000",0,0,0,"5,000","2,000","3,000","3,000"
"=""061467""",長榮元大46購14  ,0,0,0,0,0,0,0,0,0,"3,000",0,0,0,"23,000","20,000","3,000","3,000"
"=""061269""",牧德凱基46購04  ,0,0,0,0,0,0,0,0,0,"3,000",0,0,0,"3,000",0,"3,000","3,000"
"=""061147""",辛耘元富46購01  ,0,0,0,0,0,0,0,0,0,"3,000",0,0,0,"8,000","5,000","3,000","3,000"
"=""061180""",瑞昱群益4C購01  ,0,0,0,0,0,0,0,0,0,"3,000",0,0,0,"30,000","27,000","3,000","3,000"
"=""061084""",凌陽永豐46購01  ,0,0,0,0,0,0,0,0,0,"3,000",0,0,0,"71,000","68,000","3,000","3,000"
"=""061017""",東陽元大46購08  ,0,0,0,0,0,0,0,0,0,"3,000",0,0,0,"41,000","38,000","3,000","3,000"
"=""068726""",大成鋼群益48購02,0,0,0,0,0,0,0,0,0,"3,000",0,0,0,"15,000","12,000","3,000","3,000"
"=""060284""",聯詠富邦4A購01  ,0,0,0,0,0,0,0,0,0,"3,000",0,0,0,"10,000","7,000","3,000","3,000"
"=""060278""",臺股指國票46購03,0,0,0,0,0,0,0,0,0,"3,000",0,0,0,"5,000","2,000","3,000","3,000"
"=""060621""",智邦國票47購01  ,0,0,0,0,0,0,0,0,0,"3,000",0,0,0,"13,000","10,000","3,000","3,000"
"=""060674""",嘉澤凱基46購05  ,0,0,0,0,0,0,0,0,0,"3,000",0,0,0,"3,000",0,"3,000","3,000"
"=""068537""",台積電富邦4C購06,0,0,0,0,0,0,0,0,0,"3,000",0,0,0,"5,000","2,000","3,000","3,000"
"=""068615""",大立光元大51購02,0,0,0,0,0,0,0,0,0,"3,000",0,0,0,"4,000","1,000","3,000","3,000"
"=""060827""",所羅門第一48購01,0,0,0,0,0,0,0,0,0,"3,000",0,0,0,"3,000",0,"3,000","3,000"
"=""068372""",同欣電富邦49購02,0,0,0,0,0,0,0,0,0,"3,000",0,0,0,"25,000","22,000","3,000","3,000"
"=""069349""",世芯凱基51購01  ,0,0,0,0,0,0,0,0,0,"3,000",0,0,0,"5,000","2,000","3,000","3,000"
"=""062071""",滬深2X元大49購06,0,0,0,0,0,0,0,0,0,"3,000",0,0,0,"3,000",0,"3,000","3,000"
"=""057183""",新唐凱基47購01  ,0,0,0,0,0,0,0,0,0,"3,000",0,0,0,"3,000",0,"3,000","3,000"
"=""057328""",橋椿群益45購01  ,0,0,0,0,0,0,0,0,0,"3,000",0,0,0,"3,000",0,"3,000","3,000"
"=""061531""",智原中信4A購02  ,0,0,0,0,0,0,0,0,0,"3,000",0,0,0,"3,000",0,"3,000","3,000"
"=""056904""",世芯元大45購12  ,0,0,0,0,0,0,0,0,0,"3,000",0,0,0,"31,000","28,000","3,000","3,000"
"=""056611""",乙盛群益4B購01  ,0,0,0,0,0,0,0,0,0,"3,000",0,0,0,"10,000","7,000","3,000","3,000"
2013,中鋼構          ,"4,000","1,000","3,000",0,0,0,0,0,0,0,0,0,0,0,0,0,"3,000"
"=""055744""",健策元大44購07  ,0,0,0,0,0,0,0,0,0,"3,000",0,0,0,"3,000",0,"3,000","3,000"
"=""053326""",國企2X群益45購02,0,0,0,0,0,0,0,0,0,"3,000",0,0,0,"31,000","28,000","3,000","3,000"
"=""053363""",嘉澤統一4A購01  ,0,0,0,0,0,0,0,0,0,"3,000",0,0,0,"3,000",0,"3,000","3,000"
2114,鑫永銓          ,"2,000",0,"2,000",0,0,0,0,0,0,"1,000","1,000",0,"1,000",0,0,0,"3,000"
2227,裕日車          ,"4,000","1,000","3,000",0,0,0,0,0,0,0,0,0,0,0,0,0,"3,000"
2028,威致            ,"11,000","8,000","3,000",0,0,0,0,0,0,0,0,0,0,0,0,0,"3,000"
"=""054755""",材料統一3A購01  ,0,0,0,0,0,0,0,0,0,"3,000",0,0,0,"98,000","95,000","3,000","3,000"
"=""056023""",華通凱基46購02  ,0,0,0,0,0,0,0,0,0,"3,000",0,0,0,"3,000",0,"3,000","3,000"
"=""056061""",英業達群益46購01,0,0,0,0,0,0,0,0,0,"3,000",0,0,0,"13,000","10,000","3,000","3,000"
"=""056268""",天虹元大44購02  ,0,0,0,0,0,0,0,0,0,"3,000",0,0,0,"3,000",0,"3,000","3,000"
"=""050794""",緯穎第一49購01  ,0,0,0,0,0,0,0,0,0,"3,000",0,0,0,"3,000",0,"3,000","3,000"
"=""050487""",萬海元大43購10  ,0,0,0,0,0,0,0,0,0,"3,000",0,0,0,"6,000","3,000","3,000","3,000"
"=""050562""",台塑國票43購03  ,0,0,0,0,0,0,0,0,0,"3,000",0,0,0,"3,000",0,"3,000","3,000"
"=""050346""",元日2X富邦47購01,0,0,0,0,0,0,0,0,0,"3,000",0,0,0,"7,000","4,000","3,000","3,000"
"=""050335""",景碩永豐43購03  ,0,0,0,0,0,0,0,0,0,"3,000",0,0,0,"3,000",0,"3,000","3,000"
"=""063569""",世芯永豐5A購01  ,0,0,0,0,0,0,0,0,0,"3,000",0,0,0,"3,000",0,"3,000","3,000"
"=""049941""",十銓元富49購01  ,0,0,0,0,0,0,0,0,0,"3,000",0,0,0,"3,000",0,"3,000","3,000"
"=""050137""",晟銘電凱基47購02,0,0,0,0,0,0,0,0,0,"3,000",0,0,0,"3,000",0,"3,000","3,000"
"=""063286""",上銀中信46購02  ,0,0,0,0,0,0,0,0,0,"3,000",0,0,0,"3,000",0,"3,000","3,000"
"=""04875T""",華通群益38售02  ,0,0,0,0,0,0,0,0,0,"3,000",0,0,0,"3,000",0,"3,000","3,000"
"=""04893T""",京元電群益36售03,0,0,0,0,0,0,0,0,0,"3,000",0,0,0,"3,000",0,"3,000","3,000"
"=""062960""",台積電元大4A購05,0,0,0,0,0,0,0,0,0,"3,000",0,0,0,"53,000","50,000","3,000","3,000"
"=""063079""",緯穎統一54購01  ,0,0,0,0,0,0,0,0,0,"3,000",0,0,0,"37,000","34,000","3,000","3,000"
"=""049124""",世芯元富48購04  ,0,0,0,0,0,0,0,0,0,"3,000",0,0,0,"3,000",0,"3,000","3,000"
"=""048147""",創意元大43購14  ,0,0,0,0,0,0,0,0,0,"3,000",0,0,0,"3,000",0,"3,000","3,000"
"=""047854""",台積電凱基42購27,0,0,0,0,0,0,0,0,0,"3,000",0,0,0,"3,000",0,"3,000","3,000"
"=""048163""",瑞昱群益43購03  ,0,0,0,0,0,0,0,0,0,"3,000",0,0,0,"3,000",0,"3,000","3,000"
"=""048247""",川湖統一54購01  ,0,0,0,0,0,0,0,0,0,"3,000",0,0,0,"3,000",0,"3,000","3,000"
"=""051707""",乙盛永豐43購01  ,0,0,0,0,0,0,0,0,0,"3,000",0,0,0,"13,000","10,000","3,000","3,000"
6835,圓裕            ,"4,000","1,000","3,000",0,0,0,0,0,0,0,0,0,0,0,0,0,"3,000"
"=""051491""",臺股指元大49購01,0,0,0,0,0,0,0,0,0,"3,000",0,0,0,"3,000",0,"3,000","3,000"
4545,銘鈺            ,"2,000",0,"2,000",0,0,0,0,0,0,"1,000","1,000",0,"1,000",0,0,0,"3,000"
"=""051299""",中信金群益43購02,0,0,0,0,0,0,0,0,0,"3,000",0,0,0,"3,000",0,"3,000","3,000"
"=""056410""",上銀群益45購01  ,0,0,0,0,0,0,0,0,0,"3,000",0,0,0,"6,000","3,000","3,000","3,000"
"=""056487""",天鈺國票46購01  ,0,0,0,0,0,0,0,0,0,"3,000",0,0,0,"3,000",0,"3,000","3,000"
"=""052783""",世紀鋼富邦47購01,0,0,0,0,0,0,0,0,0,"3,000",0,0,0,"3,000",0,"3,000","3,000"
"=""053076""",玉晶光富邦46購01,0,0,0,0,0,0,0,0,0,"3,000",0,0,0,"3,000",0,"3,000","3,000"
"=""053042""",亞光元大44購07  ,0,0,0,0,0,0,0,0,0,"3,000",0,0,0,"3,000",0,"3,000","3,000"
"=""053034""",威盛元大44購03  ,0,0,0,0,0,0,0,0,0,"3,000",0,0,0,"4,000","1,000","3,000","3,000"
"=""059224""",陽明元富45購04  ,0,0,0,0,0,0,0,0,0,"3,000",0,0,0,"3,000",0,"3,000","3,000"
"=""059287""",緯穎永豐47購02  ,0,0,0,0,0,0,0,0,0,"3,000",0,0,0,"3,000",0,"3,000","3,000"
"=""064218""",台耀永豐47購01  ,0,0,0,0,0,0,0,0,0,"3,000",0,0,0,"105,000","102,000","3,000","3,000"
"=""064150""",群創富邦48購01  ,0,0,0,0,0,0,0,0,0,"3,000",0,0,0,"11,000","8,000","3,000","3,000"
"=""064194""",上銀國票47購04  ,0,0,0,0,0,0,0,0,0,"3,000",0,0,0,"100,000","97,000","3,000","3,000"
"=""059146""",正崴群益48購01  ,0,0,0,0,0,0,0,0,0,"3,000",0,0,0,"3,000",0,"3,000","3,000"
"=""064085""",世紀鋼元大46購02,0,0,0,0,0,0,0,0,0,"3,000",0,0,0,"3,000",0,"3,000","3,000"
"=""063790""",中砂國泰48購02  ,0,0,0,0,0,0,0,0,0,"3,000",0,0,0,"3,000",0,"3,000","3,000"
"=""063825""",臺股指凱基49購25,0,0,0,0,0,0,0,0,0,"3,000",0,0,0,"3,000",0,"3,000","3,000"
"=""063859""",中磊群益49購01  ,0,0,0,0,0,0,0,0,0,"3,000",0,0,0,"3,000",0,"3,000","3,000"
"=""054080""",晶心科國票44購01,0,0,0,0,0,0,0,0,0,"3,000",0,0,0,"13,000","10,000","3,000","3,000"
"=""03963T""",聯發科凱基35售10,0,0,0,0,0,0,0,0,0,"3,000",0,0,0,"3,000",0,"3,000","3,000"
"=""054280""",奇鋐元大44購04  ,0,0,0,0,0,0,0,0,0,"3,000",0,0,0,"3,000",0,"3,000","3,000"
"=""065024""",滬深2X元大48購04,0,0,0,0,0,0,0,0,0,"3,000",0,0,0,"3,000",0,"3,000","3,000"
"=""064839""",金像電永豐51購01,0,0,0,0,0,0,0,0,0,"3,000",0,0,0,"11,000","8,000","3,000","3,000"
"=""040720""",陽明凱基54購02  ,0,0,0,0,0,0,0,0,0,"3,000",0,0,0,"33,000","30,000","3,000","3,000"
6115,鎰勝            ,"5,000","2,000","3,000",0,0,0,0,0,0,-653,0,653,-653,0,0,0,"2,347"
4155,訊映            ,"49,000","39,750","9,250",0,0,0,0,0,0,"-7,000",0,"7,000","-7,000",0,0,0,"2,250"
6525,捷敏-KY         ,"14,000","12,000","2,000",0,0,0,0,0,0,0,0,0,0,0,0,0,"2,000"
6133,金橋            ,"23,000","21,000","2,000",0,0,0,0,0,0,0,0,0,0,0,0,0,"2,000"
8482,商億-KY         ,"1,000","1,000",0,0,0,0,0,0,0,"2,000","2,000",0,"2,000",0,0,0,"2,000"
6854,錼創科技-KY創   ,"2,000",0,"2,000",0,0,0,0,0,0,0,0,0,0,0,0,0,"2,000"
"=""051713""",T50反1元大49購01,0,0,0,0,0,0,0,0,0,"2,000",0,0,0,"4,000","2,000","2,000","2,000"
"=""051680""",弘憶股凱基43購01,0,0,0,0,0,0,0,0,0,"2,000",0,0,0,"2,000",0,"2,000","2,000"
"=""063648""",台積電元大46購28,0,0,0,0,0,0,0,0,0,"2,000",0,0,0,"2,000",0,"2,000","2,000"
"=""053036""",義隆元大44購01  ,0,0,0,0,0,0,0,0,0,"2,000",0,0,0,"2,000",0,"2,000","2,000"
"=""052919""",亞德客凱基44購02,0,0,0,0,0,0,0,0,0,"2,000",0,0,0,"2,000",0,"2,000","2,000"
3040,遠見            ,"5,000","3,000","2,000",0,0,0,0,0,0,0,0,0,0,0,0,0,"2,000"
"=""052826""",台積電元大44購34,0,0,0,0,0,0,0,0,0,"2,000",0,0,0,"2,000",0,"2,000","2,000"
"=""052264""",FB越南元富49購01,"2,000",0,"2,000",0,0,0,0,0,0,0,0,0,0,0,0,0,"2,000"
"=""051248""",日月光富邦43購01,0,0,0,0,0,0,0,0,0,"2,000",0,0,0,"12,000","10,000","2,000","2,000"
"=""051322""",華紙國票45購01  ,0,0,0,0,0,0,0,0,0,"2,000",0,0,0,"2,000",0,"2,000","2,000"
"=""051307""",辛耘台新43購01  ,0,0,0,0,0,0,0,0,0,"2,000",0,0,0,"2,000",0,"2,000","2,000"
"=""051421""",英業達兆豐43購02,0,0,0,0,0,0,0,0,0,"2,000",0,0,0,"2,000",0,"2,000","2,000"
"=""051118""",陽明第一49購01  ,0,0,0,0,0,0,0,0,0,"2,000",0,0,0,"2,000",0,"2,000","2,000"
"=""051134""",辛耘凱基44購01  ,0,0,0,0,0,0,0,0,0,"2,000",0,0,0,"2,000",0,"2,000","2,000"
"=""039500""",華邦電元大54購18,0,0,0,0,0,0,0,0,0,"2,000",0,0,0,"2,000",0,"2,000","2,000"
"=""03991T""",材料國票35售06  ,0,0,0,0,0,0,0,0,0,"2,000",0,0,0,"2,000",0,"2,000","2,000"
"=""054116""",致茂群益44購03  ,0,0,0,0,0,0,0,0,0,"2,000",0,0,0,"2,000",0,"2,000","2,000"
"=""04456T""",緯創元大35售23  ,0,0,0,0,0,0,0,0,0,"2,000",0,0,0,"2,000",0,"2,000","2,000"
"=""064326""",台積電凱基4C購10,0,0,0,0,0,0,0,0,0,"2,000",0,0,0,"2,000",0,"2,000","2,000"
9906,欣巴巴          ,"4,000","2,000","2,000",0,0,0,0,0,0,0,0,0,0,0,0,0,"2,000"
"=""063871""",鴻海元大46購35  ,0,0,0,0,0,0,0,0,0,"2,000",0,0,0,"7,000","5,000","2,000","2,000"
"=""051819""",勤美群益44購01  ,0,0,0,0,0,0,0,0,0,"2,000",0,0,0,"2,000",0,"2,000","2,000"
"=""051792""",亞光永豐44購02  ,0,0,0,0,0,0,0,0,0,"2,000",0,0,0,"3,000","1,000","2,000","2,000"
"=""059020""",順德第一45購01  ,0,"2,000","-2,000",0,0,0,0,0,0,"4,000",0,0,0,"80,000","76,000","4,000","2,000"
"=""059001""",金融類國票45購01,0,0,0,0,0,0,0,0,0,"2,000",0,0,0,"2,000",0,"2,000","2,000"
"=""058971""",元日2X國票55購01,0,0,0,0,0,0,0,0,0,"2,000",0,0,0,"2,000",0,"2,000","2,000"
"=""058946""",祥碩群益45購03  ,0,0,0,0,0,0,0,0,0,"2,000",0,0,0,"11,000","9,000","2,000","2,000"
"=""064008""",上銀國泰48購01  ,0,0,0,0,0,0,0,0,0,"2,000",0,0,0,"10,000","8,000","2,000","2,000"
"=""063969""",美時富邦48購02  ,0,0,0,0,0,0,0,0,0,"2,000",0,0,0,"2,000",0,"2,000","2,000"
"=""064022""",群光凱基47購01  ,0,0,0,0,0,0,0,0,0,"2,000",0,0,0,"2,000",0,"2,000","2,000"
"=""064049""",台積電元大46購36,0,0,0,0,0,0,0,0,0,"2,000",0,0,0,"80,000","78,000","2,000","2,000"
"=""064241""",國巨群益46購08  ,0,0,0,0,0,0,0,0,0,"2,000",0,0,0,"2,000",0,"2,000","2,000"
"=""059307""",美時群益45購03  ,0,0,0,0,0,0,0,0,0,"2,000",0,0,0,"5,000","3,000","2,000","2,000"
"=""04848T""",聯發科凱基36售08,0,0,0,0,0,0,0,0,0,"2,000",0,0,0,"2,000",0,"2,000","2,000"
"=""048646""",台積電元大43購97,0,0,0,0,0,0,0,0,0,"2,000",0,0,0,"2,000",0,"2,000","2,000"
"=""048640""",永續息元大43購01,0,0,0,0,0,0,0,0,0,"2,000",0,0,0,"2,000",0,"2,000","2,000"
"=""063021""",日月光群益46購04,0,0,0,0,0,0,0,0,0,"2,000",0,0,0,"217,000","215,000","2,000","2,000"
"=""063080""",直得國票47購01  ,0,0,0,0,0,0,0,0,0,"2,000",0,0,0,"2,000",0,"2,000","2,000"
"=""048750""",台積電中信44購04,0,0,0,0,0,0,0,0,0,"2,000",0,0,0,"2,000",0,"2,000","2,000"
"=""049734""",國泰金國票44購01,0,0,0,0,0,0,0,0,0,"2,000",0,0,0,"37,000","35,000","2,000","2,000"
"=""049794""",宏盛元大43購01  ,0,0,0,0,0,0,0,0,0,"2,000",0,0,0,"10,000","8,000","2,000","2,000"
"=""063376""",智原國泰48購02  ,0,0,0,0,0,0,0,0,0,"2,000",0,0,0,"8,000","6,000","2,000","2,000"
"=""049885""",TPK統一49購01   ,0,0,0,0,0,0,0,0,0,"2,000",0,0,0,"2,000",0,"2,000","2,000"
"=""049675""",陽明元大43購04  ,0,0,0,0,0,0,0,0,0,"2,000",0,0,0,"2,000",0,"2,000","2,000"
"=""049714""",陽明元富43購02  ,0,0,0,0,0,0,0,0,0,"2,000",0,0,0,"2,000",0,"2,000","2,000"
"=""063214""",S&P反1元大56購01,0,0,0,0,0,0,0,0,0,"2,000",0,0,0,"2,000",0,"2,000","2,000"
"=""063198""",世芯群益46購18  ,0,0,0,0,0,0,0,0,0,"2,000",0,0,0,"2,000",0,"2,000","2,000"
"=""049543""",晶技元大43購01  ,0,0,0,0,0,0,0,0,0,"2,000",0,0,0,"2,000",0,"2,000","2,000"
"=""050210""",宏盛群益43購01  ,0,0,0,0,0,0,0,0,0,"2,000",0,0,0,"2,000",0,"2,000","2,000"
"=""050006""",台灣50國票43購03,0,0,0,0,0,0,0,0,0,"2,000",0,0,0,"2,000",0,"2,000","2,000"
"=""050316""",東陽中信43購01  ,0,0,0,0,0,0,0,0,0,"2,000",0,0,0,"3,000","1,000","2,000","2,000"
"=""063527""",鈞興國票46購03  ,0,0,0,0,0,0,0,0,0,"2,000",0,0,0,"27,000","25,000","2,000","2,000"
"=""050223""",臺股指群益44購08,0,0,0,0,0,0,0,0,0,"2,000",0,0,0,"23,000","21,000","2,000","2,000"
"=""050553""",辛耘凱基43購04  ,0,0,0,0,0,0,0,0,0,"2,000",0,0,0,"2,000",0,"2,000","2,000"
"=""050641""",保瑞富邦44購03  ,0,0,0,0,0,0,0,0,0,"2,000",0,0,0,"2,000",0,"2,000","2,000"
"=""050662""",南電兆豐49購01  ,0,0,0,0,0,0,0,0,0,"2,000",0,0,0,"3,000","1,000","2,000","2,000"
"=""050514""",中信金國泰45購01,0,0,0,0,0,0,0,0,0,"2,000",0,0,0,"2,000",0,"2,000","2,000"
"=""050399""",川湖元富49購01  ,0,0,0,0,0,0,0,0,0,"2,000",0,0,0,"12,000","10,000","2,000","2,000"
"=""056223""",大立光群益44購07,0,0,0,0,0,0,0,0,0,"2,000",0,0,0,"2,000",0,"2,000","2,000"
"=""056182""",上銀國票44購02  ,0,0,0,0,0,0,0,0,0,"2,000",0,0,0,"2,000",0,"2,000","2,000"
"=""056168""",萬海凱基44購05  ,0,0,0,0,0,0,0,0,0,"2,000",0,0,0,"2,000",0,"2,000","2,000"
2712,遠雄來          ,"3,000","2,000","1,000",0,0,0,0,0,0,"1,000","1,000",0,"1,000",0,0,0,"2,000"
2910,統領            ,"2,000",0,"2,000",0,0,0,0,0,0,0,0,0,0,0,0,0,"2,000"
2897A,王道銀甲特      ,"2,000",0,"2,000",0,0,0,0,0,0,0,0,0,0,0,0,0,"2,000"
1583,程泰            ,"2,000",0,"2,000",0,0,0,0,0,0,0,0,0,0,0,0,0,"2,000"
1526,日馳            ,"5,000","4,000","1,000",0,0,0,0,0,0,"1,000","1,000",0,"1,000",0,0,0,"2,000"
1805,寶徠            ,"12,000","7,000","5,000",0,0,0,0,0,0,"-3,000","2,000","5,000","-3,000",0,0,0,"2,000"
1776,展宇            ,"2,000",0,"2,000",0,0,0,0,0,0,0,0,0,0,0,0,0,"2,000"
"=""055638""",訊芯國票45購08  ,0,0,0,0,0,0,0,0,0,"2,000",0,0,0,"2,000",0,"2,000","2,000"
"=""040659""",華新元大54購15  ,0,0,0,0,0,0,0,0,0,"2,000",0,0,0,"2,000",0,"2,000","2,000"
"=""041013""",佳世達凱基55購01,0,0,0,0,0,0,0,0,0,"2,000",0,0,0,"2,000",0,"2,000","2,000"
"=""064494""",聯發科群益46購13,0,0,0,0,0,0,0,0,0,"2,000",0,0,0,"2,000",0,"2,000","2,000"
"=""064455""",玉晶光元大46購09,0,0,0,0,0,0,0,0,0,"2,000",0,0,0,"2,000",0,"2,000","2,000"
"=""040044""",台達電永豐58購01,0,0,0,0,0,0,0,0,0,"2,000",0,0,0,"2,000",0,"2,000","2,000"
"=""044183""",致茂中信5B購01  ,0,0,0,0,0,0,0,0,0,"2,000",0,0,0,"2,000",0,"2,000","2,000"
"=""064770""",台泥元富47購01  ,0,0,0,0,0,0,0,0,0,"2,000",0,0,0,"2,000",0,"2,000","2,000"
"=""064992""",時碩元富47購03  ,0,0,0,0,0,0,0,0,0,"2,000",0,0,0,"2,000",0,"2,000","2,000"
"=""064899""",世紀鋼群益47購02,0,0,0,0,0,0,0,0,0,"2,000",0,0,0,"2,000",0,"2,000","2,000"
"=""064719""",美時統一3B購02  ,0,0,0,0,0,0,0,0,0,"2,000",0,0,0,"3,000","1,000","2,000","2,000"
"=""06475U""",力積電凱基54售09,0,0,0,0,0,0,0,0,0,"2,000",0,0,0,"2,000",0,"2,000","2,000"
"=""064678""",金像電元大46購09,0,0,0,0,0,0,0,0,0,"2,000",0,0,0,"2,000",0,"2,000","2,000"
"=""064639""",台積電元富44購02,0,0,0,0,0,0,0,0,0,"2,000",0,0,0,"2,000",0,"2,000","2,000"
"=""065032""",鴻海元大49購03  ,0,0,0,0,0,0,0,0,0,"2,000",0,0,0,"53,000","51,000","2,000","2,000"
"=""056620""",臺股指富邦4B購01,0,0,0,0,0,0,0,0,0,"2,000",0,0,0,"13,000","11,000","2,000","2,000"
"=""056648""",寶齡國票45購01  ,0,0,0,0,0,0,0,0,0,"2,000",0,0,0,"2,000",0,"2,000","2,000"
"=""056718""",世紀鋼元大45購07,0,0,0,0,0,0,0,0,0,"2,000",0,0,0,"2,000",0,"2,000","2,000"
"=""056601""",鴻準群益45購02  ,0,0,0,0,0,0,0,0,0,"2,000",0,0,0,"4,000","2,000","2,000","2,000"
"=""061672""",金寶群益48購02  ,0,0,0,0,0,0,0,0,0,"2,000",0,0,0,"2,000",0,"2,000","2,000"
"=""056894""",志聖元大45購03  ,0,0,0,0,0,0,0,0,0,"2,000",0,0,0,"49,000","47,000","2,000","2,000"
"=""057172""",英業達凱基45購02,0,0,0,0,0,0,0,0,0,"2,000",0,0,0,"24,000","22,000","2,000","2,000"
"=""062063""",樺漢群益46購03  ,0,0,0,0,0,0,0,0,0,"2,000",0,0,0,"2,000",0,"2,000","2,000"
"=""062122""",達發國泰48購01  ,0,0,0,0,0,0,0,0,0,"2,000",0,0,0,"6,000","4,000","2,000","2,000"
"=""061930""",雲豹兆豐4C購01  ,0,0,0,0,0,0,0,0,0,"2,000",0,0,0,"2,000",0,"2,000","2,000"
"=""069458""",上銀元大48購03  ,0,0,0,0,0,0,0,0,0,"2,000",0,0,0,"2,000",0,"2,000","2,000"
"=""069354""",立積凱基49購01  ,0,0,0,0,0,0,0,0,0,"2,000",0,0,0,"52,000","50,000","2,000","2,000"
"=""069372""",京元電永豐48購01,0,0,0,0,0,0,0,0,0,"2,000",0,0,0,"3,000","1,000","2,000","2,000"
"=""069412""",啟�眵峇@52購02  ,0,0,0,0,0,0,0,0,0,"2,000",0,0,0,"12,000","10,000","2,000","2,000"
"=""061914""",緯穎元大46購23  ,0,0,0,0,0,0,0,0,0,"2,000",0,0,0,"2,000",0,"2,000","2,000"
"=""060662""",聯電凱基46購02  ,0,0,0,0,0,0,0,0,0,"2,000",0,0,0,"2,000",0,"2,000","2,000"
"=""060754""",華邦電元大46購04,0,0,0,0,0,0,0,0,0,"2,000",0,0,0,"2,000",0,"2,000","2,000"
"=""060518""",台積電凱基4C購04,0,0,0,0,0,0,0,0,0,"2,000",0,0,0,"93,000","91,000","2,000","2,000"
"=""060513""",東元凱基46購02  ,0,0,0,0,0,0,0,0,0,"2,000",0,0,0,"10,000","8,000","2,000","2,000"
"=""060644""",聯發科中信4A購01,0,0,0,0,0,0,0,0,0,"2,000",0,0,0,"2,000",0,"2,000","2,000"
"=""060368""",台耀元大46購01  ,0,0,0,0,0,0,0,0,0,"2,000",0,0,0,"2,000",0,"2,000","2,000"
"=""060431""",東鹼國泰48購01  ,0,0,0,0,0,0,0,0,0,"2,000",0,0,0,"5,000","3,000","2,000","2,000"
"=""060444""",友訊群益4A購01  ,0,0,0,0,0,0,0,0,0,"2,000",0,0,0,"6,000","4,000","2,000","2,000"
"=""060505""",晶碩國票47購01  ,0,0,0,0,0,0,0,0,0,"2,000",0,0,0,"7,000","5,000","2,000","2,000"
"=""068735""",一詮群益52購01  ,0,0,0,0,0,0,0,0,0,"2,000",0,0,0,"16,000","14,000","2,000","2,000"
"=""060991""",康舒元富3A購01  ,0,0,0,0,0,0,0,0,0,"2,000",0,0,0,"2,000",0,"2,000","2,000"
"=""060971""",奇鋐元富47購02  ,0,0,0,0,0,0,0,0,0,"2,000",0,0,0,"2,000",0,"2,000","2,000"
"=""061056""",緯穎元大46購12  ,0,0,0,0,0,0,0,0,0,"2,000",0,0,0,"2,000",0,"2,000","2,000"
"=""061406""",世芯群益46購10  ,0,0,0,0,0,0,0,0,0,"2,000",0,0,0,"89,000","87,000","2,000","2,000"
"=""056834""",所羅門中信46購01,0,0,0,0,0,0,0,0,0,"2,000",0,0,0,"2,000",0,"2,000","2,000"
"=""057738""",新唐元大45購06  ,0,0,0,0,0,0,0,0,0,"2,000",0,0,0,"2,000",0,"2,000","2,000"
"=""057739""",立積元大45購03  ,0,0,0,0,0,0,0,0,0,"2,000",0,0,0,"2,000",0,"2,000","2,000"
"=""057917""",川湖元大45購04  ,0,0,0,0,0,0,0,0,0,"2,000",0,0,0,"2,000",0,"2,000","2,000"
"=""057474""",宏達電國票51購01,0,0,0,0,0,0,0,0,0,"2,000",0,0,0,"8,000","6,000","2,000","2,000"
"=""057490""",東元凱基45購01  ,0,0,0,0,0,0,0,0,0,"2,000",0,0,0,"12,000","10,000","2,000","2,000"
"=""057528""",川湖元大45購03  ,0,0,0,0,0,0,0,0,0,"2,000",0,0,0,"2,000",0,"2,000","2,000"
"=""07689U""",英業達統一32售01,0,0,0,0,0,0,0,0,0,"2,000",0,0,0,"2,000",0,"2,000","2,000"
"=""062212""",T50反1元富4C購02,0,0,0,0,0,0,0,0,0,"2,000",0,0,0,"2,000",0,"2,000","2,000"
"=""062242""",鴻海凱基47購13  ,0,0,0,0,0,0,0,0,0,"2,000",0,0,0,"2,000",0,"2,000","2,000"
"=""062235""",T50反1凱基4A購01,0,0,0,0,0,0,0,0,0,"2,000",0,0,0,"8,000","6,000","2,000","2,000"
"=""046143""",愛山林永豐43購01,0,0,0,0,0,0,0,0,0,"2,000",0,0,0,"2,000",0,"2,000","2,000"
"=""046110""",龍德船群益42購03,0,0,0,0,0,0,0,0,0,"2,000",0,0,0,"2,000",0,"2,000","2,000"
"=""062334""",全新元大4C購02  ,0,0,0,0,0,0,0,0,0,"2,000",0,0,0,"12,000","10,000","2,000","2,000"
"=""046437""",海悅統一58購01  ,0,0,0,0,0,0,0,0,0,"2,000",0,0,0,"11,000","9,000","2,000","2,000"
"=""04642T""",矽力群益35售05  ,0,0,0,0,0,0,0,0,0,"2,000",0,0,0,"2,000",0,"2,000","2,000"
"=""062388""",世芯凱基46購16  ,0,0,0,0,0,0,0,0,0,"2,000",0,0,0,"2,000",0,"2,000","2,000"
"=""046564""",英業達兆豐44購01,0,0,0,0,0,0,0,0,0,"2,000",0,0,0,"14,000","12,000","2,000","2,000"
"=""062593""",神達元大46購02  ,0,0,0,0,0,0,0,0,0,"2,000",0,0,0,"2,000",0,"2,000","2,000"
"=""046779""",大立光群益42購08,0,0,0,0,0,0,0,0,0,"2,000",0,0,0,"218,000","216,000","2,000","2,000"
"=""046668""",大亞元大46購03  ,0,0,0,0,0,0,0,0,0,"2,000",0,0,0,"2,000",0,"2,000","2,000"
"=""062575""",台光電元大46購08,0,0,0,0,0,0,0,0,0,"2,000",0,0,0,"332,000","330,000","2,000","2,000"
"=""046936""",奇鋐國泰44購01  ,0,0,0,0,0,0,0,0,0,"2,000",0,0,0,"2,000",0,"2,000","2,000"
"=""055226""",川湖凱基47購03  ,0,0,0,0,0,0,0,0,0,"2,000",0,0,0,"2,000",0,"2,000","2,000"
"=""08284U""",技嘉永豐31售03  ,0,0,0,0,0,0,0,0,0,"2,000",0,0,0,"2,000",0,"2,000","2,000"
"=""08134U""",奇鋐元大31售16  ,0,0,0,0,0,0,0,0,0,"2,000",0,0,0,"2,000",0,"2,000","2,000"
"=""08047U""",晶華元大31售06  ,0,0,0,0,0,0,0,0,0,"2,000",0,0,0,"2,000",0,"2,000","2,000"
"=""054970""",大立光元富44購04,0,0,0,0,0,0,0,0,0,"2,000",0,0,0,"2,000",0,"2,000","2,000"
"=""07766U""",英業達統一33售03,0,0,0,0,0,0,0,0,0,"2,000",0,0,0,"2,000",0,"2,000","2,000"
"=""07947U""",晶華元大31售05  ,0,0,0,0,0,0,0,0,0,"2,000",0,0,0,"2,000",0,"2,000","2,000"
"=""07695U""",臺股指群益2C售32,0,0,0,0,0,0,0,0,0,"2,000",0,0,0,"2,000",0,"2,000","2,000"
"=""058100""",正崴元大4B購01  ,0,0,0,"2,000",0,"2,000",0,0,0,"2,000",0,0,0,"2,000",0,"2,000","2,000"
"=""062925""",精銳凱基46購02  ,0,0,0,0,0,0,0,0,0,"2,000",0,0,0,"3,000","1,000","2,000","2,000"
"=""047033""",潤隆永豐43購01  ,0,0,0,0,0,0,0,0,0,"2,000",0,0,0,"2,000",0,"2,000","2,000"
"=""062839""",所羅門中信48購01,0,0,0,0,0,0,0,0,0,"2,000",0,0,0,"7,000","5,000","2,000","2,000"
"=""047249""",華通統一4B購01  ,0,0,0,0,0,0,0,0,0,"2,000",0,0,0,"2,000",0,"2,000","2,000"
"=""08624U""",仲琦元富32售04  ,0,0,0,0,0,0,0,0,0,"2,000",0,0,0,"2,000",0,"2,000","2,000"
"=""08654U""",技嘉群益33售05  ,0,0,0,0,0,0,0,0,0,"2,000",0,0,0,"2,000",0,"2,000","2,000"
"=""08858U""",金像電國票33售04,0,0,0,0,0,0,0,0,0,"2,000",0,0,0,"2,000",0,"2,000","2,000"
1459,聯發            ,"2,000",0,"2,000",0,0,0,0,0,0,0,0,0,0,0,0,0,"2,000"
1418,東華            ,"2,000",0,"2,000",0,0,0,0,0,0,0,0,0,0,0,0,0,"2,000"
1512,瑞利            ,"2,000",0,"2,000",0,0,0,0,0,0,0,0,0,0,0,0,0,"2,000"
"=""054429""",迅得元富4A購02  ,0,0,0,0,0,0,0,0,0,"2,000",0,0,0,"2,000",0,"2,000","2,000"
"=""054450""",凱基金群益44購04,0,0,0,0,0,0,0,0,0,"2,000",0,0,0,"2,000",0,"2,000","2,000"
"=""054497""",臺股指元大44購37,0,0,0,0,0,0,0,0,0,"2,000",0,0,0,"2,000",0,"2,000","2,000"
"=""058703""",智原國票46購02  ,0,0,0,0,0,0,0,0,0,"2,000",0,0,0,"12,000","10,000","2,000","2,000"
"=""058704""",健策國票46購05  ,0,0,0,0,0,0,0,0,0,"2,000",0,0,0,"2,000",0,"2,000","2,000"
"=""058643""",鴻準凱基46購02  ,0,0,0,0,0,0,0,0,0,"2,000",0,0,0,"4,000","2,000","2,000","2,000"
"=""059597""",正崴兆豐47購02  ,0,0,0,0,0,0,0,0,0,"2,000",0,0,0,"2,000",0,"2,000","2,000"
"=""059851""",碩天台新45購01  ,0,0,0,0,0,0,0,0,0,"2,000",0,0,0,"2,000",0,"2,000","2,000"
"=""059799""",聯電永豐45購03  ,0,0,0,0,0,0,0,0,0,"2,000",0,0,0,"2,000",0,"2,000","2,000"
"=""058804""",長榮航富邦47購01,0,0,0,0,0,0,0,0,0,"2,000",0,0,0,"2,000",0,"2,000","2,000"
"=""058315""",中砂群益45購07  ,0,0,0,0,0,0,0,0,0,"2,000",0,0,0,"3,000","1,000","2,000","2,000"
"=""058256""",材料凱基47購04  ,0,0,0,0,0,0,0,0,0,"2,000",0,0,0,"22,000","20,000","2,000","2,000"
"=""058277""",金寶元大49購02  ,0,0,0,0,0,0,0,0,0,"2,000",0,0,0,"2,000",0,"2,000","2,000"
"=""060009""",東元永豐47購01  ,0,0,0,0,0,0,0,0,0,"2,000",0,0,0,"5,000","3,000","2,000","2,000"
"=""060010""",和大永豐47購01  ,0,0,0,0,0,0,0,0,0,"2,000",0,0,0,"102,000","100,000","2,000","2,000"
"=""059987""",長榮航元大45購12,0,0,0,0,0,0,0,0,0,"2,000",0,0,0,"2,000",0,"2,000","2,000"
"=""058926""",華泰群益45購03  ,0,0,0,0,0,0,0,0,0,"2,000",0,0,0,"3,000","1,000","2,000","2,000"
"=""058854""",技嘉凱基45購06  ,0,0,0,0,0,0,0,0,0,"2,000",0,0,0,"2,000",0,"2,000","2,000"
"=""059934""",順德國票46購02  ,0,0,0,0,0,0,0,0,0,"2,000",0,0,0,"3,000","1,000","2,000","2,000"
"=""059954""",東元元大45購03  ,0,0,0,0,0,0,0,0,0,"2,000",0,0,0,"15,000","13,000","2,000","2,000"
"=""068139""",美食富邦4B購01  ,0,0,0,0,0,0,0,0,0,"2,000",0,0,0,"2,000",0,"2,000","2,000"
"=""060211""",滬深2X凱基46購10,0,0,0,0,0,0,0,0,0,"2,000",0,0,0,"3,000","1,000","2,000","2,000"
"=""060127""",華碩群益46購01  ,0,0,0,0,0,0,0,0,0,"2,000",0,0,0,"2,000",0,"2,000","2,000"
"=""057619""",振樺電永豐46購01,0,0,0,0,0,0,0,0,0,"2,000",0,0,0,"2,000",0,"2,000","2,000"
"=""067808""",材料元富51購01  ,0,0,0,0,0,0,0,0,0,"2,000",0,0,0,"2,000",0,"2,000","2,000"
"=""067396""",國泰金元富47購03,0,0,0,0,0,0,0,0,0,"2,000",0,0,0,"12,000","10,000","2,000","2,000"
"=""067423""",奇鋐永豐51購01  ,0,0,0,0,0,0,0,0,0,"2,000",0,0,0,"2,000",0,"2,000","2,000"
"=""067557""",臺股指群益47購05,0,0,0,0,0,0,0,0,0,"2,000",0,0,0,"2,000",0,"2,000","2,000"
"=""067383""",奇鋐富邦48購03  ,0,0,0,0,0,0,0,0,0,"2,000",0,0,0,"2,000",0,"2,000","2,000"
"=""067248""",臺股指元富47購10,0,0,0,0,0,0,0,0,0,"2,000",0,0,0,"2,000",0,"2,000","2,000"
"=""058448""",大立光永豐45購04,0,0,0,0,0,0,0,0,0,"2,000",0,0,0,"2,000",0,"2,000","2,000"
"=""059462""",長榮元富4B購05  ,0,0,0,0,0,0,0,0,0,"2,000",0,0,0,"5,000","3,000","2,000","2,000"
"=""058545""",長榮元大45購20  ,0,0,0,0,0,0,0,0,0,"2,000",0,0,0,"2,000",0,"2,000","2,000"
"=""066890""",緯穎元富47購02  ,0,0,0,0,0,0,0,0,0,"2,000",0,0,0,"2,000",0,"2,000","2,000"
"=""054913""",奇鋐群益44購04  ,0,0,0,0,0,0,0,0,0,"2,000",0,0,0,"2,000",0,"2,000","2,000"
"=""041969""",台灣50國泰55購03,0,0,0,0,0,0,0,0,0,"2,000",0,0,0,"2,000",0,"2,000","2,000"
"=""053537""",台灣50元大46購02,0,0,0,0,0,0,0,0,0,"2,000",0,0,0,"2,000",0,"2,000","2,000"
"=""053511""",A50正2富邦47購01,0,0,0,0,0,0,0,0,0,"2,000",0,0,0,"2,000",0,"2,000","2,000"
"=""053544""",國企2X元大44購03,0,0,0,0,0,0,0,0,0,"2,000",0,0,0,"2,000",0,"2,000","2,000"
"=""067121""",晶豪科統一3B購01,0,0,0,0,0,0,0,0,0,"2,000",0,0,0,"2,000",0,"2,000","2,000"
"=""03412T""",材料永豐34售02  ,0,0,0,0,0,0,0,0,0,"2,000",0,0,0,"2,000",0,"2,000","2,000"
"=""043017""",台光電永豐56購02,0,0,0,0,0,0,0,0,0,"2,000",0,0,0,"2,000",0,"2,000","2,000"
"=""04302T""",緯創群益35售15  ,0,0,0,0,0,0,0,0,0,"2,000",0,0,0,"2,000",0,"2,000","2,000"
"=""04265T""",材料元大35售04  ,0,0,0,0,0,0,0,0,0,"2,000",0,0,0,"5,000","3,000","2,000","2,000"
"=""03685T""",中砂群益34售03  ,0,0,0,0,0,0,0,0,0,"2,000",0,0,0,"2,000",0,"2,000","2,000"
"=""065433""",智原元大47購03  ,0,0,0,0,0,0,0,0,0,"2,000",0,0,0,"2,000",0,"2,000","2,000"
"=""03895C""",臺股指凱基35牛04,0,0,0,0,0,0,0,0,0,"2,000",0,0,0,"20,000","18,000","2,000","2,000"
"=""065600""",聯德國票48購01  ,0,0,0,0,0,0,0,0,0,"2,000",0,0,0,"2,000",0,"2,000","2,000"
"=""065605""",威盛凱基3B購05  ,0,0,0,0,0,0,0,0,0,"2,000",0,0,0,"7,000","5,000","2,000","2,000"
"=""065646""",精成科群益47購01,0,0,0,0,0,0,0,0,0,"2,000",0,0,0,"2,000",0,"2,000","2,000"
"=""065669""",立隆電凱基47購03,0,0,0,0,0,0,0,0,0,"2,000",0,0,0,"10,000","8,000","2,000","2,000"
"=""045489""",華新國票57購01  ,0,0,0,0,0,0,0,0,0,"2,000",0,0,0,"17,000","15,000","2,000","2,000"
"=""03590T""",力積電國票33售02,0,0,0,0,0,0,0,0,0,"2,000",0,0,0,"4,000","2,000","2,000","2,000"
"=""045240""",國巨群益55購07  ,0,0,0,0,0,0,0,0,0,"2,000",0,0,0,"2,000",0,"2,000","2,000"
"=""045245""",嘉澤群益5B購01  ,0,0,0,0,0,0,0,0,0,"2,000",0,0,0,"2,000",0,"2,000","2,000"
"=""04224T""",緯創群益35售10  ,0,0,0,0,0,0,0,0,0,"2,000",0,0,0,"2,000",0,"2,000","2,000"
"=""042256""",鴻海永豐56購06  ,0,0,0,0,0,0,0,0,0,"2,000",0,0,0,"2,000",0,"2,000","2,000"
"=""045608""",建準元大55購07  ,0,0,0,0,0,0,0,0,0,"2,000",0,0,0,"4,000","2,000","2,000","2,000"
"=""045610""",亞翔統一4C購01  ,0,0,0,0,0,0,0,0,0,"2,000",0,0,0,"2,000",0,"2,000","2,000"
"=""045705""",潤隆統一47購01  ,0,0,0,0,0,0,0,0,0,"2,000",0,0,0,"2,000",0,"2,000","2,000"
"=""044773""",台塑化元大58購01,0,0,0,0,0,0,0,0,0,"2,000",0,0,0,"2,000",0,"2,000","2,000"
"=""04475T""",華通群益35售03  ,0,0,0,0,0,0,0,0,0,"2,000",0,0,0,"2,000",0,"2,000","2,000"
"=""044981""",晟銘電群益57購01,0,0,0,0,0,0,0,0,0,"2,000",0,0,0,"2,000",0,"2,000","2,000"
"=""03458T""",臺股指凱基33售49,0,0,0,0,0,0,0,0,0,"2,000",0,0,0,"3,000","1,000","2,000","2,000"
"=""03474T""",天鈺國票33售02  ,0,0,0,0,0,0,0,0,0,"2,000",0,0,0,"2,000",0,"2,000","2,000"
"=""066642""",緯穎永豐47購09  ,0,0,0,0,0,0,0,0,0,"2,000",0,0,0,"2,000",0,"2,000","2,000"
"=""066814""",S&P正2凱基48購01,0,0,0,0,0,0,0,0,0,"2,000",0,0,0,"2,000",0,"2,000","2,000"
"=""066867""",微星元富47購02  ,"2,000",0,"2,000",0,0,0,0,0,0,0,0,0,0,0,0,0,"2,000"
"=""066523""",台塑化群益47購01,0,0,0,0,0,0,0,0,0,"2,000",0,0,0,"3,000","1,000","2,000","2,000"
"=""066488""",上証2X群益47購05,0,0,0,0,0,0,0,0,0,"2,000",0,0,0,"2,000",0,"2,000","2,000"
"=""066376""",群光統一3B購02  ,0,0,0,0,0,0,0,0,0,"2,000",0,0,0,"2,000",0,"2,000","2,000"
"=""066134""",華碩統一4B購03  ,0,0,0,0,0,0,0,0,0,"2,000",0,0,0,"3,000","1,000","2,000","2,000"
"=""066128""",直得統一55購01  ,0,0,0,0,0,0,0,0,0,"2,000",0,0,0,"78,000","76,000","2,000","2,000"
"=""03709T""",矽統群益34售04  ,0,0,0,0,0,0,0,0,0,"2,000",0,0,0,"155,000","153,000","2,000","2,000"
"=""066044""",聯發科凱基3B購02,0,0,0,0,0,0,0,0,0,"2,000",0,0,0,"2,000",0,"2,000","2,000"
"=""043538""",臺股指元大55購25,0,0,0,0,0,0,0,0,0,"2,000",0,0,0,"2,000",0,"2,000","2,000"
"=""043723""",緯穎元大55購06  ,0,0,0,0,0,0,0,0,0,"2,000",0,0,0,"2,000",0,"2,000","2,000"
"=""043582""",台積電國票55購06,0,0,0,0,0,0,0,0,0,"2,000",0,0,0,"2,000",0,"2,000","2,000"
"=""020037""",元大金融高股息N ,0,0,0,0,0,0,0,0,0,"2,000",0,0,0,"7,000","5,000","2,000","2,000"
"=""03059T""",技嘉元大33售30  ,0,0,0,0,0,0,0,0,0,"2,000",0,0,0,"2,000",0,"2,000","2,000"
"=""03035X""",元展32          ,0,0,0,0,0,0,0,0,0,"2,000",0,0,0,"2,000",0,"2,000","2,000"
"=""00663L""",國泰臺灣加權正2 ,0,0,0,0,0,0,0,0,0,"2,000",0,0,0,"5,000","3,000","2,000","2,000"
"=""006204""",永豐臺灣加權    ,111,0,111,0,0,0,0,0,0,"1,821",0,0,0,"2,862","1,041","1,821","1,932"
6183,關貿            ,"4,000","2,000","2,000",0,0,0,0,0,0,-175,0,0,0,0,175,-175,"1,825"
1558,伸興            ,"21,000","22,000","-1,000",0,0,0,0,0,0,"2,004","2,004",0,"2,004",0,0,0,"1,004"
1587,吉茂            ,"5,000","5,000",0,0,0,0,0,0,0,"1,000","1,000",0,"1,000",0,0,0,"1,000"
"=""053314""",百和凱基44購01  ,0,0,0,0,0,0,0,0,0,"1,000",0,0,0,"1,000",0,"1,000","1,000"
1730,花仙子          ,0,0,0,0,0,0,0,0,0,"1,000","1,000",0,"1,000",0,0,0,"1,000"
1735,日勝化          ,"1,000",0,"1,000",0,0,0,0,0,0,0,0,0,0,0,0,0,"1,000"
"=""055625""",華航國票44購01  ,0,0,0,0,0,0,0,0,0,"1,000",0,0,0,"1,000",0,"1,000","1,000"
"=""055760""",矽力國泰46購03  ,0,0,0,0,0,0,0,0,0,"1,000",0,0,0,"41,000","40,000","1,000","1,000"
"=""055727""",台積電元大44購66,0,0,0,0,0,0,0,0,0,"1,000",0,0,0,"1,000",0,"1,000","1,000"
"=""056030""",聯發科凱基44購11,0,0,0,0,0,0,0,0,0,"1,000",0,0,0,"1,000",0,"1,000","1,000"
"=""055778""",天虹統一53購01  ,0,0,0,0,0,0,0,0,0,"1,000",0,0,0,"10,000","9,000","1,000","1,000"
"=""054655""",來億元富44購02  ,0,0,0,0,0,0,0,0,0,"1,000",0,0,0,"1,000",0,"1,000","1,000"
"=""056379""",矽統元大45購03  ,0,0,0,0,0,0,0,0,0,"1,000",0,0,0,"1,000",0,"1,000","1,000"
2882A,國泰特          ,0,"1,000","-1,000",0,0,0,0,0,0,"2,000","2,000",0,"2,000",0,0,0,"1,000"
"=""056343""",上銀凱基45購03  ,0,0,0,0,0,0,0,0,0,"1,000",0,0,0,"1,000",0,"1,000","1,000"
"=""050525""",祥碩兆豐44購02  ,0,0,0,0,0,0,0,0,0,"1,000",0,0,0,"1,000",0,"1,000","1,000"
"=""050526""",亞翔兆豐45購01  ,0,0,0,0,0,0,0,0,0,"1,000",0,0,0,"1,000",0,"1,000","1,000"
"=""050608""",緯穎元大43購16  ,0,0,0,0,0,0,0,0,0,"1,000",0,0,0,"1,000",0,"1,000","1,000"
"=""050583""",香港2X元大44購01,0,0,0,0,0,0,0,0,0,"1,000",0,0,0,"1,000",0,"1,000","1,000"
"=""050708""",長榮凱基43購15  ,0,0,0,0,0,0,0,0,0,"1,000",0,0,0,"1,000",0,"1,000","1,000"
"=""050965""",華紙元富47購01  ,0,0,0,0,0,0,0,0,0,"1,000",0,0,0,"1,000",0,"1,000","1,000"
"=""063490""",TPK富邦48購01   ,0,0,0,0,0,0,0,0,0,"1,000",0,0,0,"1,000",0,"1,000","1,000"
"=""050262""",大立光凱基43購13,0,0,0,0,0,0,0,0,0,"1,000",0,0,0,"6,000","5,000","1,000","1,000"
"=""049483""",精銳國票44購02  ,0,0,0,"1,000",0,"1,000",0,0,0,"1,000",0,0,0,"1,000",0,"1,000","1,000"
"=""049870""",晟銘電統一49購02,0,0,0,0,0,0,0,0,0,"1,000",0,0,0,"1,000",0,"1,000","1,000"
"=""049816""",新光金富邦37購01,0,0,0,0,0,0,0,0,0,"1,000",0,0,0,"1,000",0,"1,000","1,000"
"=""048764""",旺旺保元富42購01,0,0,0,"1,000",0,"1,000",0,0,0,"1,000",0,0,0,"1,000",0,"1,000","1,000"
"=""04881T""",聯發科中信3C售01,0,0,0,0,0,0,0,0,0,"1,000",0,0,0,"1,000",0,"1,000","1,000"
"=""049060""",辛耘凱基43購03  ,0,0,0,0,0,0,0,0,0,"1,000",0,0,0,"3,000","2,000","1,000","1,000"
"=""063002""",金像電群益47購03,0,0,0,0,0,0,0,0,0,"1,000",0,0,0,"1,000",0,"1,000","1,000"
"=""063009""",聯發科群益46購08,0,0,0,0,0,0,0,0,0,"1,000",0,0,0,"1,000",0,"1,000","1,000"
"=""049370""",毅嘉凱基44購01  ,0,0,0,0,0,0,0,0,0,"1,000",0,0,0,"1,000",0,"1,000","1,000"
"=""049089""",新光金元大44購03,0,0,0,0,0,0,0,0,0,"1,000",0,0,0,"1,000",0,"1,000","1,000"
"=""049150""",聯發科國泰44購05,0,0,0,0,0,0,0,0,0,"1,000",0,0,0,"1,000",0,"1,000","1,000"
"=""049123""",新日興元富43購02,0,0,0,0,0,0,0,0,0,"1,000",0,0,0,"1,000",0,"1,000","1,000"
"=""063069""",創意永豐49購02  ,0,0,0,0,0,0,0,0,0,"1,000",0,0,0,"2,000","1,000","1,000","1,000"
"=""048228""",世芯元富42購09  ,0,0,0,0,0,0,0,0,0,"1,000",0,0,0,"1,000",0,"1,000","1,000"
"=""048133""",鴻海元大44購13  ,0,0,0,0,0,0,0,0,0,"1,000",0,0,0,"1,000",0,"1,000","1,000"
"=""048005""",材料元大43購14  ,0,0,0,0,0,0,0,0,0,"1,000",0,0,0,"1,000",0,"1,000","1,000"
6192,巨路            ,"13,000","12,000","1,000",0,0,0,0,0,0,0,0,0,0,0,0,0,"1,000"
6141,柏承            ,"12,000","1,000","11,000",0,0,0,0,0,0,"-10,000",0,"10,000","-10,000",0,0,0,"1,000"
6405,悅城            ,"2,000","2,000",0,0,0,0,0,0,0,"1,000","1,000",0,"1,000",0,0,0,"1,000"
4439,冠星-KY         ,"4,000","3,000","1,000",0,0,0,0,0,0,0,0,0,0,0,0,0,"1,000"
4764,雙鍵            ,"1,000",0,"1,000",0,0,0,0,0,0,0,0,0,0,0,0,0,"1,000"
3593,力銘            ,0,0,0,0,0,0,0,0,0,"1,000","2,000","1,000","1,000",0,0,0,"1,000"
3054,立萬利          ,"1,000",0,"1,000",0,0,0,0,0,0,0,0,0,0,0,0,0,"1,000"
"=""063669""",中磊元大46購03  ,0,0,0,0,0,0,0,0,0,"1,000",0,0,0,"292,000","291,000","1,000","1,000"
"=""051624""",海悅元富43購01  ,0,0,0,0,0,0,0,0,0,"1,000",0,0,0,"1,000",0,"1,000","1,000"
"=""06373U""",緯創富邦56售01  ,0,0,0,0,0,0,0,0,0,"1,000",0,0,0,"1,000",0,"1,000","1,000"
"=""063720""",鴻海中信47購02  ,0,0,0,0,0,0,0,0,0,"1,000",0,0,0,"1,000",0,"1,000","1,000"
6796,晉弘            ,"8,000","7,000","1,000",0,0,0,0,0,0,0,0,0,0,0,0,0,"1,000"
6671,三能-KY         ,"1,000","1,000",0,0,0,0,0,0,0,"1,000","1,000",0,"1,000",0,0,0,"1,000"
6641,基士德-KY       ,"1,000","1,000",0,0,0,0,0,0,0,"1,000","1,000",0,"1,000",0,0,0,"1,000"
6658,聯策            ,"1,000",0,"1,000",0,0,0,0,0,0,0,0,0,0,0,0,0,"1,000"
6581,鋼聯            ,0,0,0,0,0,0,0,0,0,"1,000","1,000",0,"1,000",0,0,0,"1,000"
"=""051541""",致伸群益47購01  ,0,0,0,0,0,0,0,0,0,"1,000",0,0,0,"41,000","40,000","1,000","1,000"
"=""051508""",緯穎國票44購04  ,0,0,0,0,0,0,0,0,0,"1,000",0,0,0,"61,000","60,000","1,000","1,000"
"=""051206""",裕隆元富44購01  ,0,0,0,0,0,0,0,0,0,"1,000",0,0,0,"3,000","2,000","1,000","1,000"
"=""051405""",台光電永豐44購03,0,0,0,0,0,0,0,0,0,"1,000",0,0,0,"1,000",0,"1,000","1,000"
"=""051276""",中信金永豐43購01,0,0,0,0,0,0,0,0,0,"1,000",0,0,0,"51,000","50,000","1,000","1,000"
"=""052255""",長華國泰46購01  ,0,0,0,0,0,0,0,0,0,"1,000",0,0,0,"1,000",0,"1,000","1,000"
"=""056448""",台灣50中信45購02,0,0,0,0,0,0,0,0,0,"1,000",0,0,0,"1,000",0,"1,000","1,000"
"=""056500""",T50反1凱基45購05,0,0,0,0,0,0,0,0,0,"1,000",0,0,0,"1,000",0,"1,000","1,000"
"=""052180""",中信金國票44購04,0,0,0,0,0,0,0,0,0,"1,000",0,0,0,"1,000",0,"1,000","1,000"
"=""052703""",上証2X國票45購09,0,0,0,0,0,0,0,0,0,"1,000",0,0,0,"6,000","5,000","1,000","1,000"
"=""052468""",聯電國泰46購03  ,0,0,0,0,0,0,0,0,0,"1,000",0,0,0,"1,000",0,"1,000","1,000"
"=""052370""",威盛群益44購03  ,0,0,0,0,0,0,0,0,0,"1,000",0,0,0,"1,000",0,"1,000","1,000"
"=""053231""",中502X元大44購04,0,0,0,0,0,0,0,0,0,"1,000",0,0,0,"1,000",0,"1,000","1,000"
"=""053142""",滬深2X群益4A購03,0,0,0,0,0,0,0,0,0,"1,000",0,0,0,"1,000",0,"1,000","1,000"
"=""052920""",亞德客凱基44購03,0,0,0,0,0,0,0,0,0,"1,000",0,0,0,"1,000",0,"1,000","1,000"
"=""052923""",長興凱基44購01  ,0,0,0,0,0,0,0,0,0,"1,000",0,0,0,"1,000",0,"1,000","1,000"
"=""064159""",國巨兆豐47購01  ,0,0,0,0,0,0,0,0,0,"1,000",0,0,0,"6,000","5,000","1,000","1,000"
"=""059296""",日月光國泰47購01,0,0,0,0,0,0,0,0,0,"1,000",0,0,0,"11,000","10,000","1,000","1,000"
"=""059230""",漢唐國票46購05  ,0,0,0,0,0,0,0,0,0,"1,000",0,0,0,"1,000",0,"1,000","1,000"
"=""064044""",和大元大46購01  ,0,0,0,0,0,0,0,0,0,"1,000",0,0,0,"5,000","4,000","1,000","1,000"
"=""064068""",欣興元大46購03  ,0,0,0,0,0,0,0,0,0,"1,000",0,0,0,"51,000","50,000","1,000","1,000"
"=""059128""",世芯凱基45購13  ,0,0,0,0,0,0,0,0,0,"1,000",0,0,0,"1,000",0,"1,000","1,000"
"=""059161""",華友聯元大45購02,0,0,0,0,0,0,0,0,0,"1,000",0,0,0,"1,000",0,"1,000","1,000"
"=""059007""",臺股指法興45購06,0,0,0,0,0,0,0,0,0,"1,000",0,0,0,"1,000",0,"1,000","1,000"
"=""058995""",虹堡國票45購01  ,0,0,0,0,0,0,0,0,0,"1,000",0,0,0,"1,000",0,"1,000","1,000"
"=""063919""",材料中信49購02  ,0,0,0,0,0,0,0,0,0,"1,000",0,0,0,"1,000",0,"1,000","1,000"
"=""063906""",采鈺元大46購04  ,0,0,0,0,0,0,0,0,0,"1,000",0,0,0,"1,000",0,"1,000","1,000"
"=""051856""",亞光元大47購02  ,0,0,0,0,0,0,0,0,0,"1,000",0,0,0,"6,000","5,000","1,000","1,000"
9912,偉聯            ,"2,000",0,"2,000",0,0,0,0,0,0,"-1,000",0,"1,000","-1,000",0,0,0,"1,000"
"=""04442T""",元債2X元富35售02,0,0,0,0,0,0,0,0,0,"1,000",0,0,0,"1,000",0,"1,000","1,000"
"=""064249""",新日興群益46購05,0,0,0,0,0,0,0,0,0,"1,000",0,0,0,"1,000",0,"1,000","1,000"
"=""054115""",智邦群益46購02  ,0,0,0,0,0,0,0,0,0,"1,000",0,0,0,"1,000",0,"1,000","1,000"
"=""053895""",中鋼元大44購03  ,0,0,0,0,0,0,0,0,0,"1,000",0,0,0,"1,000",0,"1,000","1,000"
"=""053874""",精金群益46購01  ,0,0,0,0,0,0,0,0,0,"1,000",0,0,0,"3,000","2,000","1,000","1,000"
"=""039426""",志強凱基56購01  ,0,0,0,0,0,0,0,0,0,"1,000",0,0,0,"1,000",0,"1,000","1,000"
"=""054239""",鴻海國泰46購05  ,0,0,0,0,0,0,0,0,0,"1,000",0,0,0,"1,000",0,"1,000","1,000"
"=""054215""",台達電凱基46購02,0,0,0,0,0,0,0,0,0,"1,000",0,0,0,"1,000",0,"1,000","1,000"
"=""064921""",緯創凱基47購04  ,0,0,0,0,0,0,0,0,0,"1,000",0,0,0,"1,000",0,"1,000","1,000"
"=""064947""",立隆電永豐4A購02,0,0,0,0,0,0,0,0,0,"1,000",0,0,0,"1,000",0,"1,000","1,000"
"=""044134""",建準元大5A購01  ,0,0,0,0,0,0,0,0,0,"1,000",0,0,0,"1,000",0,"1,000","1,000"
"=""044315""",至上群益56購02  ,0,0,0,0,0,0,0,0,0,"1,000",0,0,0,"1,000",0,"1,000","1,000"
"=""040654""",台灣50元大58購02,0,0,0,0,0,0,0,0,0,"1,000",0,0,0,"1,000",0,"1,000","1,000"
"=""043994""",旺宏元富56購01  ,0,0,0,0,0,0,0,0,0,"1,000",0,0,0,"11,000","10,000","1,000","1,000"
"=""043955""",亞翔元大55購04  ,0,0,0,0,0,0,0,0,0,"1,000",0,0,0,"81,000","80,000","1,000","1,000"
"=""040157""",中租凱基55購01  ,0,0,0,0,0,0,0,0,0,"1,000",0,0,0,"1,000",0,"1,000","1,000"
"=""064489""",廣宇群益46購01  ,0,0,0,0,0,0,0,0,0,"1,000",0,0,0,"5,000","4,000","1,000","1,000"
"=""040811""",百和國票55購01  ,0,0,0,0,0,0,0,0,0,"1,000",0,0,0,"1,000",0,"1,000","1,000"
"=""040718""",長榮凱基54購07  ,0,0,0,0,0,0,0,0,0,"1,000",0,0,0,"1,000",0,"1,000","1,000"
"=""0057""",富邦摩台        ,0,0,0,0,0,0,0,0,0,"1,000",0,0,0,"3,000","2,000","1,000","1,000"
"=""065754""",研揚統一41購02  ,0,0,0,0,0,0,0,0,0,"1,000",0,0,0,"1,000",0,"1,000","1,000"
"=""065792""",美食富邦49購01  ,0,0,0,0,0,0,0,0,0,"1,000",0,0,0,"31,000","30,000","1,000","1,000"
"=""00682U""",期元大美元指數  ,0,0,0,0,0,0,0,0,0,"1,000",0,0,0,"1,000",0,"1,000","1,000"
"=""065823""",中興電統一51購01,0,0,0,0,0,0,0,0,0,"1,000",0,0,0,"1,000",0,"1,000","1,000"
"=""01001T""",土銀富邦R1      ,"1,000",0,"1,000",0,0,0,0,0,0,0,0,0,0,0,0,0,"1,000"
"=""020036""",元大金融配息N   ,0,0,0,0,0,0,0,0,0,"1,000",0,0,0,"1,000",0,"1,000","1,000"
"=""03011T""",臺股指富邦35售02,0,0,0,0,0,0,0,0,0,"1,000",0,0,0,"1,000",0,"1,000","1,000"
"=""020000""",富邦特選蘋果N   ,0,0,0,0,0,0,0,0,0,"1,000",0,0,0,"2,000","1,000","1,000","1,000"
"=""066039""",群創群益47購02  ,0,0,0,0,0,0,0,0,0,"1,000",0,0,0,"11,000","10,000","1,000","1,000"
"=""066034""",奇鋐群益47購01  ,0,0,0,0,0,0,0,0,0,"1,000",0,0,0,"16,000","15,000","1,000","1,000"
"=""04356T""",技嘉國泰37售03  ,0,0,0,0,0,0,0,0,0,"1,000",0,0,0,"1,000",0,"1,000","1,000"
"=""043470""",聯電國票56購01  ,0,0,0,0,0,0,0,0,0,"1,000",0,0,0,"1,000",0,"1,000","1,000"
"=""066110""",華晶科凱基48購01,0,0,0,0,0,0,0,0,0,"1,000",0,0,0,"2,000","1,000","1,000","1,000"
"=""066118""",泰金寶凱基48購02,0,0,0,0,0,0,0,0,0,"1,000",0,0,0,"1,000",0,"1,000","1,000"
"=""066142""",中信金統一4B購01,0,0,0,0,0,0,0,0,0,"1,000",0,0,0,"1,000",0,"1,000","1,000"
"=""03786T""",聯發科元富34售12,0,0,0,0,0,0,0,0,0,"1,000",0,0,0,"1,000",0,"1,000","1,000"
"=""066463""",聯發科元大47購08,0,0,0,0,0,0,0,0,0,"1,000",0,0,0,"27,000","26,000","1,000","1,000"
"=""066850""",FBNQ2X元富47購02,0,0,0,0,0,0,0,0,0,"1,000",0,0,0,"1,000",0,"1,000","1,000"
"=""066806""",華通統一51購01  ,0,0,0,0,0,0,0,0,0,"1,000",0,0,0,"1,000",0,"1,000","1,000"
"=""066673""",鴻海凱基47購18  ,0,0,0,0,0,0,0,0,0,"1,000",0,0,0,"136,000","135,000","1,000","1,000"
"=""034868""",京元電元大54購13,0,0,0,0,0,0,0,0,0,"1,000",0,0,0,"1,000",0,"1,000","1,000"
"=""045171""",保瑞國票56購01  ,0,0,0,0,0,0,0,0,0,"1,000",0,0,0,"1,000",0,"1,000","1,000"
"=""045202""",金像電凱基5A購02,0,0,0,0,0,0,0,0,0,"1,000",0,0,0,"1,000",0,"1,000","1,000"
"=""045004""",南亞富邦58購01  ,0,0,0,0,0,0,0,0,0,"1,000",0,0,0,"1,000",0,"1,000","1,000"
"=""044998""",國巨永豐56購04  ,0,0,0,0,0,0,0,0,0,"1,000",0,0,0,"1,000",0,"1,000","1,000"
"=""045046""",世紀鋼元富55購03,0,0,0,0,0,0,0,0,0,"1,000",0,0,0,"1,000",0,"1,000","1,000"
"=""044787""",南茂元大55購02  ,0,0,0,0,0,0,0,0,0,"1,000",0,0,0,"1,000",0,"1,000","1,000"
"=""045696""",緯穎國票43購02  ,0,0,0,0,0,0,0,0,0,"1,000",0,0,0,"1,000",0,"1,000","1,000"
"=""045617""",昇陽半統一4C購02,0,0,0,0,0,0,0,0,0,"1,000",0,0,0,"1,000",0,"1,000","1,000"
"=""045651""",創意台新42購02  ,0,0,0,0,0,0,0,0,0,"1,000",0,0,0,"1,000",0,"1,000","1,000"
"=""03162T""",健策元大34售03  ,0,0,0,0,0,0,0,0,0,"1,000",0,0,0,"1,000",0,"1,000","1,000"
"=""044692""",日月光元富55購02,0,0,0,0,0,0,0,0,0,"1,000",0,0,0,"1,000",0,"1,000","1,000"
"=""036684""",力積電凱基53購01,0,0,0,0,0,0,0,0,0,"1,000",0,0,0,"1,000",0,"1,000","1,000"
"=""045298""",世芯元大55購10  ,0,0,0,0,0,0,0,0,0,"1,000",0,0,0,"1,000",0,"1,000","1,000"
"=""045336""",元黃金凱基55購02,0,0,0,0,0,0,0,0,0,"1,000",0,0,0,"1,000",0,"1,000","1,000"
"=""03583T""",金像電元大33售27,0,0,0,0,0,0,0,0,0,"1,000",0,0,0,"1,000",0,"1,000","1,000"
"=""035471""",貿聯永豐54購02  ,0,0,0,0,0,0,0,0,0,"1,000",0,0,0,"1,000",0,"1,000","1,000"
"=""04551T""",滬深2X凱基37售04,0,0,0,0,0,0,0,0,0,"1,000",0,0,0,"3,000","2,000","1,000","1,000"
"=""042122""",大毅國票55購02  ,0,0,0,0,0,0,0,0,0,"1,000",0,0,0,"1,000",0,"1,000","1,000"
"=""03606B""",臺股指凱基34熊03,0,0,0,0,0,0,0,0,0,"1,000",0,0,0,"1,000",0,"1,000","1,000"
"=""065574""",長榮元富51購02  ,0,0,0,0,0,0,0,0,0,"1,000",0,0,0,"11,000","10,000","1,000","1,000"
"=""065557""",台積電元富48購02,0,0,0,0,0,0,0,0,0,"1,000",0,0,0,"1,000",0,"1,000","1,000"
"=""03882T""",臺股指群益39售06,0,0,0,0,0,0,0,0,0,"1,000",0,0,0,"1,000",0,"1,000","1,000"
"=""065398""",台積電台新47購02,0,0,0,0,0,0,0,0,0,"1,000",0,0,0,"2,000","1,000","1,000","1,000"
"=""065496""",為升中信47購01  ,0,0,0,0,0,0,0,0,0,"1,000",0,0,0,"1,000",0,"1,000","1,000"
"=""065506""",信邦永豐49購01  ,0,0,0,0,0,0,0,0,0,"1,000",0,0,0,"159,000","158,000","1,000","1,000"
"=""042543""",景碩元大56購01  ,0,0,0,0,0,0,0,0,0,"1,000",0,0,0,"1,000",0,"1,000","1,000"
"=""04266T""",材料元大35售05  ,0,0,0,0,0,0,0,0,0,"1,000",0,0,0,"1,000",0,"1,000","1,000"
"=""043123""",金寶群益55購02  ,0,0,0,0,0,0,0,0,0,"1,000",0,0,0,"1,000",0,"1,000","1,000"
"=""043274""",jpp富邦56購02   ,0,0,0,0,0,0,0,0,0,"1,000",0,0,0,"1,000",0,"1,000","1,000"
"=""065246""",潤泰新凱基4B購01,0,0,0,0,0,0,0,0,0,"1,000",0,0,0,"1,000",0,"1,000","1,000"
"=""065339""",南電統一55購01  ,0,0,0,0,0,0,0,0,0,"1,000",0,0,0,"1,000",0,"1,000","1,000"
"=""03429T""",台積電群益33售09,0,0,0,0,0,0,0,0,0,"1,000",0,0,0,"67,000","66,000","1,000","1,000"
"=""067073""",大立光群益49購02,0,0,0,0,0,0,0,0,0,"1,000",0,0,0,"12,000","11,000","1,000","1,000"
"=""067085""",中砂兆豐49購01  ,0,0,0,0,0,0,0,0,0,"1,000",0,0,0,"1,000",0,"1,000","1,000"
"=""067090""",和碩兆豐51購01  ,0,0,0,0,0,0,0,0,0,"1,000",0,0,0,"1,000",0,"1,000","1,000"
"=""067166""",玉晶光元大47購19,0,0,0,0,0,0,0,0,0,"1,000",0,0,0,"1,000",0,"1,000","1,000"
"=""053625""",昇陽半國票45購02,0,0,0,0,0,0,0,0,0,"1,000",0,0,0,"1,000",0,"1,000","1,000"
"=""053487""",昇陽半元富4A購01,0,0,0,0,0,0,0,0,0,"1,000",0,0,0,"1,000",0,"1,000","1,000"
"=""053494""",國企2X國票47購02,0,0,0,0,0,0,0,0,0,"1,000",0,0,0,"6,000","5,000","1,000","1,000"
"=""041908""",晶豪科凱基56購01,0,0,0,0,0,0,0,0,0,"1,000",0,0,0,"1,000",0,"1,000","1,000"
"=""04185T""",威盛統一39售04  ,0,0,0,0,0,0,0,0,0,"1,000",0,0,0,"1,000",0,"1,000","1,000"
"=""054936""",訊芯中信44購01  ,0,0,0,0,0,0,0,0,0,"1,000",0,0,0,"1,000",0,"1,000","1,000"
"=""066931""",力智群益49購01  ,0,0,0,0,0,0,0,0,0,"1,000",0,0,0,"1,000",0,"1,000","1,000"
"=""066968""",台積電群益3B購04,0,0,0,0,0,0,0,0,0,"1,000",0,0,0,"1,000",0,"1,000","1,000"
"=""067024""",大立光統一51購03,0,0,0,0,0,0,0,0,0,"1,000",0,0,0,"6,000","5,000","1,000","1,000"
"=""055913""",T50正2元大44購07,0,0,0,0,0,0,0,0,0,"1,000",0,0,0,"8,000","7,000","1,000","1,000"
"=""059479""",台光電國票46購01,0,0,0,0,0,0,0,0,0,"1,000",0,0,0,"6,000","5,000","1,000","1,000"
"=""058539""",正崴元大46購02  ,0,0,0,0,0,0,0,0,0,"1,000",0,0,0,"1,000",0,"1,000","1,000"
"=""059446""",臻鼎富邦47購01  ,0,0,0,0,0,0,0,0,0,"1,000",0,0,0,"11,000","10,000","1,000","1,000"
"=""058414""",台積電富邦47購04,0,0,0,0,0,0,0,0,0,"1,000",0,0,0,"1,000",0,"1,000","1,000"
"=""067188""",達興統一51購01  ,0,0,0,0,0,0,0,0,0,"1,000",0,0,0,"3,000","2,000","1,000","1,000"
"=""067381""",智邦富邦48購03  ,0,0,0,0,0,0,0,0,0,"1,000",0,0,0,"1,000",0,"1,000","1,000"
"=""067351""",世芯元大47購24  ,0,0,0,0,0,0,0,0,0,"1,000",0,0,0,"1,000",0,"1,000","1,000"
"=""067333""",威盛元大47購13  ,0,0,0,0,0,0,0,0,0,"1,000",0,0,0,"1,000",0,"1,000","1,000"
"=""067552""",泰金寶群益49購01,0,0,0,0,0,0,0,0,0,"1,000",0,0,0,"1,000",0,"1,000","1,000"
"=""067601""",中鋼元富47購01  ,0,0,0,0,0,0,0,0,0,"1,000",0,0,0,"1,000",0,"1,000","1,000"
"=""06786U""",台光電凱基55售03,0,0,0,0,0,0,0,0,0,"1,000",0,0,0,"1,000",0,"1,000","1,000"
"=""067791""",昆盈元富48購01  ,0,0,0,0,0,0,0,0,0,"1,000",0,0,0,"1,000",0,"1,000","1,000"
"=""067757""",奇鋐兆豐48購02  ,0,0,0,0,0,0,0,0,0,"1,000",0,0,0,"1,000",0,"1,000","1,000"
"=""060091""",威強電國票47購01,0,0,0,0,0,0,0,0,0,"1,000",0,0,0,"1,000",0,"1,000","1,000"
"=""067702""",鴻海元大47購19  ,0,0,0,0,0,0,0,0,0,"1,000",0,0,0,"3,000","2,000","1,000","1,000"
"=""068082""",日月光凱基4B購01,0,0,0,0,0,0,0,0,0,"1,000",0,0,0,"1,000",0,"1,000","1,000"
"=""057607""",台積電凱基49購01,0,0,0,0,0,0,0,0,0,"1,000",0,0,0,"1,000",0,"1,000","1,000"
"=""057673""",建漢統一4B購02  ,0,0,0,0,0,0,0,0,0,"1,000",0,0,0,"1,000",0,"1,000","1,000"
"=""060189""",緯創元大46購04  ,0,0,0,0,0,0,0,0,0,"1,000",0,0,0,"2,000","1,000","1,000","1,000"
"=""060202""",美債2X永豐4C購01,0,0,0,0,0,0,0,0,0,"1,000",0,0,0,"25,000","24,000","1,000","1,000"
"=""068265""",台泥凱基4A購01  ,0,0,0,0,0,0,0,0,0,"1,000",0,0,0,"20,000","19,000","1,000","1,000"
"=""058240""",台積電凱基45購23,0,0,0,0,0,0,0,0,0,"1,000",0,0,0,"1,000",0,"1,000","1,000"
"=""058227""",新日興台新45購01,0,0,0,0,0,0,0,0,0,"1,000",0,0,0,"1,000",0,"1,000","1,000"
"=""058855""",正崴凱基45購03  ,0,0,0,0,0,0,0,0,0,"1,000",0,0,0,"1,000",0,"1,000","1,000"
"=""058260""",緯穎凱基45購08  ,0,0,0,0,0,0,0,0,0,"1,000",0,0,0,"9,000","8,000","1,000","1,000"
"=""058325""",漢唐群益46購01  ,0,0,0,0,0,0,0,0,0,"1,000",0,0,0,"1,000",0,"1,000","1,000"
"=""059852""",世紀鋼台新45購01,0,0,0,0,0,0,0,0,0,"1,000",0,0,0,"1,000",0,"1,000","1,000"
"=""058761""",川湖元大45購07  ,0,0,0,0,0,0,0,0,0,"1,000",0,0,0,"1,000",0,"1,000","1,000"
"=""059737""",川湖元大45購12  ,0,0,0,0,0,0,0,0,0,"1,000",0,0,0,"1,000",0,"1,000","1,000"
"=""059581""",緯創元大45購34  ,0,0,0,0,0,0,0,0,0,"1,000",0,0,0,"1,000",0,"1,000","1,000"
"=""058644""",金像電凱基46購03,0,0,0,0,0,0,0,0,0,"1,000",0,0,0,"1,000",0,"1,000","1,000"
"=""058677""",振樺電元富45購01,0,0,0,0,0,0,0,0,0,"1,000",0,0,0,"2,000","1,000","1,000","1,000"
1341,富林-KY         ,"1,000",0,"1,000",0,0,0,0,0,0,0,0,0,0,0,0,0,"1,000"
"=""054436""",台達電群益44購06,0,0,0,0,0,0,0,0,0,"1,000",0,0,0,"1,000",0,"1,000","1,000"
1203,味王            ,"5,000","4,000","1,000",0,0,0,0,0,0,0,0,0,0,0,0,0,"1,000"
1232,大統益          ,"3,000","2,000","1,000",0,0,0,0,0,0,0,0,0,0,0,0,0,"1,000"
1468,昶和            ,"2,000",0,"2,000",0,0,0,0,0,0,"-1,000",0,"1,000","-1,000",0,0,0,"1,000"
1443,立益物流        ,"3,000","3,000",0,0,0,0,0,0,0,"1,000","1,000",0,"1,000",0,0,0,"1,000"
"=""047700""",毅嘉元大43購01  ,0,0,0,0,0,0,0,0,0,"1,000",0,0,0,"1,000",0,"1,000","1,000"
"=""047620""",佳必琪元富42購03,0,0,0,0,0,0,0,0,0,"1,000",0,0,0,"9,000","8,000","1,000","1,000"
"=""047465""",中興電元大47購01,0,0,0,0,0,0,0,0,0,"1,000",0,0,0,"1,000",0,"1,000","1,000"
"=""047560""",鴻海永豐48購04  ,0,0,0,0,0,0,0,0,0,"1,000",0,0,0,"41,000","40,000","1,000","1,000"
"=""088767""",台化永豐52購02  ,0,0,0,0,0,0,0,0,0,"1,000",0,0,0,"1,000",0,"1,000","1,000"
"=""08992U""",技嘉元大33售17  ,0,0,0,0,0,0,0,0,0,"1,000",0,0,0,"1,000",0,"1,000","1,000"
"=""08894U""",創意元大33售12  ,0,0,0,0,0,0,0,0,0,"1,000",0,0,0,"1,000",0,"1,000","1,000"
"=""055385""",貿聯凱基44購05  ,0,0,0,0,0,0,0,0,0,"1,000",0,0,0,"15,000","14,000","1,000","1,000"
"=""055330""",智邦國泰46購02  ,0,0,0,0,0,0,0,0,0,"1,000",0,0,0,"1,000",0,"1,000","1,000"
"=""08587U""",創意國票33售04  ,0,0,0,0,0,0,0,0,0,"1,000",0,0,0,"11,000","10,000","1,000","1,000"
"=""062840""",所羅門中信4A購01,0,0,0,0,0,0,0,0,0,"1,000",0,0,0,"1,000",0,"1,000","1,000"
"=""046988""",台積電元大43購54,0,0,0,0,0,0,0,0,0,"1,000",0,0,0,"1,000",0,"1,000","1,000"
"=""047247""",台達電統一48購04,0,0,0,0,0,0,0,0,0,"1,000",0,0,0,"1,000",0,"1,000","1,000"
"=""047103""",技嘉統一48購03  ,0,0,0,0,0,0,0,0,0,"1,000",0,0,0,"1,000",0,"1,000","1,000"
"=""047346""",台達電群益42購09,0,0,0,0,0,0,0,0,0,"1,000",0,0,0,"1,000",0,"1,000","1,000"
"=""058148""",萬海群益45購07  ,0,0,0,0,0,0,0,0,0,"1,000",0,0,0,"21,000","20,000","1,000","1,000"
"=""058151""",大立光群益45購03,0,0,0,0,0,0,0,0,0,"1,000",0,0,0,"1,000",0,"1,000","1,000"
"=""07868U""",緯創元大2C售44  ,0,0,0,0,0,0,0,0,0,"1,000",0,0,0,"1,000",0,"1,000","1,000"
"=""055030""",上証2X凱基44購07,0,0,0,0,0,0,0,0,0,"1,000",0,0,0,"1,000",0,"1,000","1,000"
"=""08107U""",長榮航統一31售08,0,0,0,0,0,0,0,0,0,"1,000",0,0,0,"1,000",0,"1,000","1,000"
"=""055043""",健策凱基46購01  ,0,0,0,0,0,0,0,0,0,"1,000",0,0,0,"1,000",0,"1,000","1,000"
"=""046709""",景碩元富42購05  ,0,0,0,0,0,0,0,0,0,"1,000",0,0,0,"1,000",0,"1,000","1,000"
"=""046511""",亞翔元大43購08  ,0,0,0,0,0,0,0,0,0,"1,000",0,0,0,"2,000","1,000","1,000","1,000"
"=""046321""",矽統元大44購01  ,0,0,0,0,0,0,0,0,0,"1,000",0,0,0,"1,000",0,"1,000","1,000"
"=""046353""",臺股指元大44購16,0,0,0,0,0,0,0,0,0,"1,000",0,0,0,"5,000","4,000","1,000","1,000"
"=""062380""",聯發科凱基48購04,0,0,0,0,0,0,0,0,0,"1,000",0,0,0,"1,000",0,"1,000","1,000"
"=""04613T""",矽力凱基35售03  ,0,0,0,0,0,0,0,0,0,"1,000",0,0,0,"1,000",0,"1,000","1,000"
"=""056757""",長榮凱基47購03  ,0,0,0,"1,000",0,"1,000",0,0,0,"1,000",0,0,0,"1,000",0,"1,000","1,000"
"=""057600""",世紀鋼群益45購05,0,0,0,0,0,0,0,0,0,"1,000",0,0,0,"1,000",0,"1,000","1,000"
"=""057579""",威盛群益45購05  ,0,0,0,0,0,0,0,0,0,"1,000",0,0,0,"1,000",0,"1,000","1,000"
"=""057493""",聯電凱基45購03  ,0,0,0,0,0,0,0,0,0,"1,000",0,0,0,"11,000","10,000","1,000","1,000"
"=""057947""",神達元大4B購01  ,0,0,0,0,0,0,0,0,0,"1,000",0,0,0,"5,000","4,000","1,000","1,000"
"=""058009""",寶成永豐45購01  ,0,0,0,0,0,0,0,0,0,"1,000",0,0,0,"3,000","2,000","1,000","1,000"
"=""057794""",鴻準統一4B購03  ,0,0,0,0,0,0,0,0,0,"1,000",0,0,0,"1,000",0,"1,000","1,000"
"=""061378""",世芯兆豐47購01  ,0,0,0,0,0,0,0,0,0,"1,000",0,0,0,"4,000","3,000","1,000","1,000"
"=""061462""",大同元大46購16  ,0,0,0,0,0,0,0,0,0,"1,000",0,0,0,"1,000",0,"1,000","1,000"
"=""061257""",海悅凱基46購02  ,0,0,0,0,0,0,0,0,0,"1,000",0,0,0,"39,000","38,000","1,000","1,000"
"=""061245""",香港2X凱基48購03,0,0,0,0,0,0,0,0,0,"1,000",0,0,0,"2,000","1,000","1,000","1,000"
"=""060954""",臺股指凱基46購24,0,0,0,0,0,0,0,0,0,"1,000",0,0,0,"5,000","4,000","1,000","1,000"
"=""060442""",台積電群益49購07,0,0,0,0,0,0,0,0,0,"1,000",0,0,0,"1,000",0,"1,000","1,000"
"=""060413""",欣興永豐46購02  ,0,0,0,0,0,0,0,0,0,"1,000",0,0,0,"1,000",0,"1,000","1,000"
"=""060424""",台灣50元富46購07,0,0,0,0,0,0,0,0,0,"1,000",0,0,0,"1,000",0,"1,000","1,000"
"=""060389""",臺股指元大47購09,0,0,0,0,0,0,0,0,0,"1,000",0,0,0,"1,000",0,"1,000","1,000"
"=""060532""",緯穎凱基46購05  ,0,0,0,0,0,0,0,0,0,"1,000",0,0,0,"1,000",0,"1,000","1,000"
"=""060864""",台郡永豐47購01  ,0,0,0,0,0,0,0,0,0,"1,000",0,0,0,"1,000",0,"1,000","1,000"
"=""068449""",萬海凱基4C購01  ,0,0,0,0,0,0,0,0,0,"1,000",0,0,0,"61,000","60,000","1,000","1,000"
"=""068613""",萬海元大4A購03  ,0,0,0,0,0,0,0,0,0,"1,000",0,0,0,"1,000",0,"1,000","1,000"
"=""061892""",陽明元大46購15  ,0,0,0,"1,000",0,"1,000",0,0,0,"1,000",0,0,0,"1,000",0,"1,000","1,000"
"=""069317""",貿聯國票4A購01  ,0,0,0,0,0,0,0,0,0,"1,000",0,0,0,"1,000",0,"1,000","1,000"
"=""069219""",大成鋼元富48購02,0,0,0,0,0,0,0,0,0,"1,000",0,0,0,"1,000",0,"1,000","1,000"
"=""069196""",華新科統一41購03,0,0,0,0,0,0,0,0,0,"1,000",0,0,0,"1,000",0,"1,000","1,000"
"=""069496""",立積元大48購02  ,0,0,0,0,0,0,0,0,0,"1,000",0,0,0,"1,000",0,"1,000","1,000"
"=""062049""",京元電群益46購05,0,0,0,0,0,0,0,0,0,"1,000",0,0,0,"1,000",0,"1,000","1,000"
"=""062101""",創意元大46購05  ,0,0,0,0,0,0,0,0,0,"1,000",0,0,0,"1,000",0,"1,000","1,000"
"=""062083""",燿華元大46購03  ,0,0,0,0,0,0,0,0,0,"1,000",0,0,0,"9,000","8,000","1,000","1,000"
"=""062092""",陽明元大46購17  ,"1,000",0,"1,000",0,0,0,0,0,0,0,0,0,0,0,0,0,"1,000"
"=""069613""",羅昇統一52購03  ,0,0,0,0,0,0,0,0,0,"1,000",0,0,0,"1,000",0,"1,000","1,000"
"=""057078""",萬海元大49購04  ,0,0,0,0,0,0,0,0,0,"1,000",0,0,0,"1,000",0,"1,000","1,000"
"=""061546""",祥碩永豐47購02  ,0,0,0,0,0,0,0,0,0,"1,000",0,0,0,"21,000","20,000","1,000","1,000"
8404,百和興業-KY     ,"32,000","30,000","2,000",0,0,0,0,0,0,"-1,012","2,000","3,012","-1,012",0,0,0,988
"=""00920""",富邦ESG綠色電力 ,"1,000",0,"1,000",0,0,0,0,0,0,-18,0,0,0,"55,982","56,000",-18,982
6230,尼得科超眾      ,"5,000","4,000","1,000",0,0,0,0,0,0,-242,0,242,-242,0,0,0,758
"=""00783""",富邦中証500     ,0,0,0,0,0,0,0,0,0,455,0,0,0,"70,500","70,045",455,455
2102,泰豐            ,"116,000","113,648","2,352",0,0,0,0,0,0,"-2,000","2,000","4,000","-2,000",0,0,0,352
"=""00852L""",國泰美國道瓊正2 ,0,0,0,0,0,0,0,0,0,169,0,0,0,"1,669,169","1,669,000",169,169
"=""065793""",緯穎富邦4A購02  ,0,0,0,0,0,0,0,0,0,0,0,0,0,"10,000","10,000",0,0
"=""00657K""",國泰日經225+U   ,0,0,0,0,0,0,0,0,0,0,0,0,0,200,200,0,0
"=""00668K""",國泰美國道瓊+U  ,0,0,0,0,0,0,0,0,0,0,0,0,0,200,200,0,0
"=""00636K""",國泰中國A50+U   ,0,0,0,0,0,0,0,0,0,0,0,0,0,200,200,0,0
"=""066105""",聯發科凱基4C購05,0,0,0,0,0,0,0,0,0,0,0,0,0,"136,000","136,000",0,0
"=""066098""",國巨凱基47購03  ,0,0,0,0,0,0,0,0,0,0,0,0,0,"7,000","7,000",0,0
"=""066099""",台積電凱基48購09,0,0,0,0,0,0,0,0,0,0,0,0,0,"3,000","3,000",0,0
"=""066100""",友訊凱基47購01  ,0,0,0,0,0,0,0,0,0,0,0,0,0,"5,000","5,000",0,0
"=""041345""",貿聯國票58購01  ,0,0,0,0,0,0,0,0,0,0,0,0,0,"10,000","10,000",0,0
"=""04127T""",晶豪科元富34售03,0,0,0,0,0,0,0,0,0,0,0,0,0,"40,000","40,000",0,0
"=""041630""",華新科第一54購01,0,0,0,0,0,0,0,0,0,0,0,0,0,"40,000","40,000",0,0
"=""066041""",世芯群益48購14  ,0,0,0,0,0,0,0,0,0,0,0,0,0,"8,000","8,000",0,0
"=""066058""",華晶科元富51購01,0,0,0,0,0,0,0,0,0,0,0,0,0,"2,000","2,000",0,0
"=""066081""",直得富邦48購01  ,0,0,0,0,0,0,0,0,0,0,0,0,0,"8,000","8,000",0,0
"=""066070""",和椿元富47購02  ,0,0,0,0,0,0,0,0,0,0,0,0,0,"396,000","396,000",0,0
"=""03057T""",晶心科群益32售08,0,0,0,0,0,0,0,0,0,0,0,0,0,"5,000","5,000",0,0
"=""066654""",祥碩統一59購01  ,0,0,0,0,0,0,0,0,0,0,0,0,0,"20,000","20,000",0,0
"=""066656""",盛群統一53購01  ,0,0,0,0,0,0,0,0,0,0,0,0,0,"20,000","20,000",0,0
"=""066804""",中興電統一51購02,0,0,0,0,0,0,0,0,0,0,0,0,0,"1,000","1,000",0,0
"=""066816""",元債2X凱基59購01,0,0,0,0,0,0,0,0,0,0,0,0,0,"80,000","80,000",0,0
"=""066748""",華通元大47購09  ,0,0,0,0,0,0,0,0,0,0,0,0,0,"3,000","3,000",0,0
"=""066749""",鴻海元大47購14  ,0,0,0,0,0,0,0,0,0,0,0,0,0,"2,000","2,000",0,0
"=""066763""",聯發科元大47購11,0,0,0,0,0,0,0,0,0,0,0,0,0,"9,000","9,000",0,0
"=""066786""",泰金寶台新47購01,0,0,0,0,0,0,0,0,0,0,0,0,0,"18,000","18,000",0,0
"=""066801""",皇昌國票4A購01  ,0,0,0,0,0,0,0,0,0,0,0,0,0,"19,000","19,000",0,0
"=""066487""",力積電元大49購01,0,0,0,0,0,0,0,0,0,0,0,0,0,"30,000","30,000",0,0
"=""066484""",材料元大4B購01  ,0,0,0,0,0,0,0,0,0,0,0,0,0,"40,000","40,000",0,0
"=""066411""",盛群國票48購01  ,0,0,0,0,0,0,0,0,0,0,0,0,0,"5,000","5,000",0,0
"=""066514""",聯發科中信3B購01,0,0,0,0,0,0,0,0,0,0,0,0,0,"20,000","20,000",0,0
"=""066600""",世芯國票4A購01  ,0,0,0,0,0,0,0,0,0,0,0,0,0,"14,000","14,000",0,0
"=""066584""",世芯元富47購12  ,0,0,0,0,0,0,0,0,0,0,0,0,0,"1,000","1,000",0,0
"=""066636""",南亞科永豐47購02,0,0,0,0,0,0,0,0,0,0,0,0,0,"50,000","50,000",0,0
"=""066621""",志聖富邦48購01  ,0,0,0,0,0,0,0,0,0,0,0,0,0,"39,000","39,000",0,0
"=""03801T""",矽統群益38售01  ,0,0,0,0,0,0,0,0,0,0,0,0,0,"10,000","10,000",0,0
"=""037984""",南電群益53購09  ,0,0,0,"42,000","42,000",0,0,0,0,0,0,0,0,"42,000","42,000",0,0
"=""066295""",和椿元大47購05  ,0,0,0,0,0,0,0,0,0,0,0,0,0,"10,000","10,000",0,0
"=""066397""",勤誠統一3B購04  ,0,0,0,0,0,0,0,0,0,0,0,0,0,"12,000","12,000",0,0
"=""066315""",道瓊銀永豐49購01,0,0,0,0,0,0,0,0,0,0,0,0,0,"5,000","5,000",0,0
"=""03692T""",元金2X元大36售02,0,0,0,0,0,0,0,0,0,0,0,0,0,"50,000","50,000",0,0
"=""066203""",台塑群益47購02  ,0,0,0,0,0,0,0,0,0,0,0,0,0,"1,000","1,000",0,0
"=""066232""",志強群益49購01  ,0,0,0,0,0,0,0,0,0,0,0,0,0,"3,000","3,000",0,0
"=""065263""",元晶元富54購01  ,0,0,0,0,0,0,0,0,0,0,0,0,0,"10,000","10,000",0,0
"=""065274""",偉詮電永豐4A購01,0,0,0,0,0,0,0,0,0,0,0,0,0,"4,000","4,000",0,0
"=""065234""",華新科凱基4A購01,0,0,0,0,0,0,0,0,0,0,0,0,0,"9,000","9,000",0,0
"=""065203""",長華凱基49購01  ,0,0,0,0,0,0,0,0,0,0,0,0,0,"8,000","8,000",0,0
"=""065127""",華榮群益48購01  ,0,0,0,0,0,0,0,0,0,0,0,0,0,"1,000","1,000",0,0
"=""065082""",華城統一41購01  ,0,0,0,0,0,0,0,0,0,0,0,0,0,"10,000","10,000",0,0
"=""042717""",金寶元大59購01  ,0,"300,000","-300,000",0,0,0,0,0,0,"300,000",0,0,0,"300,000",0,"300,000",0
"=""042797""",乙盛元富55購01  ,0,0,0,0,0,0,0,0,0,0,0,0,0,"10,000","10,000",0,0
"=""065476""",十銓國票48購01  ,0,0,0,0,0,0,0,0,0,0,0,0,0,"8,000","8,000",0,0
"=""065358""",台積電群益47購28,0,0,0,0,0,0,0,0,0,0,0,0,0,"10,000","10,000",0,0
"=""03897T""",智邦國票35售02  ,0,0,0,0,0,0,0,0,0,0,0,0,0,"100,000","100,000",0,0
"=""03894C""",臺股指凱基32牛15,0,0,0,0,0,0,0,0,0,0,0,0,0,"31,000","31,000",0,0
"=""065544""",所羅門國泰48購02,0,0,0,0,0,0,0,0,0,0,0,0,0,"5,000","5,000",0,0
"=""065537""",裕民富邦49購01  ,0,0,0,0,0,0,0,0,0,0,0,0,0,"10,000","10,000",0,0
"=""065586""",道瓊銀國票51購01,0,0,0,0,0,0,0,0,0,0,0,0,0,"81,000","81,000",0,0
"=""065601""",jpp國票48購01   ,0,0,0,0,0,0,0,0,0,0,0,0,0,"57,000","57,000",0,0
"=""065603""",威盛凱基3B購03  ,0,0,0,0,0,0,0,0,0,0,0,0,0,"18,000","18,000",0,0
"=""065595""",海華國票47購01  ,0,0,0,0,0,0,0,0,0,0,0,0,0,"8,000","8,000",0,0
"=""065641""",材料群益47購05  ,0,0,0,0,0,0,0,0,0,0,0,0,0,"2,000","2,000",0,0
"=""065621""",長榮鋼群益49購01,0,0,0,0,0,0,0,0,0,0,0,0,0,"3,000","3,000",0,0
"=""065674""",玉晶光凱基47購03,0,0,0,0,0,0,0,0,0,0,0,0,0,"11,000","11,000",0,0
"=""065655""",台塑凱基49購04  ,0,0,0,0,0,0,0,0,0,0,0,0,0,"1,000","1,000",0,0
"=""065664""",台積電凱基49購08,0,0,0,0,0,0,0,0,0,0,0,0,0,"3,000","3,000",0,0
"=""03601B""",臺股指元大33熊14,0,0,0,0,0,0,0,0,0,0,0,0,0,"35,000","35,000",0,0
"=""03622T""",聯詠元大34售01  ,0,0,0,0,0,0,0,0,0,0,0,0,0,"110,000","110,000",0,0
"=""038696""",力成元大54購08  ,0,0,0,0,0,0,0,0,0,0,0,0,0,"1,000","1,000",0,0
"=""036079""",宏致群益54購01  ,0,0,0,0,0,0,0,0,0,0,0,0,0,"10,000","10,000",0,0
"=""042299""",大同凱基54購02  ,0,0,0,0,0,0,0,0,0,0,0,0,0,"2,000","2,000",0,0
"=""03858T""",臺股指法興34售13,"300,000","300,000",0,0,0,0,0,0,0,0,0,0,0,0,0,0,0
"=""045680""",T50正2國票43購07,0,0,0,0,0,0,0,0,0,0,0,0,0,"441,000","441,000",0,0
"=""044736""",漢唐元大55購01  ,0,0,0,0,0,0,0,0,0,0,0,0,0,"5,000","5,000",0,0
"=""045118""",一詮元大55購01  ,0,0,0,0,0,0,0,0,0,0,0,0,0,"3,000","3,000",0,0
"=""044913""",元金反元大57購01,0,0,0,0,0,0,0,0,0,0,0,0,0,"30,000","30,000",0,0
"=""04489T""",智原元大35售07  ,0,0,0,0,0,0,0,0,0,0,0,0,0,"25,000","25,000",0,0
"=""059673""",仁寶凱基45購03  ,0,0,0,0,0,0,0,0,0,0,0,0,0,"10,000","10,000",0,0
"=""058690""",台積電國票46購02,0,0,0,0,0,0,0,0,0,0,0,0,0,"50,000","50,000",0,0
"=""058711""",樺漢國票46購03  ,0,0,0,0,0,0,0,0,0,0,0,0,0,"11,000","11,000",0,0
"=""058728""",台積電群益45購19,0,0,0,0,0,0,0,0,0,0,0,0,0,"1,000","1,000",0,0
"=""058740""",長榮群益45購06  ,0,0,0,0,0,0,0,0,0,0,0,0,0,"15,000","15,000",0,0
"=""059584""",祥碩元大47購01  ,0,0,0,0,0,0,0,0,0,0,0,0,0,"15,000","15,000",0,0
"=""059662""",祥碩永豐47購01  ,0,0,0,0,0,0,0,0,0,0,0,0,0,"11,000","11,000",0,0
"=""059604""",神基統一4B購01  ,0,0,0,0,0,0,0,0,0,0,0,0,0,"10,000","10,000",0,0
"=""058763""",南港元大45購01  ,0,0,0,0,0,0,0,0,0,0,0,0,0,"16,000","16,000",0,0
"=""058773""",微星元大45購01  ,0,0,0,0,0,0,0,0,0,0,0,0,0,"10,000","10,000",0,0
"=""058788""",創意元大45購04  ,0,0,0,0,0,0,0,0,0,0,0,0,0,"10,000","10,000",0,0
"=""059832""",鴻準凱基47購03  ,0,0,0,0,0,0,0,0,0,0,0,0,0,"84,000","84,000",0,0
"=""059838""",裕民凱基46購02  ,0,0,0,0,0,0,0,0,0,0,0,0,0,"50,000","50,000",0,0
"=""058313""",T50正2群益45購02,0,0,0,0,0,0,0,0,0,0,0,0,0,"18,000","18,000",0,0
"=""059968""",鴻準元大45購19  ,0,0,0,0,0,0,0,0,0,0,0,0,0,"10,000","10,000",0,0
"=""060029""",永崴控元富46購01,0,0,0,0,0,0,0,0,0,0,0,0,0,"26,000","26,000",0,0
"=""059893""",英業達群益45購10,0,0,0,0,0,0,0,0,0,0,0,0,0,"22,000","22,000",0,0
"=""059872""",台灣50群益46購04,0,0,0,0,0,0,0,0,0,0,0,0,0,"4,000","4,000",0,0
"=""058235""",臺股指統一45購01,0,0,0,0,0,0,0,0,0,0,0,0,0,"10,000","10,000",0,0
"=""068293""",台泥元大48購01  ,0,0,0,0,0,0,0,0,0,0,0,0,0,"4,000","4,000",0,0
"=""068306""",瑞昱元大48購01  ,0,0,0,0,0,0,0,0,0,0,0,0,0,"18,000","18,000",0,0
"=""068309""",京元電元大48購02,0,0,0,0,0,0,0,0,0,0,0,0,0,"30,000","30,000",0,0
"=""068313""",立隆電元大48購01,0,0,0,0,0,0,0,0,0,0,0,0,0,"33,000","33,000",0,0
"=""068194""",鴻海元富52購01  ,0,0,0,0,0,0,0,0,0,0,0,0,0,"25,000","25,000",0,0
"=""068187""",創意永豐49購03  ,0,0,0,0,0,0,0,0,0,0,0,0,0,"18,000","18,000",0,0
"=""068145""",日月光富邦4A購01,0,0,0,0,0,0,0,0,0,0,0,0,0,"9,000","9,000",0,0
"=""068112""",晶心科統一42購01,0,0,0,0,0,0,0,0,0,0,0,0,0,"30,000","30,000",0,0
"=""060204""",皇昌永豐48購02  ,0,0,0,0,0,0,0,0,0,0,0,0,0,"2,000","2,000",0,0
"=""060191""",日月光元大49購03,0,0,0,0,0,0,0,0,0,0,0,0,0,"20,000","20,000",0,0
"=""068041""",創意元大47購02  ,0,0,0,0,0,0,0,0,0,0,0,0,0,"7,000","7,000",0,0
"=""068049""",汎銓元大47購03  ,0,0,0,0,0,0,0,0,0,0,0,0,0,"7,000","7,000",0,0
"=""067679""",長榮凱基47購07  ,0,0,0,0,0,0,0,0,0,0,0,0,0,"50,000","50,000",0,0
"=""060113""",景碩富邦48購01  ,0,0,0,0,0,0,0,0,0,0,0,0,0,"1,000","1,000",0,0
"=""060121""",川湖群益46購04  ,0,0,0,0,0,0,0,0,0,0,0,0,0,"4,000","4,000",0,0
"=""060122""",中華群益48購01  ,0,0,0,0,0,0,0,0,0,0,0,0,0,"2,000","2,000",0,0
"=""067774""",國巨國泰48購03  ,0,0,0,0,0,0,0,0,0,0,0,0,0,"11,000","11,000",0,0
"=""067843""",大成鋼凱基47購02,0,0,0,0,0,0,0,0,0,0,0,0,0,"45,000","45,000",0,0
"=""067535""",鴻海群益48購07  ,0,0,0,0,0,0,0,0,0,0,0,0,0,"2,000","2,000",0,0
"=""067455""",台灣50凱基49購07,0,0,0,0,0,0,0,0,0,0,0,0,0,"30,000","30,000",0,0
"=""067350""",群創元大47購09  ,0,0,0,0,0,0,0,0,0,0,0,0,0,"5,000","5,000",0,0
"=""067291""",台光電群益47購01,0,0,0,0,0,0,0,0,0,0,0,0,0,"3,000","3,000",0,0
"=""067293""",長榮群益47購05  ,0,0,0,0,0,0,0,0,0,0,0,0,0,"19,000","19,000",0,0
"=""067192""",元黃金凱基4B購01,0,0,0,0,0,0,0,0,0,0,0,0,0,"49,000","49,000",0,0
"=""067208""",大立光凱基47購12,0,0,0,0,0,0,0,0,0,0,0,0,0,"25,000","25,000",0,0
"=""067279""",長榮兆豐49購01  ,0,0,0,0,0,0,0,0,0,0,0,0,0,"18,000","18,000",0,0
"=""058367""",聯發科國票46購03,0,0,0,0,0,0,0,0,0,0,0,0,0,"30,000","30,000",0,0
"=""058540""",正崴元大47購03  ,0,0,0,0,0,0,0,0,0,0,0,0,0,"5,000","5,000",0,0
"=""059489""",同欣電國票46購02,0,0,0,0,0,0,0,0,0,0,0,0,0,"20,000","20,000",0,0
"=""058459""",長榮台新45購01  ,0,0,0,0,0,0,0,0,0,0,0,0,0,"10,000","10,000",0,0
"=""058465""",中石化國票46購02,0,0,0,0,0,0,0,0,0,0,0,0,0,"49,000","49,000",0,0
"=""058454""",雲豹永豐45購02  ,0,0,0,0,0,0,0,0,0,0,0,0,0,"60,000","60,000",0,0
"=""055936""",志聖元大44購05  ,0,0,0,0,0,0,0,0,0,0,0,0,0,"42,000","42,000",0,0
"=""04169T""",台灣50元富35售03,0,0,0,0,0,0,0,0,0,0,0,0,0,"2,000","2,000",0,0
"=""067033""",華通台新47購02  ,0,0,0,0,0,0,0,0,0,0,0,0,0,"2,000","2,000",0,0
"=""067023""",萬海統一51購01  ,0,0,0,0,0,0,0,0,0,0,0,0,0,"1,000","1,000",0,0
"=""067010""",緯創凱基48購04  ,0,0,0,0,0,0,0,0,0,0,0,0,0,"75,000","75,000",0,0
"=""066945""",台灣50元大49購05,0,0,0,0,0,0,0,0,0,0,0,0,0,"1,000","1,000",0,0
"=""066848""",力智凱基47購01  ,0,0,0,0,0,0,0,0,0,0,0,0,0,"6,000","6,000",0,0
"=""054853""",鴻海元大44購27  ,0,0,0,0,0,0,0,0,0,0,0,0,0,"1,000","1,000",0,0
"=""054828""",景碩國票48購01  ,0,0,0,0,0,0,0,0,0,0,0,0,0,"4,000","4,000",0,0
"=""055940""",皇昌元大44購09  ,0,0,0,0,0,0,0,0,0,0,0,0,0,"1,000","1,000",0,0
"=""055951""",訊芯元大49購03  ,0,0,0,0,0,0,0,0,0,0,0,0,0,"10,000","10,000",0,0
"=""03266T""",群創凱基34售02  ,0,0,0,0,0,0,0,0,0,0,0,0,0,"60,000","60,000",0,0
"=""03269T""",台積電元大34售09,0,0,0,0,0,0,0,0,0,0,0,0,0,"20,000","20,000",0,0
"=""03256T""",台光電富邦33售03,0,0,0,0,0,0,0,0,0,0,0,0,0,"5,000","5,000",0,0
"=""042022""",三集瑞元大54購02,"80,000",0,"80,000",0,0,0,0,0,0,"-80,000",0,0,0,0,"80,000","-80,000",0
"=""052024""",長榮國票44購06  ,0,0,0,0,0,0,0,0,0,0,0,0,0,"1,000","1,000",0,0
"=""053653""",A50正2永豐45購02,0,0,0,0,0,0,0,0,0,0,0,0,0,"4,000","4,000",0,0
"=""067162""",大立光元大47購13,0,0,0,0,0,0,0,0,0,0,0,0,0,"10,000","10,000",0,0
"=""067183""",鴻海富邦4B購01  ,0,0,0,0,0,0,0,0,0,0,0,0,0,"10,000","10,000",0,0
"=""034307""",牧德永豐54購02  ,0,0,0,0,0,0,0,0,0,0,0,0,0,"250,000","250,000",0,0
"=""056855""",台積電凱基45購20,0,0,0,0,0,0,0,0,0,0,0,0,0,"2,000","2,000",0,0
"=""056875""",滬深2X元大48購01,0,0,0,0,0,0,0,0,0,0,0,0,0,"1,000","1,000",0,0
"=""056897""",奇鋐元大45購11  ,0,0,0,0,0,0,0,0,0,0,0,0,0,"5,000","5,000",0,0
"=""056986""",中鴻國票46購01  ,0,0,0,0,0,0,0,0,0,0,0,0,0,"3,000","3,000",0,0
"=""056973""",英業達元富45購01,0,0,0,0,0,0,0,0,0,0,0,0,0,"3,000","3,000",0,0
"=""056964""",京鼎永豐46購01  ,0,0,0,0,0,0,0,0,0,0,0,0,0,"5,000","5,000",0,0
"=""056943""",采鈺群益46購01  ,0,0,0,0,0,0,0,0,0,0,0,0,0,"3,000","3,000",0,0
"=""057085""",創意元大4B購02  ,0,0,0,0,0,0,0,0,0,0,0,0,0,"50,000","50,000",0,0
"=""057097""",緯穎元大45購07  ,0,0,0,0,0,0,0,0,0,0,0,0,0,"30,000","30,000",0,0
"=""057100""",台灣50群益45購08,0,0,0,0,0,0,0,0,0,0,0,0,0,"1,000","1,000",0,0
"=""057118""",威盛群益47購02  ,0,0,0,0,0,0,0,0,0,0,0,0,0,"11,000","11,000",0,0
"=""057173""",技嘉凱基45購04  ,0,0,0,0,0,0,0,0,0,0,0,0,0,"24,000","24,000",0,0
"=""057155""",愛普群益47購01  ,0,0,0,0,0,0,0,0,0,0,0,0,0,"2,000","2,000",0,0
"=""057319""",樺漢元大45購03  ,0,0,0,0,0,0,0,0,0,0,0,0,0,"40,000","40,000",0,0
"=""057298""",技嘉元大45購09  ,0,0,0,0,0,0,0,0,0,0,0,0,0,"26,000","26,000",0,0
"=""057233""",啟�眵峇@4A購01  ,0,0,0,0,0,0,0,0,0,0,0,0,0,"1,000","1,000",0,0
"=""057243""",矽統元富4B購01  ,0,0,0,0,0,0,0,0,0,0,0,0,0,"2,000","2,000",0,0
"=""057250""",乙盛元富48購01  ,0,0,0,0,0,0,0,0,0,0,0,0,0,"10,000","10,000",0,0
"=""069113""",亞翔元大48購03  ,0,0,0,0,0,0,0,0,0,0,0,0,0,"60,000","60,000",0,0
"=""069119""",緯穎元大4A購05  ,0,0,0,0,0,0,0,0,0,0,0,0,0,"7,000","7,000",0,0
"=""061678""",台光電群益48購01,0,0,0,0,0,0,0,0,0,0,0,0,0,"8,000","8,000",0,0
"=""061634""",京元電元大46購04,0,0,0,0,0,0,0,0,0,0,0,0,0,"4,000","4,000",0,0
"=""069089""",微星元大48購02  ,0,0,0,0,0,0,0,0,0,0,0,0,0,"2,000","2,000",0,0
"=""069070""",中興電凱基3C購02,0,0,0,0,0,0,0,0,0,0,0,0,0,"10,000","10,000",0,0
"=""069032""",聯發科永豐48購05,0,0,0,0,0,0,0,0,0,0,0,0,0,"1,000","1,000",0,0
"=""056555""",台玻元大4B購01  ,0,0,0,0,0,0,0,0,0,0,0,0,0,"10,000","10,000",0,0
"=""057371""",技嘉富邦47購01  ,0,0,0,0,0,0,0,0,0,0,0,0,0,"2,000","2,000",0,0
"=""057372""",神基富邦47購01  ,0,0,0,0,0,0,0,0,0,0,0,0,0,"3,000","3,000",0,0
"=""056646""",A50正2國票46購01,0,0,0,0,0,0,0,0,0,0,0,0,0,"15,000","15,000",0,0
"=""056665""",世芯國票46購06  ,0,0,0,0,0,0,0,0,0,0,0,0,0,"6,000","6,000",0,0
"=""069616""",神基第一49購01  ,0,0,0,0,0,0,0,0,0,0,0,0,0,"21,000","21,000",0,0
"=""062058""",創意群益4C購01  ,0,0,0,0,0,0,0,0,0,0,0,0,0,"20,000","20,000",0,0
"=""062103""",創意元大46購07  ,0,0,0,0,0,0,0,0,0,0,0,0,0,"5,000","5,000",0,0
"=""069661""",台積電元大51購04,0,0,0,0,0,0,0,0,0,0,0,0,0,"9,000","9,000",0,0
"=""069765""",訊芯國票49購03  ,0,0,0,0,0,0,0,0,0,0,0,0,0,"6,000","6,000",0,0
"=""069821""",材料永豐4C購01  ,0,0,0,0,0,0,0,0,0,0,0,0,0,"10,000","10,000",0,0
"=""069831""",鴻海群益59購01  ,0,0,0,0,0,0,0,0,0,0,0,0,0,"10,000","10,000",0,0
"=""069559""",奇鋐群益4A購01  ,0,0,0,0,0,0,0,0,0,0,0,0,0,"10,000","10,000",0,0
"=""062002""",長榮航元富47購01,0,0,0,0,0,0,0,0,0,0,0,0,0,"18,000","18,000",0,0
"=""061977""",萬海凱基46購04  ,0,0,0,0,0,0,0,0,0,0,0,0,0,"228,000","228,000",0,0
"=""069518""",中502X元富52購01,0,0,0,0,0,0,0,0,0,0,0,0,0,"13,000","13,000",0,0
"=""069465""",台積電元大48購39,0,0,0,0,0,0,0,0,0,0,0,0,0,"11,000","11,000",0,0
"=""069484""",辛耘元大48購03  ,0,0,0,0,0,0,0,0,0,0,0,0,0,"33,000","33,000",0,0
"=""069157""",大成鋼統一52購03,0,0,0,0,0,0,0,0,0,0,0,0,0,"8,000","8,000",0,0
"=""069160""",鴻海統一52購01  ,0,0,0,0,0,0,0,0,0,0,0,0,0,"54,000","54,000",0,0
"=""061724""",陽明永豐47購02  ,0,0,0,0,0,0,0,0,0,0,0,0,0,"2,000","2,000",0,0
"=""061737""",仁寶國泰48購01  ,"2,000","25,000","-23,000",0,0,0,0,0,0,"23,000",0,0,0,"25,000","2,000","23,000",0
"=""061762""",裕民元富46購01  ,0,0,0,0,0,0,0,0,0,0,0,0,0,"8,000","8,000",0,0
"=""061791""",建漢富邦48購01  ,0,0,0,0,0,0,0,0,0,0,0,0,0,"50,000","50,000",0,0
"=""069281""",瑞昱元富49購01  ,0,0,0,0,0,0,0,0,0,0,0,0,0,"88,000","88,000",0,0
"=""069289""",漢翔元富48購01  ,0,0,0,0,0,0,0,0,0,0,0,0,0,"2,000","2,000",0,0
"=""069252""",中磊富邦4B購01  ,0,0,0,0,0,0,0,0,0,0,0,0,0,"300,000","300,000",0,0
"=""069395""",威盛統一52購02  ,"1,000",0,"1,000",0,0,0,0,0,0,"-1,000",0,0,0,0,"1,000","-1,000",0
"=""069315""",世芯國票49購05  ,0,0,0,0,0,0,0,0,0,0,0,0,0,"2,000","2,000",0,0
"=""068638""",中興電統一52購01,"499,000",0,"499,000",0,0,0,0,0,0,"-499,000",0,0,0,0,"499,000","-499,000",0
"=""068696""",台積電凱基5A購01,0,0,0,0,0,0,0,0,0,0,0,0,0,"2,000","2,000",0,0
"=""068670""",聯電永豐49購01  ,0,0,0,0,0,0,0,0,0,0,0,0,0,"1,000","1,000",0,0
"=""068674""",威盛永豐49購01  ,0,0,0,0,0,0,0,0,0,0,0,0,0,"1,000","1,000",0,0
"=""068662""",力積電統一58購01,0,0,0,0,0,0,0,0,0,0,0,0,0,"10,000","10,000",0,0
"=""068459""",泰金寶凱基49購02,0,0,0,0,0,0,0,0,0,0,0,0,0,"38,000","38,000",0,0
"=""068468""",聯發科群益48購06,0,0,0,0,0,0,0,0,0,0,0,0,0,"30,000","30,000",0,0
"=""068395""",群創統一51購01  ,0,0,0,0,0,0,0,0,0,0,0,0,0,"3,000","3,000",0,0
"=""068406""",富世達統一52購03,0,0,0,0,0,0,0,0,0,0,0,0,0,"20,000","20,000",0,0
"=""068434""",辛耘國票48購01  ,0,0,0,0,0,0,0,0,0,0,0,0,0,"50,000","50,000",0,0
"=""060869""",奇鋐群益3A購01  ,0,0,0,0,0,0,0,0,0,0,0,0,0,"5,000","5,000",0,0
"=""060847""",亞力永豐46購01  ,0,0,0,0,0,0,0,0,0,0,0,0,0,"3,000","3,000",0,0
"=""060812""",創意元富46購03  ,0,0,0,0,0,0,0,0,0,0,0,0,0,"4,000","4,000",0,0
"=""060637""",元債2X中信49購02,0,0,0,0,0,0,0,0,0,0,0,0,0,"2,000","2,000",0,0
"=""060745""",美時元大46購06  ,0,0,0,0,0,0,0,0,0,0,0,0,0,"12,000","12,000",0,0
"=""060737""",冠德第一46購01  ,0,0,0,0,0,0,0,0,0,0,0,0,0,"18,000","18,000",0,0
"=""060719""",漢唐群益48購01  ,0,0,0,0,0,0,0,0,0,0,0,0,0,"11,000","11,000",0,0
"=""060379""",臺股指元大46購24,0,0,0,0,0,0,0,0,0,0,0,0,0,"29,000","29,000",0,0
"=""060411""",愛山林永豐46購01,0,0,0,0,0,0,0,0,0,0,0,0,0,"1,000","1,000",0,0
"=""060457""",新日興群益47購01,0,0,0,0,0,0,0,0,0,0,0,0,0,"1,000","1,000",0,0
"=""060502""",亞翔國票48購01  ,0,0,0,0,0,0,0,0,0,0,0,0,0,"20,000","20,000",0,0
"=""060364""",日電貿元大46購03,0,0,0,0,0,0,0,0,0,0,0,0,0,"32,000","32,000",0,0
"=""060895""",亞翔中信47購01  ,0,0,0,0,0,0,0,0,0,0,0,0,0,"7,000","7,000",0,0
"=""060903""",華航國票46購04  ,0,0,0,0,0,0,0,0,0,0,0,0,0,"10,000","10,000",0,0
"=""068996""",緯穎國泰49購03  ,0,0,0,0,0,0,0,0,0,0,0,0,0,"33,000","33,000",0,0
"=""068736""",慧洋群益3C購01  ,0,0,0,0,0,0,0,0,0,0,0,0,0,"44,000","44,000",0,0
"=""068723""",中興電群益4B購02,0,0,0,0,0,0,0,0,0,0,0,0,0,"10,000","10,000",0,0
"=""068907""",長榮元大4A購02  ,0,0,0,0,0,0,0,0,0,0,0,0,0,"29,000","29,000",0,0
"=""061197""",保瑞群益47購04  ,0,0,0,0,0,0,0,0,0,0,0,0,0,"42,000","42,000",0,0
"=""061188""",緯創群益46購05  ,0,0,0,0,0,0,0,0,0,0,0,0,0,"100,000","100,000",0,0
"=""061165""",天虹元富46購01  ,0,0,0,0,0,0,0,0,0,0,0,0,0,"1,000","1,000",0,0
"=""061167""",潤泰新元富46購01,0,0,0,0,0,0,0,0,0,0,0,0,0,"1,000","1,000",0,0
"=""061152""",台積電元富3A購01,0,0,0,0,0,0,0,0,0,0,0,0,0,"1,000","1,000",0,0
"=""061063""",大立光富邦4B購01,0,0,0,0,0,0,0,0,0,0,0,0,0,"4,000","4,000",0,0
"=""061014""",雲豹群益46購04  ,0,0,0,0,0,0,0,0,0,0,0,0,0,"4,000","4,000",0,0
"=""061310""",鴻海富邦46購07  ,0,0,0,0,0,0,0,0,0,0,0,0,0,"190,000","190,000",0,0
"=""061348""",緯穎凱基46購06  ,0,0,0,0,0,0,0,0,0,0,0,0,0,"1,000","1,000",0,0
"=""061367""",宏致國票46購03  ,0,0,0,0,0,0,0,0,0,0,0,0,0,"35,000","35,000",0,0
"=""061471""",陽明元大46購13  ,0,0,0,0,0,0,0,0,0,0,0,0,0,"8,000","8,000",0,0
"=""061435""",聯茂元富46購01  ,0,0,0,0,0,0,0,0,0,0,0,0,0,"15,000","15,000",0,0
"=""057769""",蔚華科群益48購01,0,0,0,0,0,0,0,0,0,0,0,0,0,"488,000","488,000",0,0
"=""057866""",美費半富邦47購01,0,0,0,0,0,0,0,0,0,0,0,0,0,"3,000","3,000",0,0
"=""057829""",怡利電永豐46購01,0,0,0,0,0,0,0,0,0,0,0,0,0,"19,000","19,000",0,0
"=""057741""",立積元大45購05  ,0,0,0,0,0,0,0,0,0,0,0,0,0,"1,000","1,000",0,0
"=""057712""",鴻海元大45購25  ,0,0,0,0,0,0,0,0,0,0,0,0,0,"4,000","4,000",0,0
"=""057708""",華城元大45購02  ,0,0,0,0,0,0,0,0,0,0,0,0,0,"50,000","50,000",0,0
"=""056833""",T50正2中信45購05,0,0,0,0,0,0,0,0,0,0,0,0,0,"11,000","11,000",0,0
"=""058005""",日月光永豐45購01,0,0,0,0,0,0,0,0,0,0,0,0,0,"15,000","15,000",0,0
"=""045848""",世芯元大43購15  ,0,0,0,0,0,0,0,0,0,0,0,0,0,"1,000","1,000",0,0
"=""057956""",國企2X群益49購01,0,0,0,0,0,0,0,0,0,0,0,0,0,"44,000","44,000",0,0
"=""057461""",緯穎永豐46購01  ,0,0,0,0,0,0,0,0,0,0,0,0,0,"17,000","17,000",0,0
"=""057476""",富華新國票46購01,0,0,0,0,0,0,0,0,0,0,0,0,0,"4,000","4,000",0,0
"=""057433""",香港2X中信45購02,0,0,0,0,0,0,0,0,0,0,0,0,0,"1,000","1,000",0,0
"=""055870""",鴻準台新44購01  ,0,0,0,0,0,0,0,0,0,0,0,0,0,"1,000","1,000",0,0
"=""056744""",聯發科台新45購01,0,0,0,0,0,0,0,0,0,0,0,0,0,"170,000","170,000",0,0
"=""062213""",T50反1元富5C購01,0,0,0,0,0,0,0,0,0,0,0,0,0,"8,000","8,000",0,0
"=""062162""",技嘉中信49購01  ,0,0,0,0,0,0,0,0,0,0,0,0,0,"10,000","10,000",0,0
"=""07682U""",技嘉凱基32售05  ,0,0,0,0,0,0,0,0,0,0,0,0,0,"10,000","10,000",0,0
"=""055782""",智邦永豐44購01  ,0,0,0,0,0,0,0,0,0,0,0,0,0,"10,000","10,000",0,0
"=""07393U""",漢翔統一33售03  ,"2,000",0,"2,000",0,0,0,0,0,0,"-2,000",0,0,0,0,"2,000","-2,000",0
"=""062360""",台積電富邦46購09,0,0,0,0,0,0,0,0,0,0,0,0,0,"20,000","20,000",0,0
"=""062353""",乙盛元大4B購02  ,0,0,0,0,0,0,0,0,0,0,0,0,0,"2,000","2,000",0,0
"=""062239""",台塑凱基46購04  ,0,0,0,0,0,0,0,0,0,0,0,0,0,"1,000","1,000",0,0
"=""062234""",T50反1凱基49購04,0,0,0,0,0,0,0,0,0,0,0,0,0,"1,000","1,000",0,0
"=""062285""",智邦群益48購03  ,0,0,0,0,0,0,0,0,0,0,0,0,0,"33,000","33,000",0,0
"=""062277""",元債2X群益46購02,0,0,0,0,0,0,0,0,0,0,0,0,0,"3,000","3,000",0,0
"=""062291""",新興群益46購03  ,0,0,0,0,0,0,0,0,0,0,0,0,0,"7,000","7,000",0,0
"=""046062""",辛耘元大47購02  ,0,0,0,0,0,0,0,0,0,0,0,0,0,"10,000","10,000",0,0
"=""062480""",力積電群益46購01,0,0,0,0,0,0,0,0,0,0,0,0,0,"7,000","7,000",0,0
"=""062424""",萬海永豐48購01  ,0,0,0,0,0,0,0,0,0,0,0,0,0,"14,000","14,000",0,0
"=""062458""",金像電群益48購02,0,0,0,0,0,0,0,0,0,0,0,0,0,"6,000","6,000",0,0
"=""062518""",台化國票47購02  ,0,0,0,0,0,0,0,0,0,0,0,0,0,"10,000","10,000",0,0
"=""062538""",建漢國票47購02  ,0,0,0,0,0,0,0,0,0,0,0,0,0,"8,000","8,000",0,0
"=""062551""",T50反1元大46購07,0,0,0,0,0,0,0,0,0,0,0,0,0,"3,000","3,000",0,0
"=""062573""",智邦元大4C購02  ,0,0,0,0,0,0,0,0,0,0,0,0,0,"4,000","4,000",0,0
"=""062621""",泰金寶第一46購01,0,0,0,0,0,0,0,0,0,0,0,0,0,"8,000","8,000",0,0
"=""054963""",鉅祥兆豐46購01  ,0,0,0,0,0,0,0,0,0,0,0,0,0,"17,000","17,000",0,0
"=""08285U""",緯穎永豐33售02  ,0,0,0,0,0,0,0,0,0,0,0,0,0,"166,000","166,000",0,0
"=""08312U""",緯穎元富31售10  ,0,0,0,0,0,0,0,0,0,0,0,0,0,"43,000","43,000",0,0
"=""08388U""",台灣50元富31售05,0,0,0,0,0,0,0,0,0,0,0,0,0,"3,000","3,000",0,0
"=""055185""",金寶國票45購03  ,0,0,0,0,0,0,0,0,0,0,0,0,0,"10,000","10,000",0,0
"=""055154""",矽統中信45購01  ,0,0,0,0,0,0,0,0,0,0,0,0,0,"5,000","5,000",0,0
"=""058174""",中石化中信45購01,0,0,0,0,0,0,0,0,0,0,0,0,0,"1,000","1,000",0,0
"=""07726U""",台灣50富邦33售02,0,0,0,0,0,0,0,0,0,0,0,0,0,"10,000","10,000",0,0
"=""062929""",力積電凱基46購04,0,0,0,0,0,0,0,0,0,0,0,0,0,"10,000","10,000",0,0
"=""062913""",南亞科凱基46購04,0,0,0,0,0,0,0,0,0,0,0,0,0,"1,000","1,000",0,0
"=""062906""",台達電凱基48購02,0,0,0,0,0,0,0,0,0,0,0,0,0,"5,000","5,000",0,0
"=""062902""",FANG+凱基48購01 ,0,0,0,0,0,0,0,0,0,0,0,0,0,"4,000","4,000",0,0
"=""047102""",鴻海統一58購02  ,0,0,0,0,0,0,0,0,0,0,0,0,0,"40,000","40,000",0,0
"=""046992""",台積電元大44購10,0,0,0,0,0,0,0,0,0,0,0,0,0,"18,000","18,000",0,0
"=""047053""",瑞祺永豐43購01  ,0,0,0,0,0,0,0,0,0,0,0,0,0,"50,000","50,000",0,0
"=""08614U""",台耀國票33售02  ,0,0,0,0,0,0,0,0,0,0,0,0,0,"10,000","10,000",0,0
"=""055259""",中環群益45購01  ,0,0,0,0,0,0,0,0,0,0,0,0,0,"23,000","23,000",0,0
"=""08452U""",致茂元富31售03  ,"9,000",0,"9,000",0,0,0,0,0,0,"-9,000",0,0,0,0,"9,000","-9,000",0
"=""055322""",健策元大48購01  ,0,0,0,0,0,0,0,0,0,0,0,0,0,"1,000","1,000",0,0
"=""055306""",一詮元大46購01  ,0,0,0,0,0,0,0,0,0,0,0,0,0,"4,000","4,000",0,0
"=""055308""",一詮元大48購01  ,0,0,0,0,0,0,0,0,0,0,0,0,0,"1,000","1,000",0,0
"=""055395""",健策台新44購01  ,0,0,0,0,0,0,0,0,0,0,0,0,0,"70,000","70,000",0,0
"=""08807U""",致茂群益34售01  ,0,0,0,0,0,0,0,0,0,0,0,0,0,"12,000","12,000",0,0
"=""054355""",臺股指群益44購21,0,0,0,0,0,0,0,0,0,0,0,0,0,"18,000","18,000",0,0
"=""08873U""",美時永豐35售02  ,0,0,0,0,0,0,0,0,0,0,0,0,0,"11,000","11,000",0,0
"=""08850U""",康舒群益32售06  ,0,0,0,0,0,0,0,0,0,0,0,0,0,"64,000","64,000",0,0
"=""04754T""",聯電凱基35售09  ,0,0,0,0,0,0,0,0,0,0,0,0,0,"20,000","20,000",0,0
1439,雋揚            ,"1,000","1,000",0,0,0,0,0,0,0,0,0,0,0,0,0,0,0
1235,興泰            ,"2,000","2,000",0,0,0,0,0,0,0,0,0,0,0,0,0,0,0
1323,永裕            ,"1,000","1,000",0,0,0,0,0,0,0,0,0,0,0,0,0,0,0
"=""054613""",臺股指群益45購09,0,0,0,0,0,0,0,0,0,0,0,0,0,"60,000","60,000",0,0
"=""056039""",世芯凱基46購08  ,0,0,0,0,0,0,0,0,0,0,0,0,0,"93,000","93,000",0,0
2397,友通            ,"4,000","4,000",0,0,0,0,0,0,0,0,0,0,0,0,0,0,0
"=""056109""",世芯元大44購23  ,0,0,0,0,0,0,0,0,0,0,0,0,0,"20,000","20,000",0,0
2433,互盛電          ,"1,000","1,000",0,0,0,0,0,0,0,0,0,0,0,0,0,0,0
"=""055672""",零壹群益45購01  ,0,0,0,0,0,0,0,0,0,0,0,0,0,"10,000","10,000",0,0
"=""055676""",世芯群益44購13  ,0,0,0,0,0,0,0,0,0,0,0,0,0,"13,000","13,000",0,0
2012,春雨            ,"2,000","1,000","1,000",0,0,0,0,0,0,"-1,000",0,"1,000","-1,000",0,0,0,0
"=""055570""",長榮元富4B購02  ,0,0,0,0,0,0,0,0,0,0,0,0,0,"10,000","10,000",0,0
"=""055551""",健策中信44購01  ,0,0,0,0,0,0,0,0,0,0,0,0,0,"65,000","65,000",0,0
"=""055623""",陽明國票45購06  ,0,0,0,0,0,0,0,0,0,0,0,0,0,"1,000","1,000",0,0
1726,永記            ,"1,000","1,000",0,0,0,0,0,0,0,0,0,0,0,0,0,0,0
"=""055647""",裕隆群益44購01  ,0,0,0,0,0,0,0,0,0,0,0,0,0,"9,000","9,000",0,0
"=""063625""",智易群益46購02  ,0,0,0,0,0,0,0,0,0,0,0,0,0,"4,000","4,000",0,0
"=""063604""",上銀群益46購06  ,0,0,0,0,0,0,0,0,0,0,0,0,0,"4,000","4,000",0,0
"=""050987""",長榮航國票43購02,0,0,0,0,0,0,0,0,0,0,0,0,0,"2,000","2,000",0,0
"=""050696""",滬深2X凱基44購03,0,0,0,0,0,0,0,0,0,0,0,0,0,"10,000","10,000",0,0
"=""050764""",川湖元大43購07  ,0,0,0,0,0,0,0,0,0,0,0,0,0,"1,000","1,000",0,0
"=""050832""",緯穎國泰45購03  ,0,0,0,0,0,0,0,0,0,0,0,0,0,"2,000","2,000",0,0
"=""050453""",創意群益47購01  ,0,0,0,0,0,0,0,0,0,0,0,0,0,"30,000","30,000",0,0
"=""056338""",滬深2X凱基48購04,0,0,0,0,0,0,0,0,0,0,0,0,0,"8,000","8,000",0,0
"=""056408""",美債2X群益4B購02,0,0,0,0,0,0,0,0,0,0,0,0,0,"10,000","10,000",0,0
2888B,新光金乙特      ,"1,000","1,000",0,0,0,0,0,0,0,0,0,0,0,0,0,0,0
2911,麗嬰房          ,"15,000","15,000",0,0,0,0,0,0,0,0,0,0,0,0,0,0,0
2904,匯僑            ,"1,000","1,000",0,0,0,0,0,0,0,0,0,0,0,0,0,0,0
"=""056165""",鴻準凱基46購01  ,0,0,0,0,0,0,0,0,0,0,0,0,0,"6,000","6,000",0,0
"=""056166""",建準凱基44購03  ,0,0,0,0,0,0,0,0,0,0,0,0,0,"5,000","5,000",0,0
"=""056224""",欣興群益46購03  ,0,0,0,0,0,0,0,0,0,0,0,0,0,"1,000","1,000",0,0
"=""056225""",景碩群益46購07  ,0,0,0,0,0,0,0,0,0,0,0,0,0,"4,000","4,000",0,0
"=""056226""",創意群益46購04  ,0,0,0,0,0,0,0,0,0,0,0,0,0,"4,000","4,000",0,0
"=""056229""",世芯群益44購14  ,0,0,0,0,0,0,0,0,0,0,0,0,0,"2,000","2,000",0,0
2524,京城            ,"2,000","3,000","-1,000",0,0,0,0,0,0,"1,000","1,000",0,"1,000",0,0,0,0
"=""056282""",臻鼎富邦48購01  ,0,0,0,0,0,0,0,0,0,0,0,0,0,"4,000","4,000",0,0
"=""048017""",美時兆豐44購01  ,0,0,0,0,0,0,0,0,0,0,0,0,0,"183,000","183,000",0,0
"=""048102""",美債2X國票43購02,0,0,0,0,0,0,0,0,0,0,0,0,0,"15,000","15,000",0,0
"=""047888""",世芯國泰44購04  ,0,0,0,0,0,0,0,0,0,0,0,0,0,"1,000","1,000",0,0
"=""047733""",穎崴統一58購01  ,0,0,0,0,0,0,0,0,0,0,0,0,0,"10,000","10,000",0,0
"=""048251""",皇昌統一49購01  ,0,0,0,0,0,0,0,0,0,0,0,0,0,"22,000","22,000",0,0
"=""048165""",聯發科群益44購10,0,0,0,0,0,0,0,0,0,0,0,0,0,"30,000","30,000",0,0
"=""049087""",台光電元大43購08,0,0,0,0,0,0,0,0,0,0,0,0,0,"70,000","70,000",0,0
"=""049331""",大立光群益47購03,0,0,0,0,0,0,0,0,0,0,0,0,0,"1,000","1,000",0,0
"=""049319""",宏達電元富43購02,0,0,0,0,0,0,0,0,0,0,0,0,0,"20,000","20,000",0,0
"=""063109""",台塑化中信46購01,0,0,0,0,0,0,0,0,0,0,0,0,0,"20,000","20,000",0,0
"=""063011""",中工群益46購01  ,0,0,0,0,0,0,0,0,0,0,0,0,0,"6,000","6,000",0,0
"=""048836""",長榮航凱基3C購01,0,0,0,0,0,0,0,0,0,0,0,0,0,"18,000","18,000",0,0
"=""048848""",欣興群益42購09  ,0,0,0,0,0,0,0,0,0,0,0,0,0,"11,000","11,000",0,0
"=""048786""",矽力統一4C購01  ,0,0,0,0,0,0,0,0,0,0,0,0,0,"10,000","10,000",0,0
"=""063289""",華碩中信4A購01  ,0,0,0,0,0,0,0,0,0,0,0,0,0,"1,000","1,000",0,0
"=""063345""",華通凱基46購05  ,0,0,0,0,0,0,0,0,0,0,0,0,0,"12,000","12,000",0,0
"=""063158""",亞光元富49購01  ,0,"2,000","-2,000",0,0,0,0,0,0,"2,000",0,0,0,"2,000",0,"2,000",0
"=""063162""",建漢元富47購04  ,0,0,0,0,0,0,0,0,0,0,0,0,0,"42,000","42,000",0,0
"=""063473""",達發元大49購03  ,0,0,0,0,0,0,0,0,0,0,0,0,0,"8,000","8,000",0,0
"=""063474""",緯穎元大46購27  ,0,0,0,0,0,0,0,0,0,0,0,0,0,"5,000","5,000",0,0
"=""063465""",世芯元大46購28  ,0,0,0,0,0,0,0,0,0,0,0,0,0,"58,000","58,000",0,0
"=""063468""",鈞興元大46購02  ,0,0,0,0,0,0,0,0,0,0,0,0,0,"33,000","33,000",0,0
"=""063500""",緯穎兆豐4C購01  ,0,0,0,0,0,0,0,0,0,0,0,0,0,"2,000","2,000",0,0
"=""063538""",智邦國泰48購03  ,0,0,0,0,0,0,0,0,0,0,0,0,0,"8,000","8,000",0,0
"=""063421""",緯穎群益48購09  ,0,0,0,0,0,0,0,0,0,0,0,0,0,"41,000","41,000",0,0
"=""050085""",創意永豐44購06  ,0,0,0,0,0,0,0,0,0,0,0,0,0,"170,000","170,000",0,0
"=""063456""",聯發科元大46購19,0,0,0,0,0,0,0,0,0,0,0,0,0,"100,000","100,000",0,0
5538,東明-KY         ,"2,000","2,000",0,0,0,0,0,0,0,0,0,0,0,0,0,0,0
5906,台南-KY         ,"4,000","4,000",0,0,0,0,0,0,0,0,0,0,0,0,0,0,0
5907,大洋-KY         ,"4,000","4,000",0,0,0,0,0,0,0,0,0,0,0,0,0,0,0
5283,禾聯碩          ,"2,000","2,000",0,0,0,0,0,0,0,0,0,0,0,0,0,0,0
4555,氣立            ,"5,000","3,000","2,000",0,0,0,0,0,0,"-2,000",0,"2,000","-2,000",0,0,0,0
8411,福貞-KY         ,"2,000","1,000","1,000",0,0,0,0,0,0,"-1,000",0,"1,000","-1,000",0,0,0,0
8367,建新國際        ,"4,000","4,000",0,0,0,0,0,0,0,0,0,0,0,0,0,0,0
8374,羅昇            ,"1,000","1,000",0,0,0,0,0,0,0,0,0,0,0,0,0,0,0
8488,吉源-KY         ,"1,000","1,000",0,0,0,0,0,0,0,0,0,0,0,0,0,0,0
6666,羅麗芬-KY       ,"2,000","2,000",0,0,0,0,0,0,0,0,0,0,0,0,0,0,0
"=""051728""",萬海元大43購20  ,"9,000",0,"9,000",0,0,0,0,0,0,"-9,000",0,0,0,0,"9,000","-9,000",0
"=""051696""",潤泰新富邦43購01,0,0,0,0,0,0,0,0,0,0,0,0,0,"5,000","5,000",0,0
"=""051654""",聯發科群益45購04,0,0,0,0,0,0,0,0,0,0,0,0,0,"2,000","2,000",0,0
"=""051672""",愛普群益44購02  ,0,0,0,0,0,0,0,0,0,0,0,0,0,"10,000","10,000",0,0
"=""063688""",新日興富邦49購01,0,0,0,0,0,0,0,0,0,0,0,0,0,"160,000","160,000",0,0
"=""052914""",滬深2X台新44購01,0,0,0,0,0,0,0,0,0,0,0,0,0,"2,000","2,000",0,0
"=""052837""",萬海元大49購03  ,0,0,0,0,0,0,0,0,0,0,0,0,0,"50,000","50,000",0,0
"=""053149""",友達群益44購02  ,0,0,0,0,0,0,0,0,0,0,0,0,0,"49,000","49,000",0,0
"=""053110""",迅得統一4A購02  ,0,0,0,0,0,0,0,0,0,0,0,0,0,"100,000","100,000",0,0
3046,建��            ,"16,000","16,000",0,0,0,0,0,0,0,0,0,0,0,0,0,0,0
"=""052498""",藍天永豐44購01  ,0,0,0,0,0,0,0,0,0,0,0,0,0,"10,000","10,000",0,0
"=""052510""",南電永豐46購01  ,0,0,0,0,0,0,0,0,0,0,0,0,0,"10,000","10,000",0,0
"=""052677""",台達電國泰46購01,0,0,0,0,0,0,0,0,0,0,0,0,0,"100,000","100,000",0,0
"=""052533""",台積電群益4A購03,0,0,0,0,0,0,0,0,0,0,0,0,0,"10,000","10,000",0,0
"=""052683""",世芯國泰46購03  ,0,0,0,0,0,0,0,0,0,0,0,0,0,"55,000","55,000",0,0
"=""056481""",華航國票45購01  ,0,0,0,0,0,0,0,0,0,0,0,0,0,"1,000","1,000",0,0
"=""056513""",台光電凱基45購06,0,0,0,0,0,0,0,0,0,0,0,0,0,"6,000","6,000",0,0
"=""056475""",鴻準國票47購03  ,0,0,0,0,0,0,0,0,0,0,0,0,0,"54,000","54,000",0,0
"=""051114""",臺股指群益43購19,0,0,0,0,0,0,0,0,0,0,0,0,0,"290,000","290,000",0,0
"=""051105""",辛耘群益44購02  ,0,0,0,0,0,0,0,0,0,0,0,0,0,"9,000","9,000",0,0
"=""051050""",台光電元大46購03,0,0,0,0,0,0,0,0,0,0,0,0,0,"110,000","110,000",0,0
"=""051047""",華通元大43購14  ,0,0,0,0,0,0,0,0,0,0,0,0,0,"1,000","1,000",0,0
"=""054265""",裕隆元大44購01  ,0,0,0,0,0,0,0,0,0,0,0,0,0,"1,000","1,000",0,0
"=""054273""",怡利電元大44購01,0,0,0,0,0,0,0,0,0,0,0,0,0,"12,000","12,000",0,0
"=""054255""",碩天富邦44購01  ,0,0,0,0,0,0,0,0,0,0,0,0,0,"10,000","10,000",0,0
"=""054334""",奇鋐群益46購04  ,0,0,0,0,0,0,0,0,0,0,0,0,0,"10,000","10,000",0,0
"=""03989T""",玉晶光凱基35售03,0,0,0,0,0,0,0,0,0,0,0,0,0,"10,000","10,000",0,0
"=""039811""",力成永豐54購02  ,0,0,0,0,0,0,0,0,0,0,0,0,0,"30,000","30,000",0,0
"=""04373T""",臺股指凱基36售37,0,0,0,0,0,0,0,0,0,0,0,0,0,"40,000","40,000",0,0
"=""053971""",A50正2凱基44購03,0,0,0,0,0,0,0,0,0,0,0,0,0,"1,000","1,000",0,0
"=""053982""",緯創凱基47購02  ,0,0,0,0,0,0,0,0,0,0,0,0,0,"11,000","11,000",0,0
"=""059385""",技嘉兆豐45購03  ,0,0,0,0,0,0,0,0,0,0,0,0,0,"10,000","10,000",0,0
"=""059375""",康舒元大45購01  ,"156,000","156,000",0,0,0,0,0,0,0,0,0,0,0,0,0,0,0
"=""059390""",亞翔台新45購01  ,0,0,0,0,0,0,0,0,0,0,0,0,0,"38,000","38,000",0,0
"=""044421""",勤誠富邦59購01  ,0,0,0,0,0,0,0,0,0,0,0,0,0,"2,000","2,000",0,0
8499,鼎炫-KY         ,"1,000","1,000",0,0,0,0,0,0,0,0,0,0,0,0,0,0,0
"=""051868""",智邦富邦45購01  ,0,0,0,0,0,0,0,0,0,0,0,0,0,"150,000","150,000",0,0
"=""053703""",上証2X富邦4A購01,0,0,0,0,0,0,0,0,0,0,0,0,0,"20,000","20,000",0,0
"=""053809""",皇昌國票44購03  ,0,0,0,0,0,0,0,0,0,0,0,0,0,"2,000","2,000",0,0
"=""053799""",科妍國票45購01  ,0,0,0,0,0,0,0,0,0,0,0,0,0,"10,000","10,000",0,0
"=""053784""",建準凱基45購01  ,0,0,0,0,0,0,0,0,0,0,0,0,0,"22,000","22,000",0,0
"=""051805""",大同凱基43購01  ,0,0,0,0,0,0,0,0,0,0,0,0,0,"15,000","15,000",0,0
"=""051791""",晟銘電永豐44購01,0,0,0,0,0,0,0,0,0,0,0,0,0,"10,000","10,000",0,0
"=""051752""",所羅門元富46購01,0,0,0,0,0,0,0,0,0,0,0,0,0,"20,000","20,000",0,0
"=""063765""",鴻海元富46購17  ,0,0,0,0,0,0,0,0,0,0,0,0,0,"2,000","2,000",0,0
"=""058994""",貿聯國票46購05  ,0,0,0,0,0,0,0,0,0,0,0,0,0,"2,000","2,000",0,0
"=""058947""",亞翔群益45購03  ,0,0,0,0,0,0,0,0,0,0,0,0,0,"11,000","11,000",0,0
"=""058957""",電子類群益45購04,0,0,0,0,0,0,0,0,0,0,0,0,0,"37,000","37,000",0,0
"=""059053""",陽明統一4B購04  ,0,0,0,0,0,0,0,0,0,0,0,0,0,"6,000","6,000",0,0
"=""059099""",臺股指元富49購02,0,0,0,0,0,0,0,0,0,0,0,0,0,"25,000","25,000",0,0
"=""063955""",盟立永豐48購01  ,0,0,0,0,0,0,0,0,0,0,0,0,0,"5,000","5,000",0,0
"=""063961""",晶睿永豐47購01  ,0,0,0,0,0,0,0,0,0,0,0,0,0,"49,000","49,000",0,0
"=""059044""",保瑞永豐46購02  ,0,0,0,0,0,0,0,0,0,0,0,0,0,"74,000","74,000",0,0
"=""064107""",英業達群益48購01,0,0,0,0,0,0,0,0,0,0,0,0,0,"10,000","10,000",0,0
"=""064055""",京元電元大46購08,0,0,0,0,0,0,0,0,0,0,0,0,0,"8,000","8,000",0,0
"=""064023""",盟立凱基48購01  ,0,0,0,0,0,0,0,0,0,0,0,0,0,"10,000","10,000",0,0
"=""064039""",巨大凱基47購01  ,0,0,0,0,0,0,0,0,0,0,0,0,0,"3,000","3,000",0,0
"=""064040""",道瓊銅元大4A購01,0,0,0,0,0,0,0,0,0,0,0,0,0,"25,000","25,000",0,0
"=""059221""",宇隆元富45購02  ,0,0,0,0,0,0,0,0,0,0,0,0,0,"55,000","55,000",0,0
"=""064134""",穎崴統一3C購01  ,0,0,0,0,0,0,0,0,0,0,0,0,0,"10,000","10,000",0,0
"=""059238""",友訊兆豐47購02  ,0,0,0,0,0,0,0,0,0,0,0,0,0,"61,000","61,000",0,0
"=""059243""",大成鋼凱基45購02,0,0,0,0,0,0,0,0,0,0,0,0,0,"10,000","10,000",0,0
"=""064164""",帝寶兆豐48購01  ,0,0,0,0,0,0,0,0,0,0,0,0,0,"8,000","8,000",0,0
"=""064179""",長榮航統一4C購02,0,0,0,0,0,0,0,0,0,0,0,0,0,"8,000","8,000",0,0
"=""064180""",晟銘電統一58購01,0,0,0,0,0,0,0,0,0,0,0,0,0,"8,000","8,000",0,0
"=""064221""",瑞祺永豐47購01  ,0,0,0,0,0,0,0,0,0,0,0,0,0,"1,000","1,000",0,0
"=""064348""",潤泰新凱基47購01,0,0,0,0,0,0,0,0,0,0,0,0,0,"5,000","5,000",0,0
"=""064453""",新日興元大46購08,0,0,0,0,0,0,0,0,0,0,0,0,0,"4,000","4,000",0,0
"=""064423""",群創凱基46購05  ,0,0,0,0,0,0,0,0,0,0,0,0,0,"20,000","20,000",0,0
"=""064407""",T50反1凱基4C購01,0,0,0,0,0,0,0,0,0,0,0,0,0,"2,000","2,000",0,0
"=""04003T""",技嘉群益34售23  ,0,0,0,0,0,0,0,0,0,0,0,0,0,"2,000","2,000",0,0
"=""040079""",聯發科元大54購27,0,0,0,0,0,0,0,0,0,0,0,0,0,"4,000","4,000",0,0
"=""04411T""",聯發科元大35售25,0,0,0,0,0,0,0,0,0,0,0,0,0,"299,000","299,000",0,0
"=""044206""",TPK國泰56購01   ,0,0,0,0,0,0,0,0,0,0,0,0,0,"638,000","638,000",0,0
"=""040488""",宇瞻元大54購02  ,0,0,0,0,0,0,0,0,0,0,0,0,0,"142,000","142,000",0,0
"=""064943""",台達電永豐4A購01,0,0,0,0,0,0,0,0,0,0,0,0,0,"50,000","50,000",0,0
"=""064941""",三陽永豐4A購01  ,0,0,0,0,0,0,0,0,0,0,0,0,0,"2,000","2,000",0,0
"=""064900""",潤泰全第一47購01,0,0,0,0,0,0,0,0,0,0,0,0,0,"3,000","3,000",0,0
"=""064976""",滬深2X富邦4A購03,0,0,0,0,0,0,0,0,0,0,0,0,0,"20,000","20,000",0,0
"=""064777""",立隆電元富4A購01,0,0,0,0,0,0,0,0,0,0,0,0,0,"2,000","2,000",0,0
"=""064778""",陽明元富51購01  ,0,0,0,0,0,0,0,0,0,0,0,0,0,"2,000","2,000",0,0
"=""064781""",FBNQ2X元大49購01,0,0,0,0,0,0,0,0,0,0,0,0,0,"3,000","3,000",0,0
"=""064798""",聯發科元大47購01,0,0,0,0,0,0,0,0,0,0,0,0,0,"21,000","21,000",0,0
"=""064806""",晟銘電元大4A購01,0,0,0,0,0,0,0,0,0,0,0,0,0,"18,000","18,000",0,0
"=""064634""",廣宇統一54購01  ,0,0,0,0,0,0,0,0,0,0,0,0,0,"2,000","2,000",0,0
"=""064690""",瑞鼎元大46購03  ,0,0,0,0,0,0,0,0,0,0,0,0,0,"1,000","1,000",0,0
"=""064692""",世芯元大46購40  ,0,0,0,0,0,0,0,0,0,0,0,0,0,"13,000","13,000",0,0
"=""064760""",皇昌國票49購01  ,0,0,0,0,0,0,0,0,0,0,0,0,0,"10,000","10,000",0,0
"=""064721""",大立光群益46購15,0,0,0,0,0,0,0,0,0,0,0,0,0,"100,000","100,000",0,0
"=""064611""",台積電凱基49購04,0,0,0,0,0,0,0,0,0,0,0,0,0,"30,000","30,000",0,0
"=""064545""",材料富邦49購01  ,0,0,0,0,0,0,0,0,0,0,0,0,0,"8,000","8,000",0,0
"=""064524""",世芯群益46購25  ,0,0,0,0,0,0,0,0,0,0,0,0,0,"10,000","10,000",0,0
"=""065031""",鴻海元大47購09  ,0,0,0,0,0,0,0,0,0,0,0,0,0,"8,000","8,000",0,0
"=""065029""",華通元大47購01  ,0,0,0,0,0,0,0,0,0,0,0,0,0,"1,000","1,000",0,0
"=""065060""",神達元大47購09  ,0,0,0,0,0,0,0,0,0,0,0,0,0,"2,000","2,000",0,0
3018,隆銘綠能        ,0,26,-26,0,0,0,0,0,0,0,0,0,0,0,0,0,-26
"=""00739""",元大MSCI A股    ,"30,000","65,000","-35,000",0,0,0,0,0,0,"34,947",0,0,0,"203,686","168,739","34,947",-53
6585,鼎基            ,"291,000","120,000","171,000",0,0,0,0,"171,000","-171,000",-641,0,0,0,"1,000","1,641",-641,-641
1538,正峰            ,0,840,-840,0,0,0,0,0,0,0,0,0,0,0,0,0,-840
2642,宅配通          ,"9,000","9,910",-910,0,0,0,0,0,0,0,0,0,0,0,0,0,-910
2849,安泰銀          ,0,"1,000","-1,000",0,0,0,0,0,0,0,0,0,0,0,0,0,"-1,000"
2939,永邑-KY         ,0,"1,000","-1,000",0,0,0,0,0,0,0,0,0,0,0,0,0,"-1,000"
2945,三商家購        ,0,0,0,0,0,0,0,0,0,"-1,000",0,"1,000","-1,000",0,0,0,"-1,000"
2477,美隆電          ,"3,000","4,000","-1,000",0,0,0,0,0,0,0,0,0,0,0,0,0,"-1,000"
"=""050436""",藍天兆豐49購01  ,0,0,0,0,0,0,0,0,0,"-1,000",0,0,0,0,"1,000","-1,000","-1,000"
"=""050650""",滬深2X永豐44購02,0,0,0,0,0,0,0,0,0,"-1,000",0,0,0,0,"1,000","-1,000","-1,000"
"=""051042""",SGBR2X元大44購05,0,0,0,0,0,0,0,0,0,"-1,000",0,0,0,"2,000","3,000","-1,000","-1,000"
"=""050971""",材料元富43購06  ,0,0,0,0,0,0,0,0,0,"-1,000",0,0,0,0,"1,000","-1,000","-1,000"
"=""053438""",訊芯兆豐46購01  ,0,0,0,0,0,0,0,0,0,"-1,000",0,0,0,0,"1,000","-1,000","-1,000"
"=""053428""",威盛元富44購02  ,0,0,0,0,0,0,0,0,0,"-1,000",0,0,0,0,"1,000","-1,000","-1,000"
"=""063600""",訊芯凱基48購04  ,0,0,0,0,0,0,0,0,0,"-1,000",0,0,0,"200,000","201,000","-1,000","-1,000"
"=""063601""",達發凱基48購02  ,0,0,0,0,0,0,0,0,0,"-1,000",0,0,0,"7,000","8,000","-1,000","-1,000"
"=""063615""",智邦群益46購10  ,0,0,0,0,0,0,0,0,0,"-1,000",0,0,0,"53,000","54,000","-1,000","-1,000"
"=""063616""",鴻準群益46購07  ,0,0,0,0,0,0,0,0,0,"-1,000",0,0,0,"2,000","3,000","-1,000","-1,000"
"=""063624""",嘉澤群益48購02  ,0,0,0,0,0,0,0,0,0,"-1,000",0,0,0,"9,000","10,000","-1,000","-1,000"
"=""053303""",萬海凱基46購02  ,0,0,0,0,0,0,0,0,0,"-1,000",0,0,0,0,"1,000","-1,000","-1,000"
1725,元禎            ,"1,000","1,000",0,0,0,0,0,0,0,"-1,000",0,"1,000","-1,000",0,0,0,"-1,000"
"=""055586""",技嘉凱基46購02  ,0,0,0,0,0,0,0,0,0,"-1,000",0,0,0,"2,000","3,000","-1,000","-1,000"
1817,凱撒衛          ,0,"1,000","-1,000",0,0,0,0,0,0,0,0,0,0,0,0,0,"-1,000"
2008,高興昌          ,0,"1,000","-1,000",0,0,0,0,0,0,0,0,0,0,0,0,0,"-1,000"
"=""055682""",精成科群益44購01,0,0,0,0,0,0,0,0,0,"-1,000",0,0,0,0,"1,000","-1,000","-1,000"
"=""055723""",鴻海元大44購35  ,0,0,0,0,0,0,0,0,0,"-1,000",0,0,0,"4,000","5,000","-1,000","-1,000"
"=""056126""",第一銅國泰46購01,0,0,0,0,0,0,0,0,0,"-1,000",0,0,0,0,"1,000","-1,000","-1,000"
"=""056035""",景碩凱基46購05  ,0,0,0,0,0,0,0,0,0,"-1,000",0,0,0,0,"1,000","-1,000","-1,000"
"=""063429""",名軒元大46購04  ,0,0,0,0,0,0,0,0,0,"-1,000",0,0,0,0,"1,000","-1,000","-1,000"
"=""050186""",奇鋐元大43購23  ,0,0,0,0,0,0,0,0,0,"-1,000",0,0,0,0,"1,000","-1,000","-1,000"
"=""050148""",上証2X國票44購03,0,0,0,0,0,0,0,0,0,"-1,000",0,0,0,0,"1,000","-1,000","-1,000"
"=""050155""",美律國票44購01  ,0,0,0,0,0,0,0,0,0,"-1,000",0,0,0,0,"1,000","-1,000","-1,000"
"=""049918""",京鼎富邦45購01  ,0,0,0,0,0,0,0,0,0,"-1,000",0,0,0,"20,000","21,000","-1,000","-1,000"
"=""050217""",群創群益45購01  ,0,0,0,0,0,0,0,0,0,"-1,000",0,0,0,0,"1,000","-1,000","-1,000"
"=""049704""",雄獅永豐44購01  ,0,0,0,0,0,0,0,0,0,"-1,000",0,0,0,0,"1,000","-1,000","-1,000"
"=""049683""",健和興元大43購01,0,0,0,0,0,0,0,0,0,"-1,000",0,0,0,0,"1,000","-1,000","-1,000"
"=""063359""",世芯凱基46購19  ,0,0,0,0,0,0,0,0,0,"-1,000",0,0,0,0,"1,000","-1,000","-1,000"
"=""063351""",瑞昱凱基46購05  ,0,0,0,0,0,0,0,0,0,"-1,000",0,0,0,"18,000","19,000","-1,000","-1,000"
"=""063363""",世芯凱基4C購01  ,0,0,0,0,0,0,0,0,0,"-1,000",0,0,0,0,"1,000","-1,000","-1,000"
"=""049886""",材料統一49購03  ,0,0,0,0,0,0,0,0,0,"-1,000",0,0,0,"15,000","16,000","-1,000","-1,000"
"=""048710""",皇昌富邦44購01  ,0,0,0,0,0,0,0,0,0,"-1,000",0,0,0,0,"1,000","-1,000","-1,000"
"=""048683""",台積電凱基43購51,0,0,0,0,0,0,0,0,0,"-1,000",0,0,0,0,"1,000","-1,000","-1,000"
"=""048853""",台耀群益47購01  ,0,0,0,0,0,0,0,0,0,"-1,000",0,0,0,0,"1,000","-1,000","-1,000"
"=""063037""",臺股指法興46購10,0,0,0,0,0,0,0,0,0,"-1,000",0,0,0,0,"1,000","-1,000","-1,000"
"=""063001""",金像電群益46購04,0,0,0,0,0,0,0,0,0,"-1,000",0,0,0,0,"1,000","-1,000","-1,000"
"=""063091""",愛普國票46購03  ,0,0,0,0,0,0,0,0,0,"-1,000",0,0,0,0,"1,000","-1,000","-1,000"
"=""049075""",中高息元大45購01,0,0,0,0,0,0,0,0,0,"-1,000",0,0,0,0,"1,000","-1,000","-1,000"
"=""049131""",東鹼國票43購02  ,0,0,0,0,0,0,0,0,0,"-1,000",0,0,0,0,"1,000","-1,000","-1,000"
"=""04819T""",臺股指元大3A售08,0,0,0,0,0,0,0,0,0,"-1,000",0,0,0,"2,000","3,000","-1,000","-1,000"
"=""048395""",川湖國泰44購04  ,0,0,0,0,0,0,0,0,0,"-1,000",0,0,0,0,"1,000","-1,000","-1,000"
"=""04855T""",臺股指凱基3A售18,0,0,0,0,0,0,0,0,0,"-1,000",0,0,0,0,"1,000","-1,000","-1,000"
"=""048522""",十銓統一4B購03  ,0,0,0,0,0,0,0,0,0,"-1,000",0,0,0,0,"1,000","-1,000","-1,000"
"=""047934""",奇鋐永豐45購01  ,0,0,0,0,0,0,0,0,0,"-1,000",0,0,0,0,"1,000","-1,000","-1,000"
"=""047937""",鴻海中信48購01  ,0,0,0,0,0,0,0,0,0,"-1,000",0,0,0,0,"1,000","-1,000","-1,000"
"=""047942""",聯發科統一44購08,0,0,0,0,0,0,0,0,0,"-1,000",0,0,0,0,"1,000","-1,000","-1,000"
"=""048104""",SP黃豆國票44購01,0,0,0,0,0,0,0,0,0,"-1,000",0,0,0,"100,000","101,000","-1,000","-1,000"
"=""04815T""",敦泰元大36售04  ,0,0,0,0,0,0,0,0,0,"-1,000",0,0,0,0,"1,000","-1,000","-1,000"
6606,建德工業        ,0,"1,000","-1,000",0,0,0,0,0,0,0,0,0,0,0,0,0,"-1,000"
6916,華凌            ,"5,000","6,000","-1,000",0,0,0,0,0,0,0,0,0,0,0,0,0,"-1,000"
"=""051527""",致茂群益43購03  ,0,0,0,0,0,0,0,0,0,"-1,000",0,0,0,0,"1,000","-1,000","-1,000"
"=""063655""",聯發科元大46購20,0,0,0,0,0,0,0,0,0,"-1,000",0,0,0,0,"1,000","-1,000","-1,000"
"=""051642""",光寶科統一39購01,0,0,0,0,0,0,0,0,0,"-1,000",0,0,0,0,"1,000","-1,000","-1,000"
"=""051689""",臺股指凱基49購06,0,0,0,0,0,0,0,0,0,"-1,000",0,0,0,0,"1,000","-1,000","-1,000"
4440,宜新實業        ,"1,000","2,000","-1,000",0,0,0,0,0,0,0,0,0,0,0,0,0,"-1,000"
3164,景岳            ,0,"2,000","-2,000",0,0,0,0,0,0,"1,000","1,000",0,"1,000",0,0,0,"-1,000"
6165,浪凡            ,"18,000","13,000","5,000",0,0,0,0,0,0,"-6,000",0,"6,000","-6,000",0,0,0,"-1,000"
6431,光麗-KY         ,0,0,0,0,0,0,0,0,0,"-1,000",0,"1,000","-1,000",0,0,0,"-1,000"
6464,台數科          ,0,"1,000","-1,000",0,0,0,0,0,0,0,0,0,0,0,0,0,"-1,000"
"=""051126""",陽明凱基43購07  ,0,0,0,0,0,0,0,0,0,"-1,000",0,0,0,"5,000","6,000","-1,000","-1,000"
"=""051328""",SGBR2X國泰45購01,0,0,0,0,0,0,0,0,0,"-1,000",0,0,0,0,"1,000","-1,000","-1,000"
"=""051408""",京鼎永豐45購02  ,0,0,0,0,0,0,0,0,0,"-1,000",0,0,0,0,"1,000","-1,000","-1,000"
"=""051401""",台達電中信43購01,0,0,0,0,0,0,0,0,0,"-1,000",0,0,0,0,"1,000","-1,000","-1,000"
"=""051349""",華通凱基43購07  ,0,0,0,0,0,0,0,0,0,"-1,000",0,0,0,0,"1,000","-1,000","-1,000"
"=""052168""",上銀國票44購01  ,0,0,0,0,0,0,0,0,0,"-1,000",0,0,0,0,"1,000","-1,000","-1,000"
"=""052293""",興富發國票44購03,0,0,0,0,0,0,0,0,0,"-1,000",0,0,0,"10,000","11,000","-1,000","-1,000"
"=""052332""",香港2X中信46購01,0,0,0,0,0,0,0,0,0,"-1,000",0,0,0,0,"1,000","-1,000","-1,000"
"=""052320""",志強凱基43購02  ,0,0,0,0,0,0,0,0,0,"-1,000",0,0,0,0,"1,000","-1,000","-1,000"
"=""052723""",海華國票45購01  ,0,0,0,0,0,0,0,0,0,"-1,000",0,0,0,0,"1,000","-1,000","-1,000"
"=""052823""",台塑元大47購01  ,0,0,0,0,0,0,0,0,0,"-1,000",0,0,0,0,"1,000","-1,000","-1,000"
"=""052767""",智原凱基44購02  ,0,0,0,0,0,0,0,0,0,"-1,000",0,0,0,0,"1,000","-1,000","-1,000"
"=""052478""",愛普國泰46購01  ,0,0,0,0,0,0,0,0,0,"-1,000",0,0,0,0,"1,000","-1,000","-1,000"
"=""052444""",聯發科兆豐44購04,0,0,0,0,0,0,0,0,0,"-1,000",0,0,0,0,"1,000","-1,000","-1,000"
"=""053278""",上証反中信44購01,0,0,0,0,0,0,0,0,0,"-1,000",0,0,0,0,"1,000","-1,000","-1,000"
"=""053096""",長榮永豐46購02  ,0,0,0,0,0,0,0,0,0,"-1,000",0,0,0,0,"1,000","-1,000","-1,000"
"=""052882""",裕慶永豐44購01  ,0,0,0,0,0,0,0,0,0,"-1,000",0,0,0,0,"1,000","-1,000","-1,000"
"=""053019""",台泥元大47購01  ,0,0,0,0,0,0,0,0,0,"-1,000",0,0,0,0,"1,000","-1,000","-1,000"
"=""059301""",FBNQ2X群益46購01,0,0,0,0,0,0,0,0,0,"-1,000",0,0,0,0,"1,000","-1,000","-1,000"
"=""059295""",裕民國泰47購01  ,0,0,0,0,0,0,0,0,0,"-1,000",0,0,0,0,"1,000","-1,000","-1,000"
"=""059266""",金像電中信47購01,0,0,0,0,0,0,0,0,0,"-1,000",0,0,0,0,"1,000","-1,000","-1,000"
"=""059214""",華碩富邦47購01  ,0,0,0,0,0,0,0,0,0,"-1,000",0,0,0,0,"1,000","-1,000","-1,000"
"=""059116""",友達凱基45購01  ,0,0,0,0,0,0,0,0,0,"-1,000",0,0,0,0,"1,000","-1,000","-1,000"
"=""059165""",東鹼元大45購02  ,0,0,0,0,0,0,0,0,0,"-1,000",0,0,0,0,"1,000","-1,000","-1,000"
"=""059141""",中砂群益45購10  ,0,0,0,0,0,0,0,0,0,"-1,000",0,0,0,0,"1,000","-1,000","-1,000"
"=""059040""",亞翔永豐45購01  ,0,0,0,0,0,0,0,0,0,"-1,000",0,0,0,0,"1,000","-1,000","-1,000"
"=""063947""",洋基國票47購03  ,0,0,0,0,0,0,0,0,0,"-1,000",0,0,0,"11,000","12,000","-1,000","-1,000"
"=""059071""",中租國票46購04  ,0,0,0,0,0,0,0,0,0,"-1,000",0,0,0,"1,000","2,000","-1,000","-1,000"
"=""051831""",矽力群益43購04  ,0,0,0,0,0,0,0,0,0,"-1,000",0,0,0,0,"1,000","-1,000","-1,000"
"=""053695""",南寶元大44購01  ,0,0,0,0,0,0,0,0,0,"-1,000",0,0,0,0,"1,000","-1,000","-1,000"
"=""051893""",長榮兆豐45購01  ,0,0,0,0,0,0,0,0,0,"-1,000",0,0,0,"1,000","2,000","-1,000","-1,000"
9926,新海            ,0,"1,000","-1,000",0,0,0,0,0,0,0,0,0,0,0,0,0,"-1,000"
9929,秋雨            ,"2,000","1,000","1,000",0,0,0,0,0,0,"-2,000",0,"2,000","-2,000",0,0,0,"-1,000"
"=""053989""",訊芯凱基44購05  ,0,0,0,0,0,0,0,0,0,"-1,000",0,0,0,0,"1,000","-1,000","-1,000"
"=""053990""",緯穎凱基45購04  ,0,0,0,0,0,0,0,0,0,"-1,000",0,0,0,0,"1,000","-1,000","-1,000"
"=""054103""",臺股指法興44購05,0,0,0,0,0,0,0,0,0,"-1,000",0,0,0,0,"1,000","-1,000","-1,000"
"=""054089""",台積電富邦44購03,0,0,0,0,0,0,0,0,0,"-1,000",0,0,0,"1,000","2,000","-1,000","-1,000"
"=""054170""",A50正2國票45購06,0,0,0,0,0,0,0,0,0,"-1,000",0,0,0,0,"1,000","-1,000","-1,000"
"=""03942T""",華孚國票34售02  ,0,0,0,0,0,0,0,0,0,"-1,000",0,0,0,0,"1,000","-1,000","-1,000"
"=""054328""",長榮航群益44購01,0,0,0,0,0,0,0,0,0,"-1,000",0,0,0,0,"1,000","-1,000","-1,000"
"=""054321""",英業達群益44購01,0,0,0,0,0,0,0,0,0,"-1,000",0,0,0,0,"1,000","-1,000","-1,000"
"=""064529""",威盛永豐47購02  ,0,0,0,0,0,0,0,0,0,"-1,000",0,0,0,0,"1,000","-1,000","-1,000"
"=""064612""",海悅凱基46購05  ,0,0,0,0,0,0,0,0,0,"-1,000",0,0,0,"5,000","6,000","-1,000","-1,000"
"=""065017""",威盛元富45購01  ,0,0,0,0,0,0,0,0,0,"-1,000",0,0,0,"1,000","2,000","-1,000","-1,000"
"=""065005""",佳世達國票48購01,0,0,0,0,0,0,0,0,0,"-1,000",0,0,0,0,"1,000","-1,000","-1,000"
"=""04430T""",智原統一39售04  ,0,0,0,0,0,0,0,0,0,"-1,000",0,0,0,0,"1,000","-1,000","-1,000"
"=""04390T""",勤誠國票35售02  ,0,0,0,0,0,0,0,0,0,"-1,000",0,0,0,0,"1,000","-1,000","-1,000"
"=""064451""",盟立元大46購04  ,0,0,0,0,0,0,0,0,0,"-1,000",0,0,0,0,"1,000","-1,000","-1,000"
"=""064457""",群創元大46購09  ,0,0,0,0,0,0,0,0,0,"-1,000",0,0,0,0,"1,000","-1,000","-1,000"
"=""064481""",台化群益47購01  ,0,0,0,0,0,0,0,0,0,"-1,000",0,0,0,0,"1,000","-1,000","-1,000"
"=""064352""",上銀中信48購02  ,0,0,0,0,0,0,0,0,0,"-1,000",0,0,0,0,"1,000","-1,000","-1,000"
"=""04104T""",奇鋐台新34售01  ,0,0,0,0,0,0,0,0,0,"-1,000",0,0,0,0,"1,000","-1,000","-1,000"
"=""00684R""",期元大美元指反1 ,0,0,0,0,0,0,0,0,0,"-1,000",0,0,0,0,"1,000","-1,000","-1,000"
"=""065770""",伊雲谷元大47購03,0,0,0,0,0,0,0,0,0,"-1,000",0,0,0,0,"1,000","-1,000","-1,000"
"=""065766""",啟�痐舅j48購01  ,0,0,0,0,0,0,0,0,0,"-1,000",0,0,0,0,"1,000","-1,000","-1,000"
"=""065860""",T50反1群益3B購01,0,0,0,0,0,0,0,0,0,"-1,000",0,0,0,0,"1,000","-1,000","-1,000"
"=""065849""",宏�痐井H47購01  ,0,0,0,0,0,0,0,0,0,"-1,000",0,0,0,"17,000","18,000","-1,000","-1,000"
"=""065907""",愛普凱基47購05  ,0,0,0,0,0,0,0,0,0,"-1,000",0,0,0,0,"1,000","-1,000","-1,000"
"=""043405""",中興電凱基55購02,0,0,0,0,0,0,0,0,0,"-1,000",0,0,0,0,"1,000","-1,000","-1,000"
"=""03090F""",�瓻�麥證2C購01  ,0,0,0,0,"1,000","-1,000",0,0,0,"-1,000",0,0,0,0,"1,000","-1,000","-1,000"
"=""066006""",台積電群益47購30,0,0,0,0,0,0,0,0,0,"-1,000",0,0,0,0,"1,000","-1,000","-1,000"
"=""043469""",大亞國票56購01  ,0,0,0,0,0,0,0,0,0,"-1,000",0,0,0,0,"1,000","-1,000","-1,000"
"=""041271""",金寶元大54購06  ,0,0,0,0,0,0,0,0,0,"-1,000",0,0,0,0,"1,000","-1,000","-1,000"
"=""066114""",精成科凱基49購01,0,0,0,0,0,0,0,0,0,"-1,000",0,0,0,0,"1,000","-1,000","-1,000"
"=""066253""",菱光國票47購01  ,0,0,0,0,0,0,0,0,0,"-1,000",0,0,0,0,"1,000","-1,000","-1,000"
"=""03740T""",材料元大34售27  ,0,0,0,0,0,0,0,0,0,"-1,000",0,0,0,"100,000","101,000","-1,000","-1,000"
"=""037193""",八方國票54購01  ,0,0,0,0,0,0,0,0,0,"-1,000",0,0,0,0,"1,000","-1,000","-1,000"
"=""037484""",毅嘉元富53購04  ,0,0,0,0,0,0,0,0,0,"-1,000",0,0,0,0,"1,000","-1,000","-1,000"
"=""03771T""",富邦金凱基34售01,0,0,0,0,0,0,0,0,0,"-1,000",0,0,0,"2,000","3,000","-1,000","-1,000"
"=""066322""",一詮中信3B購01  ,0,0,0,0,0,0,0,0,0,"-1,000",0,0,0,0,"1,000","-1,000","-1,000"
"=""066320""",京元電永豐4A購01,0,0,0,0,0,0,0,0,0,"-1,000",0,0,0,0,"1,000","-1,000","-1,000"
"=""03808T""",碩天國票35售03  ,0,0,0,0,0,0,0,0,0,"-1,000",0,0,0,0,"1,000","-1,000","-1,000"
"=""066583""",世芯元富47購11  ,0,0,0,0,0,0,0,0,0,"-1,000",0,0,0,0,"1,000","-1,000","-1,000"
"=""066433""",日月光統一51購02,0,0,0,0,0,0,0,0,0,"-1,000",0,0,0,0,"1,000","-1,000","-1,000"
"=""066464""",聯發科元大47購09,0,0,0,0,0,0,0,0,0,"-1,000",0,0,0,"3,000","4,000","-1,000","-1,000"
"=""066459""",所羅門元大47購04,0,0,0,0,0,0,0,0,0,"-1,000",0,0,0,0,"1,000","-1,000","-1,000"
"=""066778""",同欣電元大47購04,0,0,0,0,0,0,0,0,0,"-1,000",0,0,0,"2,000","3,000","-1,000","-1,000"
"=""066761""",億光元大47購02  ,0,0,0,0,0,0,0,0,0,"-1,000",0,0,0,0,"1,000","-1,000","-1,000"
"=""066845""",訊芯凱基49購01  ,0,0,0,0,0,0,0,0,0,"-1,000",0,0,0,0,"1,000","-1,000","-1,000"
"=""066696""",建準統一41購02  ,0,0,0,0,0,0,0,0,0,"-1,000",0,0,0,0,"1,000","-1,000","-1,000"
"=""066728""",玉晶光群益47購07,0,0,0,0,0,0,0,0,0,"-1,000",0,0,0,0,"1,000","-1,000","-1,000"
"=""044920""",大立光統一57購03,0,0,0,0,0,0,0,0,0,"-1,000",0,0,0,0,"1,000","-1,000","-1,000"
"=""044970""",寶成元大55購01  ,0,0,0,0,"1,000","-1,000",0,0,0,"-1,000",0,0,0,0,"1,000","-1,000","-1,000"
"=""03433T""",世紀鋼群益34售04,0,0,0,0,0,0,0,0,0,"-1,000",0,0,0,0,"1,000","-1,000","-1,000"
"=""03484T""",健鼎凱基33售13  ,0,0,0,0,0,0,0,0,0,"-1,000",0,0,0,0,"1,000","-1,000","-1,000"
"=""044721""",慧洋國泰56購01  ,0,0,0,0,0,0,0,0,0,"-1,000",0,0,0,0,"1,000","-1,000","-1,000"
"=""045600""",微星元大55購04  ,0,0,0,0,0,0,0,0,0,"-1,000",0,0,0,0,"1,000","-1,000","-1,000"
"=""045588""",華新元大55購04  ,0,0,0,0,0,0,0,0,0,"-1,000",0,0,0,"12,000","13,000","-1,000","-1,000"
"=""03156T""",台達電元大34售01,0,0,0,0,0,0,0,0,0,"-1,000",0,0,0,0,"1,000","-1,000","-1,000"
"=""03879T""",聚陽群益34售08  ,0,0,0,0,0,0,0,0,0,"-1,000",0,0,0,0,"1,000","-1,000","-1,000"
"=""03870C""",台積電富邦32牛01,0,0,0,0,0,0,0,0,0,"-1,000",0,0,0,0,"1,000","-1,000","-1,000"
"=""03603B""",臺股指凱基34熊02,0,0,0,0,0,0,0,0,0,"-1,000",0,0,0,"349,000","350,000","-1,000","-1,000"
"=""035553""",群創國票54購03  ,0,0,0,0,0,0,0,0,0,"-1,000",0,0,0,0,"1,000","-1,000","-1,000"
"=""035749""",皇昌統一57購01  ,0,0,0,0,0,0,0,0,0,"-1,000",0,0,0,0,"1,000","-1,000","-1,000"
"=""03549T""",臺股指元大35售56,0,0,0,0,0,0,0,0,0,"-1,000",0,0,0,0,"1,000","-1,000","-1,000"
"=""065630""",亞航群益47購01  ,0,0,0,0,0,0,0,0,0,"-1,000",0,0,0,0,"1,000","-1,000","-1,000"
"=""065539""",玉晶光富邦4A購01,0,0,0,0,0,0,0,0,0,"-1,000",0,0,0,0,"1,000","-1,000","-1,000"
"=""065363""",立隆電群益47購01,0,0,0,0,0,0,0,0,0,"-1,000",0,0,0,"48,000","49,000","-1,000","-1,000"
"=""065373""",晶睿群益49購01  ,0,0,0,0,0,0,0,0,0,"-1,000",0,0,0,0,"1,000","-1,000","-1,000"
"=""065418""",鴻海元大47購11  ,0,0,0,0,0,0,0,0,0,"-1,000",0,0,0,"14,000","15,000","-1,000","-1,000"
"=""065440""",世芯元大47購10  ,0,0,0,0,0,0,0,0,0,"-1,000",0,0,0,0,"1,000","-1,000","-1,000"
"=""042638""",旺宏永豐57購01  ,0,0,0,0,0,0,0,0,0,"-1,000",0,0,0,0,"1,000","-1,000","-1,000"
"=""03682T""",台達電凱基34售04,0,0,0,0,0,0,0,0,0,"-1,000",0,0,0,0,"1,000","-1,000","-1,000"
"=""065080""",華城統一3B購04  ,0,0,0,0,0,0,0,0,0,"-1,000",0,0,0,0,"1,000","-1,000","-1,000"
"=""065131""",橋椿群益48購01  ,0,0,0,0,0,0,0,0,0,"-1,000",0,0,0,0,"1,000","-1,000","-1,000"
"=""065119""",潤泰新中信47購01,0,0,0,0,0,0,0,0,0,"-1,000",0,0,0,"9,000","10,000","-1,000","-1,000"
"=""065170""",世紀鋼群益48購03,0,0,0,0,0,0,0,0,0,"-1,000",0,0,0,0,"1,000","-1,000","-1,000"
"=""065157""",世芯群益47購10  ,0,0,0,0,0,0,0,0,0,"-1,000",0,0,0,"5,000","6,000","-1,000","-1,000"
"=""065272""",美時永豐47購02  ,0,0,0,0,0,0,0,0,0,"-1,000",0,0,0,0,"1,000","-1,000","-1,000"
"=""065280""",碩天永豐4A購01  ,0,0,0,0,0,0,0,0,0,"-1,000",0,0,0,0,"1,000","-1,000","-1,000"
"=""065324""",嘉澤統一51購01  ,0,0,0,0,0,0,0,0,0,"-1,000",0,0,0,0,"1,000","-1,000","-1,000"
"=""03385T""",聯發科群益33售09,0,0,0,0,0,0,0,0,0,"-1,000",0,0,0,0,"1,000","-1,000","-1,000"
"=""067164""",信邦元大47購04  ,0,0,0,0,0,0,0,0,0,"-1,000",0,0,0,0,"1,000","-1,000","-1,000"
"=""067087""",台積電兆豐4B購01,0,0,0,0,0,0,0,0,0,"-1,000",0,0,0,0,"1,000","-1,000","-1,000"
"=""053603""",材料國泰46購01  ,0,0,0,0,0,0,0,0,0,"-1,000",0,0,0,"21,000","22,000","-1,000","-1,000"
"=""053538""",台灣50元大46購03,0,0,0,0,0,0,0,0,0,"-1,000",0,0,0,0,"1,000","-1,000","-1,000"
"=""052018""",台積電元富47購01,0,0,0,0,0,0,0,0,0,"-1,000",0,0,0,0,"1,000","-1,000","-1,000"
"=""042033""",華新科中信54購01,0,0,0,0,0,0,0,0,0,"-1,000",0,0,0,0,"1,000","-1,000","-1,000"
"=""052001""",全新元富43購02  ,0,0,0,0,0,0,0,0,0,"-1,000",0,0,0,0,"1,000","-1,000","-1,000"
"=""03258T""",仁寶元大34售04  ,0,0,0,0,0,0,0,0,0,"-1,000",0,0,0,0,"1,000","-1,000","-1,000"
"=""03344T""",華通群益35售01  ,0,0,0,0,0,0,0,0,0,"-1,000",0,0,0,0,"1,000","-1,000","-1,000"
"=""066952""",聚陽元大47購03  ,0,0,0,0,0,0,0,0,0,"-1,000",0,0,0,0,"1,000","-1,000","-1,000"
"=""066959""",所羅門元大47購08,0,0,0,0,0,0,0,0,0,"-1,000",0,0,0,"2,000","3,000","-1,000","-1,000"
"=""066929""",矽力群益47購04  ,0,0,0,0,0,0,0,0,0,"-1,000",0,0,0,0,"1,000","-1,000","-1,000"
"=""055914""",T50正2元大45購04,0,0,0,0,0,0,0,0,0,"-1,000",0,0,0,0,"1,000","-1,000","-1,000"
"=""058538""",正崴元大45購03  ,0,0,0,0,0,0,0,0,0,"-1,000",0,0,0,0,"1,000","-1,000","-1,000"
"=""059528""",正崴凱基48購01  ,0,0,0,0,0,0,0,0,0,"-1,000",0,0,0,0,"1,000","-1,000","-1,000"
"=""058369""",聯發科國票48購01,0,0,0,0,0,0,0,0,0,"-1,000",0,0,0,0,"1,000","-1,000","-1,000"
"=""058439""",鴻準永豐45購05  ,0,0,0,0,0,0,0,0,0,"-1,000",0,0,0,"159,000","160,000","-1,000","-1,000"
"=""067328""",台積電元大47購33,0,0,0,0,0,0,0,0,0,"-1,000",0,0,0,"4,000","5,000","-1,000","-1,000"
"=""067345""",智原元大47購12  ,0,0,0,0,0,0,0,0,0,"-1,000",0,0,0,0,"1,000","-1,000","-1,000"
"=""067371""",台積電國泰48購06,0,0,0,0,0,0,0,0,0,"-1,000",0,0,0,0,"1,000","-1,000","-1,000"
"=""067503""",鴻海元大47購18  ,0,0,0,0,0,0,0,0,0,"-1,000",0,0,0,0,"1,000","-1,000","-1,000"
"=""067849""",海悅凱基47購03  ,0,0,0,0,0,0,0,0,0,"-1,000",0,0,0,0,"1,000","-1,000","-1,000"
"=""067786""",欣興中信3B購01  ,0,0,0,0,0,0,0,0,0,"-1,000",0,0,0,"34,000","35,000","-1,000","-1,000"
"=""060100""",大成鋼富邦48購01,0,0,0,0,0,0,0,0,0,"-1,000",0,0,0,0,"1,000","-1,000","-1,000"
"=""067697""",台塑元大47購08  ,0,0,0,0,0,0,0,0,0,"-1,000",0,0,0,"1,000","2,000","-1,000","-1,000"
"=""068039""",欣興元大47購06  ,0,0,0,0,0,0,0,0,0,"-1,000",0,0,0,"52,000","53,000","-1,000","-1,000"
"=""068062""",亞力凱基48購01  ,0,0,0,0,0,0,0,0,0,"-1,000",0,0,0,"1,000","2,000","-1,000","-1,000"
"=""060181""",長榮元大46購03  ,0,0,0,0,0,0,0,0,0,"-1,000",0,0,0,0,"1,000","-1,000","-1,000"
"=""057687""",精金國票4B購01  ,0,0,0,0,0,0,0,0,0,"-1,000",0,0,0,0,"1,000","-1,000","-1,000"
"=""057660""",技嘉元富45購04  ,0,0,0,0,0,0,0,0,0,"-1,000",0,0,0,0,"1,000","-1,000","-1,000"
"=""057662""",材料統一3A購02  ,0,0,0,0,0,0,0,0,0,"-1,000",0,0,0,"15,000","16,000","-1,000","-1,000"
"=""057616""",立積永豐48購01  ,0,0,0,0,0,0,0,0,0,"-1,000",0,0,0,"56,000","57,000","-1,000","-1,000"
"=""068333""",達興台新48購01  ,0,0,0,0,0,0,0,0,0,"-1,000",0,0,0,"12,000","13,000","-1,000","-1,000"
"=""068094""",台積電元富48購08,0,0,0,0,0,0,0,0,0,"-1,000",0,0,0,0,"1,000","-1,000","-1,000"
"=""068188""",辛耘永豐49購02  ,0,0,0,0,0,0,0,0,0,"-1,000",0,0,0,0,"1,000","-1,000","-1,000"
"=""068318""",奇鋐元大48購07  ,0,0,0,0,0,0,0,0,0,"-1,000",0,0,0,0,"1,000","-1,000","-1,000"
"=""068240""",金像電國票49購01,0,0,0,0,0,0,0,0,0,"-1,000",0,0,0,0,"1,000","-1,000","-1,000"
"=""068225""",亞航群益48購01  ,0,0,0,0,0,0,0,0,0,"-1,000",0,0,0,0,"1,000","-1,000","-1,000"
"=""058236""",T50正2凱基47購01,0,0,0,0,0,0,0,0,0,"-1,000",0,0,0,"2,000","3,000","-1,000","-1,000"
"=""058259""",康舒凱基47購01  ,0,0,0,0,0,0,0,0,0,"-1,000",0,0,0,"2,000","3,000","-1,000","-1,000"
"=""058336""",世芯群益45購12  ,0,0,0,0,0,0,0,0,0,"-1,000",0,0,0,0,"1,000","-1,000","-1,000"
"=""059801""",順德永豐45購01  ,0,0,0,0,0,0,0,0,0,"-1,000",0,0,0,0,"1,000","-1,000","-1,000"
"=""058790""",日月光元大45購01,0,0,0,0,0,0,0,0,0,"-1,000",0,0,0,"10,000","11,000","-1,000","-1,000"
"=""058755""",世紀鋼群益45購07,0,0,0,0,0,0,0,0,0,"-1,000",0,0,0,"9,000","10,000","-1,000","-1,000"
"=""059638""",聯詠國泰47購01  ,0,0,0,0,0,0,0,0,0,"-1,000",0,0,0,0,"1,000","-1,000","-1,000"
"=""058675""",緯穎元富53購01  ,0,0,0,0,0,0,0,0,0,"-1,000",0,0,0,0,"1,000","-1,000","-1,000"
"=""054567""",中砂統一54購01  ,0,0,0,0,0,0,0,0,0,"-1,000",0,0,0,"54,000","55,000","-1,000","-1,000"
"=""054554""",威盛永豐46購04  ,0,0,0,0,0,0,0,0,0,"-1,000",0,0,0,0,"1,000","-1,000","-1,000"
1256,鮮活果汁-KY     ,0,"1,000","-1,000",0,0,0,0,0,0,0,0,0,0,0,0,0,"-1,000"
1233,天仁            ,0,"1,000","-1,000",0,0,0,0,0,0,0,0,0,0,0,0,0,"-1,000"
1225,福懋油          ,"1,000",0,"1,000",0,0,0,0,0,0,"-2,000",0,"2,000","-2,000",0,0,0,"-1,000"
1419,新紡            ,"4,000","3,000","1,000",0,0,0,0,0,0,"-2,000",0,"2,000","-2,000",0,0,0,"-1,000"
1454,台富            ,0,"1,000","-1,000",0,0,0,0,0,0,0,0,0,0,0,0,0,"-1,000"
"=""047428""",南亞科統一4C購01,0,0,0,0,0,0,0,0,0,"-1,000",0,0,0,"2,000","3,000","-1,000","-1,000"
"=""047653""",鴻海群益44購13  ,"4,000",0,"4,000",0,0,0,0,0,0,"-5,000",0,0,0,0,"5,000","-5,000","-1,000"
"=""08831U""",台光電凱基32售05,0,0,0,0,0,0,0,0,0,"-1,000",0,0,0,0,"1,000","-1,000","-1,000"
"=""08864U""",農林元大33售09  ,0,0,0,0,0,0,0,0,0,"-1,000",0,0,0,"1,000","2,000","-1,000","-1,000"
"=""08823U""",南電國票33售01  ,0,0,0,0,0,0,0,0,0,"-1,000",0,0,0,0,"1,000","-1,000","-1,000"
"=""08994U""",技嘉元大33售19  ,0,0,0,0,0,0,0,0,0,"-1,000",0,0,0,0,"1,000","-1,000","-1,000"
"=""08943U""",臺股指元大32售10,0,0,0,0,0,0,0,0,0,"-1,000",0,0,0,0,"1,000","-1,000","-1,000"
"=""08961U""",日本2X凱基33售03,0,0,0,0,0,0,0,0,0,"-1,000",0,0,0,0,"1,000","-1,000","-1,000"
"=""055399""",志聖統一54購01  ,0,0,0,0,0,0,0,0,0,"-1,000",0,0,0,"4,000","5,000","-1,000","-1,000"
"=""08767U""",臺股指凱基36售09,0,0,0,0,0,0,0,0,0,"-1,000",0,0,0,0,"1,000","-1,000","-1,000"
"=""055318""",全科元大44購03  ,0,0,0,0,0,0,0,0,0,"-1,000",0,0,0,0,"1,000","-1,000","-1,000"
"=""055320""",健策元大44購06  ,0,0,0,0,0,0,0,0,0,"-1,000",0,0,0,0,"1,000","-1,000","-1,000"
"=""08511U""",美費半凱基33售01,0,0,0,0,0,0,0,0,0,"-1,000",0,0,0,0,"1,000","-1,000","-1,000"
"=""04706T""",FBNQ2X元大36售01,0,0,0,0,0,0,0,0,0,"-1,000",0,0,0,0,"1,000","-1,000","-1,000"
"=""062777""",牧德群益48購01  ,0,0,0,0,0,0,0,0,0,"-1,000",0,0,0,0,"1,000","-1,000","-1,000"
"=""047274""",美律元富48購01  ,0,0,0,0,0,0,0,0,0,"-1,000",0,0,0,"4,000","5,000","-1,000","-1,000"
"=""047329""",敦泰元大43購01  ,0,0,0,0,0,0,0,0,0,"-1,000",0,0,0,0,"1,000","-1,000","-1,000"
"=""07734U""",華航群益32售03  ,0,0,0,0,0,0,0,0,0,"-1,000",0,0,0,"24,000","25,000","-1,000","-1,000"
"=""07739U""",華邦電元大2C售03,0,0,0,0,0,0,0,0,0,"-1,000",0,0,0,"4,000","5,000","-1,000","-1,000"
"=""055150""",德律富邦46購02  ,0,0,0,0,0,0,0,0,0,"-1,000",0,0,0,"42,000","43,000","-1,000","-1,000"
"=""08205U""",華擎元富31售02  ,0,0,0,0,0,0,0,0,0,"-1,000",0,0,0,0,"1,000","-1,000","-1,000"
"=""054953""",世芯永豐46購05  ,0,0,0,0,0,0,0,0,0,"-1,000",0,0,0,0,"1,000","-1,000","-1,000"
"=""062616""",聯發科兆豐47購01,0,0,0,0,0,0,0,0,0,"-1,000",0,0,0,"10,000","11,000","-1,000","-1,000"
"=""04686T""",愛普元富35售05  ,0,0,0,0,0,0,0,0,0,"-1,000",0,0,0,"20,000","21,000","-1,000","-1,000"
"=""062719""",台積電元富47購08,0,0,0,0,0,0,0,0,0,"-1,000",0,0,0,"4,000","5,000","-1,000","-1,000"
"=""062571""",台積電元大4C購01,0,0,0,0,0,0,0,0,0,"-1,000",0,0,0,0,"1,000","-1,000","-1,000"
"=""046696""",元債2X元富52購01,0,0,0,0,0,0,0,0,0,"-1,000",0,0,0,0,"1,000","-1,000","-1,000"
"=""046670""",台積電元大43購44,0,0,0,0,0,0,0,0,0,"-1,000",0,0,0,"4,000","5,000","-1,000","-1,000"
"=""046780""",智原群益42購08  ,0,0,0,0,0,0,0,0,0,"-1,000",0,0,0,0,"1,000","-1,000","-1,000"
"=""04659T""",亞翔群益36售01  ,0,0,0,0,0,0,0,0,0,"-1,000",0,0,0,0,"1,000","-1,000","-1,000"
"=""046500""",大立光元大43購16,0,0,0,0,0,0,0,0,0,"-1,000",0,0,0,0,"1,000","-1,000","-1,000"
"=""046408""",欣興群益42購07  ,0,0,0,0,0,0,0,0,0,"-1,000",0,0,0,"3,000","4,000","-1,000","-1,000"
"=""062395""",臻鼎凱基46購06  ,0,0,0,0,0,0,0,0,0,"-1,000",0,0,0,"81,000","82,000","-1,000","-1,000"
"=""062386""",台積電凱基4A購01,0,0,0,0,0,0,0,0,0,"-1,000",0,0,0,"28,000","29,000","-1,000","-1,000"
"=""046297""",台灣50元大44購03,0,0,0,0,0,0,0,0,0,"-1,000",0,0,0,0,"1,000","-1,000","-1,000"
"=""04617T""",美時元富35售03  ,0,0,0,0,0,0,0,0,0,"-1,000",0,0,0,"5,000","6,000","-1,000","-1,000"
"=""055829""",臻鼎群益44購01  ,0,0,0,0,0,0,0,0,0,"-1,000",0,0,0,0,"1,000","-1,000","-1,000"
"=""055823""",華擎群益44購02  ,0,0,0,0,0,0,0,0,0,"-1,000",0,0,0,0,"1,000","-1,000","-1,000"
"=""057542""",技嘉元大49購05  ,0,0,0,0,0,0,0,0,0,"-1,000",0,0,0,0,"1,000","-1,000","-1,000"
"=""057943""",貿聯元大45購12  ,0,0,0,0,0,0,0,0,0,"-1,000",0,0,0,"1,000","2,000","-1,000","-1,000"
"=""057972""",台新金群益46購01,0,0,0,0,0,0,0,0,0,"-1,000",0,0,0,0,"1,000","-1,000","-1,000"
"=""057884""",元債2X國票48購02,0,0,0,0,0,0,0,0,0,"-1,000",0,0,0,"2,000","3,000","-1,000","-1,000"
"=""045978""",景碩統一49購01  ,0,0,0,0,0,0,0,0,0,"-1,000",0,0,0,0,"1,000","-1,000","-1,000"
"=""057718""",矽統元大45購08  ,0,0,0,0,0,0,0,0,0,"-1,000",0,0,0,0,"1,000","-1,000","-1,000"
"=""057832""",南寶永豐45購02  ,0,0,0,0,0,0,0,0,0,"-1,000",0,0,0,0,"1,000","-1,000","-1,000"
"=""057778""",神達群益47購02  ,0,0,0,0,0,0,0,0,0,"-1,000",0,0,0,"20,000","21,000","-1,000","-1,000"
"=""057802""",未來車元富45購03,0,0,0,0,0,0,0,0,0,"-1,000",0,0,0,0,"1,000","-1,000","-1,000"
"=""061432""",牧德元富46購01  ,0,0,0,0,0,0,0,0,0,"-1,000",0,0,0,0,"1,000","-1,000","-1,000"
"=""061473""",長榮航元大46購10,0,0,0,0,0,0,0,0,0,"-1,000",0,0,0,0,"1,000","-1,000","-1,000"
"=""061470""",陽明元大46購12  ,0,0,0,0,0,0,0,0,0,"-1,000",0,0,0,0,"1,000","-1,000","-1,000"
"=""061416""",佳必琪群益46購03,0,0,0,0,0,0,0,0,0,"-1,000",0,0,0,0,"1,000","-1,000","-1,000"
"=""061370""",貿聯國票47購02  ,0,0,0,0,0,0,0,0,0,"-1,000",0,0,0,0,"1,000","-1,000","-1,000"
"=""061336""",立隆電凱基47購01,0,0,0,0,0,0,0,0,0,"-1,000",0,0,0,0,"1,000","-1,000","-1,000"
"=""061225""",萬海元大46購05  ,0,0,0,0,0,0,0,0,0,"-1,000",0,0,0,"2,000","3,000","-1,000","-1,000"
"=""068851""",鈺齊統一52購03  ,0,0,0,0,0,0,0,0,0,"-1,000",0,0,0,0,"1,000","-1,000","-1,000"
"=""068751""",大成鋼凱基4A購01,0,0,0,0,0,0,0,0,0,"-1,000",0,0,0,"5,000","6,000","-1,000","-1,000"
"=""060914""",訊芯國票47購02  ,0,0,0,0,0,0,0,0,0,"-1,000",0,0,0,0,"1,000","-1,000","-1,000"
"=""060499""",健和興國票47購01,0,0,0,0,"1,000","-1,000",0,0,0,"-1,000",0,0,0,0,"1,000","-1,000","-1,000"
"=""060480""",緯創中信46購02  ,0,0,0,0,0,0,0,0,0,"-1,000",0,0,0,"26,000","27,000","-1,000","-1,000"
"=""060467""",天虹群益46購02  ,0,0,0,0,0,0,0,0,0,"-1,000",0,0,0,0,"1,000","-1,000","-1,000"
"=""060382""",臺股指元大46購27,0,0,0,0,0,0,0,0,0,"-1,000",0,0,0,"55,000","56,000","-1,000","-1,000"
"=""060663""",鴻海凱基46購11  ,0,0,0,0,0,0,0,0,0,"-1,000",0,0,0,"1,000","2,000","-1,000","-1,000"
"=""060699""",上緯控永豐46購02,0,0,0,0,0,0,0,0,0,"-1,000",0,0,0,0,"1,000","-1,000","-1,000"
"=""060685""",元金2X永豐47購01,"10,000","11,000","-1,000",0,0,0,0,0,0,0,0,0,0,0,0,0,"-1,000"
"=""060627""",嘉澤國票49購01  ,0,0,0,0,0,0,0,0,0,"-1,000",0,0,0,0,"1,000","-1,000","-1,000"
"=""060629""",迎廣國票47購01  ,0,0,0,0,0,0,0,0,0,"-1,000",0,0,0,0,"1,000","-1,000","-1,000"
"=""060608""",電子類元大46購01,0,0,0,0,0,0,0,0,0,"-1,000",0,0,0,"45,000","46,000","-1,000","-1,000"
"=""060516""",台積電凱基46購19,0,0,0,0,0,0,0,0,0,"-1,000",0,0,0,0,"1,000","-1,000","-1,000"
"=""060821""",臺股指元富49購10,0,0,0,0,0,0,0,0,0,"-1,000",0,0,0,0,"1,000","-1,000","-1,000"
"=""060778""",材料元大46購01  ,0,0,0,0,0,0,0,0,0,"-1,000",0,0,0,"18,000","19,000","-1,000","-1,000"
"=""060830""",元日2X富邦49購01,0,0,0,0,0,0,0,0,0,"-1,000",0,0,0,0,"1,000","-1,000","-1,000"
"=""068366""",國巨統一3B購01  ,0,0,0,0,0,0,0,0,0,"-1,000",0,0,0,0,"1,000","-1,000","-1,000"
"=""068442""",T50反1凱基3B購01,0,0,0,0,0,0,0,0,0,"-1,000",0,0,0,0,"1,000","-1,000","-1,000"
"=""068685""",嘉基永豐48購02  ,0,0,0,0,0,0,0,0,0,"-1,000",0,0,0,"59,000","60,000","-1,000","-1,000"
"=""068691""",華通凱基48購02  ,0,0,0,0,0,0,0,0,0,"-1,000",0,0,0,0,"1,000","-1,000","-1,000"
"=""061807""",飛宏凱基46購01  ,0,0,0,0,0,0,0,0,0,"-1,000",0,0,0,0,"1,000","-1,000","-1,000"
"=""061866""",波力群益48購01  ,0,0,0,0,0,0,0,0,0,"-1,000",0,0,0,0,"1,000","-1,000","-1,000"
"=""061886""",瑞昱元大46購03  ,0,0,0,0,0,0,0,0,0,"-1,000",0,0,0,0,"1,000","-1,000","-1,000"
"=""069256""",精銳第一48購02  ,0,0,0,0,0,0,0,0,0,"-1,000",0,0,0,0,"1,000","-1,000","-1,000"
"=""069134""",陽明群益48購03  ,0,0,0,0,0,0,0,0,0,"-1,000",0,0,0,0,"1,000","-1,000","-1,000"
"=""069463""",鴻海元大48購18  ,0,0,0,0,0,0,0,0,0,"-1,000",0,0,0,0,"1,000","-1,000","-1,000"
"=""069471""",京元電元大48購03,0,0,0,0,0,0,0,0,0,"-1,000",0,0,0,0,"1,000","-1,000","-1,000"
"=""069452""",保瑞群益48購01  ,0,0,0,0,0,0,0,0,0,"-1,000",0,0,0,"10,000","11,000","-1,000","-1,000"
"=""069684""",精成科元大48購02,0,0,0,0,0,0,0,0,0,"-1,000",0,0,0,0,"1,000","-1,000","-1,000"
"=""062100""",大立光元大46購06,0,0,0,0,0,0,0,0,0,"-1,000",0,0,0,0,"1,000","-1,000","-1,000"
"=""062116""",川湖第一48購02  ,0,0,0,0,0,0,0,0,0,"-1,000",0,0,0,0,"1,000","-1,000","-1,000"
"=""062053""",萬海群益46購06  ,0,0,0,0,0,0,0,0,0,"-1,000",0,0,0,0,"1,000","-1,000","-1,000"
"=""069611""",昇陽半統一5A購01,0,0,0,0,0,0,0,0,0,"-1,000",0,0,0,0,"1,000","-1,000","-1,000"
"=""069638""",嘉澤凱基48購05  ,0,0,0,0,0,0,0,0,0,"-1,000",0,0,0,"2,000","3,000","-1,000","-1,000"
"=""069574""",宇隆統一54購02  ,0,0,0,0,0,0,0,0,0,"-1,000",0,0,0,0,"1,000","-1,000","-1,000"
"=""056703""",晶技元大45購02  ,0,0,0,0,0,0,0,0,0,"-1,000",0,0,0,0,"1,000","-1,000","-1,000"
"=""057354""",世芯群益45購08  ,0,0,0,0,0,0,0,0,0,"-1,000",0,0,0,0,"1,000","-1,000","-1,000"
"=""069051""",致茂凱基4A購03  ,0,0,0,0,0,0,0,0,0,"-1,000",0,0,0,"11,000","12,000","-1,000","-1,000"
"=""061638""",長榮航元大46購12,0,0,0,0,0,0,0,0,0,"-1,000",0,0,0,"3,000","4,000","-1,000","-1,000"
"=""057301""",京元電元大45購07,0,0,0,0,0,0,0,0,0,"-1,000",0,0,0,0,"1,000","-1,000","-1,000"
"=""057294""",順德元大45購01  ,0,0,0,0,0,0,0,0,0,"-1,000",0,0,0,"117,000","118,000","-1,000","-1,000"
"=""057321""",緯穎元大45購09  ,0,0,0,0,0,0,0,0,0,"-1,000",0,0,0,"10,000","11,000","-1,000","-1,000"
"=""057111""",廣宇群益45購01  ,0,0,0,0,0,0,0,0,0,"-1,000",0,0,0,"103,000","104,000","-1,000","-1,000"
"=""057074""",京元電元大45購05,0,0,0,0,0,0,0,0,0,"-1,000",0,0,0,0,"1,000","-1,000","-1,000"
"=""056979""",技嘉元富4B購01  ,0,0,0,0,0,0,0,0,0,"-1,000",0,0,0,"4,000","5,000","-1,000","-1,000"
"=""057037""",川湖凱基45購03  ,0,0,0,0,0,0,0,0,0,"-1,000",0,0,0,"7,000","8,000","-1,000","-1,000"
"=""061490""",亞翔國泰48購01  ,0,0,0,0,0,0,0,0,0,"-1,000",0,0,0,0,"1,000","-1,000","-1,000"
2024,志聯            ,0,"1,000","-1,000",0,0,0,0,0,0,-1,0,1,-1,0,0,0,"-1,001"
"=""00648R""",元大S&P500反1   ,0,"3,000","-3,000",0,0,0,0,0,0,"1,888",0,0,0,"212,000","210,112","1,888","-1,112"
2373,震旦行          ,0,"1,000","-1,000",0,0,0,0,0,0,-276,0,276,-276,0,0,0,"-1,276"
2832,台產            ,"51,000","52,400","-1,400",0,0,0,0,0,0,0,0,0,0,0,0,0,"-1,400"
4942,嘉彰            ,"36,000","34,000","2,000",0,0,0,0,0,0,"-3,982",18,"4,000","-3,982",0,0,0,"-1,982"
6281,全國電          ,"2,000","1,000","1,000",0,0,0,0,0,0,"-3,000",0,"3,000","-3,000",0,0,0,"-2,000"
3550,聯穎            ,0,"1,000","-1,000",0,0,0,0,0,0,"-1,000",0,"1,000","-1,000",0,0,0,"-2,000"
4551,智伸科          ,"10,000","13,000","-3,000",0,0,0,0,0,0,"1,000","1,000",0,"1,000",0,0,0,"-2,000"
4108,懷特            ,"74,000","41,000","33,000",0,0,0,0,0,0,"-35,000",0,"35,000","-35,000",0,0,0,"-2,000"
"=""051528""",技嘉群益43購06  ,0,0,0,0,0,0,0,0,0,"-2,000",0,0,0,0,"2,000","-2,000","-2,000"
8114,振樺電          ,"31,000","33,000","-2,000",0,0,0,0,0,0,0,0,0,0,0,0,0,"-2,000"
8443,阿瘦            ,"5,000","1,000","4,000",0,0,0,0,0,0,"-6,000",0,"6,000","-6,000",0,0,0,"-2,000"
8481,政伸            ,0,"2,000","-2,000",0,0,0,0,0,0,0,0,0,0,0,0,0,"-2,000"
6573,虹揚-KY         ,0,0,0,0,0,0,0,0,0,"-2,000",0,"2,000","-2,000",0,0,0,"-2,000"
"=""052949""",國喬群益45購01  ,0,0,0,0,0,0,0,0,0,"-2,000",0,0,0,0,"2,000","-2,000","-2,000"
"=""052668""",聯發科統一3C購01,0,0,0,0,0,0,0,0,0,"-2,000",0,0,0,0,"2,000","-2,000","-2,000"
"=""056409""",中砂群益45購02  ,0,0,0,0,0,0,0,0,0,"-2,000",0,0,0,"1,000","3,000","-2,000","-2,000"
"=""051355""",京鼎凱基46購01  ,0,0,0,0,0,0,0,0,0,"-2,000",0,0,0,0,"2,000","-2,000","-2,000"
"=""051430""",鴻海國泰45購12  ,0,0,0,0,0,0,0,0,0,"-2,000",0,0,0,0,"2,000","-2,000","-2,000"
"=""054302""",上銀統一4A購01  ,0,0,0,0,0,0,0,0,0,"-2,000",0,0,0,"58,000","60,000","-2,000","-2,000"
"=""054206""",元上證凱基4A購01,0,0,0,0,0,0,0,0,0,"-2,000",0,0,0,0,"2,000","-2,000","-2,000"
"=""054238""",裕隆國泰46購01  ,0,0,0,0,0,0,0,0,0,"-2,000",0,0,0,0,"2,000","-2,000","-2,000"
"=""054117""",威盛群益44購05  ,0,0,0,0,0,0,0,0,0,"-2,000",0,0,0,0,"2,000","-2,000","-2,000"
"=""054109""",中502X群益48購01,0,0,0,0,0,0,0,0,0,"-2,000",0,0,0,0,"2,000","-2,000","-2,000"
"=""053887""",嘉澤富邦46購02  ,0,0,0,0,0,0,0,0,0,"-2,000",0,0,0,0,"2,000","-2,000","-2,000"
9935,慶豐富          ,"45,000","47,000","-2,000",0,0,0,0,0,0,0,"3,000","3,000",0,0,0,0,"-2,000"
"=""044560""",龍德船統一4C購01,0,0,0,0,0,0,0,0,0,"-2,000",0,0,0,0,"2,000","-2,000","-2,000"
"=""053673""",矽力元富4A購01  ,0,0,0,0,0,0,0,0,0,"-2,000",0,0,0,0,"2,000","-2,000","-2,000"
"=""051972""",光寶科凱基3A購03,0,0,0,0,0,0,0,0,0,"-2,000",0,0,0,0,"2,000","-2,000","-2,000"
"=""063817""",同欣電凱基46購01,0,0,0,0,0,0,0,0,0,"-2,000",0,0,0,0,"2,000","-2,000","-2,000"
"=""063863""",潤泰新群益46購01,0,0,0,0,0,0,0,0,0,"-2,000",0,0,0,0,"2,000","-2,000","-2,000"
"=""051763""",長華元富49購01  ,0,0,0,0,0,0,0,0,0,"-2,000",0,0,0,0,"2,000","-2,000","-2,000"
"=""051823""",台光電群益45購04,0,0,0,0,0,0,0,0,0,"-2,000",0,0,0,0,"2,000","-2,000","-2,000"
"=""063929""",台積電國票46購06,0,0,0,0,0,0,0,0,0,"-2,000",0,0,0,0,"2,000","-2,000","-2,000"
"=""064076""",玉晶光元大46購08,0,0,0,0,0,0,0,0,0,"-2,000",0,0,0,0,"2,000","-2,000","-2,000"
"=""059111""",鴻海凱基46購10  ,0,0,0,0,0,0,0,0,0,"-2,000",0,0,0,0,"2,000","-2,000","-2,000"
"=""064026""",陽明凱基46購07  ,0,0,0,0,0,0,0,0,0,"-2,000",0,0,0,"1,000","3,000","-2,000","-2,000"
"=""064163""",訊芯兆豐48購01  ,0,0,0,0,0,0,0,0,0,"-2,000",0,0,0,0,"2,000","-2,000","-2,000"
"=""064160""",大同兆豐47購01  ,0,0,0,0,0,0,0,0,0,"-2,000",0,0,0,"53,000","55,000","-2,000","-2,000"
"=""056310""",世芯永豐45購08  ,0,0,0,0,0,0,0,0,0,"-2,000",0,0,0,0,"2,000","-2,000","-2,000"
"=""056382""",美律元大45購03  ,0,0,0,0,0,0,0,0,0,"-2,000",0,0,0,0,"2,000","-2,000","-2,000"
"=""050864""",潤隆元大48購02  ,0,0,0,0,0,0,0,0,0,"-2,000",0,0,0,"1,000","3,000","-2,000","-2,000"
"=""050748""",大立光群益43購14,0,0,0,0,0,0,0,0,0,"-2,000",0,0,0,0,"2,000","-2,000","-2,000"
"=""050709""",富邦金凱基47購01,0,0,0,0,0,0,0,0,0,"-2,000",0,0,0,"10,000","12,000","-2,000","-2,000"
"=""050675""",新日興國泰45購01,0,0,0,0,0,0,0,0,0,"-2,000",0,0,0,0,"2,000","-2,000","-2,000"
"=""050378""",臺股指元大43購78,0,0,0,0,0,0,0,0,0,"-2,000",0,0,0,"48,000","50,000","-2,000","-2,000"
"=""056048""",正崴富邦47購01  ,0,0,0,0,0,0,0,0,0,"-2,000",0,0,0,0,"2,000","-2,000","-2,000"
2069,運錩            ,"5,000","2,000","3,000",0,0,0,0,0,0,"-5,000","1,000","6,000","-5,000",0,0,0,"-2,000"
2115,六暉-KY         ,0,"2,000","-2,000",0,0,0,0,0,0,0,0,0,0,0,0,0,"-2,000"
2258,鴻華先進-創     ,"4,000","9,000","-5,000",0,0,0,0,0,0,"3,000",0,0,0,"4,000","1,000","3,000","-2,000"
2007,燁興            ,"48,000","40,000","8,000",0,0,0,0,0,0,"-10,000",0,"10,000","-10,000",0,0,0,"-2,000"
"=""055622""",普安國票45購01  ,0,0,0,0,0,0,0,0,0,"-2,000",0,0,0,"8,000","10,000","-2,000","-2,000"
"=""055639""",力積電國票44購01,0,0,0,0,0,0,0,0,0,"-2,000",0,0,0,0,"2,000","-2,000","-2,000"
"=""063609""",台積電群益46購24,0,0,0,0,0,0,0,0,0,"-2,000",0,0,0,0,"2,000","-2,000","-2,000"
"=""053388""",中502X元大44購06,0,0,0,0,0,0,0,0,0,"-2,000",0,0,0,0,"2,000","-2,000","-2,000"
"=""04774T""",臺股指國票37售05,0,0,0,0,0,0,0,0,0,"-2,000",0,0,0,0,"2,000","-2,000","-2,000"
"=""048587""",材料永豐45購02  ,0,0,0,0,0,0,0,0,0,"-2,000",0,0,0,"51,000","53,000","-2,000","-2,000"
"=""048460""",佳必琪兆豐44購02,0,0,0,0,0,0,0,0,0,"-2,000",0,0,0,"97,000","99,000","-2,000","-2,000"
"=""04816T""",材料元大36售03  ,0,0,0,0,0,0,0,0,0,"-2,000",0,0,0,"30,000","32,000","-2,000","-2,000"
"=""062985""",瑞鼎元大46購02  ,0,0,0,0,0,0,0,0,0,"-2,000",0,0,0,0,"2,000","-2,000","-2,000"
"=""048857""",鴻海國泰46購01  ,0,0,0,0,0,0,0,0,0,"-2,000",0,0,0,0,"2,000","-2,000","-2,000"
"=""04882T""",日月光中信36售01,0,0,0,0,0,0,0,0,0,"-2,000",0,0,0,0,"2,000","-2,000","-2,000"
"=""048903""",群創統一4C購01  ,0,0,0,0,0,0,0,0,0,"-2,000",0,0,0,0,"2,000","-2,000","-2,000"
"=""063330""",日月光國票48購01,0,0,0,0,0,0,0,0,0,"-2,000",0,0,0,"2,000","4,000","-2,000","-2,000"
"=""063357""",嘉澤凱基46購06  ,0,0,0,0,0,0,0,0,0,"-2,000",0,0,0,0,"2,000","-2,000","-2,000"
"=""049414""",中租元大43購01  ,0,0,0,0,0,0,0,0,0,"-2,000",0,0,0,0,"2,000","-2,000","-2,000"
"=""049985""",華泰群益43購01  ,0,0,0,0,0,0,0,0,0,"-2,000",0,0,0,0,"2,000","-2,000","-2,000"
"=""049987""",技嘉群益45購01  ,0,0,0,0,0,0,0,0,0,"-2,000",0,0,0,0,"2,000","-2,000","-2,000"
"=""050167""",台達電富邦43購01,0,0,0,0,0,0,0,0,0,"-2,000",0,0,0,0,"2,000","-2,000","-2,000"
"=""050215""",亞光群益47購01  ,0,0,0,0,0,0,0,0,0,"-2,000",0,0,0,0,"2,000","-2,000","-2,000"
"=""064448""",偉詮電元大46購01,0,0,0,0,0,0,0,0,0,"-2,000",0,0,0,0,"2,000","-2,000","-2,000"
"=""064402""",貿聯第一46購01  ,0,0,0,0,0,0,0,0,0,"-2,000",0,0,0,0,"2,000","-2,000","-2,000"
"=""064432""",洋基凱基46購03  ,0,0,0,0,0,0,0,0,0,"-2,000",0,0,0,0,"2,000","-2,000","-2,000"
"=""04386T""",英業達中信35售02,0,0,0,0,0,0,0,0,0,"-2,000",0,0,0,0,"2,000","-2,000","-2,000"
"=""04394T""",緯穎永豐35售07  ,0,0,0,0,0,0,0,0,0,"-2,000",0,0,0,"80,000","82,000","-2,000","-2,000"
"=""064985""",佳世達元富4A購01,0,0,0,0,0,0,0,0,0,"-2,000",0,0,0,"25,000","27,000","-2,000","-2,000"
"=""064779""",潤泰新元富47購01,0,0,0,0,0,0,0,0,0,"-2,000",0,0,0,0,"2,000","-2,000","-2,000"
"=""064873""",威盛群益47購04  ,0,0,0,0,0,0,0,0,0,"-2,000",0,0,0,0,"2,000","-2,000","-2,000"
"=""065061""",臻鼎元大47購05  ,0,0,0,0,0,0,0,0,0,"-2,000",0,0,0,0,"2,000","-2,000","-2,000"
"=""064988""",大立光元富47購03,0,0,0,0,0,0,0,0,0,"-2,000",0,0,0,"130,000","132,000","-2,000","-2,000"
"=""00736""",國泰新興市場    ,0,0,0,0,0,0,0,0,0,"-2,000",0,0,0,"101,000","103,000","-2,000","-2,000"
"=""065886""",台化凱基47購02  ,0,0,0,0,0,0,0,0,0,"-2,000",0,0,0,0,"2,000","-2,000","-2,000"
"=""065841""",精成科統一51購02,0,0,0,0,0,0,0,0,0,"-2,000",0,0,0,0,"2,000","-2,000","-2,000"
"=""066066""",勤誠凱基3B購01  ,0,0,0,0,0,0,0,0,0,"-2,000",0,0,0,0,"2,000","-2,000","-2,000"
"=""066007""",群電統一3B購01  ,0,0,0,0,0,0,0,0,0,"-2,000",0,0,0,0,"2,000","-2,000","-2,000"
"=""03086T""",台光電元大33售32,0,0,0,0,0,0,0,0,0,"-2,000",0,0,0,0,"2,000","-2,000","-2,000"
"=""03038T""",友訊國票33售04  ,0,0,0,0,0,0,0,0,0,"-2,000",0,0,0,0,"2,000","-2,000","-2,000"
"=""065964""",威盛元大47購07  ,0,0,0,0,0,0,0,0,0,"-2,000",0,0,0,0,"2,000","-2,000","-2,000"
"=""065958""",旺宏元大47購02  ,0,0,0,0,0,0,0,0,0,"-2,000",0,0,0,"5,000","7,000","-2,000","-2,000"
"=""066730""",神達群益47購08  ,0,0,0,0,0,0,0,0,0,"-2,000",0,0,0,0,"2,000","-2,000","-2,000"
"=""066661""",國產第一47購01  ,0,0,0,0,0,0,0,0,0,"-2,000",0,0,0,"19,000","21,000","-2,000","-2,000"
"=""066652""",辛耘統一51購03  ,0,0,0,0,0,0,0,0,0,"-2,000",0,0,0,"20,000","22,000","-2,000","-2,000"
"=""066492""",直得群益47購01  ,0,0,0,0,0,0,0,0,0,"-2,000",0,0,0,"2,000","4,000","-2,000","-2,000"
"=""066453""",鴻海元大47購13  ,0,0,0,0,0,0,0,0,0,"-2,000",0,0,0,0,"2,000","-2,000","-2,000"
"=""066430""",世芯統一51購02  ,0,0,0,0,0,0,0,0,0,"-2,000",0,0,0,0,"2,000","-2,000","-2,000"
"=""066558""",神達凱基47購06  ,0,0,0,0,0,0,0,0,0,"-2,000",0,0,0,0,"2,000","-2,000","-2,000"
"=""03782T""",長榮航第一34售01,0,0,0,0,0,0,0,0,0,"-2,000",0,0,0,0,"2,000","-2,000","-2,000"
"=""03797T""",台灣50群益34售04,0,0,0,0,0,0,0,0,0,"-2,000",0,0,0,0,"2,000","-2,000","-2,000"
"=""066330""",穎崴永豐48購01  ,0,0,0,0,0,0,0,0,0,"-2,000",0,0,0,"3,000","5,000","-2,000","-2,000"
"=""03744T""",貿聯群益37售01  ,0,0,0,0,0,0,0,0,0,"-2,000",0,0,0,0,"2,000","-2,000","-2,000"
"=""066245""",華晶科國票48購01,0,0,0,0,0,0,0,0,0,"-2,000",0,0,0,"6,000","8,000","-2,000","-2,000"
"=""066215""",漢翔群益47購02  ,0,0,0,0,0,0,0,0,0,"-2,000",0,0,0,0,"2,000","-2,000","-2,000"
"=""066218""",玉晶光群益47購05,0,0,0,0,0,0,0,0,0,"-2,000",0,0,0,0,"2,000","-2,000","-2,000"
"=""03693T""",聯電元大34售08  ,0,0,0,0,0,0,0,0,0,"-2,000",0,0,0,0,"2,000","-2,000","-2,000"
"=""066125""",直得統一51購01  ,0,0,0,0,0,0,0,0,0,"-2,000",0,0,0,"8,000","10,000","-2,000","-2,000"
"=""065314""",元大金統一51購01,0,0,0,0,0,0,0,0,0,"-2,000",0,0,0,"16,000","18,000","-2,000","-2,000"
"=""065211""",台達電兆豐48購01,0,0,0,0,0,0,0,0,0,"-2,000",0,0,0,"9,000","11,000","-2,000","-2,000"
"=""03676T""",SGBR2X元大35售02,0,0,0,0,0,0,0,0,0,"-2,000",0,0,0,0,"2,000","-2,000","-2,000"
"=""04301T""",聯發科群益35售11,0,0,0,0,0,0,0,0,0,"-2,000",0,0,0,"57,000","59,000","-2,000","-2,000"
"=""065417""",鴻海元大47購10  ,0,0,0,0,0,0,0,0,0,"-2,000",0,0,0,0,"2,000","-2,000","-2,000"
"=""065503""",陽明永豐51購01  ,0,0,0,0,0,0,0,0,0,"-2,000",0,0,0,0,"2,000","-2,000","-2,000"
"=""065498""",長榮鋼永豐47購01,0,0,0,0,0,0,0,0,0,"-2,000",0,0,0,"128,000","130,000","-2,000","-2,000"
"=""039020""",昇貿統一5C購02  ,0,0,0,0,0,0,0,0,0,"-2,000",0,0,0,"10,000","12,000","-2,000","-2,000"
"=""03903T""",聯鈞群益34售03  ,0,0,0,0,0,0,0,0,0,"-2,000",0,0,0,0,"2,000","-2,000","-2,000"
"=""065619""",緯創凱基43購01  ,0,0,0,0,0,0,0,0,0,"-2,000",0,0,0,"2,000","4,000","-2,000","-2,000"
"=""04528T""",矽力元富35售02  ,0,0,0,0,0,0,0,0,0,"-2,000",0,0,0,0,"2,000","-2,000","-2,000"
"=""045278""",萬海元大5A購05  ,0,0,0,0,0,0,0,0,0,"-2,000",0,0,0,0,"2,000","-2,000","-2,000"
"=""045221""",意騰凱基55購01  ,0,0,0,0,0,0,0,0,0,"-2,000",0,0,0,"192,000","194,000","-2,000","-2,000"
"=""03867T""",奇鋐元大34售19  ,0,0,0,0,0,0,0,0,0,"-2,000",0,0,0,"20,000","22,000","-2,000","-2,000"
"=""044768""",世芯元大55購06  ,0,0,0,0,0,0,0,0,0,"-2,000",0,0,0,0,"2,000","-2,000","-2,000"
"=""045106""",華通元大55購01  ,0,0,0,0,0,0,0,0,0,"-2,000",0,0,0,0,"2,000","-2,000","-2,000"
"=""045097""",愛普凱基55購02  ,0,0,0,0,0,0,0,0,0,"-2,000",0,0,0,0,"2,000","-2,000","-2,000"
"=""058655""",貿聯凱基45購05  ,0,0,0,0,0,0,0,0,0,"-2,000",0,0,0,0,"2,000","-2,000","-2,000"
"=""058757""",元金2X元大47購01,0,0,0,0,0,0,0,0,0,"-2,000",0,0,0,0,"2,000","-2,000","-2,000"
"=""059827""",台積電凱基46購17,0,0,0,0,0,0,0,0,0,"-2,000",0,0,0,"4,000","6,000","-2,000","-2,000"
"=""058234""",東哥統一4B購01  ,0,0,0,0,0,0,0,0,0,"-2,000",0,0,0,0,"2,000","-2,000","-2,000"
"=""059963""",鴻海元大45購40  ,0,0,0,0,0,0,0,0,0,"-2,000",0,0,0,0,"2,000","-2,000","-2,000"
"=""059927""",臺股指群益45購32,0,0,0,0,0,0,0,0,0,"-2,000",0,0,0,"1,000","3,000","-2,000","-2,000"
"=""059952""",T50正2元大45購05,0,0,0,0,0,0,0,0,0,"-2,000",0,0,0,0,"2,000","-2,000","-2,000"
"=""059945""",全訊國票46購01  ,0,0,0,0,0,0,0,0,0,"-2,000",0,0,0,0,"2,000","-2,000","-2,000"
"=""058928""",台積電群益45購22,0,0,0,0,0,0,0,0,0,"-2,000",0,0,0,"18,000","20,000","-2,000","-2,000"
"=""068286""",力積電凱基48購02,0,0,0,0,0,0,0,0,0,"-2,000",0,0,0,"10,000","12,000","-2,000","-2,000"
"=""068185""",緯創永豐49購01  ,0,0,0,0,0,0,0,0,0,"-2,000",0,0,0,"20,000","22,000","-2,000","-2,000"
"=""068202""",材料元富48購01  ,0,0,0,0,0,0,0,0,0,"-2,000",0,0,0,"1,000","3,000","-2,000","-2,000"
"=""068129""",台塑兆豐49購01  ,0,0,0,0,0,0,0,0,0,"-2,000",0,0,0,0,"2,000","-2,000","-2,000"
"=""057630""",友訊凱基45購02  ,0,0,0,0,0,0,0,0,0,"-2,000",0,0,0,0,"2,000","-2,000","-2,000"
"=""060185""",文曄元大46購01  ,0,0,0,0,0,0,0,0,0,"-2,000",0,0,0,"40,000","42,000","-2,000","-2,000"
"=""060135""",長榮群益46購05  ,0,0,0,0,0,0,0,0,0,"-2,000",0,0,0,0,"2,000","-2,000","-2,000"
"=""060152""",華城元大48購03  ,0,0,0,0,0,0,0,0,0,"-2,000",0,0,0,0,"2,000","-2,000","-2,000"
"=""060246""",聯電元富47購04  ,0,0,0,0,0,0,0,0,0,"-2,000",0,0,0,0,"2,000","-2,000","-2,000"
"=""068006""",奇鋐群益47購06  ,0,0,0,0,0,0,0,0,0,"-2,000",0,0,0,0,"2,000","-2,000","-2,000"
"=""067931""",臺股指元大4C購10,0,0,0,0,0,0,0,0,0,"-2,000",0,0,0,0,"2,000","-2,000","-2,000"
"=""060106""",鴻準富邦49購01  ,0,0,0,0,0,0,0,0,0,"-2,000",0,0,0,0,"2,000","-2,000","-2,000"
"=""067797""",玉晶光元富4A購01,0,0,0,0,0,0,0,0,0,"-2,000",0,0,0,"20,000","22,000","-2,000","-2,000"
"=""067746""",南亞富邦49購01  ,0,0,0,0,0,0,0,0,0,"-2,000",0,0,0,"2,000","4,000","-2,000","-2,000"
"=""067493""",元油反元大48購01,0,0,0,0,0,0,0,0,0,"-2,000",0,0,0,0,"2,000","-2,000","-2,000"
"=""067209""",奇鋐凱基48購03  ,0,0,0,0,0,0,0,0,0,"-2,000",0,0,0,0,"2,000","-2,000","-2,000"
"=""067210""",信邦凱基47購02  ,0,0,0,0,0,0,0,0,0,"-2,000",0,0,0,0,"2,000","-2,000","-2,000"
"=""067194""",台塑凱基47購04  ,0,0,0,0,0,0,0,0,0,"-2,000",0,0,0,0,"2,000","-2,000","-2,000"
"=""059419""",台光電群益45購10,0,0,0,0,0,0,0,0,0,"-2,000",0,0,0,0,"2,000","-2,000","-2,000"
"=""059424""",長榮航群益46購04,0,0,0,0,0,0,0,0,0,"-2,000",0,0,0,"50,000","52,000","-2,000","-2,000"
"=""03102T""",大亞凱基32售03  ,0,0,0,0,0,0,0,0,0,"-2,000",0,0,0,0,"2,000","-2,000","-2,000"
"=""067640""",來億統一55購01  ,0,0,0,0,0,0,0,0,0,"-2,000",0,0,0,0,"2,000","-2,000","-2,000"
"=""059516""",道瓊反凱基4B購01,0,0,0,0,0,0,0,0,0,"-2,000",0,0,0,0,"2,000","-2,000","-2,000"
"=""055923""",中砂元大46購02  ,0,0,0,0,0,0,0,0,0,"-2,000",0,0,0,"8,000","10,000","-2,000","-2,000"
"=""055938""",普安元大44購04  ,0,0,0,0,0,0,0,0,0,"-2,000",0,0,0,0,"2,000","-2,000","-2,000"
"=""066982""",臺股指元大4B購07,0,0,0,0,0,0,0,0,0,"-2,000",0,0,0,0,"2,000","-2,000","-2,000"
"=""066975""",聯德元大47購03  ,0,0,0,0,0,0,0,0,0,"-2,000",0,0,0,0,"2,000","-2,000","-2,000"
"=""066962""",京元電元大4B購01,0,0,0,0,0,0,0,0,0,"-2,000",0,0,0,0,"2,000","-2,000","-2,000"
"=""066877""",華泰統一43購01  ,0,0,0,0,0,0,0,0,0,"-2,000",0,0,0,0,"2,000","-2,000","-2,000"
"=""03241T""",技嘉群益35售02  ,0,0,0,0,0,0,0,0,0,"-2,000",0,0,0,0,"2,000","-2,000","-2,000"
"=""041791""",創意元大54購35  ,0,0,0,0,0,0,0,0,0,"-2,000",0,0,0,"14,000","16,000","-2,000","-2,000"
"=""041921""",矽力凱基54購03  ,0,0,0,0,0,0,0,0,0,"-2,000",0,0,0,0,"2,000","-2,000","-2,000"
"=""053608""",緯穎兆豐4A購01  ,0,0,0,0,0,0,0,0,0,"-2,000",0,0,0,0,"2,000","-2,000","-2,000"
"=""067148""",金像電元大47購07,0,0,0,0,0,0,0,0,0,"-2,000",0,0,0,0,"2,000","-2,000","-2,000"
"=""03357T""",電子類群益34售02,0,0,0,0,0,0,0,0,0,"-2,000",0,0,0,0,"2,000","-2,000","-2,000"
"=""061535""",世芯中信48購02  ,0,0,0,0,0,0,0,0,0,"-2,000",0,0,0,0,"2,000","-2,000","-2,000"
"=""057004""",穎崴國票49購01  ,0,0,0,0,0,0,0,0,0,"-2,000",0,0,0,0,"2,000","-2,000","-2,000"
"=""057019""",微星統一4A購01  ,0,0,0,0,0,0,0,0,0,"-2,000",0,0,0,0,"2,000","-2,000","-2,000"
"=""057119""",威盛群益47購03  ,0,0,0,0,0,0,0,0,0,"-2,000",0,0,0,0,"2,000","-2,000","-2,000"
"=""057335""",矽統群益45購01  ,0,0,0,0,0,0,0,0,0,"-2,000",0,0,0,0,"2,000","-2,000","-2,000"
"=""057239""",上証2X元富45購03,0,0,0,0,0,0,0,0,0,"-2,000",0,0,0,0,"2,000","-2,000","-2,000"
"=""061668""",川湖群益46購09  ,0,0,0,0,0,0,0,0,0,"-2,000",0,0,0,"1,000","3,000","-2,000","-2,000"
"=""056539""",大立光永豐45購01,0,0,0,0,0,0,0,0,0,"-2,000",0,0,0,0,"2,000","-2,000","-2,000"
"=""056558""",鴻海元大45購17  ,0,0,0,0,0,0,0,0,0,"-2,000",0,0,0,"1,000","3,000","-2,000","-2,000"
"=""061560""",聯發科凱基47購02,0,0,0,0,0,0,0,0,0,"-2,000",0,0,0,"50,000","52,000","-2,000","-2,000"
"=""056684""",鴻海元大45購18  ,0,0,0,0,0,0,0,0,0,"-2,000",0,0,0,0,"2,000","-2,000","-2,000"
"=""056614""",聯電富邦45購01  ,0,0,0,0,0,0,0,0,0,"-2,000",0,0,0,0,"2,000","-2,000","-2,000"
"=""069572""",堤維西統一52購01,0,0,0,0,0,0,0,0,0,"-2,000",0,0,0,0,"2,000","-2,000","-2,000"
"=""069736""",群創富邦48購02  ,0,0,0,0,0,0,0,0,0,"-2,000",0,0,0,0,"2,000","-2,000","-2,000"
"=""069477""",大立光元大48購10,0,0,0,0,0,0,0,0,0,"-2,000",0,0,0,"11,000","13,000","-2,000","-2,000"
"=""069536""",緯創國泰49購02  ,0,0,0,0,0,0,0,0,0,"-2,000",0,0,0,0,"2,000","-2,000","-2,000"
"=""069540""",智原兆豐4A購02  ,0,0,0,0,0,0,0,0,0,"-2,000",0,0,0,0,"2,000","-2,000","-2,000"
"=""069544""",中興電群益4B購03,0,0,0,0,0,0,0,0,0,"-2,000",0,0,0,0,"2,000","-2,000","-2,000"
"=""069555""",皇昌群益4A購01  ,0,0,0,0,0,0,0,0,0,"-2,000",0,0,0,"10,000","12,000","-2,000","-2,000"
"=""069146""",立積群益48購03  ,0,0,0,0,0,0,0,0,0,"-2,000",0,0,0,0,"2,000","-2,000","-2,000"
"=""061903""",德律元大46購01  ,0,0,0,0,0,0,0,0,0,"-2,000",0,0,0,"2,000","4,000","-2,000","-2,000"
"=""061825""",緯穎凱基47購02  ,0,0,0,0,0,0,0,0,0,"-2,000",0,0,0,0,"2,000","-2,000","-2,000"
"=""068665""",力積電台新48購01,0,0,0,0,0,0,0,0,0,"-2,000",0,0,0,"7,000","9,000","-2,000","-2,000"
"=""068506""",長榮元大4A購01  ,0,0,0,0,0,0,0,0,0,"-2,000",0,0,0,0,"2,000","-2,000","-2,000"
"=""068446""",燿華凱基48購01  ,0,0,0,0,0,0,0,0,0,"-2,000",0,0,0,0,"2,000","-2,000","-2,000"
"=""068463""",台化群益48購03  ,0,0,0,0,0,0,0,0,0,"-2,000",0,0,0,"9,000","11,000","-2,000","-2,000"
"=""068458""",勤誠凱基48購01  ,0,0,0,0,0,0,0,0,0,"-2,000",0,0,0,"6,000","8,000","-2,000","-2,000"
"=""068431""",亞航國票49購02  ,0,0,0,0,0,0,0,0,0,"-2,000",0,0,0,0,"2,000","-2,000","-2,000"
"=""068410""",鈺齊統一52購02  ,0,0,0,0,0,0,0,0,0,"-2,000",0,0,0,0,"2,000","-2,000","-2,000"
"=""060854""",一詮永豐49購01  ,0,0,0,0,0,0,0,0,0,"-2,000",0,0,0,"49,000","51,000","-2,000","-2,000"
"=""060585""",京元電元大46購03,0,0,0,0,0,0,0,0,0,"-2,000",0,0,0,0,"2,000","-2,000","-2,000"
"=""060484""",保瑞中信46購01  ,0,0,0,0,0,0,0,0,0,"-2,000",0,0,0,"2,000","4,000","-2,000","-2,000"
"=""060373""",聯茂元大46購01  ,0,0,0,0,0,0,0,0,0,"-2,000",0,0,0,"8,000","10,000","-2,000","-2,000"
"=""060937""",華航凱基47購01  ,0,0,0,0,0,0,0,0,0,"-2,000",0,0,0,0,"2,000","-2,000","-2,000"
"=""060955""",臺股指凱基49購14,0,0,0,0,0,0,0,0,0,"-2,000",0,0,0,"48,000","50,000","-2,000","-2,000"
"=""060990""",全新群益46購06  ,0,0,0,0,0,0,0,0,0,"-2,000",0,0,0,0,"2,000","-2,000","-2,000"
"=""068993""",陽明國泰49購01  ,0,0,0,0,0,0,0,0,0,"-2,000",0,0,0,0,"2,000","-2,000","-2,000"
"=""068981""",旺宏兆豐52購01  ,0,0,0,0,0,0,0,0,0,"-2,000",0,0,0,"10,000","12,000","-2,000","-2,000"
"=""068952""",臺股指元大48購20,0,0,0,0,0,0,0,0,0,"-2,000",0,0,0,"13,000","15,000","-2,000","-2,000"
"=""068947""",汎銓元大48購02  ,0,0,0,0,0,0,0,0,0,"-2,000",0,0,0,0,"2,000","-2,000","-2,000"
"=""068722""",台塑群益48購07  ,0,0,0,0,0,0,0,0,0,"-2,000",0,0,0,0,"2,000","-2,000","-2,000"
"=""061023""",中華元大4C購02  ,0,0,0,0,0,0,0,0,0,"-2,000",0,0,0,"8,000","10,000","-2,000","-2,000"
"=""061350""",振樺電凱基46購02,0,0,0,0,0,0,0,0,0,"-2,000",0,0,0,0,"2,000","-2,000","-2,000"
"=""057773""",世芯群益45購10  ,0,0,0,0,0,0,0,0,0,"-2,000",0,0,0,0,"2,000","-2,000","-2,000"
"=""057725""",萬海元大45購02  ,0,0,0,0,0,0,0,0,0,"-2,000",0,0,0,0,"2,000","-2,000","-2,000"
"=""057730""",緯創元大45購21  ,0,0,0,0,0,0,0,0,0,"-2,000",0,0,0,0,"2,000","-2,000","-2,000"
"=""04586T""",愛普凱基35售07  ,0,0,0,0,0,0,0,0,0,"-2,000",0,0,0,0,"2,000","-2,000","-2,000"
"=""057560""",勤誠元大45購03  ,0,0,0,0,0,0,0,0,0,"-2,000",0,0,0,0,"2,000","-2,000","-2,000"
"=""07681U""",臺股指永豐32售02,0,0,0,0,0,0,0,0,0,"-2,000",0,0,0,0,"2,000","-2,000","-2,000"
"=""062154""",T50反1中信49購04,0,0,0,0,0,0,0,0,0,"-2,000",0,0,0,0,"2,000","-2,000","-2,000"
"=""046233""",臺股指群益43購06,0,0,0,0,0,0,0,0,0,"-2,000",0,0,0,"2,000","4,000","-2,000","-2,000"
"=""062315""",深中小元大46購01,0,0,0,0,0,0,0,0,0,"-2,000",0,0,0,"77,000","79,000","-2,000","-2,000"
"=""04602T""",亞航群益35售02  ,0,0,0,0,0,0,0,0,0,"-2,000",0,0,0,0,"2,000","-2,000","-2,000"
"=""046290""",精銳凱基43購01  ,0,0,0,0,0,0,0,0,0,"-2,000",0,0,0,0,"2,000","-2,000","-2,000"
"=""046375""",台積電台新43購01,0,0,0,0,0,0,0,0,0,"-2,000",0,0,0,0,"2,000","-2,000","-2,000"
"=""046456""",碩天統一48購01  ,0,0,0,0,0,0,0,0,0,"-2,000",0,0,0,0,"2,000","-2,000","-2,000"
"=""046452""",益登統一4A購01  ,0,0,0,0,0,0,0,0,0,"-2,000",0,0,0,0,"2,000","-2,000","-2,000"
"=""062598""",中磊元大46購02  ,0,0,0,0,0,0,0,0,0,"-2,000",0,0,0,0,"2,000","-2,000","-2,000"
"=""046726""",智原永豐43購03  ,0,0,0,0,0,0,0,0,0,"-2,000",0,0,0,0,"2,000","-2,000","-2,000"
"=""04674T""",晶心科群益35售03,0,0,0,0,0,0,0,0,0,"-2,000",0,0,0,0,"2,000","-2,000","-2,000"
"=""046938""",立隆電國票43購01,0,0,0,0,0,0,0,0,0,"-2,000",0,0,0,0,"2,000","-2,000","-2,000"
"=""046856""",鴻海台新42購02  ,0,0,0,0,0,0,0,0,0,"-2,000",0,0,0,0,"2,000","-2,000","-2,000"
"=""055031""",元債2X凱基4C購02,0,0,0,0,0,0,0,0,0,"-2,000",0,0,0,0,"2,000","-2,000","-2,000"
"=""055024""",健策富邦45購01  ,0,0,0,0,0,0,0,0,0,"-2,000",0,0,0,"4,000","6,000","-2,000","-2,000"
"=""07994U""",長榮凱基3A售05  ,0,0,0,0,0,0,0,0,0,"-2,000",0,0,0,0,"2,000","-2,000","-2,000"
"=""055104""",威盛元大48購03  ,0,0,0,0,0,0,0,0,0,"-2,000",0,0,0,0,"2,000","-2,000","-2,000"
"=""055218""",創意永豐46購03  ,0,0,0,0,0,0,0,0,0,"-2,000",0,0,0,"8,000","10,000","-2,000","-2,000"
"=""08384U""",台耀群益31售02  ,0,0,0,0,0,0,0,0,0,"-2,000",0,0,0,"3,000","5,000","-2,000","-2,000"
"=""058139""",技嘉群益45購06  ,0,0,0,0,0,0,0,0,0,"-2,000",0,0,0,0,"2,000","-2,000","-2,000"
"=""058062""",世芯國票46購08  ,0,0,0,0,0,0,0,0,0,"-2,000",0,0,0,0,"2,000","-2,000","-2,000"
"=""047266""",聯茂統一49購01  ,0,0,0,0,0,0,0,0,0,"-2,000",0,0,0,0,"2,000","-2,000","-2,000"
"=""047038""",華碩永豐45購01  ,0,0,0,0,0,0,0,0,0,"-2,000",0,0,0,0,"2,000","-2,000","-2,000"
"=""062772""",偉訓群益48購02  ,0,0,0,0,0,0,0,0,0,"-2,000",0,0,0,"10,000","12,000","-2,000","-2,000"
"=""08512U""",台光電凱基34售01,0,0,0,0,0,0,0,0,0,"-2,000",0,0,0,0,"2,000","-2,000","-2,000"
"=""055384""",創意凱基48購02  ,0,0,0,0,0,0,0,0,0,"-2,000",0,0,0,"20,000","22,000","-2,000","-2,000"
"=""08957U""",碩天國票33售02  ,0,0,0,0,0,0,0,0,0,"-2,000",0,0,0,0,"2,000","-2,000","-2,000"
1522A,堤維西甲特      ,0,0,0,0,0,0,0,0,0,"-2,000",0,"2,000","-2,000",0,0,0,"-2,000"
"=""054486""",奇鋐元大48購02  ,0,0,0,0,0,0,0,0,0,"-2,000",0,0,0,0,"2,000","-2,000","-2,000"
"=""054371""",來億統一54購02  ,0,0,0,0,0,0,0,0,0,"-2,000",0,0,0,0,"2,000","-2,000","-2,000"
"=""054409""",台光電永豐45購02,0,0,0,0,0,0,0,0,0,"-2,000",0,0,0,0,"2,000","-2,000","-2,000"
"=""054573""",建準統一4C購01  ,0,0,0,0,0,0,0,0,0,"-2,000",0,0,0,0,"2,000","-2,000","-2,000"
"=""054602""",凱基金群益45購01,0,0,0,0,0,0,0,0,0,"-2,000",0,0,0,"2,000","4,000","-2,000","-2,000"
1416,廣豐            ,"2,000","4,000","-2,000",0,0,0,0,0,0,0,0,0,0,0,0,0,"-2,000"
1413,宏洲            ,"1,000","3,000","-2,000",0,0,0,0,0,0,0,0,0,0,0,0,0,"-2,000"
4999,鑫禾            ,"2,000","5,000","-3,000",0,0,0,0,0,0,741,"2,000","1,259",741,0,0,0,"-2,259"
1340,勝悅-KY         ,0,"3,000","-3,000",0,0,0,0,0,0,525,"7,000","6,475",525,0,0,0,"-2,475"
"=""00668""",國泰美國道瓊    ,0,0,0,0,0,0,0,0,0,"-2,492",0,0,0,"14,560","17,052","-2,492","-2,492"
"=""00711B""",復華彭博新興債  ,"3,000",0,"3,000",0,0,0,0,0,0,"-5,550",0,0,0,"100,000","105,550","-5,550","-2,550"
"=""03050X""",元展47          ,0,0,0,0,0,0,0,0,0,"-3,000",0,0,0,"2,000","5,000","-3,000","-3,000"
"=""066140""",技嘉統一4B購03  ,0,0,0,0,0,0,0,0,0,"-3,000",0,0,0,0,"3,000","-3,000","-3,000"
"=""037042""",川湖國票48購01  ,0,0,0,0,0,0,0,0,0,"-3,000",0,0,0,0,"3,000","-3,000","-3,000"
"=""066241""",友訊國票48購01  ,0,0,0,0,0,0,0,0,0,"-3,000",0,0,0,0,"3,000","-3,000","-3,000"
"=""066394""",敦泰統一3B購01  ,0,0,0,0,0,0,0,0,0,"-3,000",0,0,0,0,"3,000","-3,000","-3,000"
"=""066541""",鴻準凱基47購05  ,0,0,0,0,0,0,0,0,0,"-3,000",0,0,0,0,"3,000","-3,000","-3,000"
"=""066835""",晶豪科凱基47購02,0,0,0,0,0,0,0,0,0,"-3,000",0,0,0,0,"3,000","-3,000","-3,000"
"=""03539T""",南電凱基33售03  ,0,0,0,0,0,0,0,0,0,"-3,000",0,0,0,0,"3,000","-3,000","-3,000"
"=""03511T""",台灣50元大36售11,0,0,0,0,0,0,0,0,0,"-3,000",0,0,0,0,"3,000","-3,000","-3,000"
"=""044684""",創見元富58購01  ,0,0,0,0,0,0,0,0,0,"-3,000",0,0,0,0,"3,000","-3,000","-3,000"
"=""044824""",南茂中信59購01  ,0,0,0,0,0,0,0,0,0,"-3,000",0,0,0,0,"3,000","-3,000","-3,000"
"=""03166T""",裕隆元富33售01  ,0,0,0,0,0,0,0,0,0,"-3,000",0,0,0,0,"3,000","-3,000","-3,000"
"=""038693""",祥碩元大54購08  ,0,0,0,0,0,0,0,0,0,"-3,000",0,0,0,0,"3,000","-3,000","-3,000"
"=""038698""",富世達元大54購25,0,0,0,0,0,0,0,0,0,"-3,000",0,0,0,0,"3,000","-3,000","-3,000"
"=""03609T""",奇鋐永豐35售03  ,0,0,0,0,0,0,0,0,0,"-3,000",0,0,0,0,"3,000","-3,000","-3,000"
"=""04227T""",英業達統一37售09,0,0,0,0,0,0,0,0,0,"-3,000",0,0,0,0,"3,000","-3,000","-3,000"
"=""04217T""",美指2X元大39售01,0,0,0,0,0,0,0,0,0,"-3,000",0,0,0,0,"3,000","-3,000","-3,000"
"=""035739""",川湖統一58購05  ,0,0,0,0,0,0,0,0,0,"-3,000",0,0,0,0,"3,000","-3,000","-3,000"
"=""045372""",智邦國票56購04  ,0,0,0,0,0,0,0,0,0,"-3,000",0,0,0,0,"3,000","-3,000","-3,000"
"=""065650""",愛普群益47購05  ,0,0,0,0,0,0,0,0,0,"-3,000",0,0,0,0,"3,000","-3,000","-3,000"
"=""065700""",台化元大47購02  ,0,0,0,0,0,0,0,0,0,"-3,000",0,0,0,"165,000","168,000","-3,000","-3,000"
"=""03895T""",國巨元富34售03  ,0,0,0,0,0,0,0,0,0,"-3,000",0,0,0,0,"3,000","-3,000","-3,000"
"=""04285T""",國巨元大35售01  ,0,0,0,0,0,0,0,0,0,"-3,000",0,0,0,"4,000","7,000","-3,000","-3,000"
"=""065075""",晶心科統一57購01,0,0,0,0,0,0,0,0,0,"-3,000",0,0,0,"17,000","20,000","-3,000","-3,000"
"=""052089""",飛宏兆豐45購01  ,0,0,0,0,0,0,0,0,0,"-3,000",0,0,0,0,"3,000","-3,000","-3,000"
"=""055957""",電子類元大44購03,0,0,0,0,0,0,0,0,0,"-3,000",0,0,0,0,"3,000","-3,000","-3,000"
"=""03315T""",愛普國票34售05  ,0,0,0,0,0,0,0,0,0,"-3,000",0,0,0,0,"3,000","-3,000","-3,000"
"=""03307T""",健策元大34售07  ,0,0,0,0,0,0,0,0,0,"-3,000",0,0,0,0,"3,000","-3,000","-3,000"
"=""066922""",世芯群益48購17  ,0,0,0,0,0,0,0,0,0,"-3,000",0,0,0,0,"3,000","-3,000","-3,000"
"=""058555""",保瑞元大45購07  ,0,0,0,0,0,0,0,0,0,"-3,000",0,0,0,0,"3,000","-3,000","-3,000"
"=""058374""",大立光國票46購02,0,0,0,0,0,0,0,0,0,"-3,000",0,0,0,"76,000","79,000","-3,000","-3,000"
"=""058384""",宏致國票45購03  ,0,0,0,0,0,0,0,0,0,"-3,000",0,0,0,"2,000","5,000","-3,000","-3,000"
"=""067306""",保瑞群益47購05  ,0,0,0,0,0,0,0,0,0,"-3,000",0,0,0,0,"3,000","-3,000","-3,000"
"=""067307""",愛普群益47購07  ,0,0,0,0,0,0,0,0,0,"-3,000",0,0,0,"225,000","228,000","-3,000","-3,000"
"=""067480""",敬鵬統一3C購01  ,0,0,0,0,0,0,0,0,0,"-3,000",0,0,0,0,"3,000","-3,000","-3,000"
"=""067445""",保瑞國票47購02  ,0,0,0,0,0,0,0,0,0,"-3,000",0,0,0,0,"3,000","-3,000","-3,000"
"=""067463""",聯發科凱基47購09,0,0,0,0,0,0,0,0,0,"-3,000",0,0,0,"13,000","16,000","-3,000","-3,000"
"=""067551""",惠特群益48購01  ,0,0,0,0,0,0,0,0,0,"-3,000",0,0,0,"2,000","5,000","-3,000","-3,000"
"=""060088""",可成國票48購01  ,0,0,0,0,0,0,0,0,0,"-3,000",0,0,0,"12,000","15,000","-3,000","-3,000"
"=""067677""",聯發科凱基47購10,0,0,0,0,0,0,0,0,0,"-3,000",0,0,0,0,"3,000","-3,000","-3,000"
"=""067959""",創意永豐4B購01  ,0,0,0,0,0,0,0,0,0,"-3,000",0,0,0,0,"3,000","-3,000","-3,000"
"=""067960""",聯發科統一3B購05,0,0,0,0,0,0,0,0,0,"-3,000",0,0,0,0,"3,000","-3,000","-3,000"
"=""067900""",亞德客元大47購05,0,0,0,0,0,0,0,0,0,"-3,000",0,0,0,"60,000","63,000","-3,000","-3,000"
"=""068017""",T50反1元大48購08,0,0,0,0,0,0,0,0,0,"-3,000",0,0,0,0,"3,000","-3,000","-3,000"
"=""068073""",立隆電凱基48購02,0,0,0,0,0,0,0,0,0,"-3,000",0,0,0,0,"3,000","-3,000","-3,000"
"=""068131""",創意兆豐48購01  ,0,0,0,0,0,0,0,0,0,"-3,000",0,0,0,"3,000","6,000","-3,000","-3,000"
"=""068248""",大立光國票4A購01,0,"3,000","-3,000",0,0,0,0,0,0,0,0,0,0,0,0,0,"-3,000"
"=""059986""",華航元大45購02  ,0,0,0,0,0,0,0,0,0,"-3,000",0,0,0,0,"3,000","-3,000","-3,000"
"=""058346""",臺股指群益46購07,0,0,0,0,0,0,0,0,0,"-3,000",0,0,0,0,"3,000","-3,000","-3,000"
"=""059804""",毅嘉永豐46購01  ,0,0,0,0,0,0,0,0,0,"-3,000",0,0,0,"94,000","97,000","-3,000","-3,000"
"=""059784""",智原國泰47購01  ,0,0,0,0,0,0,0,0,0,"-3,000",0,0,0,0,"3,000","-3,000","-3,000"
"=""059715""",臺股指群益3B購01,0,0,0,0,0,0,0,0,0,"-3,000",0,0,0,0,"3,000","-3,000","-3,000"
"=""058654""",世芯凱基49購02  ,0,0,0,0,0,0,0,0,0,"-3,000",0,0,0,0,"3,000","-3,000","-3,000"
"=""059611""",順德元富45購01  ,0,0,0,0,0,0,0,0,0,"-3,000",0,0,0,"3,000","6,000","-3,000","-3,000"
"=""059627""",達方元富45購01  ,0,0,0,0,0,0,0,0,0,"-3,000",0,0,0,"10,000","13,000","-3,000","-3,000"
"=""059677""",正崴凱基45購04  ,0,0,0,0,0,0,0,0,0,"-3,000",0,0,0,0,"3,000","-3,000","-3,000"
"=""054601""",富邦金群益46購01,0,0,0,0,0,0,0,0,0,"-3,000",0,0,0,0,"3,000","-3,000","-3,000"
"=""054608""",祥碩群益46購02  ,0,0,0,0,0,0,0,0,0,"-3,000",0,0,0,"1,000","4,000","-3,000","-3,000"
"=""047440""",台積電凱基58購08,0,0,0,0,0,0,0,0,0,"-3,000",0,0,0,0,"3,000","-3,000","-3,000"
"=""054618""",上証2X國票45購21,0,0,0,0,0,0,0,0,0,"-3,000",0,0,0,"75,000","78,000","-3,000","-3,000"
"=""04767T""",台積電國票37售03,0,0,0,0,0,0,0,0,0,"-3,000",0,0,0,"7,000","10,000","-3,000","-3,000"
"=""08482U""",飛宏群益34售01  ,0,0,0,0,0,0,0,0,0,"-3,000",0,0,0,0,"3,000","-3,000","-3,000"
"=""062775""",創意群益46購07  ,0,0,0,0,0,0,0,0,0,"-3,000",0,0,0,0,"3,000","-3,000","-3,000"
"=""04709T""",T50正2群益35售06,0,0,0,0,0,0,0,0,0,"-3,000",0,0,0,"100,000","103,000","-3,000","-3,000"
"=""08387U""",台灣50元富31售04,0,0,0,0,0,0,0,0,0,"-3,000",0,0,0,0,"3,000","-3,000","-3,000"
"=""07996U""",緯創凱基3A售03  ,0,0,0,0,0,0,0,0,0,"-3,000",0,0,0,"2,000","5,000","-3,000","-3,000"
"=""07883U""",緯創凱基31售15  ,0,0,0,0,0,0,0,0,0,"-3,000",0,0,0,0,"3,000","-3,000","-3,000"
"=""046664""",道瓊反元大45購01,0,0,0,0,0,0,0,0,0,"-3,000",0,0,0,0,"3,000","-3,000","-3,000"
"=""062546""",洋基國票47購02  ,0,0,0,0,0,0,0,0,0,"-3,000",0,0,0,0,"3,000","-3,000","-3,000"
"=""04635T""",敬鵬群益35售03  ,0,0,0,0,0,0,0,0,0,"-3,000",0,0,0,"8,000","11,000","-3,000","-3,000"
"=""046325""",金像電元大48購01,0,0,0,0,0,0,0,0,0,"-3,000",0,0,0,0,"3,000","-3,000","-3,000"
"=""046326""",友達元大43購03  ,0,0,0,0,0,0,0,0,0,"-3,000",0,0,0,0,"3,000","-3,000","-3,000"
"=""062393""",神達凱基4A購01  ,0,0,0,0,0,0,0,0,0,"-3,000",0,0,0,0,"3,000","-3,000","-3,000"
"=""062304""",達發群益46購03  ,0,0,0,0,0,0,0,0,0,"-3,000",0,0,0,0,"3,000","-3,000","-3,000"
"=""057575""",友訊群益47購01  ,0,0,0,0,0,0,0,0,0,"-3,000",0,0,0,0,"3,000","-3,000","-3,000"
"=""045933""",欣興凱基43購10  ,0,0,0,0,0,0,0,0,0,"-3,000",0,0,0,"2,000","5,000","-3,000","-3,000"
"=""058046""",景碩兆豐46購01  ,0,0,0,0,0,0,0,0,0,"-3,000",0,0,0,0,"3,000","-3,000","-3,000"
"=""057964""",華碩群益45購03  ,0,0,0,0,0,0,0,0,0,"-3,000",0,0,0,"78,000","81,000","-3,000","-3,000"
"=""061403""",奇鋐群益46購10  ,0,0,0,0,0,0,0,0,0,"-3,000",0,0,0,0,"3,000","-3,000","-3,000"
"=""061399""",立隆電群益46購01,0,0,0,0,0,0,0,0,0,"-3,000",0,0,0,0,"3,000","-3,000","-3,000"
"=""061021""",美時元大46購09  ,0,0,0,0,0,0,0,0,0,"-3,000",0,0,0,0,"3,000","-3,000","-3,000"
"=""068750""",中砂凱基48購02  ,0,0,0,0,0,0,0,0,0,"-3,000",0,0,0,"47,000","50,000","-3,000","-3,000"
"=""060896""",晶碩中信46購01  ,0,0,0,0,0,0,0,0,0,"-3,000",0,0,0,0,"3,000","-3,000","-3,000"
"=""060893""",嘉澤中信47購01  ,0,0,0,0,0,0,0,0,0,"-3,000",0,0,0,"4,000","7,000","-3,000","-3,000"
"=""060884""",鴻準中信47購02  ,0,0,0,0,0,0,0,0,0,"-3,000",0,0,0,"10,000","13,000","-3,000","-3,000"
"=""060874""",台塑中信46購02  ,0,0,0,0,0,0,0,0,0,"-3,000",0,0,0,0,"3,000","-3,000","-3,000"
"=""060436""",滬深2X群益46購06,0,0,0,0,0,0,0,0,0,"-3,000",0,0,0,0,"3,000","-3,000","-3,000"
"=""060615""",奇鋐國泰48購01  ,0,0,0,0,0,0,0,0,0,"-3,000",0,0,0,0,"3,000","-3,000","-3,000"
"=""060825""",材料兆豐48購01  ,0,0,0,0,0,0,0,0,0,"-3,000",0,0,0,"2,000","5,000","-3,000","-3,000"
"=""068418""",德律元富48購01  ,0,0,0,0,0,0,0,0,0,"-3,000",0,0,0,0,"3,000","-3,000","-3,000"
"=""068407""",富世達統一54購03,0,0,0,0,0,0,0,0,0,"-3,000",0,0,0,0,"3,000","-3,000","-3,000"
"=""068478""",緯創群益48購02  ,0,0,0,0,0,0,0,0,0,"-3,000",0,0,0,0,"3,000","-3,000","-3,000"
"=""068588""",中磊群益4B購01  ,0,0,0,0,0,0,0,0,0,"-3,000",0,0,0,0,"3,000","-3,000","-3,000"
"=""068661""",力積電統一54購03,0,0,0,0,0,0,0,0,0,"-3,000",0,0,0,0,"3,000","-3,000","-3,000"
"=""061836""",台塑群益46購05  ,0,0,0,0,0,0,0,0,0,"-3,000",0,0,0,0,"3,000","-3,000","-3,000"
"=""061870""",元債2X元大4B購03,0,0,0,0,0,0,0,0,0,"-3,000",0,0,0,0,"3,000","-3,000","-3,000"
"=""069162""",台積電統一52購07,0,0,0,0,0,0,0,0,0,"-3,000",0,0,0,"2,000","5,000","-3,000","-3,000"
"=""069166""",宏�眵峇@52購01  ,0,0,0,0,0,0,0,0,0,"-3,000",0,0,0,"201,000","204,000","-3,000","-3,000"
"=""069271""",羅昇台新48購01  ,0,0,0,0,0,0,0,0,0,"-3,000",0,0,0,0,"3,000","-3,000","-3,000"
"=""062022""",世芯國票46購12  ,0,0,0,0,0,0,0,0,0,"-3,000",0,0,0,"1,000","4,000","-3,000","-3,000"
"=""069718""",臺股指富邦48購13,0,0,0,0,0,0,0,0,0,"-3,000",0,0,0,0,"3,000","-3,000","-3,000"
"=""069732""",大立光富邦4A購01,0,0,0,0,0,0,0,0,0,"-3,000",0,0,0,0,"3,000","-3,000","-3,000"
"=""069688""",迅得元大48購01  ,0,0,0,0,0,0,0,0,0,"-3,000",0,0,0,0,"3,000","-3,000","-3,000"
"=""056666""",世芯國票46購07  ,0,0,0,0,0,0,0,0,0,"-3,000",0,0,0,"6,000","9,000","-3,000","-3,000"
"=""056664""",世芯國票45購08  ,0,0,0,0,0,0,0,0,0,"-3,000",0,0,0,0,"3,000","-3,000","-3,000"
"=""061658""",國企2X群益48購03,0,0,0,0,0,0,0,0,0,"-3,000",0,0,0,0,"3,000","-3,000","-3,000"
"=""057336""",佳能群益45購02  ,0,0,0,0,0,0,0,0,0,"-3,000",0,0,0,"10,000","13,000","-3,000","-3,000"
"=""057113""",台積電群益49購06,0,0,0,0,0,0,0,0,0,"-3,000",0,0,0,0,"3,000","-3,000","-3,000"
"=""057036""",美費半凱基49購01,0,0,0,0,0,0,0,0,0,"-3,000",0,0,0,"20,000","23,000","-3,000","-3,000"
"=""061487""",緯穎元大49購04  ,0,0,0,0,0,0,0,0,0,"-3,000",0,0,0,0,"3,000","-3,000","-3,000"
"=""061527""",偉詮電中信46購01,0,0,0,0,0,0,0,0,0,"-3,000",0,0,0,"68,000","71,000","-3,000","-3,000"
8462,柏文            ,"3,000","5,000","-2,000",0,0,0,0,0,0,"-1,000",0,"1,000","-1,000",0,0,0,"-3,000"
8438,昶昕            ,0,"3,000","-3,000",0,0,0,0,0,0,0,0,0,0,0,0,0,"-3,000"
"=""063667""",臻鼎元大46購14  ,0,0,0,0,0,0,0,0,0,"-3,000",0,0,0,0,"3,000","-3,000","-3,000"
"=""051303""",材料群益43購10  ,0,0,0,0,0,0,0,0,0,"-3,000",0,0,0,0,"3,000","-3,000","-3,000"
"=""056446""",崇越統一4A購02  ,0,0,0,0,0,0,0,0,0,"-3,000",0,0,0,"3,000","6,000","-3,000","-3,000"
"=""052241""",聯電國泰46購01  ,0,0,0,0,0,0,0,0,0,"-3,000",0,0,0,0,"3,000","-3,000","-3,000"
"=""052831""",皇昌元大44購04  ,0,0,0,0,0,0,0,0,0,"-3,000",0,0,0,"7,000","10,000","-3,000","-3,000"
"=""052415""",陽明元大43購23  ,0,0,0,0,0,0,0,0,0,"-3,000",0,0,0,0,"3,000","-3,000","-3,000"
"=""052945""",滬深2X群益46購03,0,0,0,0,0,0,0,0,0,"-3,000",0,0,0,0,"3,000","-3,000","-3,000"
"=""052954""",橋椿群益46購01  ,0,0,0,0,0,0,0,0,0,"-3,000",0,0,0,"6,000","9,000","-3,000","-3,000"
"=""053086""",晶心科中信44購01,0,0,0,0,0,0,0,0,0,"-3,000",0,0,0,0,"3,000","-3,000","-3,000"
"=""059306""",中砂群益45購11  ,0,0,0,0,0,0,0,0,0,"-3,000",0,0,0,"2,000","5,000","-3,000","-3,000"
"=""064224""",致新永豐48購01  ,0,0,0,0,0,0,0,0,0,"-3,000",0,0,0,"37,000","40,000","-3,000","-3,000"
"=""059228""",宇隆國票46購01  ,0,0,0,0,0,0,0,0,0,"-3,000",0,0,0,0,"3,000","-3,000","-3,000"
"=""063905""",采鈺元大46購03  ,0,0,0,0,0,0,0,0,0,"-3,000",0,0,0,0,"3,000","-3,000","-3,000"
"=""059029""",T50正2永豐45購02,0,0,0,0,0,0,0,0,0,"-3,000",0,0,0,0,"3,000","-3,000","-3,000"
"=""051804""",矽統凱基43購10  ,0,0,0,0,0,0,0,0,0,"-3,000",0,0,0,0,"3,000","-3,000","-3,000"
"=""051798""",T50正2凱基45購05,0,0,0,0,0,0,0,0,0,"-3,000",0,0,0,0,"3,000","-3,000","-3,000"
"=""051773""",世芯國泰45購06  ,0,0,0,0,0,0,0,0,0,"-3,000",0,0,0,"55,000","58,000","-3,000","-3,000"
"=""063759""",元債2X元富5C購03,0,0,0,0,0,0,0,0,0,"-3,000",0,0,0,0,"3,000","-3,000","-3,000"
"=""051924""",萬海群益43購06  ,0,0,0,0,0,0,0,0,0,"-3,000",0,0,0,0,"3,000","-3,000","-3,000"
"=""051866""",東陽富邦45購01  ,0,0,0,0,0,0,0,0,0,"-3,000",0,0,0,0,"3,000","-3,000","-3,000"
"=""059350""",海悅元大45購03  ,0,0,0,0,0,0,0,0,0,"-3,000",0,0,0,0,"3,000","-3,000","-3,000"
"=""053904""",威盛元大44購10  ,0,0,0,0,0,0,0,0,0,"-3,000",0,0,0,0,"3,000","-3,000","-3,000"
"=""054226""",聯詠凱基44購01  ,0,0,0,0,0,0,0,0,0,"-3,000",0,0,0,0,"3,000","-3,000","-3,000"
"=""063402""",陽明群益46購11  ,0,0,0,0,0,0,0,0,0,"-3,000",0,0,0,"7,000","10,000","-3,000","-3,000"
"=""050310""",緯創凱基3A購01  ,0,0,0,0,0,0,0,0,0,"-3,000",0,0,0,"50,000","53,000","-3,000","-3,000"
"=""063327""",世芯國票47購13  ,0,0,0,0,0,0,0,0,0,"-3,000",0,0,0,0,"3,000","-3,000","-3,000"
"=""063010""",聯發科群益4C購02,0,0,0,0,0,0,0,0,0,"-3,000",0,0,0,"17,000","20,000","-3,000","-3,000"
"=""063059""",達發國泰48購02  ,0,0,0,0,0,0,0,0,0,"-3,000",0,0,0,0,"3,000","-3,000","-3,000"
"=""048591""",鴻準元富48購02  ,0,0,0,0,0,0,0,0,0,"-3,000",0,0,0,0,"3,000","-3,000","-3,000"
1530,亞崴            ,"5,000","8,000","-3,000",0,0,0,0,0,0,0,0,0,0,0,0,0,"-3,000"
1615,大山            ,"50,000","61,000","-11,000",0,0,0,0,0,0,"8,000","14,000","6,000","8,000",0,0,0,"-3,000"
"=""055643""",台化群益45購01  ,0,0,0,0,0,0,0,0,0,"-3,000",0,0,0,0,"3,000","-3,000","-3,000"
2239,英利-KY         ,"11,000","14,000","-3,000",0,0,0,0,0,0,0,0,0,0,0,0,0,"-3,000"
"=""054670""",致茂元大48購01  ,0,0,0,0,0,0,0,0,0,"-3,000",0,0,0,0,"3,000","-3,000","-3,000"
"=""056013""",文曄統一4A購02  ,0,0,0,0,0,0,0,0,0,"-3,000",0,0,0,"10,000","13,000","-3,000","-3,000"
"=""050786""",致茂富邦43購01  ,0,0,0,0,0,0,0,0,0,"-3,000",0,0,0,0,"3,000","-3,000","-3,000"
"=""050970""",貿聯元富43購03  ,0,0,0,0,0,0,0,0,0,"-3,000",0,0,0,0,"3,000","-3,000","-3,000"
"=""051044""",聚陽元大43購01  ,0,0,0,0,0,0,0,0,0,"-3,000",0,0,0,"77,000","80,000","-3,000","-3,000"
2881B,富邦金乙特      ,0,0,0,0,0,0,0,0,0,"-3,000","4,000","7,000","-3,000",0,0,0,"-3,000"
2616,山隆            ,"5,000","8,000","-3,000",0,0,0,0,0,0,0,0,0,0,0,0,0,"-3,000"
2509,全坤建          ,"13,000","16,000","-3,000",0,0,0,0,0,0,0,"1,000","1,000",0,0,0,0,"-3,000"
"=""064892""",神達群益47購04  ,0,0,0,0,0,0,0,0,0,"-3,000",0,0,0,0,"3,000","-3,000","-3,000"
"=""064964""",國巨國泰48購01  ,0,0,0,0,0,0,0,0,0,"-3,000",0,0,0,"2,000","5,000","-3,000","-3,000"
"=""064917""",大立光凱基47購06,0,0,0,0,0,0,0,0,0,"-3,000",0,0,0,"4,000","7,000","-3,000","-3,000"
"=""064590""",裕民中信47購01  ,0,0,0,0,0,0,0,0,0,"-3,000",0,0,0,0,"3,000","-3,000","-3,000"
"=""043815""",世芯永豐59購01  ,0,0,0,0,0,0,0,0,0,"-3,000",0,0,0,"12,000","15,000","-3,000","-3,000"
"=""040327""",材料群益54購08  ,0,0,0,0,0,0,0,0,0,"-3,000",0,0,0,0,"3,000","-3,000","-3,000"
"=""064349""",臺股指凱基46購37,0,0,0,0,0,0,0,0,0,"-3,000",0,0,0,0,"3,000","-3,000","-3,000"
"=""064387""",萬海富邦47購02  ,0,0,0,0,0,0,0,0,0,"-3,000",0,0,0,0,"3,000","-3,000","-3,000"
"=""064389""",臻鼎富邦49購01  ,0,0,0,0,0,0,0,0,0,"-3,000",0,0,0,0,"3,000","-3,000","-3,000"
"=""064367""",興勤永豐49購01  ,0,0,0,0,0,0,0,0,0,"-3,000",0,0,0,"1,000","4,000","-3,000","-3,000"
8249,菱光            ,"4,000","7,000","-3,000",0,0,0,0,0,0,-4,0,4,-4,0,0,0,"-3,004"
1455,集盛            ,"85,000","183,000","-98,000",0,0,0,0,0,0,"94,643","96,000","1,357","94,643",0,0,0,"-3,357"
"=""054439""",智邦群益46購03  ,0,0,0,0,0,0,0,0,0,"-4,000",0,0,0,"2,000","6,000","-4,000","-4,000"
"=""08548U""",長榮元富38售01  ,0,0,0,0,0,0,0,0,0,"-4,000",0,0,0,0,"4,000","-4,000","-4,000"
"=""055426""",一詮永豐45購01  ,0,0,0,0,0,0,0,0,0,"-4,000",0,0,0,0,"4,000","-4,000","-4,000"
"=""055052""",台積電統一5A購01,0,0,0,0,0,0,0,0,0,"-4,000",0,0,0,0,"4,000","-4,000","-4,000"
"=""055062""",台積電群益4A購15,0,0,0,0,0,0,0,0,0,"-4,000",0,0,0,"16,000","20,000","-4,000","-4,000"
"=""08138U""",英業達群益32售05,0,0,0,0,0,0,0,0,0,"-4,000",0,0,0,"26,000","30,000","-4,000","-4,000"
"=""062838""",元金2X中信48購01,0,0,0,0,0,0,0,0,0,"-4,000",0,0,0,"26,000","30,000","-4,000","-4,000"
"=""058098""",技嘉元大45購17  ,0,0,0,0,0,0,0,0,0,"-4,000",0,0,0,0,"4,000","-4,000","-4,000"
"=""057882""",香港2X國票45購04,0,0,0,0,0,0,0,0,0,"-4,000",0,0,0,0,"4,000","-4,000","-4,000"
"=""04596T""",高力元富35售02  ,0,0,0,0,0,0,0,0,0,"-4,000",0,0,0,"77,000","81,000","-4,000","-4,000"
"=""056785""",矽統國票46購01  ,0,0,0,0,0,0,0,0,0,"-4,000",0,0,0,0,"4,000","-4,000","-4,000"
"=""057389""",神達統一4B購02  ,0,0,0,0,0,0,0,0,0,"-4,000",0,0,0,0,"4,000","-4,000","-4,000"
"=""069889""",精成科凱基48購02,0,0,0,0,0,0,0,0,0,"-4,000",0,0,0,0,"4,000","-4,000","-4,000"
"=""07177U""",貿聯群益59售01  ,0,0,0,0,0,0,0,0,0,"-4,000",0,0,0,"1,000","5,000","-4,000","-4,000"
"=""046409""",景碩群益43購03  ,0,0,0,0,0,0,0,0,0,"-4,000",0,0,0,"2,000","6,000","-4,000","-4,000"
"=""046487""",鴻海元大43購26  ,0,0,0,0,0,0,0,0,0,"-4,000",0,0,0,"1,000","5,000","-4,000","-4,000"
"=""062541""",神達國票47購03  ,0,0,0,0,0,0,0,0,0,"-4,000",0,0,0,"3,000","7,000","-4,000","-4,000"
"=""057128""",大立光群益45購02,0,0,0,0,0,0,0,0,0,"-4,000",0,0,0,"105,000","109,000","-4,000","-4,000"
"=""057122""",鉅祥群益45購03  ,0,0,0,0,0,0,0,0,0,"-4,000",0,0,0,0,"4,000","-4,000","-4,000"
"=""069060""",富華新凱基48購01,0,0,0,0,0,0,0,0,0,"-4,000",0,0,0,"5,000","9,000","-4,000","-4,000"
"=""069719""",聯發科台新48購01,0,0,0,0,0,0,0,0,0,"-4,000",0,0,0,0,"4,000","-4,000","-4,000"
"=""069729""",元債2X富邦52購01,0,0,0,0,0,0,0,0,0,"-4,000",0,0,0,0,"4,000","-4,000","-4,000"
"=""069571""",東陽統一51購01  ,0,0,0,0,0,0,0,0,0,"-4,000",0,0,0,0,"4,000","-4,000","-4,000"
"=""062008""",訊芯元富46購04  ,0,0,0,0,0,0,0,0,0,"-4,000",0,0,0,0,"4,000","-4,000","-4,000"
"=""061986""",達發凱基46購03  ,0,0,0,0,0,0,0,0,0,"-4,000",0,0,0,0,"4,000","-4,000","-4,000"
"=""069239""",力成元富52購01  ,0,0,0,0,0,0,0,0,0,"-4,000",0,0,0,0,"4,000","-4,000","-4,000"
"=""069208""",立積統一58購02  ,0,0,0,0,0,0,0,0,0,"-4,000",0,0,0,0,"4,000","-4,000","-4,000"
"=""061843""",燿華群益46購02  ,0,0,0,0,0,0,0,0,0,"-4,000",0,0,0,"2,000","6,000","-4,000","-4,000"
"=""069374""",智原永豐48購04  ,0,0,0,0,0,0,0,0,0,"-4,000",0,0,0,0,"4,000","-4,000","-4,000"
"=""068610""",台光電元大4C購01,0,0,0,0,0,0,0,0,0,"-4,000",0,0,0,0,"4,000","-4,000","-4,000"
"=""068415""",藍天元富48購01  ,0,0,0,0,0,0,0,0,0,"-4,000",0,0,0,"1,000","5,000","-4,000","-4,000"
"=""068416""",凱美元富48購01  ,0,0,0,0,0,0,0,0,0,"-4,000",0,0,0,0,"4,000","-4,000","-4,000"
"=""060687""",台積電永豐4C購05,0,"4,000","-4,000",0,0,0,0,0,0,0,0,0,0,0,0,0,"-4,000"
"=""060650""",國票金中信46購01,0,0,0,0,0,0,0,0,0,"-4,000",0,0,0,"10,000","14,000","-4,000","-4,000"
"=""060441""",仁寶群益46購02  ,0,0,0,0,0,0,0,0,0,"-4,000",0,0,0,"6,000","10,000","-4,000","-4,000"
"=""060936""",長榮凱基4B購05  ,0,0,0,0,0,0,0,0,0,"-4,000",0,0,0,0,"4,000","-4,000","-4,000"
"=""061205""",臺股指凱基3A購05,0,0,0,0,0,0,0,0,0,"-4,000",0,0,0,0,"4,000","-4,000","-4,000"
"=""061326""",台化凱基47購01  ,0,0,0,0,0,0,0,0,0,"-4,000",0,0,0,0,"4,000","-4,000","-4,000"
"=""059674""",金像電凱基45購02,0,0,0,0,0,0,0,0,0,"-4,000",0,0,0,0,"4,000","-4,000","-4,000"
"=""058713""",東哥國票45購02  ,0,0,0,0,0,0,0,0,0,"-4,000",0,0,0,"30,000","34,000","-4,000","-4,000"
"=""059787""",材料國泰47購02  ,0,0,0,0,0,0,0,0,0,"-4,000",0,0,0,"18,000","22,000","-4,000","-4,000"
"=""059843""",聯茂凱基45購02  ,0,0,0,0,0,0,0,0,0,"-4,000",0,0,0,0,"4,000","-4,000","-4,000"
"=""060056""",可成凱基48購01  ,0,0,0,0,0,0,0,0,0,"-4,000",0,0,0,0,"4,000","-4,000","-4,000"
"=""060025""",A50正2元富4C購01,0,0,0,0,0,0,0,0,0,"-4,000",0,0,0,0,"4,000","-4,000","-4,000"
"=""058312""",天虹元大45購06  ,0,0,0,0,0,0,0,0,0,"-4,000",0,0,0,0,"4,000","-4,000","-4,000"
"=""068276""",南亞科凱基4A購01,0,0,0,0,0,0,0,0,0,"-4,000",0,0,0,0,"4,000","-4,000","-4,000"
"=""068175""",滬深2X永豐48購05,0,0,0,0,0,0,0,0,0,"-4,000",0,0,0,"10,000","14,000","-4,000","-4,000"
"=""060235""",臻鼎凱基46購03  ,0,0,0,0,0,0,0,0,0,"-4,000",0,0,0,"76,000","80,000","-4,000","-4,000"
"=""057605""",光寶科凱基45購01,0,0,0,0,0,0,0,0,0,"-4,000",0,0,0,"5,000","9,000","-4,000","-4,000"
"=""060130""",元日2X群益3A購01,0,0,0,0,0,0,0,0,0,"-4,000",0,0,0,0,"4,000","-4,000","-4,000"
"=""068021""",中興電元大4B購01,0,0,0,0,0,0,0,0,0,"-4,000",0,0,0,"73,000","77,000","-4,000","-4,000"
"=""067747""",大立光富邦49購02,0,0,0,0,0,0,0,0,0,"-4,000",0,0,0,0,"4,000","-4,000","-4,000"
"=""051857""",聯詠元大43購04  ,0,0,0,0,0,0,0,0,0,"-4,000",0,0,0,"16,000","20,000","-4,000","-4,000"
"=""03092T""",緯穎國票33售07  ,0,0,0,0,0,0,0,0,0,"-4,000",0,0,0,0,"4,000","-4,000","-4,000"
"=""067029""",永道統一51購02  ,0,0,0,0,0,0,0,0,0,"-4,000",0,0,0,0,"4,000","-4,000","-4,000"
"=""03326T""",聯發科群益33售06,0,0,0,0,0,0,0,0,0,"-4,000",0,0,0,"30,000","34,000","-4,000","-4,000"
"=""03400T""",萬海群益33售02  ,0,0,0,0,0,0,0,0,0,"-4,000",0,0,0,"12,000","16,000","-4,000","-4,000"
"=""067067""",全新群益47購04  ,0,0,0,0,0,0,0,0,0,"-4,000",0,0,0,0,"4,000","-4,000","-4,000"
"=""067144""",智邦元大4A購03  ,0,0,0,0,0,0,0,0,0,"-4,000",0,0,0,"1,000","5,000","-4,000","-4,000"
"=""043174""",乙盛凱基55購02  ,0,0,0,0,0,0,0,0,0,"-4,000",0,0,0,0,"4,000","-4,000","-4,000"
"=""065109""",台泥中信47購01  ,0,0,0,0,0,0,0,0,0,"-4,000",0,0,0,"1,000","5,000","-4,000","-4,000"
"=""065100""",威盛統一43購02  ,0,0,0,0,0,0,0,0,0,"-4,000",0,0,0,0,"4,000","-4,000","-4,000"
"=""065300""",國巨統一51購02  ,0,0,0,0,0,0,0,0,0,"-4,000",0,0,0,0,"4,000","-4,000","-4,000"
"=""03902C""",臺股指元大36牛01,0,0,0,0,0,0,0,0,0,"-4,000",0,0,0,0,"4,000","-4,000","-4,000"
"=""065369""",川湖統一3B購03  ,0,0,0,0,0,0,0,0,0,"-4,000",0,0,0,"15,000","19,000","-4,000","-4,000"
"=""065470""",長榮國票4A購01  ,0,0,0,0,0,0,0,0,0,"-4,000",0,0,0,0,"4,000","-4,000","-4,000"
"=""065590""",圓剛國票47購01  ,0,0,0,0,0,0,0,0,0,"-4,000",0,0,0,"6,000","10,000","-4,000","-4,000"
"=""065632""",美食群益48購01  ,0,0,0,0,0,0,0,0,0,"-4,000",0,0,0,0,"4,000","-4,000","-4,000"
"=""035478""",廣宇中信54購01  ,0,0,0,0,0,0,0,0,0,"-4,000",0,0,0,0,"4,000","-4,000","-4,000"
"=""03159T""",奇鋐元大34售05  ,0,0,0,0,0,0,0,0,0,"-4,000",0,0,0,0,"4,000","-4,000","-4,000"
"=""035262""",南亞科國票54購01,0,0,0,0,0,0,0,0,0,"-4,000",0,0,0,"1,000","5,000","-4,000","-4,000"
"=""066759""",微星元大47購02  ,0,0,0,0,0,0,0,0,0,"-4,000",0,0,0,0,"4,000","-4,000","-4,000"
"=""066573""",創意統一41購01  ,0,0,0,0,0,0,0,0,0,"-4,000",0,0,0,0,"4,000","-4,000","-4,000"
"=""066368""",臻鼎元富51購01  ,0,0,0,0,0,0,0,0,0,"-4,000",0,0,0,0,"4,000","-4,000","-4,000"
"=""038048""",台光電永豐55購03,0,0,0,0,0,0,0,0,0,"-4,000",0,0,0,0,"4,000","-4,000","-4,000"
"=""066065""",聯德元富47購02  ,0,0,0,0,0,0,0,0,0,"-4,000",0,0,0,0,"4,000","-4,000","-4,000"
"=""066072""",和椿元富47購04  ,0,0,0,0,0,0,0,0,0,"-4,000",0,0,0,"6,000","10,000","-4,000","-4,000"
"=""065780""",微星統一3B購01  ,0,0,0,0,0,0,0,0,0,"-4,000",0,0,0,0,"4,000","-4,000","-4,000"
"=""065781""",台積電富邦4B購01,0,0,0,0,0,0,0,0,0,"-4,000",0,0,0,"91,000","95,000","-4,000","-4,000"
"=""065742""",威盛統一41購02  ,0,0,0,0,0,0,0,0,0,"-4,000",0,0,0,"1,000","5,000","-4,000","-4,000"
"=""051614""",A50正2元富49購01,0,0,0,0,0,0,0,0,0,"-4,000",0,0,0,"2,000","6,000","-4,000","-4,000"
6449,鈺邦            ,"27,000","33,000","-6,000",0,0,0,0,0,0,"2,000",0,0,0,"2,000",0,"2,000","-4,000"
6226,光鼎            ,0,0,0,0,0,0,0,0,0,"-4,000",0,"4,000","-4,000",0,0,0,"-4,000"
"=""052747""",世芯統一47購04  ,0,0,0,0,0,0,0,0,0,"-4,000",0,0,0,0,"4,000","-4,000","-4,000"
"=""052343""",臺股指中信46購04,0,0,0,0,0,0,0,0,0,"-4,000",0,0,0,"61,000","65,000","-4,000","-4,000"
"=""051348""",華紙凱基44購01  ,0,0,0,0,0,0,0,0,0,"-4,000",0,0,0,"5,000","9,000","-4,000","-4,000"
"=""051069""",電子類元大43購03,0,0,0,0,0,0,0,0,0,"-4,000",0,0,0,0,"4,000","-4,000","-4,000"
"=""053995""",緯創統一4A購01  ,0,0,0,0,0,0,0,0,0,"-4,000",0,0,0,0,"4,000","-4,000","-4,000"
9905,大華            ,"9,000","13,000","-4,000",0,0,0,0,0,0,0,0,0,0,0,0,0,"-4,000"
"=""051759""",材料元富46購01  ,0,0,0,0,0,0,0,0,0,"-4,000",0,0,0,0,"4,000","-4,000","-4,000"
"=""063920""",上証2X國票47購03,0,0,0,0,0,0,0,0,0,"-4,000",0,0,0,"178,000","182,000","-4,000","-4,000"
"=""059246""",台積電凱基45購31,0,0,0,0,0,0,0,0,0,"-4,000",0,0,0,0,"4,000","-4,000","-4,000"
"=""064204""",穎崴國票47購02  ,0,0,0,0,0,0,0,0,0,"-4,000",0,0,0,0,"4,000","-4,000","-4,000"
"=""063993""",緯創元富46購06  ,0,0,0,0,0,0,0,0,0,"-4,000",0,0,0,"37,000","41,000","-4,000","-4,000"
"=""059172""",鴻海元大45購35  ,0,0,0,0,0,0,0,0,0,"-4,000",0,0,0,0,"4,000","-4,000","-4,000"
2514,龍邦            ,"15,000","20,000","-5,000",0,0,0,0,0,0,"1,000","1,000",0,"1,000",0,0,0,"-4,000"
"=""056187""",陽明國票44購05  ,0,0,0,0,0,0,0,0,0,"-4,000",0,0,0,0,"4,000","-4,000","-4,000"
"=""056257""",世芯元大46購08  ,0,0,0,0,0,0,0,0,0,"-4,000",0,0,0,"10,000","14,000","-4,000","-4,000"
"=""056206""",T50正2群益44購03,0,0,0,0,0,0,0,0,0,"-4,000",0,0,0,0,"4,000","-4,000","-4,000"
2613,中櫃            ,"25,000","35,000","-10,000",0,0,0,0,0,0,"6,000","9,000","3,000","6,000",0,0,0,"-4,000"
"=""056312""",世芯永豐47購02  ,0,0,0,0,0,0,0,0,0,"-4,000",0,0,0,0,"4,000","-4,000","-4,000"
"=""050711""",碩天凱基43購05  ,0,0,0,0,0,0,0,0,0,"-4,000",0,0,0,0,"4,000","-4,000","-4,000"
"=""050661""",華擎兆豐45購01  ,0,0,0,0,0,0,0,0,0,"-4,000",0,0,0,"6,000","10,000","-4,000","-4,000"
"=""050666""",鴻海國泰45購08  ,0,0,0,0,0,0,0,0,0,"-4,000",0,0,0,"95,000","99,000","-4,000","-4,000"
2432,倚天酷��-創     ,0,"3,000","-3,000",0,0,0,0,0,0,"-1,000",0,"2,000","-2,000","1,000",0,"1,000","-4,000"
"=""054708""",奇鋐凱基45購03  ,0,0,0,0,0,0,0,0,0,"-4,000",0,0,0,0,"4,000","-4,000","-4,000"
"=""048212""",亞翔凱基42購01  ,0,0,0,0,0,0,0,0,0,"-4,000",0,0,0,"6,000","10,000","-4,000","-4,000"
"=""048256""",潤泰新統一48購01,0,0,0,0,0,0,0,0,0,"-4,000",0,0,0,0,"4,000","-4,000","-4,000"
"=""04771T""",神基國票37售02  ,0,0,0,0,0,0,0,0,0,"-4,000",0,0,0,0,"4,000","-4,000","-4,000"
"=""049203""",台積電永豐45購11,0,0,0,0,0,0,0,0,0,"-4,000",0,0,0,0,"4,000","-4,000","-4,000"
"=""049112""",聯詠富邦43購02  ,0,0,0,0,0,0,0,0,0,"-4,000",0,0,0,0,"4,000","-4,000","-4,000"
"=""063117""",東陽凱基46購04  ,0,0,0,0,0,0,0,0,0,"-4,000",0,0,0,"120,000","124,000","-4,000","-4,000"
"=""049780""",長華凱基43購03  ,0,0,0,0,0,0,0,0,0,"-4,000",0,0,0,0,"4,000","-4,000","-4,000"
"=""049568""",台光電中信43購01,0,0,0,0,0,0,0,0,0,"-4,000",0,0,0,0,"4,000","-4,000","-4,000"
"=""050293""",正文國票44購01  ,0,0,0,0,0,0,0,0,0,"-4,000",0,0,0,0,"4,000","-4,000","-4,000"
"=""063587""",國巨凱基46購03  ,0,0,0,0,0,0,0,0,0,"-4,000",0,0,0,"14,000","18,000","-4,000","-4,000"
"=""050321""",材料中信43購02  ,0,0,0,0,0,0,0,0,0,"-4,000",0,0,0,0,"4,000","-4,000","-4,000"
"=""063483""",仁寶富邦47購02  ,0,0,0,0,0,0,0,0,0,"-4,000",0,0,0,0,"4,000","-4,000","-4,000"
"=""063461""",凱基金元大49購01,0,0,0,0,0,0,0,0,0,"-4,000",0,0,0,0,"4,000","-4,000","-4,000"
"=""065062""",中磊元大47購03  ,0,0,0,0,0,0,0,0,0,"-4,000",0,0,0,"30,000","34,000","-4,000","-4,000"
"=""065071""",威盛永豐3B購01  ,0,0,0,0,0,0,0,0,0,"-4,000",0,0,0,"10,000","14,000","-4,000","-4,000"
1906,寶隆            ,0,"2,000","-2,000",0,0,0,0,0,0,"-2,263","6,000","8,263","-2,263",0,0,0,"-4,263"
3130,一零四          ,"5,000","9,314","-4,314",0,0,0,0,0,0,0,0,0,0,0,0,0,"-4,314"
4583,台灣精銳        ,"7,000","6,000","1,000",0,0,0,0,0,0,"-6,000","1,000","7,000","-6,000",0,0,0,"-5,000"
"=""063710""",昆盈統一54購02  ,0,0,0,0,0,0,0,0,0,"-5,000",0,0,0,0,"5,000","-5,000","-5,000"
"=""052262""",滬深2X元富43購09,0,0,0,0,0,0,0,0,0,"-5,000",0,0,0,0,"5,000","-5,000","-5,000"
"=""052754""",中502X凱基46購01,0,0,0,0,0,0,0,0,0,"-5,000",0,0,0,0,"5,000","-5,000","-5,000"
"=""052630""",藍天國票45購01  ,0,0,0,0,0,0,0,0,0,"-5,000",0,0,0,0,"5,000","-5,000","-5,000"
"=""052382""",亞光群益43購08  ,0,0,0,0,0,0,0,0,0,"-5,000",0,0,0,0,"5,000","-5,000","-5,000"
"=""052455""",聚陽元富44購01  ,0,0,0,0,0,0,0,0,0,"-5,000",0,0,0,0,"5,000","-5,000","-5,000"
"=""052838""",農林元大44購01  ,0,0,0,0,0,0,0,0,0,"-5,000",0,0,0,0,"5,000","-5,000","-5,000"
"=""053031""",台積電元大44購36,0,0,0,0,0,0,0,0,0,"-5,000",0,0,0,"56,000","61,000","-5,000","-5,000"
"=""059177""",南亞科元大45購01,0,0,0,0,0,0,0,0,0,"-5,000",0,0,0,0,"5,000","-5,000","-5,000"
"=""063991""",聯發科元富49購01,0,0,0,0,0,0,0,0,0,"-5,000",0,0,0,0,"5,000","-5,000","-5,000"
"=""064005""",世芯台新46購05  ,0,0,0,0,0,0,0,0,0,"-5,000",0,0,0,"14,000","19,000","-5,000","-5,000"
"=""063972""",華新科富邦48購01,0,0,0,0,0,0,0,0,0,"-5,000",0,0,0,0,"5,000","-5,000","-5,000"
"=""064233""",元債2X群益4C購05,0,0,0,0,0,0,0,0,0,"-5,000",0,0,0,"5,000","10,000","-5,000","-5,000"
"=""059311""",智邦群益45購05  ,0,0,0,0,0,0,0,0,0,"-5,000",0,0,0,0,"5,000","-5,000","-5,000"
"=""063924""",美債2X國票47購02,0,0,0,0,0,0,0,0,0,"-5,000",0,0,0,0,"5,000","-5,000","-5,000"
"=""063907""",采鈺元大46購05  ,0,0,0,0,0,0,0,0,0,"-5,000",0,0,0,0,"5,000","-5,000","-5,000"
"=""058981""",威盛國票46購04  ,0,0,0,0,0,0,0,0,0,"-5,000",0,0,0,0,"5,000","-5,000","-5,000"
"=""063944""",精銳國票47購05  ,0,0,0,0,0,0,0,0,0,"-5,000",0,0,0,0,"5,000","-5,000","-5,000"
"=""059082""",正崴元富45購04  ,0,0,0,0,0,0,0,0,0,"-5,000",0,0,0,"10,000","15,000","-5,000","-5,000"
"=""063771""",仲琦元富49購01  ,0,0,0,0,0,0,0,0,0,"-5,000",0,0,0,0,"5,000","-5,000","-5,000"
"=""063776""",鈞興元富46購01  ,0,0,0,0,0,0,0,0,0,"-5,000",0,0,0,0,"5,000","-5,000","-5,000"
"=""063805""",金像電凱基46購07,0,0,0,0,0,0,0,0,0,"-5,000",0,0,0,"1,000","6,000","-5,000","-5,000"
"=""063831""",大成鋼群益46購04,0,0,0,0,0,0,0,0,0,"-5,000",0,0,0,0,"5,000","-5,000","-5,000"
"=""051833""",富鼎群益44購01  ,0,0,0,0,0,0,0,0,0,"-5,000",0,0,0,"449,000","454,000","-5,000","-5,000"
"=""044430""",鴻海元大55購24  ,0,0,0,0,0,0,0,0,0,"-5,000",0,0,0,0,"5,000","-5,000","-5,000"
"=""059356""",正崴元大45購05  ,0,0,0,0,0,0,0,0,0,"-5,000",0,0,0,0,"5,000","-5,000","-5,000"
"=""059374""",祥碩元大4B購02  ,0,"5,000","-5,000",0,0,0,0,0,0,0,0,0,0,0,0,0,"-5,000"
"=""064276""",台積電元大46購39,0,0,0,0,0,0,0,0,0,"-5,000",0,0,0,"5,000","10,000","-5,000","-5,000"
"=""064277""",台積電元大46購40,0,0,0,0,0,0,0,0,0,"-5,000",0,0,0,0,"5,000","-5,000","-5,000"
"=""051859""",景碩元大47購03  ,0,0,0,0,0,0,0,0,0,"-5,000",0,0,0,0,"5,000","-5,000","-5,000"
"=""053868""",聯發科群益4A購02,0,0,0,0,0,0,0,0,0,"-5,000",0,0,0,0,"5,000","-5,000","-5,000"
"=""054099""",臺股指法興44購01,0,0,0,0,0,0,0,0,0,"-5,000",0,0,0,"1,000","6,000","-5,000","-5,000"
"=""054179""",巨大國票45購01  ,0,0,0,0,0,0,0,0,0,"-5,000",0,0,0,0,"5,000","-5,000","-5,000"
"=""055679""",虹堡群益48購01  ,0,0,0,0,0,0,0,0,0,"-5,000",0,0,0,0,"5,000","-5,000","-5,000"
"=""055704""",百和富邦44購01  ,0,0,0,0,0,0,0,0,0,"-5,000",0,0,0,0,"5,000","-5,000","-5,000"
"=""055547""",訊芯統一4A購03  ,0,0,0,0,0,0,0,0,0,"-5,000",0,0,0,0,"5,000","-5,000","-5,000"
"=""055576""",訊芯元富44購03  ,0,0,0,0,0,0,0,0,0,"-5,000",0,0,0,0,"5,000","-5,000","-5,000"
"=""053451""",華通中信44購01  ,0,0,0,0,0,0,0,0,0,"-5,000",0,0,0,"6,000","11,000","-5,000","-5,000"
"=""054704""",長榮凱基44購07  ,0,0,0,0,0,0,0,0,0,"-5,000",0,0,0,0,"5,000","-5,000","-5,000"
"=""054746""",臺股指富邦51購01,0,0,0,0,0,0,0,0,0,"-5,000",0,0,0,"45,000","50,000","-5,000","-5,000"
"=""056056""",華通群益44購04  ,0,0,0,0,0,0,0,0,0,"-5,000",0,0,0,0,"5,000","-5,000","-5,000"
"=""056084""",鴻海元大44購39  ,0,"5,000","-5,000",0,0,0,0,0,0,0,0,0,0,0,0,0,"-5,000"
"=""050570""",大立光國票44購03,0,0,0,0,0,0,0,0,0,"-5,000",0,0,0,0,"5,000","-5,000","-5,000"
"=""050880""",萬海元大43購13  ,0,0,0,0,0,0,0,0,0,"-5,000",0,0,0,0,"5,000","-5,000","-5,000"
"=""056399""",天虹元大45購02  ,0,0,0,0,0,0,0,0,0,"-5,000",0,0,0,0,"5,000","-5,000","-5,000"
3021,鴻名            ,"5,000","13,000","-8,000",0,0,0,0,0,0,"3,000","3,000",0,"3,000",0,0,0,"-5,000"
"=""056287""",拓凱國票46購01  ,0,0,0,0,0,0,0,0,0,"-5,000",0,0,0,"7,000","12,000","-5,000","-5,000"
"=""056164""",宏�硈肭�46購01  ,0,0,0,0,0,0,0,0,0,"-5,000",0,0,0,0,"5,000","-5,000","-5,000"
"=""063436""",金寶元大46購08  ,0,0,0,0,0,0,0,0,0,"-5,000",0,0,0,"4,000","9,000","-5,000","-5,000"
"=""063397""",聯發科群益46購11,0,0,0,0,0,0,0,0,0,"-5,000",0,0,0,0,"5,000","-5,000","-5,000"
"=""063387""",亞力群益46購02  ,0,0,0,0,0,0,0,0,0,"-5,000",0,0,0,0,"5,000","-5,000","-5,000"
"=""063467""",鈞興元大46購01  ,0,0,0,0,0,0,0,0,0,"-5,000",0,0,0,0,"5,000","-5,000","-5,000"
"=""063566""",致茂永豐46購01  ,0,0,0,0,0,0,0,0,0,"-5,000",0,0,0,"55,000","60,000","-5,000","-5,000"
"=""050248""",SGBR2X凱基49購01,0,0,0,0,0,0,0,0,0,"-5,000",0,0,0,0,"5,000","-5,000","-5,000"
"=""050272""",T50反1元富46購01,0,0,0,0,0,0,0,0,0,"-5,000",0,0,0,0,"5,000","-5,000","-5,000"
"=""049610""",景碩兆豐45購01  ,0,0,0,0,0,0,0,0,0,"-5,000",0,0,0,0,"5,000","-5,000","-5,000"
"=""049689""",惠特元大43購02  ,0,0,0,0,0,0,0,0,0,"-5,000",0,0,0,0,"5,000","-5,000","-5,000"
"=""049681""",富邦金元大45購01,0,0,0,0,0,0,0,0,0,"-5,000",0,0,0,"5,000","10,000","-5,000","-5,000"
"=""049502""",晟銘電凱基47購01,0,0,0,0,0,0,0,0,0,"-5,000",0,0,0,0,"5,000","-5,000","-5,000"
"=""063143""",愛普凱基46購04  ,0,0,0,0,0,0,0,0,0,"-5,000",0,0,0,0,"5,000","-5,000","-5,000"
"=""049795""",陽明元大43購07  ,0,0,0,0,0,0,0,0,0,"-5,000",0,0,0,0,"5,000","-5,000","-5,000"
"=""063084""",南亞科國票47購03,0,0,0,0,0,0,0,0,0,"-5,000",0,0,0,0,"5,000","-5,000","-5,000"
"=""063052""",瑞昱國泰48購03  ,0,0,0,0,0,0,0,0,0,"-5,000",0,0,0,"4,000","9,000","-5,000","-5,000"
"=""04899T""",中興電凱基36售08,0,0,0,0,0,0,0,0,0,"-5,000",0,0,0,0,"5,000","-5,000","-5,000"
"=""047765""",矽統元富48購01  ,0,0,0,0,0,0,0,0,0,"-5,000",0,0,0,0,"5,000","-5,000","-5,000"
"=""047841""",緯穎群益44購03  ,0,0,0,0,0,0,0,0,0,"-5,000",0,0,0,"2,000","7,000","-5,000","-5,000"
"=""048227""",新日興元富52購01,0,0,0,0,0,0,0,0,0,"-5,000",0,0,0,0,"5,000","-5,000","-5,000"
"=""048209""",TPK凱基44購01   ,0,0,0,0,0,0,0,0,0,"-5,000",0,0,0,0,"5,000","-5,000","-5,000"
"=""04818T""",臺股指元大3A售07,0,0,0,0,0,0,0,0,0,"-5,000",0,0,0,"46,000","51,000","-5,000","-5,000"
"=""048566""",大立光元大44購07,0,0,0,0,0,0,0,0,0,"-5,000",0,0,0,"30,000","35,000","-5,000","-5,000"
"=""04850T""",華新科凱基36售03,0,0,0,0,0,0,0,0,0,"-5,000",0,0,0,"1,000","6,000","-5,000","-5,000"
"=""04066T""",材料群益34售24  ,0,0,0,0,0,0,0,0,0,"-5,000",0,0,0,0,"5,000","-5,000","-5,000"
"=""04073T""",祥碩群益34售05  ,0,0,0,0,0,0,0,0,0,"-5,000",0,0,0,0,"5,000","-5,000","-5,000"
"=""04090T""",同欣電凱基37售02,0,0,0,0,0,0,0,0,0,"-5,000",0,0,0,0,"5,000","-5,000","-5,000"
"=""064418""",全新凱基46購07  ,0,0,0,0,0,0,0,0,0,"-5,000",0,0,0,0,"5,000","-5,000","-5,000"
"=""04038T""",創意國票35售06  ,0,0,0,0,0,0,0,0,0,"-5,000",0,0,0,0,"5,000","-5,000","-5,000"
"=""043872""",萬海凱基58購01  ,0,0,0,0,0,0,0,0,0,"-5,000",0,0,0,0,"5,000","-5,000","-5,000"
"=""043883""",AES凱基56購03   ,0,0,0,0,0,0,0,0,0,"-5,000",0,0,0,0,"5,000","-5,000","-5,000"
"=""064520""",玉晶光群益46購06,0,0,0,0,0,0,0,0,0,"-5,000",0,0,0,0,"5,000","-5,000","-5,000"
"=""064755""",美時國票48購02  ,0,0,0,0,0,0,0,0,0,"-5,000",0,0,0,"15,000","20,000","-5,000","-5,000"
"=""064967""",華航國泰48購01  ,0,0,0,0,0,0,0,0,0,"-5,000",0,0,0,0,"5,000","-5,000","-5,000"
"=""064950""",皇翔永豐48購01  ,0,0,0,0,0,0,0,0,0,"-5,000",0,0,0,0,"5,000","-5,000","-5,000"
"=""065006""",亞航國票47購01  ,0,0,0,0,0,0,0,0,0,"-5,000",0,0,0,0,"5,000","-5,000","-5,000"
"=""064863""",鴻海群益47購11  ,0,0,0,0,0,0,0,0,0,"-5,000",0,0,0,0,"5,000","-5,000","-5,000"
"=""00770""",國泰北美科技    ,"1,000",0,"1,000",0,0,0,0,0,0,"-6,000",0,0,0,"6,000","12,000","-6,000","-5,000"
"=""066074""",汎銓元富47購01  ,0,0,0,0,0,0,0,0,0,"-5,000",0,0,0,0,"5,000","-5,000","-5,000"
"=""066092""",亞德客凱基47購01,0,0,0,0,0,0,0,0,0,"-5,000",0,0,0,0,"5,000","-5,000","-5,000"
"=""066061""",健策元富47購02  ,0,0,0,0,0,0,0,0,0,"-5,000",0,0,0,0,"5,000","-5,000","-5,000"
"=""043467""",元日2X國票57購02,0,0,0,0,0,0,0,0,0,"-5,000",0,0,0,"5,000","10,000","-5,000","-5,000"
"=""043468""",華榮國票56購02  ,0,0,0,0,0,0,0,0,0,"-5,000",0,0,0,"35,000","40,000","-5,000","-5,000"
"=""043439""",矽力元富55購02  ,0,0,0,0,0,0,0,0,0,"-5,000",0,0,0,"35,000","40,000","-5,000","-5,000"
"=""041348""",力成國票55購01  ,0,0,0,0,0,0,0,0,0,"-5,000",0,0,0,0,"5,000","-5,000","-5,000"
"=""04167T""",文曄國票35售03  ,0,0,0,0,0,0,0,0,0,"-5,000",0,0,0,0,"5,000","-5,000","-5,000"
"=""041442""",日電貿中信54購01,0,0,0,0,0,0,0,0,0,"-5,000",0,0,0,0,"5,000","-5,000","-5,000"
"=""041460""",富世達永豐55購02,0,0,0,0,0,0,0,0,0,"-5,000",0,0,0,0,"5,000","-5,000","-5,000"
"=""03017T""",美債2X元大34售02,0,0,0,0,0,0,0,0,0,"-5,000",0,0,0,"6,000","11,000","-5,000","-5,000"
"=""043396""",T50反1中信5B購03,0,0,0,0,0,0,0,0,0,"-5,000",0,0,0,0,"5,000","-5,000","-5,000"
"=""066213""",台光電群益51購01,0,0,0,0,0,0,0,0,0,"-5,000",0,0,0,"114,000","119,000","-5,000","-5,000"
"=""066506""",偉詮電群益47購02,0,0,0,0,0,0,0,0,0,"-5,000",0,0,0,"2,000","7,000","-5,000","-5,000"
"=""066628""",緯穎富邦49購05  ,0,0,0,0,0,0,0,0,0,"-5,000",0,0,0,"64,000","69,000","-5,000","-5,000"
"=""066760""",微星元大47購03  ,0,0,0,0,0,0,0,0,0,"-5,000",0,0,0,"27,000","32,000","-5,000","-5,000"
"=""03454T""",聯發科凱基33售09,0,0,0,0,0,0,0,0,0,"-5,000",0,0,0,0,"5,000","-5,000","-5,000"
"=""044902""",立隆電元富55購03,0,0,0,0,0,0,0,0,0,"-5,000",0,0,0,0,"5,000","-5,000","-5,000"
"=""03160T""",奇鋐元大34售06  ,0,0,0,0,0,0,0,0,0,"-5,000",0,0,0,0,"5,000","-5,000","-5,000"
"=""044373""",勤誠元大55購04  ,0,0,0,0,0,0,0,0,0,"-5,000",0,0,0,"54,000","59,000","-5,000","-5,000"
"=""045682""",元債2X國票43購02,0,0,0,0,0,0,0,0,0,"-5,000",0,0,0,0,"5,000","-5,000","-5,000"
"=""045686""",華邦電國票43購01,0,0,0,0,0,0,0,0,0,"-5,000",0,0,0,0,"5,000","-5,000","-5,000"
"=""04547T""",飛宏第一35售01  ,0,0,0,0,0,0,0,0,0,"-5,000",0,0,0,0,"5,000","-5,000","-5,000"
"=""042173""",寶成凱基54購03  ,0,0,0,0,0,0,0,0,0,"-5,000",0,0,0,0,"5,000","-5,000","-5,000"
"=""038403""",鴻海永豐59購01  ,0,0,0,0,0,0,0,0,0,"-5,000",0,0,0,0,"5,000","-5,000","-5,000"
"=""03621B""",臺股指元大35熊40,0,0,0,0,0,0,0,0,0,"-5,000",0,0,0,0,"5,000","-5,000","-5,000"
"=""03623T""",晶心科元大34售04,0,0,0,0,0,0,0,0,0,"-5,000",0,0,0,0,"5,000","-5,000","-5,000"
"=""065530""",泓德統一51購01  ,0,0,0,0,0,0,0,0,0,"-5,000",0,0,0,0,"5,000","-5,000","-5,000"
"=""065671""",大立光凱基48購04,0,0,0,0,0,0,0,0,0,"-5,000",0,0,0,0,"5,000","-5,000","-5,000"
"=""065400""",世芯台新47購01  ,0,0,0,0,0,0,0,0,0,"-5,000",0,0,0,0,"5,000","-5,000","-5,000"
"=""065430""",長榮元大47購04  ,0,0,0,0,0,0,0,0,0,"-5,000",0,0,0,0,"5,000","-5,000","-5,000"
"=""065455""",臺股指元大4C購06,0,0,0,0,0,0,0,0,0,"-5,000",0,0,0,0,"5,000","-5,000","-5,000"
"=""039237""",星宇凱基54購01  ,0,0,0,0,0,0,0,0,0,"-5,000",0,0,0,0,"5,000","-5,000","-5,000"
"=""039116""",GIS元富54購02   ,0,0,0,0,0,0,0,0,0,"-5,000",0,0,0,0,"5,000","-5,000","-5,000"
"=""065208""",國喬中信47購01  ,0,0,0,0,0,0,0,0,0,"-5,000",0,0,0,"129,000","134,000","-5,000","-5,000"
"=""065191""",立隆電凱基47購02,0,0,0,0,0,0,0,0,0,"-5,000",0,0,0,0,"5,000","-5,000","-5,000"
"=""043117""",京鼎中信58購01  ,0,0,0,0,0,0,0,0,0,"-5,000",0,0,0,0,"5,000","-5,000","-5,000"
"=""067101""",所羅門元富47購01,0,0,0,0,0,0,0,0,0,"-5,000",0,0,0,"16,000","21,000","-5,000","-5,000"
"=""052074""",台光電永豐46購02,0,0,0,0,0,0,0,0,0,"-5,000",0,0,0,0,"5,000","-5,000","-5,000"
"=""052068""",滬深2X永豐44購05,0,0,0,0,0,0,0,0,0,"-5,000",0,0,0,0,"5,000","-5,000","-5,000"
"=""041926""",道瓊銀元富5A購01,0,0,0,0,0,0,0,0,0,"-5,000",0,0,0,0,"5,000","-5,000","-5,000"
"=""04192T""",威盛群益35售07  ,0,0,0,0,0,0,0,0,0,"-5,000",0,0,0,0,"5,000","-5,000","-5,000"
"=""053579""",臺股指元大44購34,0,0,0,0,0,0,0,0,0,"-5,000",0,0,0,0,"5,000","-5,000","-5,000"
"=""053522""",盟立群益46購01  ,0,"5,000","-5,000",0,0,0,0,0,0,0,0,0,0,0,0,0,"-5,000"
"=""03271T""",技嘉元大34售13  ,0,0,0,0,0,0,0,0,0,"-5,000",0,0,0,0,"5,000","-5,000","-5,000"
"=""054934""",富邦金中信45購01,0,0,0,0,0,0,0,0,0,"-5,000",0,0,0,0,"5,000","-5,000","-5,000"
"=""054810""",台積電國票44購07,0,0,0,0,0,0,0,0,0,"-5,000",0,0,0,0,"5,000","-5,000","-5,000"
"=""067607""",玉晶光元富47購02,0,0,0,0,0,0,0,0,0,"-5,000",0,0,0,0,"5,000","-5,000","-5,000"
"=""058416""",奇鋐富邦47購03  ,0,0,0,0,0,0,0,0,0,"-5,000",0,0,0,"2,000","7,000","-5,000","-5,000"
"=""059478""",金像電國票46購02,0,0,0,0,0,0,0,0,0,"-5,000",0,0,0,0,"5,000","-5,000","-5,000"
"=""059475""",楠梓電國票46購04,0,0,0,0,0,0,0,0,0,"-5,000",0,0,0,"3,000","8,000","-5,000","-5,000"
"=""058549""",緯創元大45購29  ,0,0,0,0,0,0,0,0,0,"-5,000",0,0,0,"11,000","16,000","-5,000","-5,000"
"=""067511""",長榮元大47購11  ,0,0,0,0,0,0,0,0,0,"-5,000",0,0,0,"5,000","10,000","-5,000","-5,000"
"=""067508""",威盛元大49購07  ,0,0,0,0,0,0,0,0,0,"-5,000",0,0,0,0,"5,000","-5,000","-5,000"
"=""067304""",啟�硌s益47購05  ,0,0,0,0,0,0,0,0,0,"-5,000",0,0,0,0,"5,000","-5,000","-5,000"
"=""067187""",元債2X富邦4B購03,0,0,0,0,0,0,0,0,0,"-5,000",0,0,0,0,"5,000","-5,000","-5,000"
"=""067767""",神基統一4B購02  ,0,0,0,0,0,0,0,0,0,"-5,000",0,0,0,0,"5,000","-5,000","-5,000"
"=""068019""",中興電元大47購03,0,0,0,0,0,0,0,0,0,"-5,000",0,0,0,"20,000","25,000","-5,000","-5,000"
"=""068060""",道瓊銅凱基4B購01,0,0,0,0,0,0,0,0,0,"-5,000",0,0,0,0,"5,000","-5,000","-5,000"
"=""067996""",台塑群益48購06  ,0,0,0,0,0,0,0,0,0,"-5,000",0,0,0,0,"5,000","-5,000","-5,000"
"=""068334""",台灣50永豐48購02,0,0,0,0,0,0,0,0,0,"-5,000",0,0,0,0,"5,000","-5,000","-5,000"
"=""068193""",科妍元富48購01  ,0,0,0,0,0,0,0,0,0,"-5,000",0,0,0,0,"5,000","-5,000","-5,000"
"=""068209""",滬深2X群益48購05,0,0,0,0,0,0,0,0,0,"-5,000",0,0,0,"10,000","15,000","-5,000","-5,000"
"=""059978""",一詮元大45購05  ,0,0,0,0,0,0,0,0,0,"-5,000",0,0,0,"5,000","10,000","-5,000","-5,000"
"=""058901""",萬海元大45購05  ,0,0,0,0,0,0,0,0,0,"-5,000",0,0,0,0,"5,000","-5,000","-5,000"
"=""058923""",華城群益4A購02  ,0,0,0,0,0,0,0,0,0,"-5,000",0,0,0,0,"5,000","-5,000","-5,000"
"=""059899""",聯發科群益45購10,0,0,0,0,0,0,0,0,0,"-5,000",0,0,0,0,"5,000","-5,000","-5,000"
"=""059704""",聯發科富邦49購02,0,0,0,0,0,0,0,0,0,"-5,000",0,0,0,0,"5,000","-5,000","-5,000"
"=""059759""",長榮航元大45購10,0,0,0,0,0,0,0,0,0,"-5,000",0,0,0,"6,000","11,000","-5,000","-5,000"
"=""059697""",台塑富邦48購01  ,0,0,0,0,0,0,0,0,0,"-5,000",0,0,0,0,"5,000","-5,000","-5,000"
"=""058709""",台耀國票46購02  ,0,0,0,0,0,0,0,0,0,"-5,000",0,0,0,0,"5,000","-5,000","-5,000"
"=""061306""",緯穎中信4A購01  ,0,0,0,0,0,0,0,0,0,"-5,000",0,0,0,0,"5,000","-5,000","-5,000"
"=""061380""",美時國泰48購01  ,0,0,0,0,0,0,0,0,0,"-5,000",0,0,0,0,"5,000","-5,000","-5,000"
"=""061384""",新日興國泰48購01,0,0,0,0,0,0,0,0,0,"-5,000",0,0,0,0,"5,000","-5,000","-5,000"
"=""061183""",可成群益4A購01  ,0,0,0,0,0,0,0,0,0,"-5,000",0,0,0,"5,000","10,000","-5,000","-5,000"
"=""060931""",技嘉凱基49購02  ,0,0,0,0,0,0,0,0,0,"-5,000",0,0,0,0,"5,000","-5,000","-5,000"
"=""060984""",華泰群益46購02  ,0,0,0,0,0,0,0,0,0,"-5,000",0,0,0,0,"5,000","-5,000","-5,000"
"=""068973""",大成鋼台新48購01,0,0,0,0,0,0,0,0,0,"-5,000",0,0,0,0,"5,000","-5,000","-5,000"
"=""068975""",華碩台新48購01  ,0,0,0,0,0,0,0,0,0,"-5,000",0,0,0,0,"5,000","-5,000","-5,000"
"=""068779""",精成科國泰49購01,0,0,0,0,0,0,0,0,0,"-5,000",0,0,0,0,"5,000","-5,000","-5,000"
"=""060445""",鴻準群益4C購02  ,0,0,0,0,0,0,0,0,0,"-5,000",0,0,0,"5,000","10,000","-5,000","-5,000"
"=""060433""",友達國泰48購01  ,0,0,0,0,0,0,0,0,0,"-5,000",0,0,0,0,"5,000","-5,000","-5,000"
"=""060333""",大成鋼元大46購01,0,0,0,0,0,0,0,0,0,"-5,000",0,0,0,0,"5,000","-5,000","-5,000"
"=""060566""",滬深2X元大47購08,0,0,0,0,0,0,0,0,0,"-5,000",0,0,0,0,"5,000","-5,000","-5,000"
"=""060556""",技嘉永豐3C購01  ,0,0,0,0,0,0,0,0,0,"-5,000",0,0,0,0,"5,000","-5,000","-5,000"
"=""060858""",奇鋐永豐48購01  ,0,0,0,0,0,0,0,0,0,"-5,000",0,0,0,0,"5,000","-5,000","-5,000"
"=""068558""",滬深2X國票4B購02,0,0,0,0,0,0,0,0,0,"-5,000",0,0,0,0,"5,000","-5,000","-5,000"
"=""068527""",泰金寶元大48購02,0,0,0,0,0,0,0,0,0,"-5,000",0,0,0,"16,000","21,000","-5,000","-5,000"
"=""068507""",萬海元大4A購02  ,0,0,0,0,0,0,0,0,0,"-5,000",0,0,0,"3,000","8,000","-5,000","-5,000"
"=""068530""",鈺齊第一48購01  ,0,0,0,0,0,0,0,0,0,"-5,000",0,0,0,0,"5,000","-5,000","-5,000"
"=""061826""",緯穎凱基4A購02  ,0,0,0,0,0,0,0,0,0,"-5,000",0,0,0,"45,000","50,000","-5,000","-5,000"
"=""061806""",京元電凱基47購05,0,0,0,0,0,0,0,0,0,"-5,000",0,0,0,"5,000","10,000","-5,000","-5,000"
"=""061880""",海悅元大46購02  ,0,0,0,0,0,0,0,0,0,"-5,000",0,0,0,"5,000","10,000","-5,000","-5,000"
"=""069418""",羅昇統一52購01  ,0,0,0,0,0,0,0,0,0,"-5,000",0,0,0,0,"5,000","-5,000","-5,000"
"=""069235""",智原元富48購01  ,0,0,0,0,0,0,0,0,0,"-5,000",0,0,0,0,"5,000","-5,000","-5,000"
"=""061768""",和碩元富46購01  ,0,0,0,0,0,0,0,0,0,"-5,000",0,0,0,"60,000","65,000","-5,000","-5,000"
"=""062001""",長榮元富47購02  ,0,0,0,0,0,0,0,0,0,"-5,000",0,0,0,0,"5,000","-5,000","-5,000"
"=""069650""",滬深2X元大4A購05,0,0,0,0,0,0,0,0,0,"-5,000",0,0,0,0,"5,000","-5,000","-5,000"
"=""062064""",矽力群益46購05  ,0,0,0,0,0,0,0,0,0,"-5,000",0,0,0,"2,000","7,000","-5,000","-5,000"
"=""069731""",長榮富邦4A購01  ,0,0,0,0,0,0,0,0,0,"-5,000",0,0,0,0,"5,000","-5,000","-5,000"
"=""069857""",啟�硌s益48購01  ,0,0,0,0,0,0,0,0,0,"-5,000",0,0,0,0,"5,000","-5,000","-5,000"
"=""069861""",百和群益48購01  ,0,0,0,0,0,0,0,0,0,"-5,000",0,0,0,0,"5,000","-5,000","-5,000"
"=""069065""",中磊凱基48購01  ,0,0,0,0,0,0,0,0,0,"-5,000",0,0,0,"10,000","15,000","-5,000","-5,000"
"=""061696""",祥碩群益4A購01  ,0,0,0,0,0,0,0,0,0,"-5,000",0,0,0,0,"5,000","-5,000","-5,000"
"=""056634""",中50元富45購01  ,0,0,0,0,0,0,0,0,0,"-5,000",0,0,0,0,"5,000","-5,000","-5,000"
"=""056636""",台光電元富45購03,0,0,0,0,0,0,0,0,0,"-5,000",0,0,0,0,"5,000","-5,000","-5,000"
"=""056524""",裕慶凱基45購01  ,0,0,0,0,0,0,0,0,0,"-5,000",0,0,0,0,"5,000","-5,000","-5,000"
"=""057383""",文曄統一4C購01  ,0,0,0,0,0,0,0,0,0,"-5,000",0,0,0,"10,000","15,000","-5,000","-5,000"
"=""057373""",欣興富邦48購02  ,0,0,0,0,0,0,0,0,0,"-5,000",0,0,0,"3,000","8,000","-5,000","-5,000"
"=""057299""",技嘉元大48購01  ,0,0,0,0,0,0,0,0,0,"-5,000",0,0,0,0,"5,000","-5,000","-5,000"
"=""061540""",致新中信48購01  ,0,0,0,0,0,0,0,0,0,"-5,000",0,0,0,0,"5,000","-5,000","-5,000"
"=""056907""",貿聯元大45購01  ,0,0,0,0,0,0,0,0,0,"-5,000",0,0,0,"17,000","22,000","-5,000","-5,000"
"=""062544""",乙盛國票47購01  ,0,0,0,0,0,0,0,0,0,"-5,000",0,0,0,"7,000","12,000","-5,000","-5,000"
"=""04655T""",材料元大35售12  ,0,0,0,0,0,0,0,0,0,"-5,000",0,0,0,0,"5,000","-5,000","-5,000"
"=""046646""",金像電群益44購02,0,0,0,0,0,0,0,0,0,"-5,000",0,0,0,0,"5,000","-5,000","-5,000"
"=""062666""",愛普凱基46購03  ,0,0,0,0,0,0,0,0,0,"-5,000",0,0,0,0,"5,000","-5,000","-5,000"
"=""062610""",萬海國泰48購03  ,0,0,0,0,0,0,0,0,0,"-5,000",0,0,0,"106,000","111,000","-5,000","-5,000"
"=""062731""",緯創元富46購03  ,0,0,0,0,0,0,0,0,0,"-5,000",0,0,0,0,"5,000","-5,000","-5,000"
"=""04650T""",滬深2X元大36售07,0,0,0,0,0,0,0,0,0,"-5,000",0,0,0,"20,000","25,000","-5,000","-5,000"
"=""062452""",鴻海群益5C購02  ,0,0,0,0,0,0,0,0,0,"-5,000",0,0,0,0,"5,000","-5,000","-5,000"
"=""062462""",聯發科群益46購06,0,0,0,0,0,0,0,0,0,"-5,000",0,0,0,0,"5,000","-5,000","-5,000"
"=""062229""",牧德元富46購03  ,0,0,0,0,0,0,0,0,0,"-5,000",0,0,0,"20,000","25,000","-5,000","-5,000"
"=""069881""",健策凱基48購05  ,0,0,0,0,0,0,0,0,0,"-5,000",0,0,0,"12,000","17,000","-5,000","-5,000"
"=""062214""",國企2X元富46購01,0,0,0,0,0,0,0,0,0,"-5,000",0,0,0,"36,000","41,000","-5,000","-5,000"
"=""069891""",昇陽半凱基48購06,0,0,0,0,0,0,0,0,0,"-5,000",0,0,0,0,"5,000","-5,000","-5,000"
"=""057418""",立積元富4B購01  ,0,0,0,0,0,0,0,0,0,"-5,000",0,0,0,0,"5,000","-5,000","-5,000"
"=""057523""",台灣50元大46購05,0,0,0,0,0,0,0,0,0,"-5,000",0,0,0,0,"5,000","-5,000","-5,000"
"=""057752""",金寶群益45購04  ,0,0,0,0,0,0,0,0,0,"-5,000",0,0,0,"1,000","6,000","-5,000","-5,000"
"=""057985""",台泥富邦47購01  ,0,0,0,0,0,0,0,0,0,"-5,000",0,0,0,0,"5,000","-5,000","-5,000"
"=""058076""",中50元富4B購01  ,0,0,0,0,0,0,0,0,0,"-5,000",0,0,0,0,"5,000","-5,000","-5,000"
"=""058143""",強茂群益47購02  ,0,0,0,0,0,0,0,0,0,"-5,000",0,0,0,0,"5,000","-5,000","-5,000"
"=""058125""",大成鋼群益45購01,0,0,0,0,0,0,0,0,0,"-5,000",0,0,0,0,"5,000","-5,000","-5,000"
"=""04737T""",神基凱基35售05  ,0,0,0,0,0,0,0,0,0,"-5,000",0,0,0,"77,000","82,000","-5,000","-5,000"
"=""062912""",台光電凱基46購09,0,0,0,0,0,0,0,0,0,"-5,000",0,0,0,0,"5,000","-5,000","-5,000"
"=""062910""",金像電凱基47購02,0,0,0,0,0,0,0,0,0,"-5,000",0,0,0,"13,000","18,000","-5,000","-5,000"
"=""062917""",長榮凱基4A購03  ,0,0,0,0,0,0,0,0,0,"-5,000",0,0,0,0,"5,000","-5,000","-5,000"
"=""04727T""",亞翔永豐35售03  ,0,0,0,0,0,0,0,0,0,"-5,000",0,0,0,0,"5,000","-5,000","-5,000"
"=""047181""",台積電元大43購64,0,0,0,0,0,0,0,0,0,"-5,000",0,0,0,0,"5,000","-5,000","-5,000"
"=""062765""",金像電群益47購02,0,0,0,0,0,0,0,0,0,"-5,000",0,0,0,0,"5,000","-5,000","-5,000"
"=""08043U""",陽明國泰33售01  ,0,0,0,0,0,0,0,0,0,"-5,000",0,0,0,0,"5,000","-5,000","-5,000"
"=""07933U""",臺股指凱基34售19,0,0,0,0,0,0,0,0,0,"-5,000",0,0,0,0,"5,000","-5,000","-5,000"
"=""054967""",瑞軒元富44購01  ,0,0,0,0,0,0,0,0,0,"-5,000",0,0,0,0,"5,000","-5,000","-5,000"
"=""055166""",矽統元富44購03  ,0,0,0,0,0,0,0,0,0,"-5,000",0,0,0,"20,000","25,000","-5,000","-5,000"
"=""08337U""",奇鋐元富33售06  ,0,0,0,0,0,0,0,0,0,"-5,000",0,0,0,0,"5,000","-5,000","-5,000"
"=""08230U""",智原群益32售07  ,0,0,0,0,0,0,0,0,0,"-5,000",0,0,0,0,"5,000","-5,000","-5,000"
"=""055489""",一詮元大49購02  ,0,0,0,0,0,0,0,0,0,"-5,000",0,0,0,0,"5,000","-5,000","-5,000"
"=""08904U""",電子類國票32售03,0,0,0,0,0,0,0,0,0,"-5,000",0,0,0,0,"5,000","-5,000","-5,000"
"=""055513""",上証2X國票45購25,0,0,0,0,0,0,0,0,0,"-5,000",0,0,0,0,"5,000","-5,000","-5,000"
"=""08845U""",華紙群益32售02  ,0,0,0,0,0,0,0,0,0,"-5,000",0,0,0,0,"5,000","-5,000","-5,000"
"=""08529U""",臺股指元大35售32,0,0,0,0,0,0,0,0,0,"-5,000",0,0,0,"55,000","60,000","-5,000","-5,000"
"=""08408U""",台積電國泰33售06,0,0,0,0,0,0,0,0,0,"-5,000",0,0,0,0,"5,000","-5,000","-5,000"
"=""055285""",華城元大44購05  ,0,0,0,0,0,0,0,0,0,"-5,000",0,0,0,0,"5,000","-5,000","-5,000"
"=""08673U""",技嘉凱基36售02  ,0,0,0,0,0,0,0,0,0,"-5,000",0,0,0,0,"5,000","-5,000","-5,000"
"=""054449""",富邦金群益49購01,0,0,0,0,0,0,0,0,0,"-5,000",0,0,0,0,"5,000","-5,000","-5,000"
"=""054392""",訊芯凱基44購06  ,0,0,0,0,0,0,0,0,0,"-5,000",0,0,0,0,"5,000","-5,000","-5,000"
"=""054499""",上証2X國票45購20,0,0,0,0,0,0,0,0,0,"-5,000",0,0,0,0,"5,000","-5,000","-5,000"
"=""054508""",萬海國票45購01  ,0,0,0,0,0,0,0,0,0,"-5,000",0,0,0,0,"5,000","-5,000","-5,000"
1474,弘裕            ,0,"5,000","-5,000",0,0,0,0,0,0,0,0,0,0,0,0,0,"-5,000"
"=""047609""",台積電台新42購08,0,0,0,0,0,0,0,0,0,"-5,000",0,0,0,0,"5,000","-5,000","-5,000"
"=""047617""",大銀元富42購03  ,0,0,0,0,0,0,0,0,0,"-5,000",0,0,0,0,"5,000","-5,000","-5,000"
5215,科嘉-KY         ,"32,000","35,000","-3,000",0,0,0,0,0,0,"-2,375",1,"2,376","-2,375",0,0,0,"-5,375"
3167,大量            ,"6,000","13,000","-7,000",0,0,0,0,0,0,"1,124","1,124",0,"1,124",0,0,0,"-5,876"
4569,六方科-KY       ,"3,000","10,000","-7,000",0,0,0,0,0,0,"1,000","1,000",0,"1,000",0,0,0,"-6,000"
4536,拓凱            ,"75,000","29,000","46,000",0,0,0,0,"50,000","-50,000","-2,000",0,0,0,0,"2,000","-2,000","-6,000"
4952,凌通            ,"64,000","71,000","-7,000",0,0,0,0,0,0,"1,000","1,000",0,"1,000",0,0,0,"-6,000"
6283,淳安            ,"9,000","15,000","-6,000",0,0,0,0,0,0,0,0,0,0,0,0,0,"-6,000"
"=""063716""",啟�眵峇@54購01  ,0,0,0,0,0,0,0,0,0,"-6,000",0,0,0,0,"6,000","-6,000","-6,000"
6834,天二科技        ,"5,000","11,000","-6,000",0,0,0,0,0,0,0,0,0,0,0,0,0,"-6,000"
"=""052606""",洋華元大44購01  ,0,0,0,0,0,0,0,0,0,"-6,000",0,0,0,0,"6,000","-6,000","-6,000"
"=""052819""",潤泰新群益44購02,0,0,0,0,0,0,0,0,0,"-6,000",0,0,0,0,"6,000","-6,000","-6,000"
"=""053893""",A50正2元大44購02,0,0,0,0,0,0,0,0,0,"-6,000",0,0,0,"112,000","118,000","-6,000","-6,000"
"=""053938""",怡利電統一49購02,0,0,0,0,0,0,0,0,0,"-6,000",0,0,0,"160,000","166,000","-6,000","-6,000"
"=""053963""",智原永豐45購03  ,0,0,0,0,0,0,0,0,0,"-6,000",0,0,0,0,"6,000","-6,000","-6,000"
"=""044537""",台積電統一57購04,0,0,0,0,0,0,0,0,0,"-6,000",0,0,0,"35,000","41,000","-6,000","-6,000"
"=""044615""",緯穎統一5B購02  ,0,0,0,"40,000","46,000","-6,000",0,0,0,"-6,000",0,0,0,"40,000","46,000","-6,000","-6,000"
"=""053770""",滬深2X中信46購02,0,0,0,0,0,0,0,0,0,"-6,000",0,0,0,0,"6,000","-6,000","-6,000"
"=""048352""",美債2X凱基45購02,0,0,0,0,0,0,0,0,0,"-6,000",0,0,0,0,"6,000","-6,000","-6,000"
"=""049079""",台積電元大44購17,0,0,0,0,0,0,0,0,0,"-6,000",0,0,0,0,"6,000","-6,000","-6,000"
"=""063115""",美費半凱基47購04,0,0,0,0,0,0,0,0,0,"-6,000",0,0,0,0,"6,000","-6,000","-6,000"
"=""063223""",鴻海元大46購25  ,0,0,0,0,0,0,0,0,0,"-6,000",0,0,0,"1,000","7,000","-6,000","-6,000"
"=""063134""",大立光凱基4A購02,0,0,0,0,0,0,0,0,0,"-6,000",0,0,0,0,"6,000","-6,000","-6,000"
"=""063185""",智邦群益46購08  ,0,0,0,0,0,0,0,0,0,"-6,000",0,0,0,0,"6,000","-6,000","-6,000"
"=""063210""",T50正2元大48購04,0,0,0,0,0,0,0,0,0,"-6,000",0,0,0,0,"6,000","-6,000","-6,000"
"=""049651""",惠特凱基45購01  ,0,0,0,0,0,0,0,0,0,"-6,000",0,0,0,"9,000","15,000","-6,000","-6,000"
"=""063539""",矽統國泰48購02  ,0,0,0,0,0,0,0,0,0,"-6,000",0,0,0,0,"6,000","-6,000","-6,000"
"=""056184""",台光電國票44購06,0,0,0,0,0,0,0,0,0,"-6,000",0,0,0,"48,000","54,000","-6,000","-6,000"
"=""056170""",奇鋐凱基46購02  ,0,0,0,0,0,0,0,0,0,"-6,000",0,0,0,"4,000","10,000","-6,000","-6,000"
"=""056147""",聯電永豐44購02  ,0,0,0,0,0,0,0,0,0,"-6,000",0,0,0,"14,000","20,000","-6,000","-6,000"
"=""056228""",宏致群益44購02  ,0,0,0,0,0,0,0,0,0,"-6,000",0,0,0,0,"6,000","-6,000","-6,000"
2923,鼎固-KY         ,"1,000","8,000","-7,000",0,0,0,0,0,0,"1,000","1,000",0,"1,000",0,0,0,"-6,000"
"=""050997""",致伸國票44購01  ,0,0,0,0,0,0,0,0,0,"-6,000",0,0,0,0,"6,000","-6,000","-6,000"
"=""056034""",欣興凱基44購05  ,0,0,0,0,0,0,0,0,0,"-6,000",0,0,0,0,"6,000","-6,000","-6,000"
"=""055988""",華孚中信44購01  ,0,0,0,0,0,0,0,0,0,"-6,000",0,0,0,"1,000","7,000","-6,000","-6,000"
"=""055531""",訊芯國票45購07  ,0,0,0,0,0,0,0,0,0,"-6,000",0,0,0,0,"6,000","-6,000","-6,000"
"=""053329""",南港群益44購01  ,0,0,0,0,0,0,0,0,0,"-6,000",0,0,0,0,"6,000","-6,000","-6,000"
"=""055626""",長榮航國票44購02,0,0,0,0,0,0,0,0,0,"-6,000",0,0,0,"15,000","21,000","-6,000","-6,000"
"=""040160""",緯穎凱基54購13  ,0,0,0,0,0,0,0,0,0,"-6,000",0,0,0,0,"6,000","-6,000","-6,000"
"=""040955""",貿聯群益55購03  ,0,0,0,0,0,0,0,0,0,"-6,000",0,0,0,"107,000","113,000","-6,000","-6,000"
"=""040714""",聯發科凱基56購04,0,0,0,0,0,0,0,0,0,"-6,000",0,0,0,"6,000","12,000","-6,000","-6,000"
"=""065048""",大立光元大47購06,0,0,0,0,0,0,0,0,0,"-6,000",0,0,0,"1,000","7,000","-6,000","-6,000"
"=""04761T""",中砂元大35售04  ,0,0,0,0,0,0,0,0,0,"-6,000",0,0,0,"35,000","41,000","-6,000","-6,000"
"=""04743T""",滬深2X元大38售02,0,0,0,0,0,0,0,0,0,"-6,000",0,0,0,"19,000","25,000","-6,000","-6,000"
"=""054569""",所羅門統一53購02,0,0,0,0,0,0,0,0,0,"-6,000",0,0,0,0,"6,000","-6,000","-6,000"
"=""058085""",乙盛元富46購01  ,0,0,0,0,0,0,0,0,0,"-6,000",0,0,0,0,"6,000","-6,000","-6,000"
"=""057954""",勤誠元大45購04  ,0,0,0,0,0,0,0,0,0,"-6,000",0,0,0,0,"6,000","-6,000","-6,000"
"=""057716""",華碩元大45購06  ,0,0,0,0,0,0,0,0,0,"-6,000",0,0,0,"64,000","70,000","-6,000","-6,000"
"=""056809""",力積電兆豐47購01,0,0,0,0,0,0,0,0,0,"-6,000",0,0,0,0,"6,000","-6,000","-6,000"
"=""057483""",新唐國票46購02  ,0,0,0,0,0,0,0,0,0,"-6,000",0,0,0,0,"6,000","-6,000","-6,000"
"=""055825""",世芯群益46購05  ,0,0,0,0,0,0,0,0,0,"-6,000",0,0,0,0,"6,000","-6,000","-6,000"
"=""04600T""",台灣50群益35售09,0,0,0,0,0,0,0,0,0,"-6,000",0,0,0,"4,000","10,000","-6,000","-6,000"
"=""062572""",智邦元大4B購01  ,0,0,0,0,0,0,0,0,0,"-6,000",0,0,0,0,"6,000","-6,000","-6,000"
"=""046742""",力成國泰44購01  ,0,0,0,0,0,0,0,0,0,"-6,000",0,0,0,"75,000","81,000","-6,000","-6,000"
"=""046521""",台塑凱基45購01  ,0,0,0,0,0,0,0,0,0,"-6,000",0,0,0,"1,000","7,000","-6,000","-6,000"
"=""04658T""",亞翔元大35售07  ,0,0,0,0,0,0,0,0,0,"-6,000",0,0,0,0,"6,000","-6,000","-6,000"
"=""061508""",敦泰元富47購02  ,0,0,0,0,0,0,0,0,0,"-6,000",0,0,0,"1,000","7,000","-6,000","-6,000"
"=""056969""",世芯永豐47購03  ,0,0,0,0,0,0,0,0,0,"-6,000",0,0,0,0,"6,000","-6,000","-6,000"
"=""057379""",廣宇統一4A購01  ,0,0,0,0,0,0,0,0,0,"-6,000",0,0,0,0,"6,000","-6,000","-6,000"
"=""056561""",台積電元大45購12,0,0,0,0,0,0,0,0,0,"-6,000",0,0,0,0,"6,000","-6,000","-6,000"
"=""069072""",中砂元大48購04  ,0,0,0,0,0,0,0,0,0,"-6,000",0,0,0,0,"6,000","-6,000","-6,000"
"=""061604""",樺漢國票47購01  ,0,0,0,0,0,0,0,0,0,"-6,000",0,0,0,"5,000","11,000","-6,000","-6,000"
"=""069683""",亞翔元大4C購01  ,0,0,0,0,0,0,0,0,0,"-6,000",0,0,0,0,"6,000","-6,000","-6,000"
"=""069621""",國巨凱基48購04  ,0,0,0,0,0,0,0,0,0,"-6,000",0,0,0,"15,000","21,000","-6,000","-6,000"
"=""069551""",威盛群益4A購05  ,0,0,0,0,0,0,0,0,0,"-6,000",0,0,0,"19,000","25,000","-6,000","-6,000"
"=""069338""",鴻海凱基5B購01  ,0,0,0,0,0,0,0,0,0,"-6,000",0,0,0,0,"6,000","-6,000","-6,000"
"=""061874""",美時元大46購16  ,0,0,0,0,0,0,0,0,0,"-6,000",0,0,0,"1,000","7,000","-6,000","-6,000"
"=""068535""",台積電富邦48購06,0,0,0,0,0,0,0,0,0,"-6,000",0,0,0,"9,000","15,000","-6,000","-6,000"
"=""060810""",大立光元富46購02,0,0,0,0,0,0,0,0,0,"-6,000",0,0,0,0,"6,000","-6,000","-6,000"
"=""068445""",致茂凱基48購02  ,0,0,0,0,0,0,0,0,0,"-6,000",0,0,0,"2,000","8,000","-6,000","-6,000"
"=""060345""",鴻準元大4B購03  ,0,0,0,0,0,0,0,0,0,"-6,000",0,0,0,0,"6,000","-6,000","-6,000"
"=""060302""",鴻海群益48購04  ,0,0,0,0,0,0,0,0,0,"-6,000",0,0,0,0,"6,000","-6,000","-6,000"
"=""068789""",國巨統一41購01  ,0,0,0,0,0,0,0,0,0,"-6,000",0,0,0,"1,000","7,000","-6,000","-6,000"
"=""061176""",川湖群益46購07  ,0,0,0,0,0,0,0,0,0,"-6,000",0,0,0,"3,000","9,000","-6,000","-6,000"
"=""061041""",華航元大46購01  ,0,0,0,0,0,0,0,0,0,"-6,000",0,0,0,0,"6,000","-6,000","-6,000"
"=""061411""",世芯群益4A購01  ,0,0,0,0,0,0,0,0,0,"-6,000",0,0,0,0,"6,000","-6,000","-6,000"
"=""061305""",緯穎中信46購01  ,0,0,0,0,0,0,0,0,0,"-6,000",0,0,0,0,"6,000","-6,000","-6,000"
"=""061299""",華航中信47購01  ,0,0,0,0,0,0,0,0,0,"-6,000",0,0,0,"15,000","21,000","-6,000","-6,000"
"=""058705""",世芯國票46購09  ,0,0,0,0,0,0,0,0,0,"-6,000",0,0,0,"4,000","10,000","-6,000","-6,000"
"=""059648""",台亞永豐45購01  ,0,0,0,0,0,0,0,0,0,"-6,000",0,0,0,0,"6,000","-6,000","-6,000"
"=""058803""",長榮航富邦45購01,0,0,0,0,0,0,0,0,0,"-6,000",0,0,0,0,"6,000","-6,000","-6,000"
"=""059953""",T50正2元大46購04,0,0,0,0,0,0,0,0,0,"-6,000",0,0,0,0,"6,000","-6,000","-6,000"
"=""058248""",奇鋐凱基45購08  ,0,0,0,0,0,0,0,0,0,"-6,000",0,0,0,0,"6,000","-6,000","-6,000"
"=""058228""",美時統一4B購01  ,0,0,0,0,0,0,0,0,0,"-6,000",0,0,0,0,"6,000","-6,000","-6,000"
"=""068275""",新光金永豐3B購01,0,0,0,0,0,0,0,0,0,"-6,000",0,0,0,0,"6,000","-6,000","-6,000"
"=""068282""",緯創凱基4C購02  ,0,0,0,0,0,0,0,0,0,"-6,000",0,0,0,"4,000","10,000","-6,000","-6,000"
"=""068289""",世紀鋼凱基49購02,0,0,0,0,0,0,0,0,0,"-6,000",0,0,0,0,"6,000","-6,000","-6,000"
"=""057650""",臺股指凱基46購15,0,0,0,0,0,0,0,0,0,"-6,000",0,0,0,"35,000","41,000","-6,000","-6,000"
"=""067471""",達興凱基47購02  ,0,0,0,0,0,0,0,0,0,"-6,000",0,0,0,"13,000","19,000","-6,000","-6,000"
"=""059506""",南寶永豐46購01  ,0,0,0,0,0,0,0,0,0,"-6,000",0,0,0,0,"6,000","-6,000","-6,000"
"=""059536""",貿聯凱基46購05  ,0,0,0,0,0,0,0,0,0,"-6,000",0,0,0,"151,000","157,000","-6,000","-6,000"
"=""058619""",東元永豐45購01  ,0,0,0,0,0,0,0,0,0,"-6,000",0,0,0,0,"6,000","-6,000","-6,000"
"=""059491""",台積電永豐45購15,0,0,0,0,0,0,0,0,0,"-6,000",0,0,0,0,"6,000","-6,000","-6,000"
"=""067647""",台化永豐49購01  ,0,0,0,0,0,0,0,0,0,"-6,000",0,0,0,0,"6,000","-6,000","-6,000"
"=""054869""",陽明元大44購17  ,0,0,0,0,0,0,0,0,0,"-6,000",0,0,0,0,"6,000","-6,000","-6,000"
"=""033101""",台積電群益54購23,0,0,0,0,0,0,0,0,0,"-6,000",0,0,0,0,"6,000","-6,000","-6,000"
"=""042972""",緯穎元大55購03  ,0,0,0,0,0,0,0,0,0,"-6,000",0,0,0,0,"6,000","-6,000","-6,000"
"=""065297""",鴻海統一51購04  ,0,0,0,0,0,0,0,0,0,"-6,000",0,0,0,"105,000","111,000","-6,000","-6,000"
"=""065260""",十銓元富51購02  ,0,0,0,0,0,0,0,0,0,"-6,000",0,0,0,0,"6,000","-6,000","-6,000"
"=""045445""",健鼎元大55購04  ,0,0,0,0,0,0,0,0,0,"-6,000",0,0,0,"4,000","10,000","-6,000","-6,000"
"=""03157T""",金像電元大34售08,0,0,0,0,0,0,0,0,0,"-6,000",0,0,0,0,"6,000","-6,000","-6,000"
"=""03172T""",健策凱基34售04  ,0,0,0,0,0,0,0,0,0,"-6,000",0,0,0,"2,000","8,000","-6,000","-6,000"
"=""066199""",上証2X群益47購04,0,0,0,0,0,0,0,0,0,"-6,000",0,0,0,"48,000","54,000","-6,000","-6,000"
"=""066133""",國巨統一51購04  ,0,0,0,0,0,0,0,0,0,"-6,000",0,0,0,0,"6,000","-6,000","-6,000"
"=""066158""",洋基統一51購01  ,0,0,0,0,0,0,0,0,0,"-6,000",0,0,0,0,"6,000","-6,000","-6,000"
"=""03794T""",矽統元大34售21  ,0,0,0,0,0,0,0,0,0,"-6,000",0,0,0,0,"6,000","-6,000","-6,000"
"=""066334""",聯發科兆豐48購01,0,0,0,0,0,0,0,0,0,"-6,000",0,0,0,"44,000","50,000","-6,000","-6,000"
"=""04334T""",威盛群益35售20  ,0,0,0,0,0,0,0,0,0,"-6,000",0,0,0,"5,000","11,000","-6,000","-6,000"
"=""041373""",晶豪科凱基55購01,0,0,0,0,0,0,0,0,0,"-6,000",0,0,0,0,"6,000","-6,000","-6,000"
"=""066091""",遠東新凱基47購02,0,0,0,0,0,0,0,0,0,"-6,000",0,0,0,0,"6,000","-6,000","-6,000"
"=""065798""",新光金中信3B購01,0,0,0,0,0,0,0,0,0,"-6,000",0,0,0,0,"6,000","-6,000","-6,000"
"=""065777""",精英統一3B購01  ,0,0,0,0,0,0,0,0,0,"-6,000",0,0,0,"6,000","12,000","-6,000","-6,000"
5222,全訊            ,"13,000","59,615","-46,615",0,0,0,0,0,0,"39,723","37,000",277,"36,723","3,000",0,"3,000","-6,892"
5007,三星            ,0,"7,000","-7,000",0,0,0,0,0,0,0,0,0,0,0,0,0,"-7,000"
3052,夆典            ,"33,000","40,000","-7,000",0,0,0,0,0,0,0,0,0,0,0,0,0,"-7,000"
"=""052531""",華泰群益45購01  ,0,0,0,0,0,0,0,0,0,"-7,000",0,0,0,0,"7,000","-7,000","-7,000"
"=""052420""",亞光元大43購21  ,0,0,0,0,0,0,0,0,0,"-7,000",0,0,0,0,"7,000","-7,000","-7,000"
"=""053128""",辛耘凱基44購03  ,0,0,0,0,0,0,0,0,0,"-7,000",0,0,0,0,"7,000","-7,000","-7,000"
"=""053256""",矽力元大44購03  ,0,0,0,0,0,0,0,0,0,"-7,000",0,0,0,0,"7,000","-7,000","-7,000"
"=""056418""",鴻準群益46購02  ,0,0,0,0,0,0,0,0,0,"-7,000",0,0,0,0,"7,000","-7,000","-7,000"
"=""051380""",大銀元大43購07  ,0,0,0,0,0,0,0,0,0,"-7,000",0,0,0,0,"7,000","-7,000","-7,000"
"=""053739""",智邦國泰46購01  ,0,0,0,0,0,0,0,0,0,"-7,000",0,0,0,"7,000","14,000","-7,000","-7,000"
"=""044509""",南亞凱基55購02  ,0,0,0,0,0,0,0,0,0,"-7,000",0,0,0,"43,000","50,000","-7,000","-7,000"
"=""064283""",友達元大46購02  ,0,0,0,0,0,0,0,0,0,"-7,000",0,0,0,0,"7,000","-7,000","-7,000"
"=""044433""",旺宏元大55購06  ,0,0,0,0,0,0,0,0,0,"-7,000",0,0,0,"8,000","15,000","-7,000","-7,000"
9902,台火            ,"4,000","11,000","-7,000",0,0,0,0,0,0,0,0,0,0,0,0,0,"-7,000"
"=""054094""",聯發科富邦44購02,0,0,0,0,0,0,0,0,0,"-7,000",0,0,0,0,"7,000","-7,000","-7,000"
"=""054305""",世芯統一4C購03  ,0,0,0,0,0,0,0,0,0,"-7,000",0,0,0,0,"7,000","-7,000","-7,000"
"=""063854""",鈞興群益46購02  ,0,0,0,0,0,0,0,0,0,"-7,000",0,0,0,"3,000","10,000","-7,000","-7,000"
1737,臺鹽            ,"9,000","16,000","-7,000",0,0,0,0,0,0,0,0,0,0,0,0,0,"-7,000"
"=""056060""",鴻海元富48購01  ,0,0,0,0,0,0,0,0,0,"-7,000",0,0,0,0,"7,000","-7,000","-7,000"
2434,統懋            ,"1,000","6,000","-5,000",0,0,0,0,0,0,"-2,000",0,"2,000","-2,000",0,0,0,"-7,000"
"=""056123""",新興兆豐46購01  ,0,0,0,0,0,0,0,0,0,"-7,000",0,0,0,"74,000","81,000","-7,000","-7,000"
2062,橋椿            ,"23,000","22,000","1,000",0,0,0,0,0,0,"-8,000",0,"8,000","-8,000",0,0,0,"-7,000"
"=""051003""",長華國票45購01  ,0,0,0,0,0,0,0,0,0,"-7,000",0,0,0,"28,000","35,000","-7,000","-7,000"
"=""050988""",長榮航國票44購01,0,0,0,0,0,0,0,0,0,"-7,000",0,0,0,"411,000","418,000","-7,000","-7,000"
"=""056313""",祥碩永豐45購02  ,0,0,0,0,0,0,0,0,0,"-7,000",0,0,0,0,"7,000","-7,000","-7,000"
2850,新產            ,"113,000","119,000","-6,000",0,0,0,0,0,0,"-1,000",0,"1,000","-1,000",0,0,0,"-7,000"
"=""056214""",華通群益46購03  ,0,0,0,0,0,0,0,0,0,"-7,000",0,0,0,"5,000","12,000","-7,000","-7,000"
2511,太子            ,"74,000","81,000","-7,000",0,0,0,0,0,0,0,0,0,0,0,0,0,"-7,000"
"=""050002""",愛普台新43購01  ,0,0,0,0,0,0,0,0,0,"-7,000",0,0,0,0,"7,000","-7,000","-7,000"
"=""048004""",時碩元大43購02  ,0,0,0,0,0,0,0,0,0,"-7,000",0,0,0,"202,000","209,000","-7,000","-7,000"
"=""04395T""",高力永豐35售01  ,0,0,0,0,0,0,0,0,0,"-7,000",0,0,0,"50,000","57,000","-7,000","-7,000"
"=""044120""",光寶科元大55購04,0,0,0,0,0,0,0,0,0,"-7,000",0,0,0,0,"7,000","-7,000","-7,000"
"=""064977""",大同富邦48購01  ,0,0,0,0,0,0,0,0,0,"-7,000",0,0,0,0,"7,000","-7,000","-7,000"
"=""064757""",智邦國票48購01  ,0,0,0,0,0,0,0,0,0,"-7,000",0,0,0,"11,000","18,000","-7,000","-7,000"
"=""064605""",上銀凱基46購07  ,0,0,0,0,0,0,0,0,0,"-7,000",0,0,0,0,"7,000","-7,000","-7,000"
"=""066325""",智原中信3B購02  ,0,0,0,0,0,0,0,0,0,"-7,000",0,0,0,"70,000","77,000","-7,000","-7,000"
"=""066785""",微星台新47購01  ,0,0,0,0,0,0,0,0,0,"-7,000",0,0,0,"2,000","9,000","-7,000","-7,000"
"=""066494""",直得群益49購01  ,0,0,0,0,0,0,0,0,0,"-7,000",0,0,0,"115,000","122,000","-7,000","-7,000"
"=""045612""",亞翔統一57購02  ,0,0,0,0,0,0,0,0,0,"-7,000",0,0,0,0,"7,000","-7,000","-7,000"
"=""03457T""",臺股指凱基33售46,0,0,0,0,0,0,0,0,0,"-7,000",0,0,0,"13,000","20,000","-7,000","-7,000"
"=""03626T""",欣興國票35售01  ,0,0,0,0,0,0,0,0,0,"-7,000",0,0,0,0,"7,000","-7,000","-7,000"
"=""042249""",緯穎群益54購18  ,0,0,0,0,0,0,0,0,0,"-7,000",0,0,0,0,"7,000","-7,000","-7,000"
"=""042369""",華新科元大54購12,0,0,0,0,0,0,0,0,0,"-7,000",0,0,0,0,"7,000","-7,000","-7,000"
"=""065079""",華城統一3B購03  ,0,0,0,0,0,0,0,0,0,"-7,000",0,0,0,"5,000","12,000","-7,000","-7,000"
"=""065084""",華城統一45購01  ,0,0,0,0,0,0,0,0,0,"-7,000",0,0,0,"6,000","13,000","-7,000","-7,000"
"=""03902T""",川湖群益3A售02  ,0,0,0,0,0,0,0,0,0,"-7,000",0,0,0,0,"7,000","-7,000","-7,000"
"=""065607""",威盛凱基43購02  ,0,0,0,0,0,0,0,0,0,"-7,000",0,0,0,"15,000","22,000","-7,000","-7,000"
"=""053569""",辛耘元大44購05  ,0,0,0,0,0,0,0,0,0,"-7,000",0,0,0,0,"7,000","-7,000","-7,000"
"=""042024""",富鼎元大54購06  ,0,0,0,0,0,0,0,0,0,"-7,000",0,0,0,"100,000","107,000","-7,000","-7,000"
"=""058386""",日月光國票46購03,0,0,0,0,0,0,0,0,0,"-7,000",0,0,0,"48,000","55,000","-7,000","-7,000"
"=""067262""",健策國票49購02  ,0,0,0,0,0,0,0,0,0,"-7,000",0,0,0,"1,000","8,000","-7,000","-7,000"
"=""067364""",裕慶元大47購01  ,0,0,0,0,0,0,0,0,0,"-7,000",0,0,0,"12,000","19,000","-7,000","-7,000"
"=""057681""",川湖國票46購03  ,0,0,0,0,0,0,0,0,0,"-7,000",0,0,0,0,"7,000","-7,000","-7,000"
"=""067980""",佳能統一51購01  ,0,0,0,0,0,0,0,0,0,"-7,000",0,0,0,0,"7,000","-7,000","-7,000"
"=""067838""",台塑凱基47購06  ,0,0,0,0,0,0,0,0,0,"-7,000",0,0,0,0,"7,000","-7,000","-7,000"
"=""067699""",台塑元大47購10  ,0,0,0,0,0,0,0,0,0,"-7,000",0,0,0,0,"7,000","-7,000","-7,000"
"=""067686""",精成科凱基47購02,0,0,0,0,0,0,0,0,0,"-7,000",0,0,0,0,"7,000","-7,000","-7,000"
"=""058931""",台光電群益45購08,0,0,0,0,0,0,0,0,0,"-7,000",0,0,0,0,"7,000","-7,000","-7,000"
"=""059628""",達方元富48購01  ,0,0,0,0,0,0,0,0,0,"-7,000",0,0,0,"10,000","17,000","-7,000","-7,000"
"=""059629""",中華國票46購04  ,0,0,0,0,0,0,0,0,0,"-7,000",0,0,0,"10,000","17,000","-7,000","-7,000"
"=""058659""",保瑞凱基45購03  ,0,0,0,0,0,0,0,0,0,"-7,000",0,0,0,"50,000","57,000","-7,000","-7,000"
"=""061033""",凱美元大46購02  ,0,0,0,0,0,0,0,0,0,"-7,000",0,0,0,"10,000","17,000","-7,000","-7,000"
"=""061139""",漢唐元富46購01  ,0,0,0,0,0,0,0,0,0,"-7,000",0,0,0,0,"7,000","-7,000","-7,000"
"=""061190""",辛耘群益46購04  ,0,0,0,0,0,0,0,0,0,"-7,000",0,0,0,"108,000","115,000","-7,000","-7,000"
"=""060472""",台積電中信4C購01,0,0,0,0,0,0,0,0,0,"-7,000",0,0,0,0,"7,000","-7,000","-7,000"
"=""060500""",緯創國票49購01  ,0,0,0,0,0,0,0,0,0,"-7,000",0,0,0,0,"7,000","-7,000","-7,000"
"=""060781""",祥碩元大46購03  ,0,0,0,0,0,0,0,0,0,"-7,000",0,0,0,0,"7,000","-7,000","-7,000"
"=""06853U""",南電群益56售01  ,0,0,0,0,0,0,0,0,0,"-7,000",0,0,0,0,"7,000","-7,000","-7,000"
"=""061841""",智邦群益46購05  ,0,0,0,0,0,0,0,0,0,"-7,000",0,0,0,"1,000","8,000","-7,000","-7,000"
"=""069417""",昇陽半統一52購01,0,0,0,0,0,0,0,0,0,"-7,000",0,0,0,"21,000","28,000","-7,000","-7,000"
"=""061978""",長榮航凱基47購02,0,0,0,0,0,0,0,0,0,"-7,000",0,0,0,0,"7,000","-7,000","-7,000"
"=""069566""",精成科群益4C購01,0,0,0,0,0,0,0,0,0,"-7,000",0,0,0,0,"7,000","-7,000","-7,000"
"=""069504""",志強中信48購01  ,0,0,0,0,0,0,0,0,0,"-7,000",0,0,0,"53,000","60,000","-7,000","-7,000"
"=""069448""",立積群益48購06  ,0,0,0,0,0,0,0,0,0,"-7,000",0,0,0,"134,000","141,000","-7,000","-7,000"
"=""069605""",樺漢統一58購01  ,0,0,0,0,0,0,0,0,0,"-7,000",0,0,0,0,"7,000","-7,000","-7,000"
"=""062111""",訊芯元大46購04  ,0,0,0,0,0,0,0,0,0,"-7,000",0,0,0,"3,000","10,000","-7,000","-7,000"
"=""061694""",貿聯群益49購01  ,0,0,0,0,0,0,0,0,0,"-7,000",0,0,0,0,"7,000","-7,000","-7,000"
"=""056900""",緯創元大45購07  ,0,0,0,0,0,0,0,0,0,"-7,000",0,0,0,0,"7,000","-7,000","-7,000"
"=""057284""",川湖台新45購03  ,0,0,0,0,0,0,0,0,0,"-7,000",0,0,0,0,"7,000","-7,000","-7,000"
"=""046753""",中華凱基43購02  ,0,0,0,0,0,0,0,0,0,"-7,000",0,0,0,"29,000","36,000","-7,000","-7,000"
"=""046628""",南亞科國泰44購01,0,0,0,0,0,0,0,0,0,"-7,000",0,0,0,"3,000","10,000","-7,000","-7,000"
"=""062752""",樺漢富邦47購01  ,0,0,0,0,0,0,0,0,0,"-7,000",0,0,0,"51,000","58,000","-7,000","-7,000"
"=""046979""",臺指反元大45購02,0,0,0,0,0,0,0,0,0,"-7,000",0,0,0,0,"7,000","-7,000","-7,000"
"=""062628""",一詮中信49購01  ,0,0,0,0,0,0,0,0,0,"-7,000",0,0,0,"5,000","12,000","-7,000","-7,000"
"=""046886""",台勝科永豐43購02,0,0,0,0,0,0,0,0,0,"-7,000",0,0,0,"100,000","107,000","-7,000","-7,000"
"=""046357""",瑞昱兆豐47購01  ,0,0,0,0,0,0,0,0,0,"-7,000",0,0,0,0,"7,000","-7,000","-7,000"
"=""056743""",鴻海台新45購01  ,0,0,0,0,0,0,0,0,0,"-7,000",0,0,0,"20,000","27,000","-7,000","-7,000"
"=""062892""",群創元富4C購01  ,0,0,0,0,0,0,0,0,0,"-7,000",0,0,0,0,"7,000","-7,000","-7,000"
"=""08256U""",技嘉元富34售04  ,0,0,0,0,0,0,0,0,0,"-7,000",0,0,0,"5,000","12,000","-7,000","-7,000"
"=""055151""",欣興富邦46購04  ,0,0,0,0,0,0,0,0,0,"-7,000",0,0,0,0,"7,000","-7,000","-7,000"
"=""055132""",長榮國泰46購04  ,0,0,0,0,0,0,0,0,0,"-7,000",0,0,0,0,"7,000","-7,000","-7,000"
"=""047571""",龍德船永豐44購01,0,0,0,0,0,0,0,0,0,"-7,000",0,0,0,0,"7,000","-7,000","-7,000"
"=""055407""",川湖中信47購01  ,0,0,0,0,0,0,0,0,0,"-7,000",0,0,0,0,"7,000","-7,000","-7,000"
"=""08704U""",奇鋐凱基33售03  ,0,0,0,0,0,0,0,0,0,"-7,000",0,0,0,0,"7,000","-7,000","-7,000"
3605,宏致            ,"28,074","30,000","-1,926",0,0,0,0,0,0,"-5,119",0,"5,119","-5,119",0,0,0,"-7,045"
"=""00899""",FT潔淨能源      ,0,"1,000","-1,000",0,0,0,0,0,0,"-6,843",0,0,0,"1,174","8,017","-6,843","-7,843"
"=""065909""",百和凱基47購01  ,0,0,0,0,0,0,0,0,0,"-8,000",0,0,0,"2,000","10,000","-8,000","-8,000"
"=""065813""",緯創國票48購02  ,0,0,0,0,0,0,0,0,0,"-8,000",0,0,0,"60,000","68,000","-8,000","-8,000"
"=""00686R""",群益臺灣加權反1 ,0,0,0,0,0,0,0,0,0,"-8,000",0,0,0,"7,000","15,000","-8,000","-8,000"
"=""066087""",健策富邦49購01  ,0,0,0,0,0,0,0,0,0,"-8,000",0,0,0,"4,000","12,000","-8,000","-8,000"
"=""066526""",菱光群益4B購01  ,0,0,0,0,0,0,0,0,0,"-8,000",0,0,0,"7,000","15,000","-8,000","-8,000"
"=""066135""",所羅門統一51購02,0,0,0,0,0,0,0,0,0,"-8,000",0,0,0,"10,000","18,000","-8,000","-8,000"
"=""042612""",日電貿凱基55購02,0,0,0,0,0,0,0,0,0,"-8,000",0,0,0,0,"8,000","-8,000","-8,000"
"=""065302""",英業達統一51購01,0,0,0,0,0,0,0,0,0,"-8,000",0,0,0,"2,000","10,000","-8,000","-8,000"
"=""04567T""",元債2X元大3A售02,0,0,0,0,0,0,0,0,0,"-8,000",0,0,0,0,"8,000","-8,000","-8,000"
"=""03117T""",金像電元大34售04,0,0,0,0,0,0,0,0,0,"-8,000",0,0,0,"20,000","28,000","-8,000","-8,000"
"=""058626""",金寶統一4B購02  ,0,0,0,0,0,0,0,0,0,"-8,000",0,0,0,"4,000","12,000","-8,000","-8,000"
"=""058702""",聯詠國票46購03  ,0,0,0,0,0,0,0,0,0,"-8,000",0,0,0,0,"8,000","-8,000","-8,000"
"=""059700""",廣宇富邦47購01  ,0,0,0,0,0,0,0,0,0,"-8,000",0,0,0,"13,000","21,000","-8,000","-8,000"
"=""059870""",台灣50群益45購13,0,0,0,0,0,0,0,0,0,"-8,000",0,0,0,"50,000","58,000","-8,000","-8,000"
"=""059924""",緯穎群益46購05  ,0,0,0,0,0,0,0,0,0,"-8,000",0,0,0,"13,000","21,000","-8,000","-8,000"
"=""058350""",群臺2X國票47購01,0,0,0,0,0,0,0,0,0,"-8,000",0,0,0,"150,000","158,000","-8,000","-8,000"
"=""067723""",欣興元大47購03  ,0,0,0,0,0,0,0,0,0,"-8,000",0,0,0,0,"8,000","-8,000","-8,000"
"=""068022""",鴻海元大47購24  ,0,0,0,0,0,0,0,0,0,"-8,000",0,0,0,0,"8,000","-8,000","-8,000"
"=""057686""",健和興國票46購01,0,0,0,0,0,0,0,0,0,"-8,000",0,0,0,0,"8,000","-8,000","-8,000"
"=""060215""",鴻海凱基47購09  ,0,0,0,0,0,0,0,0,0,"-8,000",0,0,0,0,"8,000","-8,000","-8,000"
"=""068285""",世芯凱基4C購04  ,0,0,0,0,0,0,0,0,0,"-8,000",0,0,0,"47,000","55,000","-8,000","-8,000"
"=""068268""",南亞凱基48購03  ,0,0,0,0,0,0,0,0,0,"-8,000",0,0,0,"157,000","165,000","-8,000","-8,000"
"=""067341""",奇鋐元大47購05  ,0,0,0,0,0,0,0,0,0,"-8,000",0,0,0,0,"8,000","-8,000","-8,000"
"=""058556""",保瑞元大45購08  ,0,0,0,0,0,0,0,0,0,"-8,000",0,0,0,"4,000","12,000","-8,000","-8,000"
"=""041919""",康舒凱基54購08  ,0,0,0,0,0,0,0,0,0,"-8,000",0,0,0,"200,000","208,000","-8,000","-8,000"
"=""053631""",滬深2X凱基44購07,0,0,0,0,0,0,0,0,0,"-8,000",0,0,0,0,"8,000","-8,000","-8,000"
"=""052105""",亞光群益43購07  ,0,0,0,0,0,0,0,0,0,"-8,000",0,0,0,"46,000","54,000","-8,000","-8,000"
"=""054856""",台積電元大48購05,0,0,0,0,0,0,0,0,0,"-8,000",0,0,0,"9,000","17,000","-8,000","-8,000"
"=""066943""",健鼎富邦49購01  ,0,0,0,0,0,0,0,0,0,"-8,000",0,0,0,"4,000","12,000","-8,000","-8,000"
"=""055281""",香港2X元大44購03,0,0,0,0,0,0,0,0,0,"-8,000",0,0,0,"21,000","29,000","-8,000","-8,000"
"=""055256""",直得群益45購01  ,0,0,0,0,0,0,0,0,0,"-8,000",0,0,0,0,"8,000","-8,000","-8,000"
"=""047476""",富邦金元大43購02,0,0,0,0,0,0,0,0,0,"-8,000",0,0,0,0,"8,000","-8,000","-8,000"
"=""055121""",訊芯元大44購07  ,0,0,0,0,0,0,0,0,0,"-8,000",0,0,0,"142,000","150,000","-8,000","-8,000"
"=""08235U""",欣興兆豐37售02  ,0,0,0,0,0,0,0,0,0,"-8,000",0,0,0,"100,000","108,000","-8,000","-8,000"
"=""062926""",材料凱基48購02  ,0,0,0,0,0,0,0,0,0,"-8,000",0,0,0,"10,000","18,000","-8,000","-8,000"
"=""062885""",台光電元富4A購04,0,0,0,0,0,0,0,0,0,"-8,000",0,0,0,0,"8,000","-8,000","-8,000"
"=""062268""",洋基台新46購01  ,0,0,0,0,0,0,0,0,0,"-8,000",0,0,0,"42,000","50,000","-8,000","-8,000"
"=""04688T""",華邦電元大35售01,0,0,0,0,0,0,0,0,0,"-8,000",0,0,0,"2,000","10,000","-8,000","-8,000"
"=""062627""",華通中信46購01  ,0,0,0,0,0,0,0,0,0,"-8,000",0,0,0,0,"8,000","-8,000","-8,000"
"=""057266""",欣興國票46購02  ,0,0,0,0,0,0,0,0,0,"-8,000",0,0,0,"12,000","20,000","-8,000","-8,000"
"=""057171""",順德凱基46購01  ,0,0,0,0,0,0,0,0,0,"-8,000",0,0,0,"17,000","25,000","-8,000","-8,000"
"=""061507""",敦泰元富47購01  ,0,0,0,0,0,0,0,0,0,"-8,000",0,0,0,"2,000","10,000","-8,000","-8,000"
"=""069033""",創意永豐4B購02  ,0,0,0,0,0,0,0,0,0,"-8,000",0,0,0,"2,000","10,000","-8,000","-8,000"
"=""056520""",材料凱基4A購01  ,0,0,0,0,0,0,0,0,0,"-8,000",0,0,0,0,"8,000","-8,000","-8,000"
"=""062104""",牧德元大46購07  ,0,0,0,0,0,0,0,0,0,"-8,000",0,0,0,0,"8,000","-8,000","-8,000"
"=""069538""",矽力國泰49購01  ,0,0,0,0,0,0,0,0,0,"-8,000",0,0,0,0,"8,000","-8,000","-8,000"
"=""069475""",長榮元大49購05  ,0,0,0,0,0,0,0,0,0,"-8,000",0,0,0,0,"8,000","-8,000","-8,000"
"=""069561""",新日興群益48購01,0,0,0,0,0,0,0,0,0,"-8,000",0,0,0,0,"8,000","-8,000","-8,000"
"=""069335""",中砂凱基48購03  ,0,0,0,0,0,0,0,0,0,"-8,000",0,0,0,0,"8,000","-8,000","-8,000"
"=""061801""",鴻海凱基46購14  ,0,0,0,0,0,0,0,0,0,"-8,000",0,0,0,"192,000","200,000","-8,000","-8,000"
"=""060777""",世芯元大46購13  ,0,0,0,0,0,0,0,0,0,"-8,000",0,0,0,"1,000","9,000","-8,000","-8,000"
"=""068358""",上銀富邦4C購01  ,0,0,0,0,0,0,0,0,0,"-8,000",0,0,0,0,"8,000","-8,000","-8,000"
"=""060510""",台灣50凱基48購03,0,0,0,0,0,0,0,0,0,"-8,000",0,0,0,"2,000","10,000","-8,000","-8,000"
"=""060546""",華泰富邦48購01  ,0,0,0,0,0,0,0,0,0,"-8,000",0,0,0,0,"8,000","-8,000","-8,000"
"=""060643""",聯發科中信46購01,0,0,0,0,0,0,0,0,0,"-8,000",0,0,0,0,"8,000","-8,000","-8,000"
"=""060697""",牧德永豐47購01  ,0,0,0,0,0,0,0,0,0,"-8,000",0,0,0,0,"8,000","-8,000","-8,000"
"=""061191""",世芯群益46購09  ,0,0,0,0,0,0,0,0,0,"-8,000",0,0,0,"64,000","72,000","-8,000","-8,000"
"=""061138""",台積電統一41購02,0,0,0,0,0,0,0,0,0,"-8,000",0,0,0,0,"8,000","-8,000","-8,000"
"=""061036""",京元電元大4C購01,0,0,0,0,0,0,0,0,0,"-8,000",0,0,0,0,"8,000","-8,000","-8,000"
"=""061442""",天虹元富49購01  ,0,0,0,0,0,0,0,0,0,"-8,000",0,0,0,"10,000","18,000","-8,000","-8,000"
"=""068782""",威盛富邦4A購01  ,0,0,0,0,0,0,0,0,0,"-8,000",0,0,0,0,"8,000","-8,000","-8,000"
"=""051722""",台光電元大43購24,0,0,0,0,0,0,0,0,0,"-8,000",0,0,0,"50,000","58,000","-8,000","-8,000"
"=""052284""",士電國票44購01  ,0,0,0,0,0,0,0,0,0,"-8,000",0,0,0,"1,000","9,000","-8,000","-8,000"
"=""052992""",全新元富45購01  ,0,0,0,0,0,0,0,0,0,"-8,000",0,0,0,0,"8,000","-8,000","-8,000"
"=""052925""",宇隆凱基44購01  ,0,0,0,0,0,0,0,0,0,"-8,000",0,0,0,"201,000","209,000","-8,000","-8,000"
"=""052933""",拓凱凱基44購01  ,0,0,0,0,0,0,0,0,0,"-8,000",0,0,0,0,"8,000","-8,000","-8,000"
"=""063798""",士電凱基46購01  ,0,0,0,0,0,0,0,0,0,"-8,000",0,0,0,"2,000","10,000","-8,000","-8,000"
"=""059023""",可成中信47購01  ,0,0,0,0,0,0,0,0,0,"-8,000",0,0,0,"200,000","208,000","-8,000","-8,000"
"=""064020""",台積電凱基4C購08,0,0,0,0,0,0,0,0,0,"-8,000",0,0,0,0,"8,000","-8,000","-8,000"
"=""054288""",定穎控元大47購02,0,0,0,0,0,0,0,0,0,"-8,000",0,0,0,"4,000","12,000","-8,000","-8,000"
"=""054131""",敦泰群益44購01  ,0,0,0,0,0,0,0,0,0,"-8,000",0,0,0,"155,000","163,000","-8,000","-8,000"
9944,新麗            ,"5,000","13,000","-8,000",0,0,0,0,0,0,0,0,0,0,0,0,0,"-8,000"
"=""064282""",台光電元大46購17,0,0,0,0,0,0,0,0,0,"-8,000",0,0,0,0,"8,000","-8,000","-8,000"
"=""04938T""",群光元富36售02  ,0,0,0,0,0,0,0,0,0,"-8,000",0,0,0,0,"8,000","-8,000","-8,000"
"=""049260""",精銳元大43購04  ,0,0,0,0,0,0,0,0,0,"-8,000",0,0,0,0,"8,000","-8,000","-8,000"
"=""050219""",時碩群益45購02  ,0,0,0,0,0,0,0,0,0,"-8,000",0,0,0,0,"8,000","-8,000","-8,000"
2891C,中信金丙特      ,0,"10,000","-10,000",0,0,0,0,0,0,"2,000","2,000",0,"2,000",0,0,0,"-8,000"
"=""051017""",宏達電富邦46購01,0,0,0,0,0,0,0,0,0,"-8,000",0,0,0,"290,000","298,000","-8,000","-8,000"
"=""050900""",智邦國票44購03  ,0,0,0,0,0,0,0,0,0,"-8,000",0,0,0,"2,000","10,000","-8,000","-8,000"
1734,杏輝            ,"23,000","31,000","-8,000",0,0,0,0,0,0,0,0,0,0,0,0,0,"-8,000"
"=""06449U""",力積電元大54售10,0,0,0,0,0,0,0,0,0,"-8,000",0,0,0,"3,000","11,000","-8,000","-8,000"
1535,中宇            ,"3,000","10,000","-7,000",0,0,0,0,0,0,"-1,004",0,"1,000","-1,000",0,4,-4,"-8,004"
6277,宏正            ,"7,000","16,000","-9,000",0,0,0,0,0,0,453,0,0,0,"1,000",547,453,"-8,547"
6215,和椿            ,"8,000","17,000","-9,000",0,0,0,0,0,0,0,0,0,0,0,0,0,"-9,000"
5484,慧友            ,"3,000","12,000","-9,000",0,0,0,0,0,0,0,0,0,0,0,0,0,"-9,000"
3447,展達            ,"6,000","16,000","-10,000",0,0,0,0,0,0,"1,000","2,000","1,000","1,000",0,0,0,"-9,000"
"=""063715""",啟�眵峇@4C購01  ,0,0,0,0,0,0,0,0,0,"-9,000",0,0,0,0,"9,000","-9,000","-9,000"
"=""051460""",長華凱基46購01  ,0,0,0,0,0,0,0,0,0,"-9,000",0,0,0,"2,000","11,000","-9,000","-9,000"
"=""053738""",信錦國泰46購01  ,0,0,0,0,0,0,0,0,0,"-9,000",0,0,0,"1,000","10,000","-9,000","-9,000"
"=""053994""",建準統一4A購01  ,0,0,0,0,0,0,0,0,0,"-9,000",0,0,0,"10,000","19,000","-9,000","-9,000"
"=""054201""",智原元富47購05  ,0,0,0,0,0,0,0,0,0,"-9,000",0,0,0,"31,000","40,000","-9,000","-9,000"
"=""063744""",陽明國票48購02  ,0,0,0,0,0,0,0,0,0,"-9,000",0,0,0,0,"9,000","-9,000","-9,000"
2438,翔耀            ,"5,000","14,000","-9,000",0,0,0,0,0,0,0,0,0,0,0,0,0,"-9,000"
"=""050646""",美時中信43購02  ,0,0,0,0,0,0,0,0,0,"-9,000",0,0,0,"60,000","69,000","-9,000","-9,000"
2704,國賓            ,"20,000","29,000","-9,000",0,0,0,0,0,0,0,0,0,0,0,0,0,"-9,000"
"=""063178""",中502X群益46購04,0,0,0,0,0,0,0,0,0,"-9,000",0,0,0,0,"9,000","-9,000","-9,000"
"=""049004""",中興電凱基38購01,0,0,0,0,0,0,0,0,0,"-9,000",0,0,0,"125,000","134,000","-9,000","-9,000"
"=""047721""",貿聯元大43購04  ,0,0,0,0,0,0,0,0,0,"-9,000",0,0,0,"12,000","21,000","-9,000","-9,000"
"=""048454""",臺股指元大42購26,0,0,0,0,0,0,0,0,0,"-9,000",0,0,0,0,"9,000","-9,000","-9,000"
"=""048501""",台積電群益48購11,0,0,0,0,0,0,0,0,0,"-9,000",0,0,0,0,"9,000","-9,000","-9,000"
"=""040323""",華擎群益56購02  ,0,0,0,0,0,0,0,0,0,"-9,000",0,0,0,0,"9,000","-9,000","-9,000"
"=""068698""",京元電凱基49購02,0,0,0,0,0,0,0,0,0,"-9,000",0,0,0,0,"9,000","-9,000","-9,000"
"=""068866""",奇鋐永豐48購03  ,0,0,0,0,0,0,0,0,0,"-9,000",0,0,0,"1,000","10,000","-9,000","-9,000"
"=""060888""",長榮中信46購03  ,0,0,0,0,0,0,0,0,0,"-9,000",0,0,0,"10,000","19,000","-9,000","-9,000"
"=""061355""",美時國票46購02  ,0,0,0,0,0,0,0,0,0,"-9,000",0,0,0,0,"9,000","-9,000","-9,000"
"=""061108""",百和永豐46購01  ,0,0,0,0,0,0,0,0,0,"-9,000",0,0,0,0,"9,000","-9,000","-9,000"
"=""061170""",臺指反群益4C購01,0,0,0,0,0,0,0,0,0,"-9,000",0,0,0,"100,000","109,000","-9,000","-9,000"
"=""061721""",金像電永豐46購02,0,0,0,0,0,0,0,0,0,"-9,000",0,0,0,0,"9,000","-9,000","-9,000"
"=""069149""",jpp群益49購01   ,0,0,0,0,0,0,0,0,0,"-9,000",0,0,0,"1,000","10,000","-9,000","-9,000"
"=""061808""",冠德凱基46購01  ,0,0,0,0,0,0,0,0,0,"-9,000",0,0,0,"3,000","12,000","-9,000","-9,000"
"=""069532""",堤維西國泰49購01,0,0,0,0,0,0,0,0,0,"-9,000",0,0,0,0,"9,000","-9,000","-9,000"
"=""062065""",晶心科群益46購03,0,0,0,0,0,0,0,0,0,"-9,000",0,0,0,"104,000","113,000","-9,000","-9,000"
"=""062608""",川湖國泰48購03  ,0,0,0,0,0,0,0,0,0,"-9,000",0,0,0,"4,000","13,000","-9,000","-9,000"
"=""046893""",世紀鋼永豐42購05,0,0,0,0,0,0,0,0,0,"-9,000",0,0,0,0,"9,000","-9,000","-9,000"
"=""046524""",亞力凱基43購03  ,0,0,0,0,0,0,0,0,0,"-9,000",0,0,0,"23,000","32,000","-9,000","-9,000"
"=""046527""",上銀凱基43購02  ,0,0,0,0,0,0,0,0,0,"-9,000",0,0,0,"7,000","16,000","-9,000","-9,000"
"=""062346""",創意元大46購10  ,0,0,0,0,0,0,0,0,0,"-9,000",0,0,0,0,"9,000","-9,000","-9,000"
"=""07386U""",創意富邦35售01  ,0,0,0,0,0,0,0,0,0,"-9,000",0,0,0,"9,000","18,000","-9,000","-9,000"
"=""057815""",神達元富45購03  ,0,0,0,0,0,0,0,0,0,"-9,000",0,0,0,0,"9,000","-9,000","-9,000"
"=""062871""",創意統一58購01  ,0,0,0,0,0,0,0,0,0,"-9,000",0,0,0,"45,000","54,000","-9,000","-9,000"
"=""055216""",欣興永豐45購01  ,0,0,0,0,0,0,0,0,0,"-9,000",0,0,0,"60,000","69,000","-9,000","-9,000"
"=""054603""",奇鋐群益46購06  ,0,0,0,0,0,0,0,0,0,"-9,000",0,0,0,"1,000","10,000","-9,000","-9,000"
"=""08710U""",滬深2X群益34售02,0,0,0,0,0,0,0,0,0,"-9,000",0,0,0,"3,000","12,000","-9,000","-9,000"
"=""055345""",華泰元富47購01  ,0,0,0,0,0,0,0,0,0,"-9,000",0,0,0,"1,000","10,000","-9,000","-9,000"
"=""054793""",健鼎凱基45購01  ,0,0,0,0,0,0,0,0,0,"-9,000",0,0,0,0,"9,000","-9,000","-9,000"
"=""053486""",材料元富44購06  ,0,0,0,0,0,0,0,0,0,"-9,000",0,0,0,0,"9,000","-9,000","-9,000"
"=""04181T""",威盛永豐36售01  ,0,0,0,0,0,0,0,0,0,"-9,000",0,0,0,"1,000","10,000","-9,000","-9,000"
"=""067097""",華城元富51購01  ,0,0,0,0,0,0,0,0,0,"-9,000",0,0,0,0,"9,000","-9,000","-9,000"
"=""058543""",長榮元大45購18  ,0,0,0,0,0,0,0,0,0,"-9,000",0,0,0,0,"9,000","-9,000","-9,000"
"=""058535""",英業達元大45購06,0,0,0,0,0,0,0,0,0,"-9,000",0,0,0,0,"9,000","-9,000","-9,000"
"=""058307""",保瑞元大45購04  ,0,0,0,0,0,0,0,0,0,"-9,000",0,0,0,"44,000","53,000","-9,000","-9,000"
"=""059830""",鴻準凱基45購08  ,0,0,0,0,0,0,0,0,0,"-9,000",0,0,0,"51,000","60,000","-9,000","-9,000"
"=""042121""",大毅國票54購02  ,0,0,0,0,0,0,0,0,0,"-9,000",0,0,0,0,"9,000","-9,000","-9,000"
"=""03572T""",大立光凱基33售10,0,0,0,0,0,0,0,0,0,"-9,000",0,0,0,"1,000","10,000","-9,000","-9,000"
"=""042654""",建準國泰56購01  ,0,0,0,0,0,0,0,0,0,"-9,000",0,0,0,0,"9,000","-9,000","-9,000"
"=""03916C""",臺股指凱基3B牛04,0,0,0,0,0,0,0,0,0,"-9,000",0,0,0,0,"9,000","-9,000","-9,000"
"=""03792T""",矽統元大34售19  ,0,0,0,0,0,0,0,0,0,"-9,000",0,0,0,"21,000","30,000","-9,000","-9,000"
"=""03807T""",矽統國票35售03  ,0,0,0,0,0,0,0,0,0,"-9,000",0,0,0,"27,000","36,000","-9,000","-9,000"
"=""03822T""",台灣50兆豐3A售01,0,0,0,0,0,0,0,0,0,"-9,000",0,0,0,"1,000","10,000","-9,000","-9,000"
"=""066672""",台達電凱基47購03,0,0,0,0,0,0,0,0,0,"-9,000",0,0,0,0,"9,000","-9,000","-9,000"
"=""041649""",廣宇富邦54購03  ,0,0,0,0,0,0,0,0,0,"-9,000",0,0,0,"1,000","10,000","-9,000","-9,000"
"=""03016T""",元債2X元大35售01,0,0,0,0,0,0,0,0,0,"-9,000",0,0,0,"28,000","37,000","-9,000","-9,000"
2207,和泰車          ,"73,531","73,882",-351,0,0,0,0,"3,000","-3,000","-5,820",0,"3,225","-3,225",0,"2,595","-2,595","-9,171"
2345,智邦            ,"1,529,150","1,388,222","140,928",0,0,0,"163,000","388,000","-225,000","74,775","83,000","21,002","61,998","34,399","21,622","12,777","-9,297"
6782,視陽            ,"89,000","88,000","1,000",0,0,0,0,0,0,"-10,561","7,000","17,561","-10,561",0,0,0,"-9,561"
1231,聯華食          ,"11,000","21,000","-10,000",0,0,0,0,0,0,336,"2,000","1,664",336,0,0,0,"-9,664"
"=""054496""",臺股指元大44購36,0,0,0,0,0,0,0,0,0,"-10,000",0,0,0,0,"10,000","-10,000","-10,000"
"=""054422""",昆盈元富45購01  ,0,0,0,0,0,0,0,0,0,"-10,000",0,0,0,0,"10,000","-10,000","-10,000"
"=""054595""",致茂群益46購02  ,0,0,0,0,0,0,0,0,0,"-10,000",0,0,0,0,"10,000","-10,000","-10,000"
"=""04766T""",台積電國票35售05,0,0,0,0,0,0,0,0,0,"-10,000",0,0,0,0,"10,000","-10,000","-10,000"
1521,大億            ,"14,000","25,000","-11,000",0,0,0,0,0,0,"1,000","1,000",0,"1,000",0,0,0,"-10,000"
"=""047446""",臺股指凱基43購75,0,0,0,0,0,0,0,0,0,"-10,000",0,0,0,0,"10,000","-10,000","-10,000"
"=""054649""",奇鋐元富47購01  ,0,0,0,0,0,0,0,0,0,"-10,000",0,0,0,0,"10,000","-10,000","-10,000"
"=""055353""",陽明元富44購02  ,0,0,0,0,0,0,0,0,0,"-10,000",0,0,0,0,"10,000","-10,000","-10,000"
"=""05529U""",漢翔元大54售05  ,0,0,0,0,0,0,0,0,0,"-10,000",0,0,0,0,"10,000","-10,000","-10,000"
"=""055381""",陽明凱基45購04  ,0,0,0,0,0,0,0,0,0,"-10,000",0,0,0,0,"10,000","-10,000","-10,000"
"=""055275""",世芯群益46購04  ,0,0,0,0,0,0,0,0,0,"-10,000",0,0,0,0,"10,000","-10,000","-10,000"
"=""08419U""",臺股指群益34售22,0,0,0,0,0,0,0,0,0,"-10,000",0,0,0,0,"10,000","-10,000","-10,000"
"=""08455U""",景碩凱基31售03  ,0,0,0,0,0,0,0,0,0,"-10,000",0,0,0,0,"10,000","-10,000","-10,000"
"=""08474U""",緯穎富邦32售02  ,0,0,0,0,0,0,0,0,0,"-10,000",0,0,0,0,"10,000","-10,000","-10,000"
"=""08432U""",光寶科統一33售06,0,0,0,0,0,0,0,0,0,"-10,000",0,0,0,0,"10,000","-10,000","-10,000"
"=""08463U""",技嘉群益31售12  ,0,0,0,0,0,0,0,0,0,"-10,000",0,0,0,"10,000","20,000","-10,000","-10,000"
"=""08700U""",奇鋐元大33售03  ,0,0,0,0,0,0,0,0,0,"-10,000",0,0,0,0,"10,000","-10,000","-10,000"
"=""08734U""",奇鋐國票33售04  ,0,0,0,0,0,0,0,0,0,"-10,000",0,0,0,0,"10,000","-10,000","-10,000"
"=""08736U""",東哥國票33售02  ,0,0,0,0,0,0,0,0,0,"-10,000",0,0,0,0,"10,000","-10,000","-10,000"
"=""08779U""",材料群益34售02  ,0,0,0,0,0,0,0,0,0,"-10,000",0,0,0,"17,000","27,000","-10,000","-10,000"
"=""08788U""",臺股指群益35售21,0,0,0,0,0,0,0,0,0,"-10,000",0,0,0,0,"10,000","-10,000","-10,000"
"=""055452""",國泰金群益46購02,0,0,0,0,0,0,0,0,0,"-10,000",0,0,0,"20,000","30,000","-10,000","-10,000"
"=""08865U""",聯電元富34售03  ,0,0,0,0,0,0,0,0,0,"-10,000",0,0,0,0,"10,000","-10,000","-10,000"
"=""08836U""",精成科中信32售02,0,0,0,0,0,0,0,0,0,"-10,000",0,0,0,0,"10,000","-10,000","-10,000"
"=""08927U""",技嘉群益33售07  ,0,0,0,0,0,0,0,0,0,"-10,000",0,0,0,"10,000","20,000","-10,000","-10,000"
"=""08968U""",緯穎凱基33售09  ,0,0,0,0,0,0,0,0,0,"-10,000",0,0,0,0,"10,000","-10,000","-10,000"
"=""054352""",臺股指群益44購18,0,0,0,0,0,0,0,0,0,"-10,000",0,0,0,0,"10,000","-10,000","-10,000"
"=""055232""",矽統凱基47購02  ,0,0,0,0,0,0,0,0,0,"-10,000",0,0,0,0,"10,000","-10,000","-10,000"
"=""08378U""",光寶科統一33售05,0,0,0,0,0,0,0,0,0,"-10,000",0,0,0,"10,000","20,000","-10,000","-10,000"
"=""08239U""",英業達中信31售04,0,0,0,0,0,0,0,0,0,"-10,000",0,0,0,0,"10,000","-10,000","-10,000"
"=""055125""",雲豹元大44購03  ,0,0,0,0,0,0,0,0,0,"-10,000",0,0,0,0,"10,000","-10,000","-10,000"
"=""055080""",辛耘群益46購02  ,0,0,0,0,0,0,0,0,0,"-10,000",0,0,0,0,"10,000","-10,000","-10,000"
"=""054984""",雲豹元富44購04  ,0,0,0,0,0,0,0,0,0,"-10,000",0,0,0,0,"10,000","-10,000","-10,000"
"=""07845U""",台灣50元大33售05,0,0,0,0,0,0,0,0,0,"-10,000",0,0,0,0,"10,000","-10,000","-10,000"
"=""07809U""",技嘉元大2C售27  ,0,0,0,0,0,0,0,0,0,"-10,000",0,0,0,0,"10,000","-10,000","-10,000"
"=""081009""",臺股指元大4B購28,0,0,0,0,0,0,0,0,0,"-10,000",0,0,0,0,"10,000","-10,000","-10,000"
"=""055064""",致茂群益46購04  ,0,0,0,0,0,0,0,0,0,"-10,000",0,0,0,0,"10,000","-10,000","-10,000"
"=""047250""",華泰統一4C購01  ,0,0,0,0,0,0,0,0,0,"-10,000",0,0,0,0,"10,000","-10,000","-10,000"
"=""062850""",統一永豐47購01  ,0,0,0,0,0,0,0,0,0,"-10,000",0,0,0,0,"10,000","-10,000","-10,000"
"=""062773""",偉訓群益4A購01  ,0,0,0,0,0,0,0,0,0,"-10,000",0,0,0,"1,000","11,000","-10,000","-10,000"
"=""04699T""",臺股指凱基35售65,0,0,0,0,0,0,0,0,0,"-10,000",0,0,0,0,"10,000","-10,000","-10,000"
"=""047174""",台達電元大48購02,0,0,0,0,0,0,0,0,0,"-10,000",0,0,0,0,"10,000","-10,000","-10,000"
"=""047164""",玉晶光凱基43購07,0,0,0,0,0,0,0,0,0,"-10,000",0,0,0,"2,000","12,000","-10,000","-10,000"
"=""047327""",景碩元大43購19  ,0,0,0,0,0,0,0,0,0,"-10,000",0,0,0,0,"10,000","-10,000","-10,000"
"=""058113""",神達元大47購02  ,0,0,0,0,0,0,0,0,0,"-10,000",0,0,0,0,"10,000","-10,000","-10,000"
"=""058155""",晶睿群益47購01  ,0,0,0,0,0,0,0,0,0,"-10,000",0,0,0,"20,000","30,000","-10,000","-10,000"
"=""057800""",未來車元富45購02,0,0,0,0,0,0,0,0,0,"-10,000",0,0,0,0,"10,000","-10,000","-10,000"
"=""057827""",鴻準永豐46購04  ,0,0,0,0,0,0,0,0,0,"-10,000",0,0,0,0,"10,000","-10,000","-10,000"
"=""057706""",國企2X元大45購05,0,0,0,0,0,0,0,0,0,"-10,000",0,0,0,0,"10,000","-10,000","-10,000"
"=""057949""",迅得元大45購04  ,0,0,0,0,0,0,0,0,0,"-10,000",0,0,0,"20,000","30,000","-10,000","-10,000"
"=""045972""",華航統一48購01  ,0,0,0,0,0,0,0,0,0,"-10,000",0,0,0,"10,000","20,000","-10,000","-10,000"
"=""045871""",信錦國泰44購01  ,0,0,0,0,0,0,0,0,0,"-10,000",0,0,0,0,"10,000","-10,000","-10,000"
"=""045893""",瑞昱台新42購01  ,0,0,0,0,0,0,0,0,0,"-10,000",0,0,0,0,"10,000","-10,000","-10,000"
"=""07667U""",鴻海群益2C售04  ,0,0,0,0,0,0,0,0,0,"-10,000",0,0,0,0,"10,000","-10,000","-10,000"
"=""055793""",金像電統一39購01,0,0,0,0,0,0,0,0,0,"-10,000",0,0,0,0,"10,000","-10,000","-10,000"
"=""071395""",全新富邦4B購01  ,0,0,0,0,0,0,0,0,0,"-10,000",0,0,0,0,"10,000","-10,000","-10,000"
"=""069877""",長榮凱基48購05  ,0,0,0,0,0,0,0,0,0,"-10,000",0,0,0,0,"10,000","-10,000","-10,000"
"=""069887""",祥碩凱基49購03  ,0,0,0,0,0,0,0,0,0,"-10,000",0,0,0,0,"10,000","-10,000","-10,000"
"=""057553""",貿聯元大45購06  ,0,0,0,0,0,0,0,0,0,"-10,000",0,0,0,0,"10,000","-10,000","-10,000"
"=""055909""",穎崴元富47購01  ,0,0,0,0,0,0,0,0,0,"-10,000",0,0,0,"2,000","12,000","-10,000","-10,000"
"=""057396""",力成統一4B購01  ,0,0,0,0,0,0,0,0,0,"-10,000",0,0,0,0,"10,000","-10,000","-10,000"
"=""057439""",緯創中信46購01  ,0,0,0,0,0,0,0,0,0,"-10,000",0,0,0,0,"10,000","-10,000","-10,000"
"=""062340""",大立光元大46購09,0,0,0,0,0,0,0,0,0,"-10,000",0,0,0,"130,000","140,000","-10,000","-10,000"
"=""062289""",皇昌群益46購08  ,0,0,0,0,0,0,0,0,0,"-10,000",0,0,0,0,"10,000","-10,000","-10,000"
"=""04640T""",聯詠群益35售06  ,0,0,0,0,0,0,0,0,0,"-10,000",0,0,0,0,"10,000","-10,000","-10,000"
"=""062392""",神達凱基48購02  ,0,0,0,0,0,0,0,0,0,"-10,000",0,0,0,0,"10,000","-10,000","-10,000"
"=""046301""",大亞元大48購01  ,0,0,0,0,0,0,0,0,0,"-10,000",0,0,0,0,"10,000","-10,000","-10,000"
"=""062584""",華航元大46購06  ,0,0,0,0,0,0,0,0,0,"-10,000",0,0,0,"39,000","49,000","-10,000","-10,000"
"=""046674""",大立光元大43購17,0,0,0,0,0,0,0,0,0,"-10,000",0,0,0,0,"10,000","-10,000","-10,000"
"=""046757""",金像電凱基43購02,0,0,0,0,0,0,0,0,0,"-10,000",0,0,0,0,"10,000","-10,000","-10,000"
"=""046712""",台灣50富邦43購13,0,0,0,0,0,0,0,0,0,"-10,000",0,0,0,0,"10,000","-10,000","-10,000"
"=""046852""",臺股指元大43購51,0,0,0,0,0,0,0,0,0,"-10,000",0,0,0,0,"10,000","-10,000","-10,000"
"=""046845""",景碩元大43購15  ,0,0,0,0,0,0,0,0,0,"-10,000",0,0,0,0,"10,000","-10,000","-10,000"
"=""046821""",士電元大43購06  ,0,0,0,0,0,0,0,0,0,"-10,000",0,0,0,0,"10,000","-10,000","-10,000"
"=""04697T""",材料凱基36售08  ,0,0,0,0,0,0,0,0,0,"-10,000",0,0,0,0,"10,000","-10,000","-10,000"
"=""046937""",瑞祺國泰44購01  ,0,0,0,0,0,0,0,0,0,"-10,000",0,0,0,0,"10,000","-10,000","-10,000"
"=""069612""",羅昇統一52購02  ,0,0,0,0,0,0,0,0,0,"-10,000",0,0,0,0,"10,000","-10,000","-10,000"
"=""069592""",新日興統一52購03,0,0,0,0,0,0,0,0,0,"-10,000",0,0,0,0,"10,000","-10,000","-10,000"
"=""069596""",健策統一52購01  ,0,0,0,0,0,0,0,0,0,"-10,000",0,0,0,0,"10,000","-10,000","-10,000"
"=""062102""",創意元大46購06  ,0,0,0,0,0,0,0,0,0,"-10,000",0,0,0,0,"10,000","-10,000","-10,000"
"=""062110""",中磊元大46購01  ,0,0,0,0,0,0,0,0,0,"-10,000",0,0,0,0,"10,000","-10,000","-10,000"
"=""069707""",中興電統一46購01,0,0,0,0,0,0,0,0,0,"-10,000",0,0,0,0,"10,000","-10,000","-10,000"
"=""069799""",精成科統一58購01,0,0,0,0,0,0,0,0,0,"-10,000",0,0,0,0,"10,000","-10,000","-10,000"
"=""069771""",聯發科國泰49購02,0,0,0,0,0,0,0,0,0,"-10,000",0,0,0,0,"10,000","-10,000","-10,000"
"=""069743""",華晶科元富48購01,0,0,0,0,0,0,0,0,0,"-10,000",0,0,0,"10,000","20,000","-10,000","-10,000"
"=""069746""",世芯元富49購07  ,0,0,0,0,0,0,0,0,0,"-10,000",0,0,0,"4,000","14,000","-10,000","-10,000"
"=""069459""",上銀元大48購04  ,0,0,0,0,0,0,0,0,0,"-10,000",0,0,0,0,"10,000","-10,000","-10,000"
"=""069491""",精銳元大48購03  ,0,0,0,0,0,0,0,0,0,"-10,000",0,0,0,0,"10,000","-10,000","-10,000"
"=""069487""",世芯元大48購20  ,0,0,0,0,0,0,0,0,0,"-10,000",0,0,0,0,"10,000","-10,000","-10,000"
"=""069432""",凱美群益4A購01  ,0,0,0,0,0,0,0,0,0,"-10,000",0,0,0,"4,000","14,000","-10,000","-10,000"
"=""061975""",陽明凱基46購04  ,0,0,0,0,0,0,0,0,0,"-10,000",0,0,0,"16,000","26,000","-10,000","-10,000"
"=""061988""",永道凱基46購01  ,0,0,0,0,0,0,0,0,0,"-10,000",0,0,0,"21,000","31,000","-10,000","-10,000"
"=""061876""",仁寶元大46購07  ,0,0,0,0,0,0,0,0,0,"-10,000",0,0,0,0,"10,000","-10,000","-10,000"
"=""069421""",台塑群益53購01  ,0,0,0,0,0,0,0,0,0,"-10,000",0,0,0,0,"10,000","-10,000","-10,000"
"=""069387""",鴻海統一52購02  ,0,0,0,0,0,0,0,0,0,"-10,000",0,0,0,0,"10,000","-10,000","-10,000"
"=""069365""",T50正2永豐4C購02,0,0,0,0,0,0,0,0,0,"-10,000",0,0,0,0,"10,000","-10,000","-10,000"
"=""069179""",緯創統一52購01  ,0,0,0,0,0,0,0,0,0,"-10,000",0,0,0,0,"10,000","-10,000","-10,000"
"=""069202""",日月光統一46購01,0,0,0,0,0,0,0,0,0,"-10,000",0,0,0,0,"10,000","-10,000","-10,000"
"=""069231""",瑞昱元富48購01  ,0,0,0,0,0,0,0,0,0,"-10,000",0,0,0,0,"10,000","-10,000","-10,000"
"=""061775""",新纖國票47購01  ,0,0,0,0,0,0,0,0,0,"-10,000",0,0,0,"100,000","110,000","-10,000","-10,000"
"=""069243""",鈺齊元富48購02  ,0,0,0,0,0,0,0,0,0,"-10,000",0,0,0,0,"10,000","-10,000","-10,000"
"=""069318""",神達國票48購04  ,0,0,0,0,0,0,0,0,0,"-10,000",0,0,0,0,"10,000","-10,000","-10,000"
"=""057352""",緯創群益45購06  ,0,0,0,0,0,0,0,0,0,"-10,000",0,0,0,0,"10,000","-10,000","-10,000"
"=""056623""",滬深2X永豐46購07,0,0,0,0,0,0,0,0,0,"-10,000",0,0,0,0,"10,000","-10,000","-10,000"
"=""056612""",天虹群益45購01  ,0,0,0,0,0,0,0,0,0,"-10,000",0,0,0,0,"10,000","-10,000","-10,000"
"=""061585""",台化國票46購03  ,0,0,0,0,0,0,0,0,0,"-10,000",0,0,0,"20,000","30,000","-10,000","-10,000"
"=""061674""",台積電群益5B購01,0,0,0,0,0,0,0,0,0,"-10,000",0,0,0,0,"10,000","-10,000","-10,000"
"=""061497""",國泰金兆豐46購01,0,0,0,0,0,0,0,0,0,"-10,000",0,0,0,0,"10,000","-10,000","-10,000"
"=""057005""",英業達台新45購01,0,0,0,0,0,0,0,0,0,"-10,000",0,0,0,0,"10,000","-10,000","-10,000"
"=""057135""",緯創群益45購03  ,0,0,0,0,0,0,0,0,0,"-10,000",0,0,0,0,"10,000","-10,000","-10,000"
"=""057224""",聯陽統一4A購01  ,0,0,0,0,0,0,0,0,0,"-10,000",0,0,0,0,"10,000","-10,000","-10,000"
"=""057287""",T50正2元大49購01,0,0,0,0,0,0,0,0,0,"-10,000",0,0,0,0,"10,000","-10,000","-10,000"
"=""061019""",美時元大46購07  ,0,0,0,0,0,0,0,0,0,"-10,000",0,0,0,"36,000","46,000","-10,000","-10,000"
"=""061354""",合機國票46購02  ,0,0,0,0,0,0,0,0,0,"-10,000",0,0,0,0,"10,000","-10,000","-10,000"
"=""061302""",智原中信4A購01  ,0,0,0,0,0,0,0,0,0,"-10,000",0,0,0,"14,000","24,000","-10,000","-10,000"
"=""061433""",世芯元富46購09  ,0,0,0,0,0,0,0,0,0,"-10,000",0,0,0,0,"10,000","-10,000","-10,000"
"=""061455""",金寶元大46購01  ,0,0,0,0,0,0,0,0,0,"-10,000",0,0,0,0,"10,000","-10,000","-10,000"
"=""060891""",奇鋐中信47購01  ,0,0,0,0,0,0,0,0,0,"-10,000",0,0,0,0,"10,000","-10,000","-10,000"
"=""068992""",威盛國泰49購01  ,0,0,0,0,0,0,0,0,0,"-10,000",0,0,0,0,"10,000","-10,000","-10,000"
"=""068953""",臺股指元大48購21,0,0,0,0,0,0,0,0,0,"-10,000",0,0,0,0,"10,000","-10,000","-10,000"
"=""068795""",世紀鋼富邦48購02,0,0,0,0,0,0,0,0,0,"-10,000",0,0,0,0,"10,000","-10,000","-10,000"
"=""068904""",聯發科元大4C購03,0,0,0,0,0,0,0,0,0,"-10,000",0,0,0,0,"10,000","-10,000","-10,000"
"=""068920""",欣興第一43購01  ,0,0,0,0,0,0,0,0,0,"-10,000",0,0,0,0,"10,000","-10,000","-10,000"
"=""068937""",雄獅統一3C購01  ,0,0,0,0,0,0,0,0,0,"-10,000",0,0,0,0,"10,000","-10,000","-10,000"
"=""060753""",台積電元大46購15,0,0,0,0,0,0,0,0,0,"-10,000",0,0,0,"200,000","210,000","-10,000","-10,000"
"=""060592""",大立光元大4B購01,0,0,0,0,0,0,0,0,0,"-10,000",0,0,0,0,"10,000","-10,000","-10,000"
"=""060598""",上緯控元大46購01,0,0,0,0,0,0,0,0,0,"-10,000",0,0,0,0,"10,000","-10,000","-10,000"
"=""060550""",友達富邦46購02  ,0,0,0,0,0,0,0,0,0,"-10,000",0,0,0,0,"10,000","-10,000","-10,000"
"=""060488""",世紀鋼中信48購01,0,0,0,0,0,0,0,0,0,"-10,000",0,0,0,0,"10,000","-10,000","-10,000"
"=""060404""",台塑永豐46購02  ,0,0,0,0,0,0,0,0,0,"-10,000",0,0,0,0,"10,000","-10,000","-10,000"
"=""060381""",臺股指元大46購26,0,0,0,0,0,0,0,0,0,"-10,000",0,0,0,0,"10,000","-10,000","-10,000"
"=""060272""",國產國票46購01  ,0,0,0,0,0,0,0,0,0,"-10,000",0,0,0,"10,000","20,000","-10,000","-10,000"
"=""060775""",瑞鼎元大46購01  ,0,0,0,0,0,0,0,0,0,"-10,000",0,0,0,0,"10,000","-10,000","-10,000"
"=""060776""",技嘉永豐3A購01  ,0,0,0,0,0,0,0,0,0,"-10,000",0,0,0,0,"10,000","-10,000","-10,000"
"=""068426""",東陽國票48購01  ,0,0,0,0,0,0,0,0,0,"-10,000",0,0,0,"8,000","18,000","-10,000","-10,000"
"=""068408""",富世達統一56購01,0,0,0,0,0,0,0,0,0,"-10,000",0,0,0,0,"10,000","-10,000","-10,000"
"=""068536""",台積電富邦4C購05,0,0,0,0,0,0,0,0,0,"-10,000",0,0,0,0,"10,000","-10,000","-10,000"
"=""068658""",緯穎統一52購03  ,0,0,0,0,0,0,0,0,0,"-10,000",0,0,0,0,"10,000","-10,000","-10,000"
"=""03012T""",台灣50元大32售09,0,0,0,0,0,0,0,0,0,"-10,000",0,0,0,0,"10,000","-10,000","-10,000"
"=""03065T""",創意元大33售18  ,0,0,0,0,0,0,0,0,0,"-10,000",0,0,0,"10,000","20,000","-10,000","-10,000"
"=""041632""",華新兆豐55購01  ,0,0,0,0,0,0,0,0,0,"-10,000",0,0,0,"60,000","70,000","-10,000","-10,000"
"=""041449""",台積電永豐5A購07,0,0,0,0,0,0,0,0,0,"-10,000",0,0,0,0,"10,000","-10,000","-10,000"
"=""066104""",漢唐凱基48購01  ,0,0,0,0,0,0,0,0,0,"-10,000",0,0,0,"262,000","272,000","-10,000","-10,000"
"=""066080""",和大富邦4B購01  ,0,0,0,0,0,0,0,0,0,"-10,000",0,0,0,0,"10,000","-10,000","-10,000"
"=""066052""",直得元富49購02  ,0,0,0,0,0,0,0,0,0,"-10,000",0,0,0,"50,000","60,000","-10,000","-10,000"
"=""043435""",金像電元富55購01,0,0,0,0,0,0,0,0,0,"-10,000",0,0,0,0,"10,000","-10,000","-10,000"
"=""043656""",亞力統一5B購01  ,0,0,0,0,0,0,0,0,0,"-10,000",0,0,0,0,"10,000","-10,000","-10,000"
"=""043657""",國巨統一58購06  ,0,0,0,0,0,0,0,0,0,"-10,000",0,0,0,0,"10,000","-10,000","-10,000"
"=""065790""",所羅門富邦4A購01,0,0,0,0,0,0,0,0,0,"-10,000",0,0,0,"6,000","16,000","-10,000","-10,000"
"=""065817""",緯穎國票49購01  ,0,0,0,0,0,0,0,0,0,"-10,000",0,0,0,0,"10,000","-10,000","-10,000"
"=""065898""",台光電凱基49購02,0,0,0,0,0,0,0,0,0,"-10,000",0,0,0,0,"10,000","-10,000","-10,000"
"=""065894""",鴻海凱基48購03  ,0,0,0,0,0,0,0,0,0,"-10,000",0,0,0,0,"10,000","-10,000","-10,000"
"=""066727""",智原群益47購06  ,0,0,0,0,0,0,0,0,0,"-10,000",0,0,0,0,"10,000","-10,000","-10,000"
"=""066787""",台塑中信48購01  ,0,0,0,0,0,0,0,0,0,"-10,000",0,0,0,0,"10,000","-10,000","-10,000"
"=""066501""",廣宇群益47購03  ,0,0,0,0,0,0,0,0,0,"-10,000",0,0,0,"2,000","12,000","-10,000","-10,000"
"=""066502""",台積電群益47購33,0,0,0,0,0,0,0,0,0,"-10,000",0,0,0,"33,000","43,000","-10,000","-10,000"
"=""066474""",晟銘電元大4B購01,0,0,0,0,0,0,0,0,0,"-10,000",0,0,0,0,"10,000","-10,000","-10,000"
"=""066448""",滬深2X元大4B購01,0,0,0,0,0,0,0,0,0,"-10,000",0,0,0,"11,000","21,000","-10,000","-10,000"
"=""038154""",鈺邦元富53購07  ,0,0,0,0,0,0,0,0,0,"-10,000",0,0,0,0,"10,000","-10,000","-10,000"
"=""066317""",鴻海永豐4B購03  ,0,0,0,0,0,0,0,0,0,"-10,000",0,0,0,"4,000","14,000","-10,000","-10,000"
"=""066305""",智邦第一47購01  ,0,0,0,0,0,0,0,0,0,"-10,000",0,0,0,"2,000","12,000","-10,000","-10,000"
"=""066364""",玉晶光元富51購03,0,0,0,0,0,0,0,0,0,"-10,000",0,0,0,0,"10,000","-10,000","-10,000"
"=""066386""",智原統一3B購02  ,0,0,0,0,0,0,0,0,0,"-10,000",0,0,0,0,"10,000","-10,000","-10,000"
"=""066131""",群創群益3B購02  ,0,0,0,0,0,0,0,0,0,"-10,000",0,0,0,0,"10,000","-10,000","-10,000"
"=""066167""",材料統一3B購01  ,0,0,0,0,0,0,0,0,0,"-10,000",0,0,0,0,"10,000","-10,000","-10,000"
"=""03715T""",矽統元大34售08  ,0,0,0,0,0,0,0,0,0,"-10,000",0,0,0,0,"10,000","-10,000","-10,000"
"=""036940""",力成永豐56購02  ,0,0,0,0,0,0,0,0,0,"-10,000",0,0,0,0,"10,000","-10,000","-10,000"
"=""066206""",華通群益47購03  ,0,0,0,0,0,0,0,0,0,"-10,000",0,0,0,"20,000","30,000","-10,000","-10,000"
"=""03768T""",臺股指元富36售03,0,0,0,0,0,0,0,0,0,"-10,000",0,0,0,"67,000","77,000","-10,000","-10,000"
"=""03763T""",鴻準元富34售02  ,0,0,0,0,0,0,0,0,0,"-10,000",0,0,0,0,"10,000","-10,000","-10,000"
"=""037482""",華邦電元富53購03,0,0,0,0,0,0,0,0,0,"-10,000",0,0,0,0,"10,000","-10,000","-10,000"
"=""03885C""",大立光富邦35牛01,0,0,0,0,0,0,0,0,0,"-10,000",0,0,0,"10,000","20,000","-10,000","-10,000"
"=""065368""",川湖統一3B購02  ,0,0,0,0,0,0,0,0,0,"-10,000",0,0,0,0,"10,000","-10,000","-10,000"
"=""065466""",華新科國票51購01,0,0,0,0,0,0,0,0,0,"-10,000",0,0,0,0,"10,000","-10,000","-10,000"
"=""065620""",緯創凱基43購02  ,0,0,0,0,0,0,0,0,0,"-10,000",0,0,0,0,"10,000","-10,000","-10,000"
"=""065644""",jpp群益48購03   ,0,0,0,0,0,0,0,0,0,"-10,000",0,0,0,"9,000","19,000","-10,000","-10,000"
"=""065562""",鴻海中信3B購01  ,0,0,0,0,0,0,0,0,0,"-10,000",0,0,0,"10,000","20,000","-10,000","-10,000"
"=""065659""",為升凱基47購01  ,0,0,0,0,0,0,0,0,0,"-10,000",0,0,0,"10,000","20,000","-10,000","-10,000"
"=""04263T""",創意元大35售11  ,0,0,0,0,0,0,0,0,0,"-10,000",0,0,0,"10,000","20,000","-10,000","-10,000"
"=""042613""",緯創凱基55購03  ,0,0,0,0,0,0,0,0,0,"-10,000",0,0,0,0,"10,000","-10,000","-10,000"
"=""042602""",大同凱基55購01  ,0,0,0,0,0,0,0,0,0,"-10,000",0,0,0,0,"10,000","-10,000","-10,000"
"=""043046""",華榮元大55購01  ,0,0,0,0,0,0,0,0,0,"-10,000",0,0,0,0,"10,000","-10,000","-10,000"
"=""042813""",宏達電國票57購01,0,0,0,0,0,0,0,0,0,"-10,000",0,0,0,0,"10,000","-10,000","-10,000"
"=""042737""",大立光元大58購02,0,0,0,0,0,0,0,0,0,"-10,000",0,0,0,0,"10,000","-10,000","-10,000"
"=""065078""",華城統一3B購02  ,0,0,0,0,0,0,0,0,0,"-10,000",0,0,0,0,"10,000","-10,000","-10,000"
"=""043193""",科妍元富5B購01  ,0,0,0,0,0,0,0,0,0,"-10,000",0,0,0,0,"10,000","-10,000","-10,000"
"=""043081""",日月光元大55購01,0,0,0,0,0,0,0,0,0,"-10,000",0,0,0,0,"10,000","-10,000","-10,000"
"=""043179""",南電凱基56購05  ,0,0,0,0,0,0,0,0,0,"-10,000",0,0,0,0,"10,000","-10,000","-10,000"
"=""065293""",川湖統一54購02  ,0,0,0,0,0,0,0,0,0,"-10,000",0,0,0,0,"10,000","-10,000","-10,000"
"=""035750""",八方統一57購02  ,0,0,0,0,0,0,0,0,0,"-10,000",0,0,0,0,"10,000","-10,000","-10,000"
"=""042123""",華新科國票59購01,0,0,0,0,0,0,0,0,0,"-10,000",0,0,0,0,"10,000","-10,000","-10,000"
"=""042128""",日電貿國票55購01,0,0,0,0,0,0,0,0,0,"-10,000",0,0,0,0,"10,000","-10,000","-10,000"
"=""045567""",景碩凱基56購04  ,0,0,0,0,0,0,0,0,0,"-10,000",0,0,0,0,"10,000","-10,000","-10,000"
"=""042110""",國巨國票54購06  ,0,0,0,0,0,0,0,0,0,"-10,000",0,0,0,0,"10,000","-10,000","-10,000"
"=""042362""",致茂元大54購08  ,0,0,0,0,0,0,0,0,0,"-10,000",0,0,0,"60,000","70,000","-10,000","-10,000"
"=""042182""",鴻海元大54購75  ,0,0,0,0,0,0,0,0,0,"-10,000",0,0,0,0,"10,000","-10,000","-10,000"
"=""042215""",緯創元大54購37  ,0,0,0,0,0,0,0,0,0,"-10,000",0,0,0,0,"10,000","-10,000","-10,000"
"=""03843T""",中砂群益36售02  ,0,0,0,0,0,0,0,0,0,"-10,000",0,0,0,"10,000","20,000","-10,000","-10,000"
"=""03837T""",世紀鋼國票34售06,0,0,0,0,0,0,0,0,0,"-10,000",0,0,0,"10,000","20,000","-10,000","-10,000"
"=""042510""",南電凱基56購04  ,0,0,0,0,0,0,0,0,0,"-10,000",0,0,0,0,"10,000","-10,000","-10,000"
"=""03618B""",臺股指元大35熊20,0,0,0,0,0,0,0,0,0,"-10,000",0,0,0,0,"10,000","-10,000","-10,000"
"=""036699""",南亞科元富56購04,0,0,0,0,0,0,0,0,0,"-10,000",0,0,0,0,"10,000","-10,000","-10,000"
"=""03635T""",亞德客群益34售02,0,0,0,0,0,0,0,0,0,"-10,000",0,0,0,0,"10,000","-10,000","-10,000"
"=""03638T""",神基群益34售01  ,0,0,0,0,0,0,0,0,0,"-10,000",0,0,0,0,"10,000","-10,000","-10,000"
"=""03174T""",臺指2X元大39售01,0,0,0,0,0,0,0,0,0,"-10,000",0,0,0,0,"10,000","-10,000","-10,000"
"=""03161T""",奇鋐元大34售07  ,0,0,0,0,0,0,0,0,0,"-10,000",0,0,0,0,"10,000","-10,000","-10,000"
"=""03194T""",台光電凱基34售03,0,0,0,0,0,0,0,0,0,"-10,000",0,0,0,0,"10,000","-10,000","-10,000"
"=""03210T""",立積元富33售02  ,0,0,0,0,0,0,0,0,0,"-10,000",0,0,0,"50,000","60,000","-10,000","-10,000"
"=""045650""",技嘉台新42購01  ,0,0,0,0,0,0,0,0,0,"-10,000",0,0,0,0,"10,000","-10,000","-10,000"
"=""03441T""",定穎控國票34售04,0,0,0,0,0,0,0,0,0,"-10,000",0,0,0,0,"10,000","-10,000","-10,000"
"=""045154""",奇鋐群益55購04  ,0,0,0,0,0,0,0,0,0,"-10,000",0,0,0,0,"10,000","-10,000","-10,000"
"=""044904""",一詮元富55購02  ,0,0,0,0,0,0,0,0,0,"-10,000",0,0,0,0,"10,000","-10,000","-10,000"
"=""044896""",華碩元富55購01  ,0,0,0,0,0,0,0,0,0,"-10,000",0,0,0,"10,000","20,000","-10,000","-10,000"
"=""04576T""",亞翔國票36售03  ,0,0,0,0,0,0,0,0,0,"-10,000",0,0,0,0,"10,000","-10,000","-10,000"
"=""059844""",啟�硈肭�47購01  ,0,0,0,0,0,0,0,0,0,"-10,000",0,0,0,"10,000","20,000","-10,000","-10,000"
"=""058825""",文曄永豐46購01  ,0,0,0,0,0,0,0,0,0,"-10,000",0,0,0,0,"10,000","-10,000","-10,000"
"=""059688""",創意凱基4B購02  ,0,0,0,0,0,0,0,0,0,"-10,000",0,0,0,0,"10,000","-10,000","-10,000"
"=""058680""",元黃金國票46購02,0,0,0,0,0,0,0,0,0,"-10,000",0,0,0,0,"10,000","-10,000","-10,000"
"=""059683""",奇鋐凱基46購04  ,0,0,0,0,0,0,0,0,0,"-10,000",0,0,0,0,"10,000","-10,000","-10,000"
"=""059621""",碩天元富4B購01  ,0,0,0,0,0,0,0,0,0,"-10,000",0,0,0,0,"10,000","-10,000","-10,000"
"=""059647""",台積電永豐4B購02,0,0,0,0,0,0,0,0,0,"-10,000",0,0,0,0,"10,000","-10,000","-10,000"
"=""058275""",光寶科元大45購01,0,0,0,0,0,0,0,0,0,"-10,000",0,0,0,0,"10,000","-10,000","-10,000"
"=""059938""",飛宏國票45購01  ,0,0,0,0,0,0,0,0,0,"-10,000",0,0,0,0,"10,000","-10,000","-10,000"
"=""059933""",鴻海國票46購09  ,0,0,0,0,0,0,0,0,0,"-10,000",0,0,0,0,"10,000","-10,000","-10,000"
"=""058858""",大立光凱基48購01,0,0,0,0,0,0,0,0,0,"-10,000",0,0,0,"50,000","60,000","-10,000","-10,000"
"=""058896""",美律元大45購04  ,0,0,0,0,0,0,0,0,0,"-10,000",0,0,0,0,"10,000","-10,000","-10,000"
"=""068319""",世芯元大48購04  ,0,0,0,0,0,0,0,0,0,"-10,000",0,0,0,0,"10,000","-10,000","-10,000"
"=""068104""",南亞科元富47購02,0,0,0,0,0,0,0,0,0,"-10,000",0,0,0,0,"10,000","-10,000","-10,000"
"=""060227""",皇昌凱基46購06  ,0,0,0,0,0,0,0,0,0,"-10,000",0,0,0,0,"10,000","-10,000","-10,000"
"=""060217""",台積電凱基47購14,0,0,0,0,0,0,0,0,0,"-10,000",0,0,0,0,"10,000","-10,000","-10,000"
"=""057696""",台灣50富邦4B購02,0,0,0,0,0,0,0,0,0,"-10,000",0,0,0,0,"10,000","-10,000","-10,000"
"=""060129""",可成群益4B購02  ,0,0,0,0,0,0,0,0,0,"-10,000",0,0,0,0,"10,000","-10,000","-10,000"
"=""057653""",啟�皏�豐47購01  ,0,0,0,0,0,0,0,0,0,"-10,000",0,0,0,"60,000","70,000","-10,000","-10,000"
"=""067946""",台達電永豐49購01,0,0,0,0,0,0,0,0,0,"-10,000",0,0,0,"90,000","100,000","-10,000","-10,000"
"=""067893""",T50正2元大4C購02,0,0,0,0,0,0,0,0,0,"-10,000",0,0,0,0,"10,000","-10,000","-10,000"
"=""067687""",啟�硈肭�47購03  ,0,0,0,0,0,0,0,0,0,"-10,000",0,0,0,"20,000","30,000","-10,000","-10,000"
"=""067785""",金融類國票48購01,0,0,0,0,0,0,0,0,0,"-10,000",0,0,0,"30,000","40,000","-10,000","-10,000"
"=""067749""",愛普富邦49購01  ,0,0,0,0,0,0,0,0,0,"-10,000",0,0,0,0,"10,000","-10,000","-10,000"
"=""058547""",日電貿元大45購01,0,0,0,0,0,0,0,0,0,"-10,000",0,0,0,0,"10,000","-10,000","-10,000"
"=""058553""",啟�痐舅j45購03  ,0,0,0,0,0,0,0,0,0,"-10,000",0,0,0,0,"10,000","-10,000","-10,000"
"=""058495""",華城凱基48購01  ,0,0,0,0,0,0,0,0,0,"-10,000",0,0,0,0,"10,000","-10,000","-10,000"
"=""058482""",中租國票46購03  ,0,0,0,0,0,0,0,0,0,"-10,000",0,0,0,"60,000","70,000","-10,000","-10,000"
"=""058608""",臺股指群益4B購01,0,0,0,0,0,0,0,0,0,"-10,000",0,0,0,0,"10,000","-10,000","-10,000"
"=""058604""",緯穎群益45購13  ,0,0,0,0,0,0,0,0,0,"-10,000",0,0,0,0,"10,000","-10,000","-10,000"
"=""059532""",文曄凱基45購03  ,0,0,0,0,0,0,0,0,0,"-10,000",0,0,0,0,"10,000","-10,000","-10,000"
"=""058398""",聯電國泰47購01  ,0,0,0,0,0,0,0,0,0,"-10,000",0,0,0,0,"10,000","-10,000","-10,000"
"=""067610""",台塑化元富51購01,0,0,0,0,0,0,0,0,0,"-10,000",0,0,0,0,"10,000","-10,000","-10,000"
"=""067619""",南亞統一51購05  ,0,0,0,0,0,0,0,0,0,"-10,000",0,0,0,"10,000","20,000","-10,000","-10,000"
"=""058400""",長榮元富45購03  ,0,0,0,0,0,0,0,0,0,"-10,000",0,0,0,0,"10,000","-10,000","-10,000"
"=""067349""",玉晶光元大47購20,0,0,0,0,0,0,0,0,0,"-10,000",0,0,0,0,"10,000","-10,000","-10,000"
"=""067271""",裕慶國票49購02  ,0,0,0,0,0,0,0,0,0,"-10,000",0,0,0,0,"10,000","-10,000","-10,000"
"=""067213""",材料凱基47購09  ,0,0,0,0,0,0,0,0,0,"-10,000",0,0,0,0,"10,000","-10,000","-10,000"
"=""067525""",中磊元大47購05  ,0,0,0,0,0,0,0,0,0,"-10,000",0,0,0,0,"10,000","-10,000","-10,000"
"=""067531""",泰金寶元大47購08,0,0,0,0,0,0,0,0,0,"-10,000",0,0,0,0,"10,000","-10,000","-10,000"
"=""067467""",群創凱基47購03  ,0,0,0,0,0,0,0,0,0,"-10,000",0,0,0,0,"10,000","-10,000","-10,000"
"=""067459""",鴻海凱基47購21  ,0,0,0,0,0,0,0,0,0,"-10,000",0,0,0,0,"10,000","-10,000","-10,000"
"=""067449""",力積電國票47購01,0,0,0,0,0,0,0,0,0,"-10,000",0,0,0,0,"10,000","-10,000","-10,000"
"=""067402""",惠特元富48購01  ,0,0,0,0,0,0,0,0,0,"-10,000",0,0,0,0,"10,000","-10,000","-10,000"
"=""067095""",世紀鋼兆豐51購01,0,0,0,0,0,0,0,0,0,"-10,000",0,0,0,0,"10,000","-10,000","-10,000"
"=""067074""",中502X凱基3B購01,0,0,0,0,0,0,0,0,0,"-10,000",0,0,0,0,"10,000","-10,000","-10,000"
"=""067056""",和大群益47購04  ,0,0,0,0,0,0,0,0,0,"-10,000",0,0,0,0,"10,000","-10,000","-10,000"
"=""067062""",所羅門群益47購03,0,0,0,0,0,0,0,0,0,"-10,000",0,0,0,0,"10,000","-10,000","-10,000"
"=""03414T""",華通中信33售04  ,0,0,0,0,0,0,0,0,0,"-10,000",0,0,0,0,"10,000","-10,000","-10,000"
"=""03416T""",FB越南凱基36售01,0,0,0,0,0,0,0,0,0,"-10,000",0,0,0,0,"10,000","-10,000","-10,000"
"=""03408T""",材料元富33售02  ,0,0,0,0,0,0,0,0,0,"-10,000",0,0,0,0,"10,000","-10,000","-10,000"
"=""041978""",至上國泰55購03  ,0,0,0,0,0,0,0,0,0,"-10,000",0,0,0,0,"10,000","-10,000","-10,000"
"=""04206T""",技嘉永豐36售09  ,0,0,0,0,0,0,0,0,0,"-10,000",0,0,0,0,"10,000","-10,000","-10,000"
"=""052091""",力積電兆豐45購03,0,0,0,0,0,0,0,0,0,"-10,000",0,0,0,0,"10,000","-10,000","-10,000"
"=""052094""",台積電群益44購34,0,0,0,0,0,0,0,0,0,"-10,000",0,0,0,0,"10,000","-10,000","-10,000"
"=""052095""",旺宏群益43購02  ,0,0,0,0,0,0,0,0,0,"-10,000",0,0,0,0,"10,000","-10,000","-10,000"
"=""052111""",TPK群益45購01   ,0,0,0,0,0,0,0,0,0,"-10,000",0,0,0,0,"10,000","-10,000","-10,000"
"=""054813""",致茂國票45購02  ,0,0,0,0,0,0,0,0,0,"-10,000",0,0,0,"1,000","11,000","-10,000","-10,000"
"=""054899""",台光電元富44購01,0,0,0,0,0,0,0,0,0,"-10,000",0,0,0,0,"10,000","-10,000","-10,000"
"=""041761""",華通元大54購10  ,0,0,0,0,0,0,0,0,0,"-10,000",0,0,0,0,"10,000","-10,000","-10,000"
"=""03286T""",凌陽元大34售05  ,0,0,0,0,0,0,0,0,0,"-10,000",0,0,0,0,"10,000","-10,000","-10,000"
"=""055942""",陽明元大44購18  ,0,0,0,0,0,0,0,0,0,"-10,000",0,0,0,0,"10,000","-10,000","-10,000"
"=""066940""",盟立富邦49購01  ,0,0,0,0,0,0,0,0,0,"-10,000",0,0,0,"342,000","352,000","-10,000","-10,000"
"=""066974""",世芯元大4B購03  ,0,0,0,0,0,0,0,0,0,"-10,000",0,0,0,0,"10,000","-10,000","-10,000"
"=""066923""",材料群益47購08  ,0,0,0,0,0,0,0,0,0,"-10,000",0,0,0,"2,000","12,000","-10,000","-10,000"
"=""051587""",欣興國泰45購02  ,0,0,0,0,0,0,0,0,0,"-10,000",0,0,0,0,"10,000","-10,000","-10,000"
"=""051694""",鉅祥富邦44購01  ,0,0,0,0,0,0,0,0,0,"-10,000",0,0,0,0,"10,000","-10,000","-10,000"
"=""051717""",科技息元大45購01,0,0,0,0,0,0,0,0,0,"-10,000",0,0,0,0,"10,000","-10,000","-10,000"
"=""051673""",長華群益45購01  ,0,0,0,0,0,0,0,0,0,"-10,000",0,0,0,"5,000","15,000","-10,000","-10,000"
"=""051671""",達發群益44購01  ,0,0,0,0,0,0,0,0,0,"-10,000",0,0,0,0,"10,000","-10,000","-10,000"
"=""052952""",中纖群益45購01  ,0,0,0,0,0,0,0,0,0,"-10,000",0,0,0,0,"10,000","-10,000","-10,000"
"=""052897""",台達化國票45購01,0,0,0,0,0,0,0,0,0,"-10,000",0,0,0,0,"10,000","-10,000","-10,000"
"=""053008""",新巨統一54購01  ,0,0,0,0,0,0,0,0,0,"-10,000",0,0,0,0,"10,000","-10,000","-10,000"
"=""053047""",洋華元大44購03  ,0,0,0,0,0,0,0,0,0,"-10,000",0,0,0,0,"10,000","-10,000","-10,000"
"=""053249""",陽明元大49購02  ,0,0,0,0,0,0,0,0,0,"-10,000",0,0,0,0,"10,000","-10,000","-10,000"
"=""053224""",上証2X元大44購03,0,0,0,0,0,0,0,0,0,"-10,000",0,0,0,"12,000","22,000","-10,000","-10,000"
"=""052781""",矽力富邦46購01  ,0,0,0,0,0,0,0,0,0,"-10,000",0,0,0,0,"10,000","-10,000","-10,000"
"=""052338""",陽明中信44購02  ,0,0,0,0,0,0,0,0,0,"-10,000",0,0,0,0,"10,000","-10,000","-10,000"
"=""052224""",台積電凱基43購58,0,0,0,0,0,0,0,0,0,"-10,000",0,0,0,0,"10,000","-10,000","-10,000"
"=""056414""",鴻海群益46購04  ,0,0,0,0,0,0,0,0,0,"-10,000",0,0,0,0,"10,000","-10,000","-10,000"
"=""056442""",大立光統一4B購02,0,0,0,0,0,0,0,0,0,"-10,000",0,0,0,0,"10,000","-10,000","-10,000"
"=""056453""",技嘉國泰47購02  ,0,0,0,0,0,0,0,0,0,"-10,000",0,0,0,0,"10,000","-10,000","-10,000"
"=""056460""",台塑元富45購01  ,0,0,0,0,0,0,0,0,0,"-10,000",0,0,0,0,"10,000","-10,000","-10,000"
"=""056491""",保瑞國票47購01  ,0,0,0,0,0,0,0,0,0,"-10,000",0,0,0,0,"10,000","-10,000","-10,000"
"=""051295""",皇昌群益43購04  ,0,0,0,0,0,0,0,0,0,"-10,000",0,0,0,"10,000","20,000","-10,000","-10,000"
"=""063783""",中磊元富46購03  ,0,0,0,0,0,0,0,0,0,"-10,000",0,0,0,0,"10,000","-10,000","-10,000"
"=""051731""",亞光元大43購18  ,0,0,0,0,0,0,0,0,0,"-10,000",0,0,0,0,"10,000","-10,000","-10,000"
"=""051799""",T50反1凱基49購02,0,0,0,0,0,0,0,0,0,"-10,000",0,0,0,0,"10,000","-10,000","-10,000"
"=""058996""",訊芯國票47購01  ,0,0,0,0,0,0,0,0,0,"-10,000",0,0,0,0,"10,000","-10,000","-10,000"
"=""059068""",華擎國票46購04  ,0,0,0,0,0,0,0,0,0,"-10,000",0,0,0,"10,000","20,000","-10,000","-10,000"
"=""064004""",盟立台新46購01  ,0,0,0,0,0,0,0,0,0,"-10,000",0,0,0,0,"10,000","-10,000","-10,000"
"=""063975""",碩天富邦4A購01  ,0,0,0,0,0,0,0,0,0,"-10,000",0,0,0,"10,000","20,000","-10,000","-10,000"
"=""059175""",正崴元大49購02  ,0,0,0,0,0,0,0,0,0,"-10,000",0,0,0,0,"10,000","-10,000","-10,000"
"=""059204""",臺股指元大45購42,0,0,0,0,0,0,0,0,0,"-10,000",0,0,0,0,"10,000","-10,000","-10,000"
"=""064108""",矽統群益46購02  ,0,0,0,0,0,0,0,0,0,"-10,000",0,0,0,0,"10,000","-10,000","-10,000"
"=""064231""",貿聯國泰47購01  ,0,0,0,0,0,0,0,0,0,"-10,000",0,0,0,"15,000","25,000","-10,000","-10,000"
"=""059248""",技嘉凱基46購04  ,0,0,0,0,0,0,0,0,0,"-10,000",0,0,0,0,"10,000","-10,000","-10,000"
"=""059249""",台光電凱基47購02,0,0,0,0,0,0,0,0,0,"-10,000",0,0,0,0,"10,000","-10,000","-10,000"
"=""064130""",精銳群益4A購01  ,0,0,0,0,0,0,0,0,0,"-10,000",0,0,0,0,"10,000","-10,000","-10,000"
"=""054271""",威盛元大47購03  ,0,0,0,0,0,0,0,0,0,"-10,000",0,0,0,0,"10,000","-10,000","-10,000"
"=""054283""",嘉澤元大44購02  ,0,0,0,0,0,0,0,0,0,"-10,000",0,0,0,0,"10,000","-10,000","-10,000"
"=""043771""",TPK統一4B購01   ,0,0,0,0,0,0,0,0,0,"-10,000",0,0,0,0,"10,000","-10,000","-10,000"
"=""053967""",緯穎永豐44購03  ,0,0,0,0,0,0,0,0,0,"-10,000",0,0,0,0,"10,000","-10,000","-10,000"
"=""053998""",技嘉國泰46購01  ,0,0,0,0,0,0,0,0,0,"-10,000",0,0,0,0,"10,000","-10,000","-10,000"
"=""053871""",大立光群益44購04,0,0,0,0,0,0,0,0,0,"-10,000",0,0,0,0,"10,000","-10,000","-10,000"
"=""054157""",凱基金永豐47購01,0,0,0,0,0,0,0,0,0,"-10,000",0,0,0,0,"10,000","-10,000","-10,000"
"=""054118""",威盛群益44購06  ,0,0,0,0,0,0,0,0,0,"-10,000",0,0,0,0,"10,000","-10,000","-10,000"
"=""054078""",日月光國票45購01,0,0,0,0,0,0,0,0,0,"-10,000",0,0,0,0,"10,000","-10,000","-10,000"
"=""053741""",大立光國泰46購05,0,0,0,0,0,0,0,0,0,"-10,000",0,0,0,0,"10,000","-10,000","-10,000"
"=""053813""",富邦金國票45購01,0,0,0,0,0,0,0,0,0,"-10,000",0,0,0,0,"10,000","-10,000","-10,000"
"=""051962""",台積電元大44購24,0,0,0,0,0,0,0,0,0,"-10,000",0,0,0,0,"10,000","-10,000","-10,000"
"=""051942""",滬深2X永豐43購06,0,0,0,0,0,0,0,0,0,"-10,000",0,0,0,0,"10,000","-10,000","-10,000"
"=""044443""",建準元大59購02  ,0,0,0,0,0,0,0,0,0,"-10,000",0,0,0,0,"10,000","-10,000","-10,000"
"=""044628""",金像電永豐56購04,0,0,0,0,0,0,0,0,0,"-10,000",0,0,0,"40,000","50,000","-10,000","-10,000"
"=""044633""",大聯大永豐55購01,0,0,0,0,0,0,0,0,0,"-10,000",0,0,0,0,"10,000","-10,000","-10,000"
"=""064247""",晟銘電群益46購04,0,0,0,0,0,0,0,0,0,"-10,000",0,0,0,0,"10,000","-10,000","-10,000"
"=""059363""",陽明元大47購05  ,0,0,0,0,0,0,0,0,0,"-10,000",0,0,0,0,"10,000","-10,000","-10,000"
"=""059359""",長榮元大45購26  ,0,0,0,0,0,0,0,0,0,"-10,000",0,0,0,0,"10,000","-10,000","-10,000"
"=""054763""",建準永豐47購01  ,0,0,0,0,0,0,0,0,0,"-10,000",0,0,0,"45,000","55,000","-10,000","-10,000"
"=""054739""",奇鋐富邦46購02  ,0,0,0,0,0,0,0,0,0,"-10,000",0,0,0,0,"10,000","-10,000","-10,000"
"=""054705""",萬海凱基4A購01  ,0,0,0,0,0,0,0,0,0,"-10,000",0,0,0,0,"10,000","-10,000","-10,000"
"=""053333""",奇鋐群益46購02  ,0,0,0,0,0,0,0,0,0,"-10,000",0,0,0,0,"10,000","-10,000","-10,000"
"=""053402""",毅嘉元大44購02  ,0,0,0,0,0,0,0,0,0,"-10,000",0,0,0,0,"10,000","-10,000","-10,000"
"=""053356""",華城統一56購01  ,0,0,0,0,0,0,0,0,0,"-10,000",0,0,0,0,"10,000","-10,000","-10,000"
"=""055646""",川湖群益46購02  ,0,0,0,0,0,0,0,0,0,"-10,000",0,0,0,0,"10,000","-10,000","-10,000"
"=""055637""",佳必琪國票46購01,0,0,0,0,0,0,0,0,0,"-10,000",0,0,0,0,"10,000","-10,000","-10,000"
"=""055684""",華孚群益44購01  ,0,0,0,0,0,0,0,0,0,"-10,000",0,0,0,0,"10,000","-10,000","-10,000"
"=""055691""",聯電富邦44購02  ,0,0,0,0,0,0,0,0,0,"-10,000",0,0,0,0,"10,000","-10,000","-10,000"
"=""056355""",嘉澤凱基4A購02  ,0,0,0,0,0,0,0,0,0,"-10,000",0,0,0,0,"10,000","-10,000","-10,000"
"=""056145""",臺股指中信44購05,0,0,0,0,0,0,0,0,0,"-10,000",0,0,0,0,"10,000","-10,000","-10,000"
"=""056174""",迅得凱基46購01  ,0,0,0,0,0,0,0,0,0,"-10,000",0,0,0,0,"10,000","-10,000","-10,000"
2538,基泰            ,"724,000","738,000","-14,000",0,0,0,0,0,0,"4,000","6,000","2,000","4,000",0,0,0,"-10,000"
"=""050648""",長榮中信43購02  ,0,0,0,0,0,0,0,0,0,"-10,000",0,0,0,0,"10,000","-10,000","-10,000"
"=""050396""",奇鋐台新43購01  ,0,0,0,0,0,0,0,0,0,"-10,000",0,0,0,0,"10,000","-10,000","-10,000"
"=""050409""",SGBR2X國票45購01,0,0,0,0,0,0,0,0,0,"-10,000",0,0,0,"20,000","30,000","-10,000","-10,000"
"=""050506""",T50反1第一49購01,0,0,0,0,0,0,0,0,0,"-10,000",0,0,0,0,"10,000","-10,000","-10,000"
"=""050962""",元債2X台新43購01,0,0,0,0,0,0,0,0,0,"-10,000",0,0,0,0,"10,000","-10,000","-10,000"
"=""051009""",宏�眥禤�45購02  ,0,0,0,0,0,0,0,0,0,"-10,000",0,0,0,0,"10,000","-10,000","-10,000"
"=""051021""",世紀鋼第一49購01,0,0,0,0,0,0,0,0,0,"-10,000",0,0,0,0,"10,000","-10,000","-10,000"
"=""050733""",復盛國票44購01  ,0,0,0,0,0,0,0,0,0,"-10,000",0,0,0,0,"10,000","-10,000","-10,000"
"=""050830""",美律國泰45購01  ,0,0,0,0,0,0,0,0,0,"-10,000",0,0,0,"30,000","40,000","-10,000","-10,000"
"=""050802""",FBNQ2X永豐43購01,0,0,0,0,0,0,0,0,0,"-10,000",0,0,0,0,"10,000","-10,000","-10,000"
"=""050827""",宏�眥禤�45購01  ,0,0,0,0,0,0,0,0,0,"-10,000",0,0,0,0,"10,000","-10,000","-10,000"
"=""04858T""",華泰永豐36售02  ,0,0,0,0,0,0,0,0,0,"-10,000",0,0,0,0,"10,000","-10,000","-10,000"
"=""048530""",台塑凱基42購01  ,0,0,0,0,0,0,0,0,0,"-10,000",0,0,0,0,"10,000","-10,000","-10,000"
"=""048552""",鴻海元大43購51  ,0,0,0,0,0,0,0,0,0,"-10,000",0,0,0,0,"10,000","-10,000","-10,000"
"=""048376""",台積電元富4B購02,0,0,0,0,0,0,0,0,0,"-10,000",0,0,0,0,"10,000","-10,000","-10,000"
"=""04832T""",新唐元大36售01  ,0,0,0,0,0,0,0,0,0,"-10,000",0,0,0,0,"10,000","-10,000","-10,000"
"=""048259""",FBNQ2X國票43購01,0,0,0,0,0,0,0,0,0,"-10,000",0,0,0,0,"10,000","-10,000","-10,000"
"=""047734""",川湖中信44購01  ,0,0,0,0,0,0,0,0,0,"-10,000",0,0,0,0,"10,000","-10,000","-10,000"
"=""047735""",皇翔中信42購01  ,0,0,0,0,0,0,0,0,0,"-10,000",0,0,0,"70,000","80,000","-10,000","-10,000"
"=""047760""",長榮國泰44購03  ,0,0,0,0,0,0,0,0,0,"-10,000",0,0,0,"300,000","310,000","-10,000","-10,000"
"=""047951""",華友聯群益44購01,0,0,0,0,0,0,0,0,0,"-10,000",0,0,0,0,"10,000","-10,000","-10,000"
"=""047918""",達麗凱基42購02  ,0,0,0,0,0,0,0,0,0,"-10,000",0,0,0,0,"10,000","-10,000","-10,000"
"=""04808T""",聯發科凱基36售07,0,0,0,0,0,0,0,0,0,"-10,000",0,0,0,0,"10,000","-10,000","-10,000"
"=""04902T""",T50正2中信3C售01,0,0,0,0,0,0,0,0,0,"-10,000",0,0,0,0,"10,000","-10,000","-10,000"
"=""048940""",定穎控國票43購04,0,0,0,0,0,0,0,0,0,"-10,000",0,0,0,0,"10,000","-10,000","-10,000"
"=""048860""",大立光國泰46購01,0,0,0,0,0,0,0,0,0,"-10,000",0,0,0,0,"10,000","-10,000","-10,000"
"=""04867T""",華泰元大36售10  ,0,0,0,0,0,0,0,0,0,"-10,000",0,0,0,0,"10,000","-10,000","-10,000"
"=""048732""",中信金元大43購01,0,0,0,0,0,0,0,0,0,"-10,000",0,0,0,0,"10,000","-10,000","-10,000"
"=""04876T""",全新群益36售02  ,0,0,0,0,0,0,0,0,0,"-10,000",0,0,0,0,"10,000","-10,000","-10,000"
"=""04913T""",國巨元富36售02  ,0,0,0,0,0,0,0,0,0,"-10,000",0,0,0,0,"10,000","-10,000","-10,000"
"=""049126""",瑞祺元富53購01  ,0,0,0,0,0,0,0,0,0,"-10,000",0,0,0,0,"10,000","-10,000","-10,000"
"=""049329""",威盛群益43購04  ,0,0,0,0,0,0,0,0,0,"-10,000",0,0,0,0,"10,000","-10,000","-10,000"
"=""063192""",奇鋐群益46購12  ,0,0,0,0,0,0,0,0,0,"-10,000",0,0,0,0,"10,000","-10,000","-10,000"
"=""063165""",創意元富49購02  ,0,0,0,0,0,0,0,0,0,"-10,000",0,0,0,"12,000","22,000","-10,000","-10,000"
"=""063129""",聯發科凱基46購11,0,0,0,0,0,0,0,0,0,"-10,000",0,0,0,0,"10,000","-10,000","-10,000"
"=""063130""",長榮凱基46購13  ,0,0,0,0,0,0,0,0,0,"-10,000",0,0,0,0,"10,000","-10,000","-10,000"
"=""049408""",貿聯元大43購05  ,0,0,0,0,0,0,0,0,0,"-10,000",0,0,0,0,"10,000","-10,000","-10,000"
"=""049652""",臺股指凱基43購87,0,0,0,0,0,0,0,0,0,"-10,000",0,0,0,0,"10,000","-10,000","-10,000"
"=""049625""",碩天群益45購01  ,0,0,0,0,0,0,0,0,0,"-10,000",0,0,0,0,"10,000","-10,000","-10,000"
"=""04950T""",辛耘國票36售02  ,0,0,0,0,0,0,0,0,0,"-10,000",0,0,0,0,"10,000","-10,000","-10,000"
"=""049679""",萬海元大46購01  ,0,0,0,0,0,0,0,0,0,"-10,000",0,0,0,0,"10,000","-10,000","-10,000"
"=""049807""",碩天元大49購01  ,0,0,0,0,0,0,0,0,0,"-10,000",0,0,0,0,"10,000","-10,000","-10,000"
"=""063328""",世芯國票48購07  ,0,0,0,0,0,0,0,0,0,"-10,000",0,0,0,0,"10,000","-10,000","-10,000"
"=""049859""",威盛統一48購05  ,0,0,0,0,0,0,0,0,0,"-10,000",0,0,0,"190,000","200,000","-10,000","-10,000"
"=""063498""",世芯兆豐47購02  ,0,0,0,0,0,0,0,0,0,"-10,000",0,0,0,"10,000","20,000","-10,000","-10,000"
"=""050245""",復盛群益45購01  ,0,0,0,0,0,0,0,0,0,"-10,000",0,0,0,0,"10,000","-10,000","-10,000"
"=""050269""",長華凱基43購04  ,0,0,0,0,0,0,0,0,0,"-10,000",0,0,0,0,"10,000","-10,000","-10,000"
"=""050294""",滬深2X國泰45購01,0,0,0,0,0,0,0,0,0,"-10,000",0,0,0,0,"10,000","-10,000","-10,000"
"=""050318""",聯發科中信47購01,0,0,0,0,0,0,0,0,0,"-10,000",0,0,0,0,"10,000","-10,000","-10,000"
"=""049917""",建漢富邦45購01  ,0,0,0,0,0,0,0,0,0,"-10,000",0,0,0,0,"10,000","-10,000","-10,000"
"=""049907""",群光富邦44購01  ,0,0,0,0,0,0,0,0,0,"-10,000",0,0,0,"25,000","35,000","-10,000","-10,000"
"=""049975""",達運凱基44購01  ,0,0,0,0,0,0,0,0,0,"-10,000",0,0,0,0,"10,000","-10,000","-10,000"
"=""050097""",怡利電元富43購01,0,0,0,0,0,0,0,0,0,"-10,000",0,0,0,0,"10,000","-10,000","-10,000"
"=""040324""",世芯群益54購09  ,0,0,0,0,0,0,0,0,0,"-10,000",0,0,0,0,"10,000","-10,000","-10,000"
"=""043996""",旺宏元富58購01  ,0,0,0,0,0,0,0,0,0,"-10,000",0,0,0,0,"10,000","-10,000","-10,000"
"=""044158""",啟�痐舅j55購01  ,0,0,0,0,0,0,0,0,0,"-10,000",0,0,0,0,"10,000","-10,000","-10,000"
"=""044368""",兆聯元大58購01  ,0,0,0,0,0,0,0,0,0,"-10,000",0,0,0,0,"10,000","-10,000","-10,000"
"=""040665""",金寶元大54購03  ,0,0,0,0,0,0,0,0,0,"-10,000",0,0,0,0,"10,000","-10,000","-10,000"
"=""040998""",日月光永豐54購01,0,0,0,0,0,0,0,0,0,"-10,000",0,0,0,0,"10,000","-10,000","-10,000"
"=""064360""",華榮永豐47購01  ,0,0,0,0,0,0,0,0,0,"-10,000",0,0,0,0,"10,000","-10,000","-10,000"
"=""064426""",祥碩凱基4C購02  ,0,0,0,0,0,0,0,0,0,"-10,000",0,0,0,"9,000","19,000","-10,000","-10,000"
"=""064421""",慧洋凱基46購01  ,0,0,0,0,0,0,0,0,0,"-10,000",0,0,0,"21,000","31,000","-10,000","-10,000"
"=""064446""",台積電元大47購06,0,0,0,0,0,0,0,0,0,"-10,000",0,0,0,0,"10,000","-10,000","-10,000"
"=""064479""",滬深2X群益46購10,0,0,0,0,0,0,0,0,0,"-10,000",0,0,0,0,"10,000","-10,000","-10,000"
"=""064471""",愛普元大4A購01  ,0,0,0,0,0,0,0,0,0,"-10,000",0,0,0,0,"10,000","-10,000","-10,000"
"=""064488""",美時永豐3A購01  ,0,0,0,0,0,0,0,0,0,"-10,000",0,0,0,0,"10,000","-10,000","-10,000"
"=""064619""",強茂凱基46購01  ,0,0,0,0,0,0,0,0,0,"-10,000",0,0,0,0,"10,000","-10,000","-10,000"
"=""064565""",晟銘電國票49購01,0,0,0,0,0,0,0,0,0,"-10,000",0,0,0,0,"10,000","-10,000","-10,000"
"=""064709""",海悅群益47購03  ,0,0,0,0,0,0,0,0,0,"-10,000",0,0,0,0,"10,000","-10,000","-10,000"
"=""064736""",啟�硌s益46購02  ,0,0,0,0,0,0,0,0,0,"-10,000",0,0,0,0,"10,000","-10,000","-10,000"
"=""064687""",玉晶光元大46購11,0,0,0,0,0,0,0,0,0,"-10,000",0,0,0,0,"10,000","-10,000","-10,000"
"=""064633""",廣宇統一4C購02  ,0,0,0,0,0,0,0,0,0,"-10,000",0,0,0,0,"10,000","-10,000","-10,000"
"=""064643""",晟銘電台新46購01,0,0,0,0,0,0,0,0,0,"-10,000",0,0,0,"10,000","20,000","-10,000","-10,000"
"=""064975""",台灣50富邦49購06,0,0,0,0,0,0,0,0,0,"-10,000",0,0,0,0,"10,000","-10,000","-10,000"
"=""064925""",啟�硈肭�48購01  ,0,0,0,0,0,0,0,0,0,"-10,000",0,0,0,0,"10,000","-10,000","-10,000"
"=""064825""",虹堡富邦3B購01  ,0,0,0,0,0,0,0,0,0,"-10,000",0,0,0,"97,000","107,000","-10,000","-10,000"
"=""065026""",台塑元大49購03  ,0,0,0,0,0,0,0,0,0,"-10,000",0,0,0,0,"10,000","-10,000","-10,000"
"=""065046""",威盛凱基3B購01  ,0,0,0,0,0,0,0,0,0,"-10,000",0,0,0,0,"10,000","-10,000","-10,000"
2497,怡利電          ,"40,000","34,000","6,000",0,0,0,0,0,0,"-16,841",0,0,0,0,"16,841","-16,841","-10,841"
2546,根基            ,"5,000","16,000","-11,000",0,0,0,0,0,0,89,0,0,0,"1,000",911,89,"-10,911"
"=""050389""",奇鋐永豐44購05  ,0,0,0,0,0,0,0,0,0,"-11,000",0,0,0,0,"11,000","-11,000","-11,000"
1806,冠軍            ,"137,000","148,000","-11,000",0,0,0,0,0,0,0,"2,000","2,000",0,0,0,0,"-11,000"
"=""055548""",零壹中信45購01  ,0,0,0,0,0,0,0,0,0,"-11,000",0,0,0,"41,000","52,000","-11,000","-11,000"
"=""055541""",台積電統一51購03,0,0,0,0,0,0,0,0,0,"-11,000",0,0,0,"6,000","17,000","-11,000","-11,000"
"=""054754""",材料統一39購01  ,0,0,0,0,0,0,0,0,0,"-11,000",0,0,0,0,"11,000","-11,000","-11,000"
2233,宇隆            ,"293,000","130,000","163,000",0,0,0,0,"185,000","-185,000","11,000","11,000",0,"11,000",0,0,0,"-11,000"
"=""056098""",全新元大44購07  ,0,0,0,0,0,0,0,0,0,"-11,000",0,0,0,"102,000","113,000","-11,000","-11,000"
"=""063523""",景碩國票47購06  ,0,0,0,0,0,0,0,0,0,"-11,000",0,0,0,0,"11,000","-11,000","-11,000"
"=""049896""",瑞祺統一53購01  ,0,0,0,0,0,0,0,0,0,"-11,000",0,0,0,0,"11,000","-11,000","-11,000"
"=""049511""",電子類凱基44購04,0,0,0,0,0,0,0,0,0,"-11,000",0,0,0,0,"11,000","-11,000","-11,000"
"=""049507""",台郡凱基44購01  ,0,0,0,0,0,0,0,0,0,"-11,000",0,0,0,"2,000","13,000","-11,000","-11,000"
"=""04929T""",聯發科中信3C售02,0,0,0,0,0,0,0,0,0,"-11,000",0,0,0,0,"11,000","-11,000","-11,000"
"=""049367""",瑞祺國票45購01  ,0,0,0,0,0,0,0,0,0,"-11,000",0,0,0,0,"11,000","-11,000","-11,000"
"=""064289""",大立光元大46購21,0,0,0,0,0,0,0,0,0,"-11,000",0,0,0,"96,000","107,000","-11,000","-11,000"
8940,新天地          ,"7,000","18,000","-11,000",0,0,0,0,0,0,0,0,0,0,0,0,0,"-11,000"
"=""054195""",奇鋐元富44購05  ,0,0,0,0,0,0,0,0,0,"-11,000",0,0,0,"6,000","17,000","-11,000","-11,000"
"=""054277""",皇昌元大47購03  ,0,0,0,0,0,0,0,0,0,"-11,000",0,0,0,"10,000","21,000","-11,000","-11,000"
"=""059114""",海悅凱基46購01  ,0,0,0,0,0,0,0,0,0,"-11,000",0,0,0,"10,000","21,000","-11,000","-11,000"
"=""064048""",台積電元大46購35,0,0,0,0,0,0,0,0,0,"-11,000",0,0,0,"3,000","14,000","-11,000","-11,000"
"=""059056""",全漢統一55購01  ,0,0,0,0,0,0,0,0,0,"-11,000",0,0,0,"14,000","25,000","-11,000","-11,000"
"=""059106""",堤維西凱基45購01,0,0,0,0,0,0,0,0,0,"-11,000",0,0,0,"9,000","20,000","-11,000","-11,000"
"=""063851""",世芯群益4B購01  ,0,0,0,0,0,0,0,0,0,"-11,000",0,0,0,0,"11,000","-11,000","-11,000"
"=""052835""",陽明元大47購02  ,0,0,0,0,0,0,0,0,0,"-11,000",0,0,0,"15,000","26,000","-11,000","-11,000"
"=""053087""",上証2X永豐48購02,0,0,0,0,0,0,0,0,0,"-11,000",0,0,0,"121,000","132,000","-11,000","-11,000"
"=""052865""",光寶科永豐45購01,0,0,0,0,0,0,0,0,0,"-11,000",0,0,0,0,"11,000","-11,000","-11,000"
"=""063640""",堤維西元大46購05,0,0,0,0,0,0,0,0,0,"-11,000",0,0,0,0,"11,000","-11,000","-11,000"
3092,鴻碩            ,"11,000","22,000","-11,000",0,0,0,0,0,0,0,0,0,0,0,0,0,"-11,000"
"=""064986""",仲琦元富49購02  ,0,0,0,0,0,0,0,0,0,"-11,000",0,0,0,"79,000","90,000","-11,000","-11,000"
"=""064640""",玉晶光統一56購01,0,0,0,0,0,0,0,0,0,"-11,000",0,0,0,"7,000","18,000","-11,000","-11,000"
"=""064591""",新光金中信46購01,0,0,0,0,0,0,0,0,0,"-11,000",0,0,0,0,"11,000","-11,000","-11,000"
"=""044238""",華新凱基58購02  ,0,0,0,0,0,0,0,0,0,"-11,000",0,0,0,0,"11,000","-11,000","-11,000"
"=""044080""",材料群益55購02  ,0,0,0,0,0,0,0,0,0,"-11,000",0,0,0,0,"11,000","-11,000","-11,000"
"=""067110""",保瑞元富47購01  ,0,0,0,0,0,0,0,0,0,"-11,000",0,0,0,0,"11,000","-11,000","-11,000"
"=""059524""",台積電凱基53購03,0,0,0,0,0,0,0,0,0,"-11,000",0,0,0,0,"11,000","-11,000","-11,000"
"=""067819""",台積電永豐48購07,0,0,0,0,0,0,0,0,0,"-11,000",0,0,0,0,"11,000","-11,000","-11,000"
"=""060070""",台泥國票47購01  ,"400,000","411,000","-11,000",0,0,0,0,0,0,0,0,0,0,0,0,0,"-11,000"
"=""060071""",台塑國票47購01  ,0,0,0,0,0,0,0,0,0,"-11,000",0,0,0,0,"11,000","-11,000","-11,000"
"=""059767""",世芯元大45購26  ,0,0,0,0,0,0,0,0,0,"-11,000",0,0,0,0,"11,000","-11,000","-11,000"
"=""059817""",威強電富邦47購01,0,0,0,0,0,0,0,0,0,"-11,000",0,0,0,0,"11,000","-11,000","-11,000"
"=""03219T""",臺股指國泰35售01,0,0,0,0,0,0,0,0,0,"-11,000",0,0,0,0,"11,000","-11,000","-11,000"
"=""03626B""",臺股指元大35熊52,0,0,0,0,0,0,0,0,0,"-11,000",0,0,0,0,"11,000","-11,000","-11,000"
"=""038347""",聯電凱基53購03  ,0,0,0,0,0,0,0,0,0,"-11,000",0,0,0,0,"11,000","-11,000","-11,000"
"=""03542T""",華通元大33售10  ,0,0,0,0,0,0,0,0,0,"-11,000",0,0,0,0,"11,000","-11,000","-11,000"
"=""065270""",台塑永豐48購01  ,0,0,0,0,0,0,0,0,0,"-11,000",0,0,0,0,"11,000","-11,000","-11,000"
"=""065111""",台積電中信4C購03,0,0,0,0,0,0,0,0,0,"-11,000",0,0,0,0,"11,000","-11,000","-11,000"
"=""065458""",寶齡國票49購01  ,0,0,0,0,0,0,0,0,0,"-11,000",0,0,0,"2,000","13,000","-11,000","-11,000"
"=""065346""",洋基國泰48購01  ,0,0,0,0,0,0,0,0,0,"-11,000",0,0,0,"12,000","23,000","-11,000","-11,000"
"=""066327""",健策永豐4A購01  ,0,0,0,0,0,0,0,0,0,"-11,000",0,0,0,"14,000","25,000","-11,000","-11,000"
"=""066798""",皇昌國泰48購02  ,0,0,0,0,0,0,0,0,0,"-11,000",0,0,0,"21,000","32,000","-11,000","-11,000"
"=""065835""",聯詠統一51購01  ,0,0,0,0,0,0,0,0,0,"-11,000",0,0,0,"1,000","12,000","-11,000","-11,000"
"=""065748""",世芯元大47購17  ,0,0,0,0,0,0,0,0,0,"-11,000",0,0,0,"2,000","13,000","-11,000","-11,000"
"=""068564""",威盛國票49購01  ,0,0,0,0,0,0,0,0,0,"-11,000",0,0,0,"61,000","72,000","-11,000","-11,000"
"=""068380""",華通統一52購01  ,0,0,0,0,0,0,0,0,0,"-11,000",0,0,0,0,"11,000","-11,000","-11,000"
"=""060855""",華航永豐46購01  ,0,0,0,0,0,0,0,0,0,"-11,000",0,0,0,"39,000","50,000","-11,000","-11,000"
"=""060309""",金像電群益46購03,0,0,0,0,0,0,0,0,0,"-11,000",0,0,0,"9,000","20,000","-11,000","-11,000"
"=""060879""",明基材群益3A購01,0,0,0,0,0,0,0,0,0,"-11,000",0,0,0,"10,000","21,000","-11,000","-11,000"
"=""057186""",天虹凱基45購04  ,0,0,0,0,0,0,0,0,0,"-11,000",0,0,0,0,"11,000","-11,000","-11,000"
"=""061524""",華邦電中信48購01,0,0,0,0,0,0,0,0,0,"-11,000",0,0,0,"1,000","12,000","-11,000","-11,000"
"=""061654""",緯穎元大46購20  ,0,0,0,0,0,0,0,0,0,"-11,000",0,0,0,0,"11,000","-11,000","-11,000"
"=""061598""",冠德國票47購01  ,0,0,0,0,0,0,0,0,0,"-11,000",0,0,0,"40,000","51,000","-11,000","-11,000"
"=""056699""",奇鋐元大45購08  ,0,0,0,0,0,0,0,0,0,"-11,000",0,0,0,"9,000","20,000","-11,000","-11,000"
"=""061792""",牧德富邦48購01  ,0,0,0,0,0,0,0,0,0,"-11,000",0,0,0,0,"11,000","-11,000","-11,000"
"=""061789""",皇昌富邦48購02  ,0,0,0,0,0,0,0,0,0,"-11,000",0,0,0,"3,000","14,000","-11,000","-11,000"
"=""069181""",鴻海富邦3C購01  ,0,0,0,0,0,0,0,0,0,"-11,000",0,0,0,0,"11,000","-11,000","-11,000"
"=""069158""",大成鋼統一52購04,0,0,0,0,0,0,0,0,0,"-11,000",0,0,0,"104,000","115,000","-11,000","-11,000"
"=""061809""",長榮凱基47購04  ,0,0,0,0,0,0,0,0,0,"-11,000",0,0,0,0,"11,000","-11,000","-11,000"
"=""069565""",邁達特群益4A購01,0,0,0,0,0,0,0,0,0,"-11,000",0,0,0,0,"11,000","-11,000","-11,000"
"=""069712""",貿聯富邦4A購01  ,0,0,0,0,0,0,0,0,0,"-11,000",0,0,0,"5,000","16,000","-11,000","-11,000"
"=""062599""",精誠元大46購04  ,0,0,0,0,0,0,0,0,0,"-11,000",0,0,0,"11,000","22,000","-11,000","-11,000"
"=""062540""",神達國票46購04  ,0,0,0,0,0,0,0,0,0,"-11,000",0,0,0,0,"11,000","-11,000","-11,000"
"=""046166""",德律統一53購01  ,0,0,0,0,0,0,0,0,0,"-11,000",0,0,0,"16,000","27,000","-11,000","-11,000"
"=""047290""",裕隆國泰44購01  ,0,0,0,0,0,0,0,0,0,"-11,000",0,0,0,"30,000","41,000","-11,000","-11,000"
"=""054983""",雲豹元富44購03  ,0,0,0,0,0,0,0,0,0,"-11,000",0,0,0,0,"11,000","-11,000","-11,000"
"=""055092""",中砂元大44購03  ,0,0,0,0,0,0,0,0,0,"-11,000",0,0,0,0,"11,000","-11,000","-11,000"
"=""055331""",洋華國泰46購01  ,0,0,0,0,0,0,0,0,0,"-11,000",0,0,0,0,"11,000","-11,000","-11,000"
"=""054413""",奇鋐永豐4A購01  ,0,0,0,0,0,0,0,0,0,"-11,000",0,0,0,0,"11,000","-11,000","-11,000"
8341,日友            ,"12,000","23,000","-11,000",0,0,0,0,0,0,-7,0,7,-7,0,0,0,"-11,007"
6670,復盛應用        ,"21,000","59,000","-38,000",0,0,0,"28,000",0,"28,000","-1,390","1,000","2,390","-1,390",0,0,0,"-11,390"
1234,黑松            ,"8,000","21,000","-13,000",0,0,0,0,0,0,"1,257","1,000",0,"1,000","1,000",743,257,"-11,743"
6742,澤米            ,0,"11,000","-11,000",0,0,0,0,0,0,-848,0,848,-848,0,0,0,"-11,848"
4557,永新-KY         ,"4,000","15,000","-11,000",0,0,0,0,0,0,"-1,000",0,"1,000","-1,000",0,0,0,"-12,000"
"=""051080""",堤維西永豐45購01,0,0,0,0,0,0,0,0,0,"-12,000",0,0,0,"106,000","118,000","-12,000","-12,000"
"=""052217""",洋華元富49購01  ,0,0,0,0,0,0,0,0,0,"-12,000",0,0,0,0,"12,000","-12,000","-12,000"
"=""051828""",洋華群益43購01  ,0,0,0,0,0,0,0,0,0,"-12,000",0,0,0,"226,000","238,000","-12,000","-12,000"
"=""054282""",建漢元大44購01  ,0,0,0,0,0,0,0,0,0,"-12,000",0,0,0,"3,000","15,000","-12,000","-12,000"
"=""054274""",宏達電元大44購03,0,0,0,0,0,0,0,0,0,"-12,000",0,0,0,0,"12,000","-12,000","-12,000"
"=""054053""",嘉澤元大4A購01  ,0,0,0,0,0,0,0,0,0,"-12,000",0,0,0,"62,000","74,000","-12,000","-12,000"
"=""053737""",迅得台新44購01  ,0,0,0,0,0,0,0,0,0,"-12,000",0,0,0,0,"12,000","-12,000","-12,000"
"=""048837""",中興電群益43購08,0,0,0,0,0,0,0,0,0,"-12,000",0,0,0,"13,000","25,000","-12,000","-12,000"
"=""047953""",川湖群益42購11  ,0,0,0,0,0,0,0,0,0,"-12,000",0,0,0,"101,000","113,000","-12,000","-12,000"
"=""048559""",台光電元大43購06,0,0,0,0,0,0,0,0,0,"-12,000",0,0,0,"20,000","32,000","-12,000","-12,000"
"=""063578""",堤維西凱基46購02,0,0,0,0,0,0,0,0,0,"-12,000",0,0,0,"20,000","32,000","-12,000","-12,000"
"=""063445""",智邦元大49購01  ,0,0,0,0,0,0,0,0,0,"-12,000",0,0,0,0,"12,000","-12,000","-12,000"
"=""050572""",世芯國票43購05  ,0,0,0,0,0,0,0,0,0,"-12,000",0,0,0,0,"12,000","-12,000","-12,000"
2483,百容            ,"2,000","5,000","-3,000",0,0,0,0,0,0,"-9,000",0,"9,000","-9,000",0,0,0,"-12,000"
"=""056141""",拓凱元富4A購01  ,0,0,0,0,0,0,0,0,0,"-12,000",0,0,0,0,"12,000","-12,000","-12,000"
"=""043821""",士電兆豐57購01  ,0,0,0,0,0,0,0,0,0,"-12,000",0,0,0,0,"12,000","-12,000","-12,000"
"=""064635""",威盛統一4C購03  ,0,0,0,0,0,0,0,0,0,"-12,000",0,0,0,0,"12,000","-12,000","-12,000"
"=""054421""",所羅門元富45購01,0,0,0,0,0,0,0,0,0,"-12,000",0,0,0,0,"12,000","-12,000","-12,000"
"=""08519U""",南亞科元富32售02,0,0,0,0,0,0,0,0,0,"-12,000",0,0,0,0,"12,000","-12,000","-12,000"
"=""08618U""",元債2X凱基34售02,0,0,0,0,0,0,0,0,0,"-12,000",0,0,0,"28,000","40,000","-12,000","-12,000"
"=""055296""",矽統元大44購06  ,0,0,0,0,0,0,0,0,0,"-12,000",0,0,0,0,"12,000","-12,000","-12,000"
"=""055299""",威盛元大44購19  ,0,0,0,0,0,0,0,0,0,"-12,000",0,0,0,"11,000","23,000","-12,000","-12,000"
"=""08998U""",智邦凱基32售06  ,0,0,0,0,0,0,0,0,0,"-12,000",0,0,0,0,"12,000","-12,000","-12,000"
"=""08967U""",欣興凱基33售11  ,0,0,0,0,0,0,0,0,0,"-12,000",0,0,0,0,"12,000","-12,000","-12,000"
"=""08805U""",智邦群益34售01  ,0,0,0,0,0,0,0,0,0,"-12,000",0,0,0,0,"12,000","-12,000","-12,000"
"=""055161""",直得元富44購01  ,0,0,0,0,0,0,0,0,0,"-12,000",0,0,0,0,"12,000","-12,000","-12,000"
"=""08305U""",臺股指凱基35售18,0,0,0,0,0,0,0,0,0,"-12,000",0,0,0,0,"12,000","-12,000","-12,000"
"=""062930""",金像電國票47購04,0,0,0,0,0,0,0,0,0,"-12,000",0,0,0,"28,000","40,000","-12,000","-12,000"
"=""04601T""",威盛群益35售32  ,0,0,0,0,0,0,0,0,0,"-12,000",0,0,0,0,"12,000","-12,000","-12,000"
"=""069890""",樺漢凱基48購01  ,0,0,0,0,0,0,0,0,0,"-12,000",0,0,0,0,"12,000","-12,000","-12,000"
"=""062141""",T50反1富邦49購04,0,0,0,0,0,0,0,0,0,"-12,000",0,0,0,"17,000","29,000","-12,000","-12,000"
"=""062207""",T50反1元富46購03,0,0,0,0,0,0,0,0,0,"-12,000",0,0,0,0,"12,000","-12,000","-12,000"
"=""069523""",台玻國票49購01  ,0,0,0,0,0,0,0,0,0,"-12,000",0,0,0,0,"12,000","-12,000","-12,000"
"=""056570""",威盛元大45購06  ,0,0,0,0,0,0,0,0,0,"-12,000",0,0,0,0,"12,000","-12,000","-12,000"
"=""069012""",jpp國票4A購01   ,0,0,0,0,0,0,0,0,0,"-12,000",0,0,0,0,"12,000","-12,000","-12,000"
"=""069068""",致新凱基48購01  ,0,0,0,0,0,0,0,0,0,"-12,000",0,0,0,0,"12,000","-12,000","-12,000"
"=""057140""",世芯群益45購07  ,0,0,0,0,0,0,0,0,0,"-12,000",0,0,0,0,"12,000","-12,000","-12,000"
"=""068915""",欣興元大48購03  ,0,0,0,0,0,0,0,0,0,"-12,000",0,0,0,"117,000","129,000","-12,000","-12,000"
"=""068810""",長榮國票49購02  ,0,0,0,0,0,0,0,0,0,"-12,000",0,0,0,0,"12,000","-12,000","-12,000"
"=""068858""",鴻海永豐49購07  ,0,0,0,0,0,0,0,0,0,"-12,000",0,0,0,"18,000","30,000","-12,000","-12,000"
"=""061133""",凱美元富47購04  ,0,0,0,0,0,0,0,0,0,"-12,000",0,0,0,"1,000","13,000","-12,000","-12,000"
"=""068373""",力積電富邦4A購01,0,0,0,0,0,0,0,0,0,"-12,000",0,0,0,0,"12,000","-12,000","-12,000"
"=""060814""",嘉澤元富47購03  ,0,0,0,0,0,0,0,0,0,"-12,000",0,0,0,0,"12,000","-12,000","-12,000"
"=""068482""",世芯群益4A購02  ,0,0,0,0,0,0,0,0,0,"-12,000",0,0,0,"4,000","16,000","-12,000","-12,000"
"=""065734""",智原元大47購06  ,0,0,0,0,0,0,0,0,0,"-12,000",0,0,0,"1,000","13,000","-12,000","-12,000"
"=""043377""",欣興元大55購03  ,0,0,0,0,0,0,0,0,0,"-12,000",0,0,0,0,"12,000","-12,000","-12,000"
"=""066505""",南亞科群益48購04,0,0,0,0,0,0,0,0,0,"-12,000",0,0,0,"2,000","14,000","-12,000","-12,000"
"=""065670""",陽明凱基4C購02  ,0,0,0,0,0,0,0,0,0,"-12,000",0,0,0,0,"12,000","-12,000","-12,000"
"=""065693""",世紀鋼凱基47購05,0,0,0,0,0,0,0,0,0,"-12,000",0,0,0,0,"12,000","-12,000","-12,000"
"=""065242""",材料凱基49購02  ,0,0,0,0,0,0,0,0,0,"-12,000",0,0,0,"3,000","15,000","-12,000","-12,000"
"=""065296""",台達電統一4C購01,0,0,0,0,0,0,0,0,0,"-12,000",0,0,0,0,"12,000","-12,000","-12,000"
"=""065340""",東哥統一55購02  ,0,0,0,0,0,0,0,0,0,"-12,000",0,0,0,"34,000","46,000","-12,000","-12,000"
"=""035468""",義隆永豐54購01  ,0,0,0,0,0,0,0,0,0,"-12,000",0,0,0,"8,000","20,000","-12,000","-12,000"
"=""045485""",道瓊反國票55購01,0,0,0,0,0,0,0,0,0,"-12,000",0,0,0,"2,000","14,000","-12,000","-12,000"
"=""03617B""",臺股指元大36熊02,0,0,0,0,0,0,0,0,0,"-12,000",0,0,0,0,"12,000","-12,000","-12,000"
"=""044953""",日月光元大58購01,0,0,0,0,0,0,0,0,0,"-12,000",0,0,0,0,"12,000","-12,000","-12,000"
"=""045126""",日電貿元大55購05,0,0,0,0,0,0,0,0,0,"-12,000",0,0,0,"8,000","20,000","-12,000","-12,000"
"=""035015""",京元電永豐55購01,0,0,0,0,0,0,0,0,0,"-12,000",0,0,0,"3,000","15,000","-12,000","-12,000"
"=""059591""",寶成元大45購06  ,0,0,0,0,0,0,0,0,0,"-12,000",0,0,0,0,"12,000","-12,000","-12,000"
"=""060167""",精元元大46購01  ,0,0,0,0,0,0,0,0,0,"-12,000",0,0,0,"10,000","22,000","-12,000","-12,000"
"=""058371""",宏達電國票5B購02,0,0,0,0,0,0,0,0,0,"-12,000",0,0,0,0,"12,000","-12,000","-12,000"
"=""066928""",亞翔群益49購02  ,0,0,0,0,0,0,0,0,0,"-12,000",0,0,0,0,"12,000","-12,000","-12,000"
"=""067014""",鈺邦凱基49購01  ,0,0,0,0,0,0,0,0,0,"-12,000",0,0,0,"100,000","112,000","-12,000","-12,000"
8039,台虹            ,"15,000","27,002","-12,002",0,0,0,0,0,0,0,0,0,0,0,0,0,"-12,002"
6598,ABC-KY          ,"10,000","23,040","-13,040",0,0,0,0,0,0,"1,000","1,000",0,"1,000",0,0,0,"-12,040"
1436,華友聯          ,"3,000","14,130","-11,130",0,0,0,0,0,0,"-1,000",0,"1,000","-1,000",0,0,0,"-12,130"
"=""047516""",台積電國票44購02,0,0,0,0,0,0,0,0,0,"-13,000",0,0,0,"49,000","62,000","-13,000","-13,000"
"=""054609""",迎廣群益45購02  ,0,0,0,0,0,0,0,0,0,"-13,000",0,0,0,"51,000","64,000","-13,000","-13,000"
"=""08695U""",台光電統一34售08,0,0,0,0,0,0,0,0,0,"-13,000",0,0,0,0,"13,000","-13,000","-13,000"
"=""055253""",滬深2X群益44購14,0,0,0,0,0,0,0,0,0,"-13,000",0,0,0,"100,000","113,000","-13,000","-13,000"
"=""055862""",保瑞凱基45購02  ,0,0,0,0,0,0,0,0,0,"-13,000",0,0,0,0,"13,000","-13,000","-13,000"
"=""062449""",台達電群益46購04,0,0,0,0,0,0,0,0,0,"-13,000",0,0,0,0,"13,000","-13,000","-13,000"
"=""062470""",奇鋐群益46購11  ,0,0,0,0,0,0,0,0,0,"-13,000",0,0,0,0,"13,000","-13,000","-13,000"
"=""046812""",日本2X元大44購02,0,0,0,0,0,0,0,0,0,"-13,000",0,0,0,0,"13,000","-13,000","-13,000"
"=""062687""",台積電永豐54購01,0,0,0,0,0,0,0,0,0,"-13,000",0,0,0,0,"13,000","-13,000","-13,000"
"=""068364""",創意富邦48購03  ,0,0,0,0,0,0,0,0,0,"-13,000",0,0,0,0,"13,000","-13,000","-13,000"
"=""061451""",美時元大46購13  ,0,0,0,0,0,0,0,0,0,"-13,000",0,0,0,0,"13,000","-13,000","-13,000"
"=""060959""",華泰元富46購01  ,0,0,0,0,0,0,0,0,0,"-13,000",0,0,0,"57,000","70,000","-13,000","-13,000"
"=""069041""",T50反1凱基4A購03,0,0,0,0,0,0,0,0,0,"-13,000",0,0,0,"2,000","15,000","-13,000","-13,000"
"=""069447""",精銳群益4A購02  ,0,0,0,0,0,0,0,0,0,"-13,000",0,0,0,"134,000","147,000","-13,000","-13,000"
"=""069741""",上銀元富48購02  ,0,0,0,0,0,0,0,0,0,"-13,000",0,0,0,0,"13,000","-13,000","-13,000"
"=""069823""",祥碩永豐48購03  ,0,0,0,0,0,0,0,0,0,"-13,000",0,0,0,0,"13,000","-13,000","-13,000"
"=""069350""",貿聯凱基48購03  ,0,0,0,0,0,0,0,0,0,"-13,000",0,0,0,0,"13,000","-13,000","-13,000"
"=""054855""",台積電元大46購06,0,0,0,0,0,0,0,0,0,"-13,000",0,0,0,"10,000","23,000","-13,000","-13,000"
"=""067154""",華紙群益3B購01  ,0,0,0,0,0,0,0,0,0,"-13,000",0,0,0,0,"13,000","-13,000","-13,000"
"=""053515""",滬深2X群益44購06,0,0,0,0,0,0,0,0,0,"-13,000",0,0,0,0,"13,000","-13,000","-13,000"
"=""053615""",SGBR2X國票45購02,0,0,0,0,0,0,0,0,0,"-13,000",0,0,0,0,"13,000","-13,000","-13,000"
"=""067416""",元債2X中信3B購02,0,0,0,0,0,0,0,0,0,"-13,000",0,0,0,"27,000","40,000","-13,000","-13,000"
"=""067567""",台玻富邦49購01  ,0,0,0,0,0,0,0,0,0,"-13,000",0,0,0,0,"13,000","-13,000","-13,000"
"=""067560""",臺股指群益47購08,0,0,0,0,0,0,0,0,0,"-13,000",0,0,0,0,"13,000","-13,000","-13,000"
"=""067338""",裕民元大47購01  ,0,0,0,0,0,0,0,0,0,"-13,000",0,0,0,"5,000","18,000","-13,000","-13,000"
"=""058883""",美時元大45購05  ,0,0,0,0,0,0,0,0,0,"-13,000",0,0,0,"47,000","60,000","-13,000","-13,000"
"=""045203""",台光電凱基55購09,0,0,0,0,0,0,0,0,0,"-13,000",0,0,0,"1,000","14,000","-13,000","-13,000"
"=""038793""",敦陽科國票57購01,0,0,0,0,0,0,0,0,0,"-13,000",0,0,0,0,"13,000","-13,000","-13,000"
"=""045436""",聯發科元大55購16,0,0,0,0,0,0,0,0,0,"-13,000",0,0,0,0,"13,000","-13,000","-13,000"
"=""042653""",旺宏國泰56購01  ,0,0,0,0,0,0,0,0,0,"-13,000",0,0,0,0,"13,000","-13,000","-13,000"
"=""066179""",高力統一45購01  ,0,0,0,0,0,0,0,0,0,"-13,000",0,0,0,"7,000","20,000","-13,000","-13,000"
"=""065889""",上銀凱基4C購01  ,0,0,0,0,0,0,0,0,0,"-13,000",0,0,0,0,"13,000","-13,000","-13,000"
4571,鈞興-KY         ,"6,000","16,000","-10,000",0,0,0,0,0,0,"-3,000",0,"3,000","-3,000",0,0,0,"-13,000"
4989,榮科            ,"7,000","19,000","-12,000",0,0,0,0,0,0,"-1,000",0,"1,000","-1,000",0,0,0,"-13,000"
"=""051048""",智邦元大43購03  ,0,0,0,0,0,0,0,0,0,"-13,000",0,0,0,0,"13,000","-13,000","-13,000"
"=""052426""",迅得元大46購01  ,0,0,0,0,0,0,0,0,0,"-13,000",0,0,0,0,"13,000","-13,000","-13,000"
"=""052486""",A50正2永豐47購01,0,0,0,0,0,0,0,0,0,"-13,000",0,0,0,0,"13,000","-13,000","-13,000"
"=""064319""",台塑凱基49購02  ,0,0,0,0,0,0,0,0,0,"-13,000",0,0,0,"1,000","14,000","-13,000","-13,000"
"=""064294""",富華新元大46購01,0,0,0,0,0,0,0,0,0,"-13,000",0,0,0,"23,000","36,000","-13,000","-13,000"
"=""054291""",祥碩元大44購01  ,0,0,0,0,0,0,0,0,0,"-13,000",0,0,0,0,"13,000","-13,000","-13,000"
"=""050413""",佳能國票44購01  ,0,0,0,0,0,0,0,0,0,"-13,000",0,0,0,0,"13,000","-13,000","-13,000"
1531,高林股          ,"5,000","19,000","-14,000",0,0,0,0,0,0,"1,000","1,000",0,"1,000",0,0,0,"-13,000"
"=""049707""",愛普永豐45購01  ,0,0,0,0,0,0,0,0,0,"-13,000",0,0,0,"33,000","46,000","-13,000","-13,000"
"=""047924""",滬深2X永豐42購04,0,0,0,0,0,0,0,0,0,"-13,000",0,0,0,0,"13,000","-13,000","-13,000"
"=""048751""",京元電中信42購01,0,0,0,0,0,0,0,0,0,"-13,000",0,0,0,0,"13,000","-13,000","-13,000"
"=""048690""",欣興凱基42購02  ,0,0,0,0,0,0,0,0,0,"-13,000",0,0,0,0,"13,000","-13,000","-13,000"
"=""063007""",億光群益48購01  ,0,0,0,0,0,0,0,0,0,"-13,000",0,0,0,"21,000","34,000","-13,000","-13,000"
"=""063102""",台積電中信4A購01,0,0,0,0,0,0,0,0,0,"-13,000",0,0,0,0,"13,000","-13,000","-13,000"
"=""064972""",亞翔國泰48購02  ,0,0,0,0,0,0,0,0,0,"-13,000",0,0,0,0,"13,000","-13,000","-13,000"
"=""064466""",邁達特元大46購02,0,0,0,0,0,0,0,0,0,"-13,000",0,0,0,"77,000","90,000","-13,000","-13,000"
"=""040827""",光寶科元大57購06,0,0,0,0,0,0,0,0,0,"-13,000",0,0,0,"51,000","64,000","-13,000","-13,000"
1707,葡萄王          ,"61,000","76,000","-15,000",0,0,0,0,0,0,"1,731","6,000","5,269",731,"1,000",0,"1,000","-13,269"
"=""056066""",萬海群益44購04  ,0,0,0,0,0,0,0,0,0,"-14,000",0,0,0,0,"14,000","-14,000","-14,000"
"=""063166""",創意元富4C購08  ,0,0,0,0,0,0,0,0,0,"-14,000",0,0,0,0,"14,000","-14,000","-14,000"
"=""063558""",中502X永豐4C購01,0,0,0,0,0,0,0,0,0,"-14,000",0,0,0,0,"14,000","-14,000","-14,000"
"=""050290""",零壹國票44購01  ,0,0,0,0,0,0,0,0,0,"-14,000",0,0,0,"10,000","24,000","-14,000","-14,000"
"=""050264""",晶技凱基44購01  ,0,0,0,0,0,0,0,0,0,"-14,000",0,0,0,"26,000","40,000","-14,000","-14,000"
"=""063479""",臺股指元大47購20,0,0,0,0,0,0,0,0,0,"-14,000",0,0,0,"1,000","15,000","-14,000","-14,000"
"=""04002T""",聯電群益39售01  ,0,0,0,0,0,0,0,0,0,"-14,000",0,0,0,0,"14,000","-14,000","-14,000"
"=""052532""",台積電群益4A購02,0,0,0,0,0,0,0,0,0,"-14,000",0,0,0,"2,000","16,000","-14,000","-14,000"
"=""056429""",創意群益45購03  ,0,0,0,0,0,0,0,0,0,"-14,000",0,0,0,"1,000","15,000","-14,000","-14,000"
5288,豐祥-KY         ,"15,000","29,000","-14,000",0,0,0,0,0,0,0,0,0,0,0,0,0,"-14,000"
4148,全宇生技-KY     ,"45,000","80,000","-35,000",0,0,0,0,0,0,"21,000","22,000","1,000","21,000",0,0,0,"-14,000"
3652,精聯            ,"21,000","33,000","-12,000",0,0,0,0,0,0,"-2,000",0,"2,000","-2,000",0,0,0,"-14,000"
"=""040813""",緯穎兆豐54購01  ,0,0,0,0,0,0,0,0,0,"-14,000",0,0,0,0,"14,000","-14,000","-14,000"
"=""064342""",世芯凱基48購08  ,0,0,0,0,0,0,0,0,0,"-14,000",0,0,0,"16,000","30,000","-14,000","-14,000"
"=""064484""",上銀群益4C購02  ,0,0,0,0,0,0,0,0,0,"-14,000",0,0,0,"10,000","24,000","-14,000","-14,000"
"=""04402T""",萬海凱基35售01  ,0,0,0,0,0,0,0,0,0,"-14,000",0,0,0,0,"14,000","-14,000","-14,000"
"=""065826""",國巨統一51購03  ,0,0,0,0,0,0,0,0,0,"-14,000",0,0,0,"36,000","50,000","-14,000","-14,000"
"=""043344""",日月光群益59購01,0,0,0,0,0,0,0,0,0,"-14,000",0,0,0,"20,000","34,000","-14,000","-14,000"
"=""066358""",聯發科元富4A購03,0,0,0,0,0,0,0,0,0,"-14,000",0,0,0,"11,000","25,000","-14,000","-14,000"
"=""066519""",和椿群益47購02  ,0,0,0,0,0,0,0,0,0,"-14,000",0,0,0,"16,000","30,000","-14,000","-14,000"
"=""066438""",鼎基統一53購01  ,0,0,0,0,0,0,0,0,0,"-14,000",0,0,0,0,"14,000","-14,000","-14,000"
"=""065190""",台光電凱基47購04,0,0,0,0,0,0,0,0,0,"-14,000",0,0,0,0,"14,000","-14,000","-14,000"
"=""065225""",新光鋼凱基49購01,0,0,0,0,0,0,0,0,0,"-14,000",0,0,0,0,"14,000","-14,000","-14,000"
"=""045102""",國喬元大55購01  ,0,0,0,0,0,0,0,0,0,"-14,000",0,0,0,0,"14,000","-14,000","-14,000"
"=""03434T""",臺股指群益33售39,0,0,0,0,0,0,0,0,0,"-14,000",0,0,0,"61,000","75,000","-14,000","-14,000"
"=""041182""",東元富邦55購01  ,0,0,0,0,0,0,0,0,0,"-14,000",0,0,0,"74,000","88,000","-14,000","-14,000"
"=""058180""",鴻海富邦47購01  ,0,0,0,0,0,0,0,0,0,"-14,000",0,0,0,0,"14,000","-14,000","-14,000"
"=""058342""",天虹群益45購02  ,0,0,0,0,0,0,0,0,0,"-14,000",0,0,0,"2,000","16,000","-14,000","-14,000"
"=""058700""",裕民國票46購03  ,0,0,0,0,0,0,0,0,0,"-14,000",0,0,0,"15,000","29,000","-14,000","-14,000"
"=""067916""",大立光元大47購18,0,0,0,0,0,0,0,0,0,"-14,000",0,0,0,"31,000","45,000","-14,000","-14,000"
"=""067917""",大立光元大47購19,0,0,0,0,0,0,0,0,0,"-14,000",0,0,0,"30,000","44,000","-14,000","-14,000"
"=""068079""",欣興凱基49購01  ,0,0,0,0,0,0,0,0,0,"-14,000",0,0,0,"183,000","197,000","-14,000","-14,000"
"=""067191""",玉晶光第一47購01,0,0,0,0,0,0,0,0,0,"-14,000",0,0,0,"6,000","20,000","-14,000","-14,000"
"=""067414""",永道統一51購03  ,0,0,0,0,0,0,0,0,0,"-14,000",0,0,0,"10,000","24,000","-14,000","-14,000"
"=""067636""",台塑化統一51購02,0,0,0,0,0,0,0,0,0,"-14,000",0,0,0,"10,000","24,000","-14,000","-14,000"
"=""059564""",正崴元大45購06  ,0,0,0,0,0,0,0,0,0,"-14,000",0,0,0,0,"14,000","-14,000","-14,000"
"=""053539""",T50正2元大45購03,0,0,0,0,0,0,0,0,0,"-14,000",0,0,0,0,"14,000","-14,000","-14,000"
"=""067045""",景碩永豐51購01  ,0,0,0,0,0,0,0,0,0,"-14,000",0,0,0,0,"14,000","-14,000","-14,000"
"=""069690""",志強元大48購02  ,0,0,0,0,0,0,0,0,0,"-14,000",0,0,0,0,"14,000","-14,000","-14,000"
"=""061950""",復盛永豐46購01  ,0,0,0,0,0,0,0,0,0,"-14,000",0,0,0,"10,000","24,000","-14,000","-14,000"
"=""062048""",偉詮電群益47購01,0,0,0,0,0,0,0,0,0,"-14,000",0,0,0,0,"14,000","-14,000","-14,000"
"=""069040""",亞翔第一48購01  ,0,0,0,0,0,0,0,0,0,"-14,000",0,0,0,0,"14,000","-14,000","-14,000"
"=""069103""",神達元大48購06  ,0,0,0,0,0,0,0,0,0,"-14,000",0,0,0,0,"14,000","-14,000","-14,000"
"=""056876""",中砂元大48購03  ,0,0,0,0,0,0,0,0,0,"-14,000",0,0,0,"1,000","15,000","-14,000","-14,000"
"=""046390""",和大元富42購03  ,0,0,0,0,0,0,0,0,0,"-14,000",0,0,0,"2,000","16,000","-14,000","-14,000"
"=""057472""",建準國票46購02  ,0,0,0,0,0,0,0,0,0,"-14,000",0,0,0,0,"14,000","-14,000","-14,000"
"=""055190""",金像電國票45購02,0,0,0,0,0,0,0,0,0,"-14,000",0,0,0,"12,000","26,000","-14,000","-14,000"
"=""047337""",南電元大43購03  ,0,0,0,0,0,0,0,0,0,"-14,000",0,0,0,0,"14,000","-14,000","-14,000"
"=""062831""",緯穎元大46購25  ,0,0,0,0,0,0,0,0,0,"-14,000",0,0,0,"14,000","28,000","-14,000","-14,000"
"=""062872""",智邦第一46購01  ,0,0,0,0,0,0,0,0,0,"-15,000",0,0,0,0,"15,000","-15,000","-15,000"
"=""08293U""",台達電群益31售06,0,0,0,0,0,0,0,0,0,"-15,000",0,0,0,0,"15,000","-15,000","-15,000"
"=""055011""",達發國票45購01  ,0,0,0,0,0,0,0,0,0,"-15,000",0,0,0,"20,000","35,000","-15,000","-15,000"
"=""08024U""",T50正2凱基34售02,0,0,0,0,0,0,0,0,0,"-15,000",0,0,0,0,"15,000","-15,000","-15,000"
"=""08756U""",奇鋐凱基33售09  ,0,0,0,0,0,0,0,0,0,"-15,000",0,0,0,"55,000","70,000","-15,000","-15,000"
"=""08855U""",技嘉凱基33售11  ,0,0,0,0,0,0,0,0,0,"-15,000",0,0,0,0,"15,000","-15,000","-15,000"
"=""045874""",景碩國泰44購01  ,0,0,0,0,0,0,0,0,0,"-15,000",0,0,0,0,"15,000","-15,000","-15,000"
"=""045943""",瑞智凱基43購01  ,0,0,0,0,0,0,0,0,0,"-15,000",0,0,0,0,"15,000","-15,000","-15,000"
"=""057890""",華新國票45購01  ,0,0,0,0,0,0,0,0,0,"-15,000",0,0,0,0,"15,000","-15,000","-15,000"
"=""046450""",奇鋐統一52購01  ,0,0,0,0,0,0,0,0,0,"-15,000",0,0,0,0,"15,000","-15,000","-15,000"
"=""046097""",怡利電群益43購01,0,0,0,0,0,0,0,0,0,"-15,000",0,0,0,"1,000","16,000","-15,000","-15,000"
"=""062350""",材料元大46購07  ,0,0,0,0,0,0,0,0,0,"-15,000",0,0,0,0,"15,000","-15,000","-15,000"
"=""062734""",力積電元富4C購01,0,0,0,0,0,0,0,0,0,"-15,000",0,0,0,0,"15,000","-15,000","-15,000"
"=""062602""",康舒元大46購04  ,0,0,0,0,0,0,0,0,0,"-15,000",0,0,0,"5,000","20,000","-15,000","-15,000"
"=""046665""",道瓊反元大47購01,0,0,0,0,0,0,0,0,0,"-15,000",0,0,0,"5,000","20,000","-15,000","-15,000"
"=""062586""",長榮航元大46購19,0,0,0,0,0,0,0,0,0,"-15,000",0,0,0,"30,000","45,000","-15,000","-15,000"
"=""046589""",智原凱基43購08  ,0,0,0,0,0,0,0,0,0,"-15,000",0,0,0,0,"15,000","-15,000","-15,000"
"=""056899""",文曄元大45購01  ,0,0,0,0,0,0,0,0,0,"-15,000",0,0,0,0,"15,000","-15,000","-15,000"
"=""057033""",滬深2X凱基46購07,0,0,0,0,0,0,0,0,0,"-15,000",0,0,0,"20,000","35,000","-15,000","-15,000"
"=""057044""",陽明凱基47購03  ,0,0,0,0,0,0,0,0,0,"-15,000",0,0,0,0,"15,000","-15,000","-15,000"
"=""057194""",仁寶永豐45購01  ,0,0,0,0,0,0,0,0,0,"-15,000",0,0,0,0,"15,000","-15,000","-15,000"
"=""069095""",大立光元大48購08,0,0,0,0,0,0,0,0,0,"-15,000",0,0,0,0,"15,000","-15,000","-15,000"
"=""061709""",華航中信46購04  ,0,0,0,0,0,0,0,0,0,"-15,000",0,0,0,"24,000","39,000","-15,000","-15,000"
"=""069446""",世芯群益49購07  ,0,0,0,0,0,0,0,0,0,"-15,000",0,0,0,"10,000","25,000","-15,000","-15,000"
"=""069711""",玉晶光富邦49購02,0,0,0,0,0,0,0,0,0,"-15,000",0,0,0,0,"15,000","-15,000","-15,000"
"=""069706""",士電統一46購01  ,0,0,0,0,0,0,0,0,0,"-15,000",0,0,0,0,"15,000","-15,000","-15,000"
"=""060928""",鴻海凱基47購12  ,0,0,0,0,0,0,0,0,0,"-15,000",0,0,0,0,"15,000","-15,000","-15,000"
"=""068760""",精銳凱基48購01  ,0,0,0,0,0,0,0,0,0,"-15,000",0,0,0,0,"15,000","-15,000","-15,000"
"=""061308""",雲豹中信47購01  ,0,0,0,0,0,0,0,0,0,"-15,000",0,0,0,"10,000","25,000","-15,000","-15,000"
"=""061227""",長榮航元大46購08,0,0,0,0,0,0,0,0,0,"-15,000",0,0,0,0,"15,000","-15,000","-15,000"
"=""060426""",和大元富47購02  ,0,0,0,0,0,0,0,0,0,"-15,000",0,0,0,0,"15,000","-15,000","-15,000"
"=""066912""",聯發科群益47購13,0,0,0,0,0,0,0,0,0,"-15,000",0,0,0,0,"15,000","-15,000","-15,000"
"=""054849""",上銀元大49購01  ,0,0,0,0,0,0,0,0,0,"-15,000",0,0,0,0,"15,000","-15,000","-15,000"
"=""032561""",為升國票53購01  ,0,0,0,0,0,0,0,0,0,"-15,000",0,0,0,0,"15,000","-15,000","-15,000"
"=""053630""",A50凱基44購01   ,0,0,0,0,0,0,0,0,0,"-15,000",0,0,0,"137,000","152,000","-15,000","-15,000"
"=""052002""",怡利電元富47購01,0,0,0,0,0,0,0,0,0,"-15,000",0,0,0,0,"15,000","-15,000","-15,000"
"=""03402T""",堤維西國票34售03,0,0,0,0,0,0,0,0,0,"-15,000",0,0,0,0,"15,000","-15,000","-15,000"
"=""059526""",智邦凱基46購05  ,0,0,0,0,0,0,0,0,0,"-15,000",0,0,0,"7,000","22,000","-15,000","-15,000"
"=""067494""",元油反元大4A購01,0,0,0,0,0,0,0,0,0,"-15,000",0,0,0,"6,000","21,000","-15,000","-15,000"
"=""067496""",SGBR2X元大49購02,0,0,0,0,0,0,0,0,0,"-15,000",0,0,0,"400,000","415,000","-15,000","-15,000"
"=""067193""",美指反凱基48購01,0,0,0,0,0,0,0,0,0,"-15,000",0,0,0,0,"15,000","-15,000","-15,000"
"=""067817""",鴻海永豐48購09  ,0,0,0,0,0,0,0,0,0,"-15,000",0,0,0,0,"15,000","-15,000","-15,000"
"=""067863""",來億凱基49購01  ,0,0,0,0,0,0,0,0,0,"-15,000",0,0,0,"103,000","118,000","-15,000","-15,000"
"=""058752""",富鼎群益45購01  ,0,0,0,0,0,0,0,0,0,"-15,000",0,0,0,0,"15,000","-15,000","-15,000"
"=""058599""",緯創群益45購15  ,0,0,0,0,0,0,0,0,0,"-15,000",0,0,0,"10,000","25,000","-15,000","-15,000"
"=""058326""",宏達電群益45購02,0,0,0,0,0,0,0,0,0,"-15,000",0,0,0,"10,000","25,000","-15,000","-15,000"
"=""059979""",一詮元大45購06  ,0,0,0,0,0,0,0,0,0,"-15,000",0,0,0,0,"15,000","-15,000","-15,000"
"=""059996""",永崴控元大45購03,0,0,0,0,0,0,0,0,0,"-15,000",0,0,0,"235,000","250,000","-15,000","-15,000"
"=""035273""",矽格國票54購02  ,0,0,0,0,0,0,0,0,0,"-15,000",0,0,0,0,"15,000","-15,000","-15,000"
"=""036067""",所羅門群益53購02,0,0,0,0,0,0,0,0,0,"-15,000",0,0,0,"15,000","30,000","-15,000","-15,000"
"=""03630T""",奇鋐國泰36售02  ,0,0,0,0,0,0,0,0,0,"-15,000",0,0,0,0,"15,000","-15,000","-15,000"
"=""042376""",長榮元大54購12  ,0,0,0,0,0,0,0,0,0,"-15,000",0,0,0,0,"15,000","-15,000","-15,000"
"=""065197""",敦泰凱基47購01  ,0,0,0,0,0,0,0,0,0,"-15,000",0,0,0,0,"15,000","-15,000","-15,000"
"=""065264""",洋基元富47購01  ,0,0,0,0,0,0,0,0,0,"-15,000",0,0,0,0,"15,000","-15,000","-15,000"
"=""065727""",南亞科元大47購02,0,0,0,0,0,0,0,0,0,"-15,000",0,0,0,0,"15,000","-15,000","-15,000"
"=""03889T""",聯電元大34售10  ,0,0,0,0,0,0,0,0,0,"-15,000",0,0,0,0,"15,000","-15,000","-15,000"
"=""039093""",世紀鋼永豐57購01,0,0,0,0,0,0,0,0,0,"-15,000",0,0,0,"15,000","30,000","-15,000","-15,000"
"=""03892T""",聯鈞元大34售08  ,0,0,0,0,0,0,0,0,0,"-15,000",0,0,0,0,"15,000","-15,000","-15,000"
"=""066552""",材料凱基3B購01  ,0,0,0,0,0,0,0,0,0,"-15,000",0,0,0,"5,000","20,000","-15,000","-15,000"
"=""066671""",川湖凱基47購05  ,0,0,0,0,0,0,0,0,0,"-15,000",0,0,0,"13,000","28,000","-15,000","-15,000"
"=""066274""",聯發科元大47購06,0,0,0,0,0,0,0,0,0,"-15,000",0,0,0,0,"15,000","-15,000","-15,000"
"=""04165T""",晶豪科國票36售01,0,0,0,0,0,0,0,0,0,"-15,000",0,0,0,0,"15,000","-15,000","-15,000"
"=""044296""",金寶群益55購03  ,0,0,0,0,0,0,0,0,0,"-15,000",0,0,0,"40,000","55,000","-15,000","-15,000"
"=""064897""",愛普群益47購03  ,0,0,0,0,0,0,0,0,0,"-15,000",0,0,0,"13,000","28,000","-15,000","-15,000"
"=""064517""",緯創統一43購01  ,0,0,0,0,0,0,0,0,0,"-15,000",0,0,0,0,"15,000","-15,000","-15,000"
8466,美吉吉-KY       ,"7,000","11,000","-4,000",0,0,0,0,0,0,"-11,000",0,"11,000","-11,000",0,0,0,"-15,000"
"=""063637""",香港2X元大48購02,0,0,0,0,0,0,0,0,0,"-15,000",0,0,0,"25,000","40,000","-15,000","-15,000"
"=""052133""",華紙元大43購01  ,0,0,0,0,0,0,0,0,0,"-15,000",0,0,0,0,"15,000","-15,000","-15,000"
"=""051131""",新日興凱基43購09,0,0,0,0,0,0,0,0,0,"-15,000",0,0,0,0,"15,000","-15,000","-15,000"
"=""053145""",華城群益45購01  ,0,0,0,0,0,0,0,0,0,"-15,000",0,0,0,0,"15,000","-15,000","-15,000"
"=""03941T""",創意國票35售05  ,0,0,0,0,0,0,0,0,0,"-15,000",0,0,0,"50,000","65,000","-15,000","-15,000"
"=""039725""",彩晶國泰55購01  ,0,0,0,0,0,0,0,0,0,"-15,000",0,0,0,0,"15,000","-15,000","-15,000"
"=""054090""",台積電富邦44購04,0,0,0,0,0,0,0,0,0,"-15,000",0,0,0,0,"15,000","-15,000","-15,000"
"=""059360""",新興元大45購04  ,0,0,0,0,0,0,0,0,0,"-15,000",0,0,0,0,"15,000","-15,000","-15,000"
"=""059370""",緯創元大45購32  ,0,0,0,0,0,0,0,0,0,"-15,000",0,0,0,"15,000","30,000","-15,000","-15,000"
"=""051867""",聚陽富邦45購01  ,0,0,0,0,0,0,0,0,0,"-15,000",0,0,0,0,"15,000","-15,000","-15,000"
"=""044510""",亞力凱基55購03  ,0,0,0,0,0,0,0,0,0,"-15,000",0,0,0,0,"15,000","-15,000","-15,000"
"=""063807""",南亞科凱基47購02,0,0,0,0,0,0,0,0,0,"-15,000",0,0,0,0,"15,000","-15,000","-15,000"
"=""059098""",保瑞元富48購02  ,0,0,0,0,0,0,0,0,0,"-15,000",0,0,0,0,"15,000","-15,000","-15,000"
"=""059062""",正崴國票46購05  ,0,0,0,0,0,0,0,0,0,"-15,000",0,0,0,"1,000","16,000","-15,000","-15,000"
"=""063923""",美債2X國票46購03,0,0,0,0,0,0,0,0,0,"-15,000",0,0,0,0,"15,000","-15,000","-15,000"
"=""064042""",中興電元大46購01,0,0,0,0,0,0,0,0,0,"-15,000",0,0,0,"5,000","20,000","-15,000","-15,000"
"=""063492""",矽力富邦48購01  ,0,0,0,0,0,0,0,0,0,"-15,000",0,0,0,"10,000","25,000","-15,000","-15,000"
"=""063575""",精銳第一46購01  ,0,0,0,0,0,0,0,0,0,"-15,000",0,0,0,"1,000","16,000","-15,000","-15,000"
"=""063579""",中砂凱基48購01  ,0,0,0,0,0,0,0,0,0,"-15,000",0,0,0,"41,000","56,000","-15,000","-15,000"
"=""063582""",宇隆凱基48購01  ,0,0,0,0,0,0,0,0,0,"-15,000",0,0,0,"32,000","47,000","-15,000","-15,000"
"=""063546""",FBNQ2X元富4C購01,0,0,0,0,0,0,0,0,0,"-15,000",0,0,0,"167,000","182,000","-15,000","-15,000"
"=""063146""",泰金寶凱基46購02,0,0,0,0,0,0,0,0,0,"-15,000",0,0,0,0,"15,000","-15,000","-15,000"
"=""049431""",世芯元富49購01  ,0,0,0,0,0,0,0,0,0,"-15,000",0,0,0,0,"15,000","-15,000","-15,000"
"=""049715""",陽明元富43購03  ,0,0,0,0,0,0,0,0,0,"-15,000",0,0,0,"85,000","100,000","-15,000","-15,000"
"=""049571""",滬深2X永豐43購03,0,0,0,0,0,0,0,0,0,"-15,000",0,0,0,0,"15,000","-15,000","-15,000"
"=""063383""",台達電富邦46購03,0,0,0,0,0,0,0,0,0,"-15,000",0,0,0,0,"15,000","-15,000","-15,000"
"=""062991""",保瑞元大46購13  ,0,0,0,0,0,0,0,0,0,"-15,000",0,0,0,0,"15,000","-15,000","-15,000"
"=""047907""",海悅凱基42購01  ,0,0,0,0,0,0,0,0,0,"-15,000",0,0,0,0,"15,000","-15,000","-15,000"
"=""04825T""",臺股指群益36售36,0,0,0,0,0,0,0,0,0,"-15,000",0,0,0,0,"15,000","-15,000","-15,000"
"=""048246""",潤隆統一48購01  ,0,0,0,0,0,0,0,0,0,"-15,000",0,0,0,0,"15,000","-15,000","-15,000"
"=""048224""",富邦金元富48購01,0,0,0,0,0,0,0,0,0,"-15,000",0,0,0,0,"15,000","-15,000","-15,000"
"=""056134""",辛耘國泰46購03  ,0,0,0,0,"15,000","-15,000",0,0,0,"-15,000",0,0,0,0,"15,000","-15,000","-15,000"
1626,艾美特-KY       ,"7,000","22,000","-15,000",0,0,0,0,0,0,0,0,0,0,0,0,0,"-15,000"
"=""063610""",台積電群益46購25,0,0,0,0,0,0,0,0,0,"-15,000",0,0,0,0,"15,000","-15,000","-15,000"
"=""055658""",全新群益44購02  ,0,0,0,0,0,0,0,0,0,"-15,000",0,0,0,0,"15,000","-15,000","-15,000"
"=""050476""",A50正2元大45購01,0,0,0,0,0,0,0,0,0,"-15,000",0,0,0,0,"15,000","-15,000","-15,000"
"=""050532""",大同元富43購02  ,0,0,0,0,0,0,0,0,0,"-15,000",0,0,0,0,"15,000","-15,000","-15,000"
"=""050824""",台積電國泰45購11,0,0,0,0,0,0,0,0,0,"-15,000",0,0,0,0,"15,000","-15,000","-15,000"
"=""056175""",鈺邦凱基44購03  ,0,0,0,0,0,0,0,0,0,"-15,000",0,0,0,0,"15,000","-15,000","-15,000"
"=""056272""",鴻海國泰47購01  ,0,0,0,0,0,0,0,0,0,"-15,000",0,0,0,0,"15,000","-15,000","-15,000"
2701,萬企            ,"17,000","26,000","-9,000",0,0,0,0,0,0,"-6,000",0,"6,000","-6,000",0,0,0,"-15,000"
1598,岱宇            ,"104,000","120,000","-16,000",0,0,0,0,0,0,380,"1,000",620,380,0,0,0,"-15,620"
"=""051013""",致伸國泰45購02  ,0,0,0,0,0,0,0,0,0,"-16,000",0,0,0,0,"16,000","-16,000","-16,000"
"=""050354""",T50正2元大43購20,0,0,0,0,0,0,0,0,0,"-16,000",0,0,0,"5,000","21,000","-16,000","-16,000"
"=""063023""",穎崴群益46購02  ,0,0,0,0,0,0,0,0,0,"-16,000",0,0,0,"9,000","25,000","-16,000","-16,000"
"=""048774""",大立光國泰44購04,0,0,0,0,0,0,0,0,0,"-16,000",0,0,0,"2,000","18,000","-16,000","-16,000"
"=""063373""",台積電國泰48購04,0,0,0,0,0,0,0,0,0,"-16,000",0,0,0,0,"16,000","-16,000","-16,000"
"=""063325""",牧德國票46購04  ,0,0,0,0,0,0,0,0,0,"-16,000",0,0,0,0,"16,000","-16,000","-16,000"
"=""050259""",長榮凱基44購04  ,0,0,0,0,0,0,0,0,0,"-16,000",0,0,0,0,"16,000","-16,000","-16,000"
"=""050319""",智原中信43購02  ,0,0,0,0,0,0,0,0,0,"-16,000",0,0,0,0,"16,000","-16,000","-16,000"
"=""063472""",保瑞元大46購16  ,0,0,0,0,0,0,0,0,0,"-16,000",0,0,0,0,"16,000","-16,000","-16,000"
"=""050090""",緯穎永豐43購02  ,0,0,0,0,0,0,0,0,0,"-16,000",0,0,0,"10,000","26,000","-16,000","-16,000"
"=""064217""",日月光永豐4C購01,0,0,0,0,0,0,0,0,0,"-16,000",0,0,0,0,"16,000","-16,000","-16,000"
"=""053823""",宏致國票47購01  ,0,0,0,0,0,0,0,0,0,"-16,000",0,0,0,0,"16,000","-16,000","-16,000"
"=""053011""",大銀統一54購01  ,0,0,0,0,0,0,0,0,0,"-16,000",0,0,0,0,"16,000","-16,000","-16,000"
4737,華廣            ,"13,000","29,000","-16,000",0,0,0,0,0,0,0,"1,000","1,000",0,0,0,0,"-16,000"
"=""064752""",材料中信4A購02  ,0,0,0,0,0,0,0,0,0,"-16,000",0,0,0,"51,000","67,000","-16,000","-16,000"
"=""040710""",廣宇凱基54購05  ,0,0,0,0,0,0,0,0,0,"-16,000",0,0,0,0,"16,000","-16,000","-16,000"
"=""065035""",台積電元大47購08,0,0,0,0,0,0,0,0,0,"-16,000",0,0,0,"1,531,000","1,547,000","-16,000","-16,000"
"=""066352""",滬深2X元富47購04,0,0,0,0,0,0,0,0,0,"-16,000",0,0,0,"74,000","90,000","-16,000","-16,000"
"=""065265""",洋基元富47購02  ,0,0,0,0,0,0,0,0,0,"-16,000",0,0,0,0,"16,000","-16,000","-16,000"
"=""065239""",世芯凱基4A購03  ,0,0,0,0,0,0,0,0,0,"-16,000",0,0,0,0,"16,000","-16,000","-16,000"
"=""065292""",川湖統一4C購01  ,0,0,0,0,0,0,0,0,0,"-16,000",0,0,0,0,"16,000","-16,000","-16,000"
"=""058358""",鴻海國票46購06  ,0,0,0,0,0,0,0,0,0,"-16,000",0,0,0,"14,000","30,000","-16,000","-16,000"
"=""058661""",天虹凱基45購05  ,0,0,0,0,0,0,0,0,0,"-16,000",0,0,0,0,"16,000","-16,000","-16,000"
"=""067840""",南亞凱基47購03  ,0,0,0,0,0,0,0,0,0,"-16,000",0,0,0,"20,000","36,000","-16,000","-16,000"
"=""067771""",來億統一51購03  ,0,0,0,0,0,0,0,0,0,"-16,000",0,0,0,0,"16,000","-16,000","-16,000"
"=""060179""",長榮元大46購01  ,0,0,0,0,0,0,0,0,0,"-16,000",0,0,0,0,"16,000","-16,000","-16,000"
"=""068124""",汎銓元富47購03  ,0,0,0,0,0,0,0,0,0,"-16,000",0,0,0,"4,000","20,000","-16,000","-16,000"
"=""067365""",臺股指元大49購22,0,0,0,0,0,0,0,0,0,"-16,000",0,0,0,"11,000","27,000","-16,000","-16,000"
"=""067499""",台化元大48購01  ,0,0,0,0,0,0,0,0,0,"-16,000",0,0,0,0,"16,000","-16,000","-16,000"
"=""067491""",滬深2X元大4C購01,0,0,0,0,0,0,0,0,0,"-16,000",0,0,0,0,"16,000","-16,000","-16,000"
"=""03319T""",穎崴凱基33售04  ,0,0,0,0,0,0,0,0,0,"-16,000",0,0,0,0,"16,000","-16,000","-16,000"
"=""068465""",鴻海群益48購08  ,0,0,0,0,0,0,0,0,0,"-16,000",0,0,0,0,"16,000","-16,000","-16,000"
"=""069437""",萬海群益49購01  ,0,0,0,0,0,0,0,0,0,"-16,000",0,0,0,0,"16,000","-16,000","-16,000"
"=""069539""",微星兆豐49購01  ,0,0,0,0,0,0,0,0,0,"-16,000",0,0,0,0,"16,000","-16,000","-16,000"
"=""069560""",欣興群益4A購01  ,0,0,0,0,0,0,0,0,0,"-16,000",0,0,0,0,"16,000","-16,000","-16,000"
"=""069567""",樺漢群益48購01  ,0,0,0,0,0,0,0,0,0,"-16,000",0,0,0,0,"16,000","-16,000","-16,000"
"=""069201""",日月光統一3C購01,0,0,0,0,0,0,0,0,0,"-16,000",0,0,0,0,"16,000","-16,000","-16,000"
"=""069053""",美律凱基4A購01  ,0,0,0,0,0,0,0,0,0,"-16,000",0,0,0,0,"16,000","-16,000","-16,000"
"=""057107""",中華群益45購01  ,0,0,0,0,0,0,0,0,0,"-16,000",0,0,0,0,"16,000","-16,000","-16,000"
"=""061515""",天虹元富46購04  ,0,0,0,0,0,0,0,0,0,"-16,000",0,0,0,"399,000","415,000","-16,000","-16,000"
"=""062537""",欣興國票48購01  ,0,0,0,0,0,0,0,0,0,"-16,000",0,0,0,0,"16,000","-16,000","-16,000"
"=""062290""",長榮群益46購12  ,0,0,0,0,0,0,0,0,0,"-16,000",0,0,0,"9,000","25,000","-16,000","-16,000"
"=""07873U""",臺股指國票2C售11,0,0,0,0,0,0,0,0,0,"-16,000",0,0,0,0,"16,000","-16,000","-16,000"
"=""08202U""",中環元富31售02  ,0,0,0,0,0,0,0,0,0,"-16,000",0,0,0,0,"16,000","-16,000","-16,000"
"=""055140""",滬深2X富邦45購02,0,0,0,0,0,0,0,0,0,"-16,000",0,0,0,0,"16,000","-16,000","-16,000"
8213,志超            ,"113,000","129,000","-16,000",0,0,0,0,0,0,-233,0,233,-233,0,0,0,"-16,233"
6477,安集            ,"17,000","34,000","-17,000",0,0,0,0,0,0,229,"3,000","2,771",229,0,0,0,"-16,771"
4540,全球傳動        ,"56,000","73,000","-17,000",0,0,0,0,0,0,0,0,0,0,0,0,0,"-17,000"
"=""051473""",富邦金元大43購06,0,0,0,0,0,0,0,0,0,"-17,000",0,0,0,"31,000","48,000","-17,000","-17,000"
"=""063645""",鴻海元大46購30  ,0,0,0,0,0,0,0,0,0,"-17,000",0,0,0,0,"17,000","-17,000","-17,000"
"=""04377T""",勤誠元大35售01  ,0,0,0,0,0,0,0,0,0,"-17,000",0,0,0,0,"17,000","-17,000","-17,000"
"=""064205""",國喬永豐47購01  ,0,0,0,0,0,0,0,0,0,"-17,000",0,0,0,"50,000","67,000","-17,000","-17,000"
"=""064186""",大同中信4A購01  ,0,0,0,0,0,0,0,0,0,"-17,000",0,0,0,0,"17,000","-17,000","-17,000"
"=""059102""",臺股指元富49購05,0,0,0,0,0,0,0,0,0,"-17,000",0,0,0,0,"17,000","-17,000","-17,000"
"=""059032""",陽明永豐47購01  ,0,0,0,0,0,0,0,0,0,"-17,000",0,0,0,"51,000","68,000","-17,000","-17,000"
"=""063963""",世芯永豐56購01  ,0,0,0,0,0,0,0,0,0,"-17,000",0,0,0,0,"17,000","-17,000","-17,000"
"=""050086""",群創永豐44購01  ,0,0,0,0,0,0,0,0,0,"-17,000",0,0,0,"122,000","139,000","-17,000","-17,000"
"=""050183""",健和興元大43購05,0,0,0,0,0,0,0,0,0,"-17,000",0,0,0,"3,000","20,000","-17,000","-17,000"
"=""048450""",臺股指元大42購22,0,0,0,0,0,0,0,0,0,"-17,000",0,0,0,0,"17,000","-17,000","-17,000"
"=""051035""",碩天凱基43購06  ,0,0,0,0,0,0,0,0,0,"-17,000",0,0,0,"270,000","287,000","-17,000","-17,000"
"=""050898""",川湖國票44購05  ,0,0,0,0,0,0,0,0,0,"-17,000",0,0,0,"32,000","49,000","-17,000","-17,000"
2820,華票            ,"29,000","46,000","-17,000",0,0,0,0,0,0,0,0,0,0,0,0,0,"-17,000"
"=""054730""",聯發科國泰46購03,0,0,0,0,0,0,0,0,0,"-17,000",0,0,0,"3,000","20,000","-17,000","-17,000"
"=""064628""",神達凱基46購09  ,0,0,0,0,0,0,0,0,0,"-17,000",0,0,0,0,"17,000","-17,000","-17,000"
"=""064893""",神達群益47購05  ,0,0,0,0,0,0,0,0,0,"-17,000",0,0,0,0,"17,000","-17,000","-17,000"
"=""047315""",新美齊元大43購01,0,0,0,0,0,0,0,0,0,"-17,000",0,0,0,"3,000","20,000","-17,000","-17,000"
"=""058137""",矽統群益45購02  ,0,0,0,0,0,0,0,0,0,"-17,000",0,0,0,0,"17,000","-17,000","-17,000"
"=""055286""",直得元大44購04  ,0,0,0,0,0,0,0,0,0,"-17,000",0,0,0,"313,000","330,000","-17,000","-17,000"
"=""062198""",貿聯永豐47購01  ,0,0,0,0,0,0,0,0,0,"-17,000",0,0,0,0,"17,000","-17,000","-17,000"
"=""069088""",佳能元大48購03  ,0,0,0,0,0,0,0,0,0,"-17,000",0,0,0,"3,000","20,000","-17,000","-17,000"
"=""069300""",穎崴元富4B購02  ,0,0,0,0,0,0,0,0,0,"-17,000",0,0,0,0,"17,000","-17,000","-17,000"
"=""062085""",聯發科元大46購05,0,0,0,0,0,0,0,0,0,"-17,000",0,0,0,"160,000","177,000","-17,000","-17,000"
"=""068571""",力積電國票49購01,0,0,0,0,0,0,0,0,0,"-17,000",0,0,0,0,"17,000","-17,000","-17,000"
"=""068596""",金像電凱基3A購02,0,0,0,0,0,0,0,0,0,"-17,000",0,0,0,0,"17,000","-17,000","-17,000"
"=""060313""",一詮群益4B購01  ,0,0,0,0,0,0,0,0,0,"-17,000",0,0,0,0,"17,000","-17,000","-17,000"
"=""060634""",嘉澤台新46購01  ,0,0,0,0,0,0,0,0,0,"-17,000",0,0,0,"31,000","48,000","-17,000","-17,000"
"=""061424""",華新科元富47購01,0,0,0,0,0,0,0,0,0,"-17,000",0,0,0,"77,000","94,000","-17,000","-17,000"
"=""067006""",陽明凱基47購05  ,0,0,0,0,0,0,0,0,0,"-17,000",0,0,0,0,"17,000","-17,000","-17,000"
"=""053590""",京鼎統一4A購01  ,0,0,0,0,0,0,0,0,0,"-17,000",0,0,0,"24,000","41,000","-17,000","-17,000"
"=""067476""",華城統一3B購07  ,0,0,0,0,0,0,0,0,0,"-17,000",0,0,0,"12,000","29,000","-17,000","-17,000"
"=""068136""",台光電富邦4A購01,0,0,0,0,0,0,0,0,0,"-17,000",0,0,0,0,"17,000","-17,000","-17,000"
"=""060141""",華擎群益46購01  ,0,0,0,0,0,0,0,0,0,"-17,000",0,0,0,"1,000","18,000","-17,000","-17,000"
"=""058733""",技嘉群益45購11  ,0,0,0,0,0,0,0,0,0,"-17,000",0,0,0,"13,000","30,000","-17,000","-17,000"
"=""065447""",啟�痐舅j51購02  ,0,0,0,0,0,0,0,0,0,"-17,000",0,0,0,0,"17,000","-17,000","-17,000"
"=""045609""",亞翔統一4A購01  ,0,0,0,0,0,0,0,0,0,"-17,000",0,0,0,0,"17,000","-17,000","-17,000"
"=""066414""",和椿國票49購01  ,0,0,0,0,0,0,0,0,0,"-17,000",0,0,0,"7,000","24,000","-17,000","-17,000"
"=""041458""",禾伸堂永豐56購01,0,0,0,0,0,0,0,0,0,"-17,000",0,0,0,0,"17,000","-17,000","-17,000"
"=""066101""",海悅凱基47購01  ,0,0,0,0,0,0,0,0,0,"-17,000",0,0,0,0,"17,000","-17,000","-17,000"
"=""065838""",敦泰統一51購02  ,0,0,0,0,0,0,0,0,0,"-18,000",0,0,0,"40,000","58,000","-18,000","-18,000"
"=""066617""",SGBR2X富邦48購01,0,0,0,0,0,0,0,0,0,"-18,000",0,0,0,0,"18,000","-18,000","-18,000"
"=""066836""",奇鋐凱基47購03  ,0,0,0,0,0,0,0,0,0,"-18,000",0,0,0,0,"18,000","-18,000","-18,000"
"=""066388""",智原統一3B購04  ,0,0,0,0,0,0,0,0,0,"-18,000",0,0,0,"1,000","19,000","-18,000","-18,000"
"=""066290""",精成科元大51購01,0,0,0,0,0,0,0,0,0,"-18,000",0,0,0,0,"18,000","-18,000","-18,000"
"=""03560T""",T50正2元富36售01,0,0,0,0,0,0,0,0,0,"-18,000",0,0,0,0,"18,000","-18,000","-18,000"
"=""065710""",台積電元大47購14,0,0,0,0,0,0,0,0,0,"-18,000",0,0,0,"5,000","23,000","-18,000","-18,000"
"=""065313""",玉山金統一51購01,0,0,0,0,0,0,0,0,0,"-18,000",0,0,0,"220,000","238,000","-18,000","-18,000"
"=""067954""",欣興永豐47購05  ,0,0,0,0,0,0,0,0,0,"-18,000",0,0,0,"41,000","59,000","-18,000","-18,000"
"=""067444""",飛宏國票48購01  ,0,0,0,0,0,0,0,0,0,"-18,000",0,0,0,"9,000","27,000","-18,000","-18,000"
"=""052014""",A50正2國票44購03,0,0,0,0,0,0,0,0,0,"-18,000",0,0,0,"82,000","100,000","-18,000","-18,000"
"=""061109""",中鴻兆豐3A購01  ,0,0,0,0,0,0,0,0,0,"-18,000",0,0,0,"3,000","21,000","-18,000","-18,000"
"=""068771""",昇陽半凱基48購03,0,0,0,0,0,0,0,0,0,"-18,000",0,0,0,"5,000","23,000","-18,000","-18,000"
"=""068867""",欣興永豐48購02  ,0,0,0,0,0,0,0,0,0,"-18,000",0,0,0,"26,000","44,000","-18,000","-18,000"
"=""060514""",中華凱基47購02  ,0,0,0,0,0,0,0,0,0,"-18,000",0,0,0,"142,000","160,000","-18,000","-18,000"
"=""060344""",鴻準元大46購08  ,0,0,0,0,0,0,0,0,0,"-18,000",0,0,0,0,"18,000","-18,000","-18,000"
"=""068643""",聯電統一54購01  ,0,0,0,0,0,0,0,0,0,"-18,000",0,0,0,"11,000","29,000","-18,000","-18,000"
"=""068552""",美時元富3B購01  ,0,0,0,0,0,0,0,0,0,"-18,000",0,0,0,"2,000","20,000","-18,000","-18,000"
"=""061484""",達發元大46購02  ,0,0,0,0,0,0,0,0,0,"-18,000",0,0,0,"12,000","30,000","-18,000","-18,000"
"=""056978""",技嘉元富45購03  ,0,0,0,0,0,0,0,0,0,"-18,000",0,0,0,0,"18,000","-18,000","-18,000"
"=""057469""",友訊國票46購02  ,0,0,0,0,0,0,0,0,0,"-18,000",0,0,0,"10,000","28,000","-18,000","-18,000"
"=""055514""",元黃金國票49購01,0,0,0,0,0,0,0,0,0,"-18,000",0,0,0,"40,000","58,000","-18,000","-18,000"
"=""054575""",零壹統一4C購02  ,0,0,0,0,0,0,0,0,0,"-18,000",0,0,0,0,"18,000","-18,000","-18,000"
1338,廣華-KY         ,"27,000","45,000","-18,000",0,0,0,0,0,0,0,"4,000","4,000",0,0,0,0,"-18,000"
1453,大將            ,"54,000","69,000","-15,000",0,0,0,0,0,0,"-3,000","1,000","4,000","-3,000",0,0,0,"-18,000"
"=""058163""",臻鼎群益45購03  ,0,0,0,0,0,0,0,0,0,"-18,000",0,0,0,"50,000","68,000","-18,000","-18,000"
"=""040316""",台達電群益54購06,0,0,0,0,0,0,0,0,0,"-18,000",0,0,0,"2,000","20,000","-18,000","-18,000"
"=""054723""",雲豹統一5A購01  ,0,0,0,0,0,0,0,0,0,"-18,000",0,0,0,"47,000","65,000","-18,000","-18,000"
"=""056122""",天虹台新44購01  ,0,0,0,0,0,0,0,0,0,"-18,000",0,0,0,"3,000","21,000","-18,000","-18,000"
2010,春源            ,"34,000","52,000","-18,000",0,0,0,0,0,0,0,0,0,0,0,0,0,"-18,000"
"=""056327""",欣興元富46購01  ,0,0,0,0,0,0,0,0,0,"-18,000",0,0,0,"12,000","30,000","-18,000","-18,000"
"=""050455""",世芯群益43購06  ,0,0,0,0,0,0,0,0,0,"-18,000",0,0,0,0,"18,000","-18,000","-18,000"
"=""049384""",美時富邦46購01  ,0,0,0,0,0,0,0,0,0,"-18,000",0,0,0,"2,000","20,000","-18,000","-18,000"
"=""049106""",群創台新43購01  ,0,0,0,0,0,0,0,0,0,"-18,000",0,0,0,"2,000","20,000","-18,000","-18,000"
"=""049221""",辛耘群益43購04  ,0,0,0,0,0,0,0,0,0,"-18,000",0,0,0,"5,000","23,000","-18,000","-18,000"
"=""049553""",佳必琪元大43購03,0,0,0,0,0,0,0,0,0,"-18,000",0,0,0,0,"18,000","-18,000","-18,000"
"=""063149""",元金2X元富46購01,0,0,0,0,0,0,0,0,0,"-18,000",0,0,0,0,"18,000","-18,000","-18,000"
"=""063176""",世紀鋼元富46購03,0,0,0,0,0,0,0,0,0,"-18,000",0,0,0,0,"18,000","-18,000","-18,000"
"=""064237""",上銀群益4C購01  ,0,0,0,0,0,0,0,0,0,"-18,000",0,0,0,0,"18,000","-18,000","-18,000"
"=""059209""",台灣50富邦48購01,0,0,0,0,0,0,0,0,0,"-18,000",0,0,0,0,"18,000","-18,000","-18,000"
912000,晨訊科-DR       ,0,"18,000","-18,000",0,0,0,0,0,0,0,0,0,0,0,0,0,"-18,000"
6128,上福            ,"10,000","15,000","-5,000",0,0,0,0,0,0,"-13,000",0,"13,000","-13,000",0,0,0,"-18,000"
"=""056426""",萬海群益45購04  ,0,0,0,0,0,0,0,0,0,"-18,000",0,0,0,"12,000","30,000","-18,000","-18,000"
1708,東鹼            ,"99,000","124,000","-25,000",0,0,0,0,0,0,"6,306","7,000",694,"6,306",0,0,0,"-18,694"
1714,和桐            ,"131,000","183,000","-52,000",0,0,0,0,0,0,"33,000","33,000",0,"33,000",0,0,0,"-19,000"
1597,直得            ,"9,000","28,000","-19,000",0,0,0,0,0,0,0,0,0,0,0,0,0,"-19,000"
"=""055598""",華擎凱基44購01  ,0,0,0,0,0,0,0,0,0,"-19,000",0,0,0,0,"19,000","-19,000","-19,000"
"=""056016""",臻鼎統一49購02  ,0,0,0,0,0,0,0,0,0,"-19,000",0,0,0,"10,000","29,000","-19,000","-19,000"
"=""054710""",神達凱基44購01  ,0,0,0,0,0,0,0,0,0,"-19,000",0,0,0,"131,000","150,000","-19,000","-19,000"
"=""050391""",建漢永豐45購01  ,0,0,0,0,0,0,0,0,0,"-19,000",0,0,0,0,"19,000","-19,000","-19,000"
"=""050973""",達興元富49購01  ,0,0,0,0,0,0,0,0,0,"-19,000",0,0,0,"189,000","208,000","-19,000","-19,000"
5531,鄉林            ,"58,000","76,000","-18,000",0,0,0,0,0,0,"-1,000",0,"1,000","-1,000",0,0,0,"-19,000"
8476,台境*           ,"2,000","20,000","-18,000",0,0,0,0,0,0,"-1,000",0,"1,000","-1,000",0,0,0,"-19,000"
"=""053659""",京元電永豐46購01,0,0,0,0,0,0,0,0,0,"-19,000",0,0,0,0,"19,000","-19,000","-19,000"
"=""04447T""",聯發科國票36售03,0,0,0,0,0,0,0,0,0,"-19,000",0,0,0,0,"19,000","-19,000","-19,000"
"=""043812""",聯鈞永豐56購03  ,0,0,0,0,0,0,0,0,0,"-19,000",0,0,0,"90,000","109,000","-19,000","-19,000"
"=""054320""",旺宏群益44購05  ,0,0,0,0,0,0,0,0,0,"-19,000",0,0,0,"5,000","24,000","-19,000","-19,000"
"=""064012""",嘉澤國泰48購03  ,0,0,0,0,0,0,0,0,0,"-19,000",0,0,0,0,"19,000","-19,000","-19,000"
"=""064013""",緯穎國泰48購02  ,0,0,0,0,0,0,0,0,0,"-19,000",0,0,0,"10,000","29,000","-19,000","-19,000"
"=""059031""",陽明永豐46購07  ,0,0,0,0,0,0,0,0,0,"-19,000",0,0,0,0,"19,000","-19,000","-19,000"
"=""063896""",鈞興元大46購05  ,0,0,0,0,0,0,0,0,0,"-19,000",0,0,0,"5,000","24,000","-19,000","-19,000"
"=""058065""",神達國票47購01  ,0,0,0,0,0,0,0,0,0,"-19,000",0,0,0,"8,000","27,000","-19,000","-19,000"
"=""062860""",世芯永豐53購01  ,0,0,0,0,0,0,0,0,0,"-19,000",0,0,0,"1,000","20,000","-19,000","-19,000"
"=""047048""",日月光永豐44購01,0,0,0,0,0,0,0,0,0,"-19,000",0,0,0,"10,000","29,000","-19,000","-19,000"
1417,嘉裕            ,0,"19,000","-19,000",0,0,0,0,0,0,0,0,0,0,0,0,0,"-19,000"
"=""054388""",大銀凱基44購02  ,0,0,0,0,0,0,0,0,0,"-19,000",0,0,0,0,"19,000","-19,000","-19,000"
"=""057466""",中興電國票46購01,0,0,0,0,0,0,0,0,0,"-19,000",0,0,0,"5,000","24,000","-19,000","-19,000"
"=""062145""",士電富邦48購02  ,0,0,0,0,0,0,0,0,0,"-19,000",0,0,0,0,"19,000","-19,000","-19,000"
"=""057867""",華新富邦45購01  ,0,0,0,0,0,0,0,0,0,"-19,000",0,0,0,"17,000","36,000","-19,000","-19,000"
"=""062254""",大立光凱基48購03,0,0,0,0,0,0,0,0,0,"-19,000",0,0,0,0,"19,000","-19,000","-19,000"
"=""062516""",達發元富46購03  ,0,0,0,0,0,0,0,0,0,"-19,000",0,0,0,0,"19,000","-19,000","-19,000"
"=""062587""",凱基金元大4B購02,0,0,0,0,0,0,0,0,0,"-19,000",0,0,0,0,"19,000","-19,000","-19,000"
"=""062663""",祥碩凱基47購01  ,0,0,0,0,0,0,0,0,0,"-19,000",0,0,0,0,"19,000","-19,000","-19,000"
"=""061617""",佳必琪富邦48購01,0,0,0,0,0,0,0,0,0,"-19,000",0,0,0,"169,000","188,000","-19,000","-19,000"
"=""061688""",新日興群益46購01,0,0,0,0,0,0,0,0,0,"-19,000",0,0,0,0,"19,000","-19,000","-19,000"
"=""062106""",世芯元大46購18  ,0,0,0,0,0,0,0,0,0,"-19,000",0,0,0,0,"19,000","-19,000","-19,000"
"=""061764""",長榮航元富46購03,0,0,0,0,0,0,0,0,0,"-19,000",0,0,0,"7,000","26,000","-19,000","-19,000"
"=""061784""",洋基國票47購01  ,0,0,0,0,0,0,0,0,0,"-19,000",0,0,0,0,"19,000","-19,000","-19,000"
"=""068553""",上証2X國票49購01,0,0,0,0,0,0,0,0,0,"-19,000",0,0,0,0,"19,000","-19,000","-19,000"
"=""060620""",川湖國票49購01  ,0,0,0,0,0,0,0,0,0,"-19,000",0,0,0,"31,000","50,000","-19,000","-19,000"
"=""060938""",長榮航凱基46購05,0,0,0,0,0,0,0,0,0,"-19,000",0,0,0,0,"19,000","-19,000","-19,000"
"=""060965""",台光電元富47購04,0,0,0,0,0,0,0,0,0,"-19,000",0,0,0,"56,000","75,000","-19,000","-19,000"
"=""068093""",材料中信3B購04  ,0,0,0,0,0,0,0,0,0,"-19,000",0,0,0,"21,000","40,000","-19,000","-19,000"
"=""057609""",全新永豐45購01  ,0,0,0,0,0,0,0,0,0,"-19,000",0,0,0,"5,000","24,000","-19,000","-19,000"
"=""068294""",台塑元大48購02  ,0,0,0,0,0,0,0,0,0,"-19,000",0,0,0,"1,000","20,000","-19,000","-19,000"
"=""068296""",台化元大48購02  ,0,0,0,0,0,0,0,0,0,"-19,000",0,0,0,0,"19,000","-19,000","-19,000"
"=""058816""",金寶永豐45購05  ,0,0,0,0,0,0,0,0,0,"-19,000",0,0,0,0,"19,000","-19,000","-19,000"
"=""065085""",華城統一45購02  ,0,0,0,0,0,0,0,0,0,"-19,000",0,0,0,0,"19,000","-19,000","-19,000"
"=""065596""",海華國票48購01  ,0,0,0,0,0,0,0,0,0,"-19,000",0,0,0,0,"19,000","-19,000","-19,000"
"=""034712""",南電凱基56購02  ,0,0,0,0,0,0,0,0,0,"-19,000",0,0,0,"2,000","21,000","-19,000","-19,000"
"=""038156""",上証2X永豐56購01,0,0,0,0,0,0,0,0,0,"-19,000",0,0,0,"3,000","22,000","-19,000","-19,000"
"=""066758""",微星元大47購01  ,0,0,0,0,0,0,0,0,0,"-19,000",0,0,0,0,"19,000","-19,000","-19,000"
3005,神基            ,"2,798,008","3,098,000","-299,992",0,0,0,"501,000","401,863","99,137","181,476","4,001","3,429",572,"216,314","35,410","180,904","-19,379"
"=""00653L""",富邦印度正2     ,0,"5,000","-5,000",0,0,0,0,0,0,"-14,535",0,0,0,"34,524","49,059","-14,535","-19,535"
2101,南港            ,"29,021","49,000","-19,979",0,0,0,0,0,0,0,0,0,0,0,0,0,"-19,979"
"=""054734""",創意國泰46購02  ,0,0,0,0,0,0,0,0,0,"-20,000",0,0,0,0,"20,000","-20,000","-20,000"
"=""056001""",鴻準元富44購01  ,0,0,0,0,0,0,0,0,0,"-20,000",0,0,0,0,"20,000","-20,000","-20,000"
"=""056052""",華城群益46購01  ,0,0,0,0,0,0,0,0,0,"-20,000",0,0,0,0,"20,000","-20,000","-20,000"
"=""056053""",中砂群益44購02  ,0,0,0,0,0,0,0,0,0,"-20,000",0,0,0,0,"20,000","-20,000","-20,000"
"=""055593""",奇鋐凱基45購04  ,0,0,0,0,0,0,0,0,0,"-20,000",0,0,0,"162,000","182,000","-20,000","-20,000"
"=""055545""",零壹統一4A購01  ,0,0,0,0,0,0,0,0,0,"-20,000",0,0,0,0,"20,000","-20,000","-20,000"
"=""055568""",聯發科元富5A購01,0,0,0,0,0,0,0,0,0,"-20,000",0,0,0,0,"20,000","-20,000","-20,000"
"=""055575""",材料元富44購07  ,0,0,0,0,0,0,0,0,0,"-20,000",0,0,0,0,"20,000","-20,000","-20,000"
"=""055538""",華泰台新44購01  ,0,0,0,0,0,0,0,0,0,"-20,000",0,0,0,0,"20,000","-20,000","-20,000"
"=""053380""",訊芯國泰46購01  ,0,0,0,0,0,0,0,0,0,"-20,000",0,0,0,0,"20,000","-20,000","-20,000"
"=""053324""",滬深2X群益44購05,0,0,0,0,0,0,0,0,0,"-20,000",0,0,0,0,"20,000","-20,000","-20,000"
2608,嘉里大榮        ,"7,000","27,000","-20,000",0,0,0,0,0,0,0,0,0,0,0,0,0,"-20,000"
"=""050929""",緯穎元富49購06  ,0,0,0,0,0,0,0,0,0,"-20,000",0,0,0,"20,000","40,000","-20,000","-20,000"
"=""050835""",所羅門統一59購01,0,0,0,0,0,0,0,0,0,"-20,000",0,0,0,0,"20,000","-20,000","-20,000"
"=""050872""",所羅門元大43購02,0,0,0,0,0,0,0,0,0,"-20,000",0,0,0,0,"20,000","-20,000","-20,000"
"=""050520""",大同兆豐44購01  ,0,0,0,0,0,0,0,0,0,"-20,000",0,0,0,0,"20,000","-20,000","-20,000"
"=""049618""",皇昌群益43購02  ,0,0,0,0,0,0,0,0,0,"-20,000",0,0,0,0,"20,000","-20,000","-20,000"
"=""063207""",緯穎群益46購17  ,0,0,0,0,0,0,0,0,0,"-20,000",0,0,0,0,"20,000","-20,000","-20,000"
"=""049900""",世紀鋼統一49購06,0,0,0,0,0,0,0,0,0,"-20,000",0,0,0,0,"20,000","-20,000","-20,000"
"=""049842""",華通統一49購05  ,0,0,0,0,0,0,0,0,0,"-20,000",0,0,0,0,"20,000","-20,000","-20,000"
"=""063464""",碩天元大46購03  ,0,0,0,0,0,0,0,0,0,"-20,000",0,0,0,0,"20,000","-20,000","-20,000"
"=""063389""",上銀群益46購05  ,0,0,0,0,0,0,0,0,0,"-20,000",0,0,0,0,"20,000","-20,000","-20,000"
"=""049973""",時碩凱基43購05  ,0,0,0,0,0,0,0,0,0,"-20,000",0,0,0,0,"20,000","-20,000","-20,000"
"=""049908""",新興富邦47購01  ,0,0,0,0,0,0,0,0,0,"-20,000",0,0,0,0,"20,000","-20,000","-20,000"
"=""049990""",毅嘉群益49購01  ,0,0,0,0,0,0,0,0,0,"-20,000",0,0,0,0,"20,000","-20,000","-20,000"
"=""063522""",國巨國票48購01  ,0,0,0,0,0,0,0,0,0,"-20,000",0,0,0,0,"20,000","-20,000","-20,000"
"=""063510""",國泰金中信46購01,0,0,0,0,0,0,0,0,0,"-20,000",0,0,0,0,"20,000","-20,000","-20,000"
"=""050251""",南港凱基43購01  ,0,0,0,0,0,0,0,0,0,"-20,000",0,0,0,0,"20,000","-20,000","-20,000"
"=""050282""",愛普元富44購02  ,0,0,0,0,0,0,0,0,0,"-20,000",0,0,0,0,"20,000","-20,000","-20,000"
"=""050349""",台光電富邦45購02,0,0,0,0,0,0,0,0,0,"-20,000",0,0,0,0,"20,000","-20,000","-20,000"
"=""063565""",智邦永豐46購03  ,0,0,0,0,0,0,0,0,0,"-20,000",0,0,0,"6,000","26,000","-20,000","-20,000"
"=""049152""",漢翔國泰44購01  ,0,0,0,0,0,0,0,0,0,"-20,000",0,0,0,0,"20,000","-20,000","-20,000"
"=""063116""",台塑凱基46購05  ,0,0,0,0,0,0,0,0,0,"-20,000",0,0,0,0,"20,000","-20,000","-20,000"
"=""048775""",京鼎國泰44購01  ,0,0,0,0,0,0,0,0,0,"-20,000",0,0,0,0,"20,000","-20,000","-20,000"
"=""049067""",台虹凱基44購01  ,0,0,0,0,0,0,0,0,0,"-20,000",0,0,0,"23,000","43,000","-20,000","-20,000"
"=""049059""",京鼎凱基43購03  ,0,0,0,0,0,0,0,0,0,"-20,000",0,0,0,0,"20,000","-20,000","-20,000"
"=""048579""",台亞永豐42購01  ,0,0,0,0,0,0,0,0,0,"-20,000",0,0,0,0,"20,000","-20,000","-20,000"
"=""048670""",同欣電群益43購02,0,0,0,0,0,0,0,0,0,"-20,000",0,0,0,"10,000","30,000","-20,000","-20,000"
"=""058999""",電子類國票45購01,0,0,0,0,0,0,0,0,0,"-20,000",0,0,0,0,"20,000","-20,000","-20,000"
"=""059011""",陽明富邦47購02  ,0,0,0,0,0,0,0,0,0,"-20,000",0,0,0,0,"20,000","-20,000","-20,000"
"=""058973""",遠東新國票46購01,0,0,0,0,0,0,0,0,0,"-20,000",0,0,0,0,"20,000","-20,000","-20,000"
"=""059057""",康舒統一53購01  ,0,0,0,0,0,0,0,0,0,"-20,000",0,0,0,0,"20,000","-20,000","-20,000"
"=""059049""",長榮統一4B購04  ,0,0,0,0,0,0,0,0,0,"-20,000",0,0,0,0,"20,000","-20,000","-20,000"
"=""063843""",群光群益47購01  ,0,0,0,0,0,0,0,0,0,"-20,000",0,0,0,0,"20,000","-20,000","-20,000"
"=""051750""",大成鋼元富49購01,0,0,0,0,0,0,0,0,0,"-20,000",0,0,0,"68,000","88,000","-20,000","-20,000"
"=""059187""",國泰金元大47購01,0,0,0,0,0,0,0,0,0,"-20,000",0,0,0,"10,000","30,000","-20,000","-20,000"
"=""059265""",臺股指凱基49購13,0,0,0,0,0,0,0,0,0,"-20,000",0,0,0,0,"20,000","-20,000","-20,000"
"=""054251""",長榮航富邦46購01,0,0,0,0,0,0,0,0,0,"-20,000",0,0,0,0,"20,000","-20,000","-20,000"
"=""054199""",智原元富47購03  ,0,0,0,0,0,0,0,0,0,"-20,000",0,0,0,0,"20,000","-20,000","-20,000"
"=""054178""",汎銓國票47購01  ,0,0,0,0,0,0,0,0,0,"-20,000",0,0,0,0,"20,000","-20,000","-20,000"
"=""053956""",滬深2X永豐45購09,0,0,0,0,0,0,0,0,0,"-20,000",0,0,0,0,"20,000","-20,000","-20,000"
"=""04452T""",智原富邦35售03  ,0,0,0,0,0,0,0,0,0,"-20,000",0,0,0,0,"20,000","-20,000","-20,000"
"=""053692""",碩天元大47購01  ,0,0,0,0,0,0,0,0,0,"-20,000",0,0,0,0,"20,000","-20,000","-20,000"
"=""053774""",緯創中信44購02  ,0,0,0,0,0,0,0,0,0,"-20,000",0,0,0,0,"20,000","-20,000","-20,000"
"=""053740""",毅嘉國泰46購01  ,0,0,0,0,0,0,0,0,0,"-20,000",0,0,0,0,"20,000","-20,000","-20,000"
"=""059382""",東陽兆豐47購01  ,0,0,0,0,0,0,0,0,0,"-20,000",0,0,0,0,"20,000","-20,000","-20,000"
"=""063646""",鴻海元大46購31  ,0,0,0,0,0,0,0,0,0,"-20,000",0,0,0,0,"20,000","-20,000","-20,000"
"=""051687""",世紀鋼凱基43購11,0,0,0,0,0,0,0,0,0,"-20,000",0,0,0,0,"20,000","-20,000","-20,000"
"=""051625""",順德元富49購01  ,0,0,0,0,0,0,0,0,0,"-20,000",0,0,0,0,"20,000","-20,000","-20,000"
"=""051628""",威盛元富49購01  ,0,0,0,0,0,0,0,0,0,"-20,000",0,0,0,"3,000","23,000","-20,000","-20,000"
3266,昇陽            ,"262,000","286,000","-24,000",0,0,0,0,0,0,"4,000","7,000","3,000","4,000",0,0,0,"-20,000"
"=""056512""",技嘉凱基48購01  ,0,0,0,0,0,0,0,0,0,"-20,000",0,0,0,0,"20,000","-20,000","-20,000"
"=""052150""",貿聯元大46購05  ,0,0,0,0,0,0,0,0,0,"-20,000",0,0,0,0,"20,000","-20,000","-20,000"
"=""052348""",偉詮電永豐46購01,0,0,0,0,0,0,0,0,0,"-20,000",0,0,0,"65,000","85,000","-20,000","-20,000"
"=""051241""",華通富邦43購03  ,0,0,0,0,0,0,0,0,0,"-20,000",0,0,0,"5,000","25,000","-20,000","-20,000"
"=""051304""",達興群益44購01  ,0,0,0,0,0,0,0,0,0,"-20,000",0,0,0,0,"20,000","-20,000","-20,000"
"=""051350""",鴻海凱基45購07  ,0,0,0,0,0,0,0,0,0,"-20,000",0,0,0,0,"20,000","-20,000","-20,000"
"=""053009""",智伸科統一54購01,0,0,0,0,0,0,0,0,0,"-20,000",0,0,0,0,"20,000","-20,000","-20,000"
"=""052898""",國喬國票45購01  ,0,0,0,0,0,0,0,0,0,"-20,000",0,0,0,0,"20,000","-20,000","-20,000"
"=""053085""",滬深2X中信47購03,0,0,0,0,0,0,0,0,0,"-20,000",0,0,0,0,"20,000","-20,000","-20,000"
"=""053228""",滬深2X元大45購03,0,0,0,0,0,0,0,0,0,"-20,000",0,0,0,0,"20,000","-20,000","-20,000"
"=""052501""",榮運永豐45購01  ,0,0,0,0,0,0,0,0,0,"-20,000",0,0,0,0,"20,000","-20,000","-20,000"
"=""052429""",萬海富邦46購01  ,0,0,0,0,0,0,0,0,0,"-20,000",0,0,0,0,"20,000","-20,000","-20,000"
"=""052584""",上証2X元大46購01,0,0,0,0,0,0,0,0,0,"-20,000",0,0,0,0,"20,000","-20,000","-20,000"
"=""040045""",鴻海永豐54購07  ,0,0,0,0,0,0,0,0,0,"-20,000",0,0,0,0,"20,000","-20,000","-20,000"
"=""04389T""",聯發科國票35售01,0,0,0,0,0,0,0,0,0,"-20,000",0,0,0,"45,000","65,000","-20,000","-20,000"
"=""04042T""",台積電群益34售18,0,0,0,0,0,0,0,0,0,"-20,000",0,0,0,0,"20,000","-20,000","-20,000"
"=""064467""",佳必琪元大46購02,0,0,0,0,0,0,0,0,0,"-20,000",0,0,0,"20,000","40,000","-20,000","-20,000"
"=""064793""",台積電元大49購06,0,0,0,0,0,0,0,0,0,"-20,000",0,0,0,"20,000","40,000","-20,000","-20,000"
"=""064934""",緯穎凱基47購06  ,0,0,0,0,0,0,0,0,0,"-20,000",0,0,0,0,"20,000","-20,000","-20,000"
"=""064616""",京元電凱基46購06,0,0,0,0,0,0,0,0,0,"-20,000",0,0,0,0,"20,000","-20,000","-20,000"
"=""064581""",玉晶光元富46購01,0,0,0,0,0,0,0,0,0,"-20,000",0,0,0,0,"20,000","-20,000","-20,000"
"=""064658""",台灣50元大46購17,0,0,0,0,0,0,0,0,0,"-20,000",0,0,0,0,"20,000","-20,000","-20,000"
"=""04143T""",緯穎元大34售18  ,0,0,0,0,0,0,0,0,0,"-20,000",0,0,0,0,"20,000","-20,000","-20,000"
"=""04166T""",奇鋐國票35售04  ,0,0,0,0,0,0,0,0,0,"-20,000",0,0,0,0,"20,000","-20,000","-20,000"
"=""043504""",智邦元大55購10  ,0,0,0,0,0,0,0,0,0,"-20,000",0,0,0,0,"20,000","-20,000","-20,000"
"=""043445""",緯創永豐55購05  ,0,0,0,0,0,0,0,0,0,"-20,000",0,0,0,"52,000","72,000","-20,000","-20,000"
"=""04355T""",勤誠國票37售02  ,0,0,0,0,0,0,0,0,0,"-20,000",0,0,0,0,"20,000","-20,000","-20,000"
"=""04338T""",臺股指元富36售04,0,0,0,0,0,0,0,0,0,"-20,000",0,0,0,0,"20,000","-20,000","-20,000"
"=""065974""",智原元大47購07  ,0,0,0,0,0,0,0,0,0,"-20,000",0,0,0,0,"20,000","-20,000","-20,000"
"=""065991""",中砂群益47購01  ,0,0,0,0,0,0,0,0,0,"-20,000",0,0,0,"47,000","67,000","-20,000","-20,000"
"=""03776T""",技嘉國泰36售03  ,0,0,0,0,0,0,0,0,0,"-20,000",0,0,0,0,"20,000","-20,000","-20,000"
"=""03783T""",台灣50元富34售02,0,0,0,0,0,0,0,0,0,"-20,000",0,0,0,"11,000","31,000","-20,000","-20,000"
"=""066391""",智原統一45購01  ,0,0,0,0,0,0,0,0,0,"-20,000",0,0,0,"3,000","23,000","-20,000","-20,000"
"=""066300""",汎銓元大47購01  ,0,0,0,0,0,0,0,0,0,"-20,000",0,0,0,"23,000","43,000","-20,000","-20,000"
"=""03718T""",材料元大34售23  ,0,0,0,0,0,0,0,0,0,"-20,000",0,0,0,0,"20,000","-20,000","-20,000"
"=""03727T""",矽統凱基34售03  ,0,0,0,0,0,0,0,0,0,"-20,000",0,0,0,0,"20,000","-20,000","-20,000"
"=""03741T""",偉訓群益34售05  ,0,0,0,0,0,0,0,0,0,"-20,000",0,0,0,0,"20,000","-20,000","-20,000"
"=""066212""",金像電群益47購10,0,0,0,0,0,0,0,0,0,"-20,000",0,0,0,0,"20,000","-20,000","-20,000"
"=""03522T""",神基國票34售06  ,0,0,0,0,0,0,0,0,0,"-20,000",0,0,0,"40,000","60,000","-20,000","-20,000"
"=""045751""",鴻海群益42購27  ,0,0,0,0,0,0,0,0,0,"-20,000",0,0,0,0,"20,000","-20,000","-20,000"
"=""044842""",上証2X凱基59購01,0,0,0,0,0,0,0,0,0,"-20,000",0,0,0,0,"20,000","-20,000","-20,000"
"=""044759""",台積電統一57購05,0,0,0,0,0,0,0,0,0,"-20,000",0,0,0,0,"20,000","-20,000","-20,000"
"=""03185T""",緯穎群益37售02  ,0,0,0,0,0,0,0,0,0,"-20,000",0,0,0,0,"20,000","-20,000","-20,000"
"=""03558T""",晶心科群益33售02,0,0,0,0,0,0,0,0,0,"-20,000",0,0,0,0,"20,000","-20,000","-20,000"
"=""045389""",鴻海富邦56購04  ,0,0,0,0,0,0,0,0,0,"-20,000",0,0,0,"10,000","30,000","-20,000","-20,000"
"=""038709""",聯發科國泰55購03,0,0,0,0,0,0,0,0,0,"-20,000",0,0,0,0,"20,000","-20,000","-20,000"
"=""065328""",貿聯統一51購01  ,0,0,0,0,0,0,0,0,0,"-20,000",0,0,0,0,"20,000","-20,000","-20,000"
"=""058775""",漢唐元大45購03  ,0,0,0,0,0,0,0,0,0,"-20,000",0,0,0,"20,000","40,000","-20,000","-20,000"
"=""058708""",世芯國票47購09  ,0,0,0,0,0,0,0,0,0,"-20,000",0,0,0,0,"20,000","-20,000","-20,000"
"=""059610""",世紀鋼統一4B購02,0,0,0,0,0,0,0,0,0,"-20,000",0,0,0,0,"20,000","-20,000","-20,000"
"=""058297""",聯發科凱基49購01,0,0,0,0,0,0,0,0,0,"-20,000",0,0,0,"2,000","22,000","-20,000","-20,000"
"=""058211""",漢唐元富45購01  ,0,0,0,0,0,0,0,0,0,"-20,000",0,0,0,0,"20,000","-20,000","-20,000"
"=""058868""",東哥凱基45購03  ,0,0,0,0,0,0,0,0,0,"-20,000",0,0,0,0,"20,000","-20,000","-20,000"
"=""068106""",全新元富47購02  ,0,0,0,0,0,0,0,0,0,"-20,000",0,0,0,0,"20,000","-20,000","-20,000"
"=""068160""",奇鋐統一4C購04  ,0,0,0,0,0,0,0,0,0,"-20,000",0,0,0,0,"20,000","-20,000","-20,000"
"=""068089""",華孚第一3B購01  ,0,0,0,0,0,0,0,0,0,"-20,000",0,0,0,0,"20,000","-20,000","-20,000"
"=""068012""",世芯群益51購02  ,0,0,0,0,0,0,0,0,0,"-20,000",0,0,0,0,"20,000","-20,000","-20,000"
"=""067963""",辛耘統一42購01  ,0,0,0,0,0,0,0,0,0,"-20,000",0,0,0,0,"20,000","-20,000","-20,000"
"=""067968""",百和永豐47購01  ,0,0,0,0,0,0,0,0,0,"-20,000",0,0,0,0,"20,000","-20,000","-20,000"
"=""067751""",富邦金台新47購01,0,0,0,0,0,0,0,0,0,"-20,000",0,0,0,0,"20,000","-20,000","-20,000"
"=""067801""",神基統一3B購03  ,0,0,0,0,0,0,0,0,0,"-20,000",0,0,0,0,"20,000","-20,000","-20,000"
"=""067719""",奇鋐元大49購07  ,0,0,0,0,0,0,0,0,0,"-20,000",0,0,0,"10,000","30,000","-20,000","-20,000"
"=""052069""",第一銅永豐43購01,0,0,0,0,0,0,0,0,0,"-20,000",0,0,0,"30,000","50,000","-20,000","-20,000"
"=""053462""",藍天凱基45購02  ,0,0,0,0,0,0,0,0,0,"-20,000",0,0,0,0,"20,000","-20,000","-20,000"
"=""052099""",偉詮電群益43購02,0,0,0,0,0,0,0,0,0,"-20,000",0,0,0,0,"20,000","-20,000","-20,000"
"=""03354T""",臺股指群益34售32,0,0,0,0,0,0,0,0,0,"-20,000",0,0,0,0,"20,000","-20,000","-20,000"
"=""03386T""",一詮群益33售05  ,0,0,0,0,0,0,0,0,0,"-20,000",0,0,0,0,"20,000","-20,000","-20,000"
"=""03380T""",材料元大33售29  ,0,0,0,0,0,0,0,0,0,"-20,000",0,0,0,0,"20,000","-20,000","-20,000"
"=""067058""",鴻海群益47購18  ,0,0,0,0,0,0,0,0,0,"-20,000",0,0,0,0,"20,000","-20,000","-20,000"
"=""067177""",美利達元大47購01,0,0,0,0,0,0,0,0,0,"-20,000",0,0,0,0,"20,000","-20,000","-20,000"
"=""066997""",友訊凱基47購02  ,0,0,0,0,0,0,0,0,0,"-20,000",0,0,0,0,"20,000","-20,000","-20,000"
"=""03100T""",矽力元大34售02  ,0,0,0,0,0,0,0,0,0,"-20,000",0,0,0,0,"20,000","-20,000","-20,000"
"=""066966""",長榮元大47購07  ,0,0,0,0,0,0,0,0,0,"-20,000",0,0,0,0,"20,000","-20,000","-20,000"
"=""066897""",中502X群益47購02,0,0,0,0,0,0,0,0,0,"-20,000",0,0,0,0,"20,000","-20,000","-20,000"
"=""03323T""",元石油群益39售01,0,0,0,0,0,0,0,0,0,"-20,000",0,0,0,0,"20,000","-20,000","-20,000"
"=""03340T""",技嘉國泰35售01  ,0,0,0,0,0,0,0,0,0,"-20,000",0,0,0,0,"20,000","-20,000","-20,000"
"=""054848""",中鴻元大44購02  ,0,0,0,0,0,0,0,0,0,"-20,000",0,0,0,0,"20,000","-20,000","-20,000"
"=""054922""",雲豹群益4A購01  ,0,0,0,0,0,0,0,0,0,"-20,000",0,0,0,0,"20,000","-20,000","-20,000"
"=""067574""",精成科富邦4A購01,0,0,0,0,0,0,0,0,0,"-20,000",0,0,0,0,"20,000","-20,000","-20,000"
"=""067379""",台積電富邦49購05,0,0,0,0,0,0,0,0,0,"-20,000",0,0,0,0,"20,000","-20,000","-20,000"
"=""067320""",和大元大47購02  ,0,0,0,0,0,0,0,0,0,"-20,000",0,0,0,0,"20,000","-20,000","-20,000"
"=""067214""",達興凱基47購01  ,0,0,0,0,0,0,0,0,0,"-20,000",0,0,0,"8,000","28,000","-20,000","-20,000"
"=""059426""",偉訓群益4B購01  ,0,0,0,0,0,0,0,0,0,"-20,000",0,0,0,0,"20,000","-20,000","-20,000"
"=""060973""",奇鋐元富4A購04  ,0,0,0,0,0,0,0,0,0,"-20,000",0,0,0,0,"20,000","-20,000","-20,000"
"=""060963""",台積電元富5C購01,0,0,0,0,0,0,0,0,0,"-20,000",0,0,0,0,"20,000","-20,000","-20,000"
"=""060947""",伊雲谷統一3A購01,0,0,0,0,0,0,0,0,0,"-20,000",0,0,0,0,"20,000","-20,000","-20,000"
"=""060894""",材料中信4A購01  ,0,0,0,0,0,0,0,0,0,"-20,000",0,0,0,0,"20,000","-20,000","-20,000"
"=""068838""",智易統一52購01  ,0,0,0,0,0,0,0,0,0,"-20,000",0,0,0,0,"20,000","-20,000","-20,000"
"=""068752""",南港凱基48購01  ,0,0,0,0,0,0,0,0,0,"-20,000",0,0,0,0,"20,000","-20,000","-20,000"
"=""061094""",晶技永豐47購01  ,0,0,0,0,0,0,0,0,0,"-20,000",0,0,0,0,"20,000","-20,000","-20,000"
"=""061059""",台積電富邦46購07,0,0,0,0,0,0,0,0,0,"-20,000",0,0,0,0,"20,000","-20,000","-20,000"
"=""061309""",金寶富邦48購01  ,0,0,0,0,0,0,0,0,0,"-20,000",0,0,0,"10,000","30,000","-20,000","-20,000"
"=""060763""",漢唐元大46購04  ,0,0,0,0,0,0,0,0,0,"-20,000",0,0,0,0,"20,000","-20,000","-20,000"
"=""060327""",元日2X元大56購01,0,0,0,0,0,0,0,0,0,"-20,000",0,0,0,"21,000","41,000","-20,000","-20,000"
"=""068663""",力積電中信49購01,0,0,0,0,0,0,0,0,0,"-20,000",0,0,0,0,"20,000","-20,000","-20,000"
"=""068664""",宇隆台新48購01  ,0,0,0,0,0,0,0,0,0,"-20,000",0,0,0,0,"20,000","-20,000","-20,000"
"=""068403""",力積電統一52購02,0,0,0,0,0,0,0,0,0,"-20,000",0,0,0,0,"20,000","-20,000","-20,000"
"=""060828""",欣興第一48購01  ,0,0,0,0,0,0,0,0,0,"-20,000",0,0,0,0,"20,000","-20,000","-20,000"
"=""069191""",上銀統一3C購01  ,0,0,0,0,0,0,0,0,0,"-20,000",0,0,0,0,"20,000","-20,000","-20,000"
"=""069147""",立積群益48購04  ,0,0,0,0,0,0,0,0,0,"-20,000",0,0,0,"35,000","55,000","-20,000","-20,000"
"=""061730""",晶心科永豐46購01,0,0,0,0,0,0,0,0,0,"-20,000",0,0,0,0,"20,000","-20,000","-20,000"
"=""061864""",緯穎群益48購05  ,0,0,0,0,0,0,0,0,0,"-20,000",0,0,0,0,"20,000","-20,000","-20,000"
"=""069330""",新興統一43購01  ,0,0,0,0,0,0,0,0,0,"-20,000",0,0,0,"100,000","120,000","-20,000","-20,000"
"=""069399""",智原統一56購01  ,0,0,0,0,0,0,0,0,0,"-20,000",0,0,0,"7,000","27,000","-20,000","-20,000"
"=""069394""",瑞昱統一52購02  ,0,0,0,0,0,0,0,0,0,"-20,000",0,0,0,0,"20,000","-20,000","-20,000"
"=""069415""",永道統一52購01  ,0,0,0,0,0,0,0,0,0,"-20,000",0,0,0,0,"20,000","-20,000","-20,000"
"=""069401""",欣興統一52購03  ,0,0,0,0,0,0,0,0,0,"-20,000",0,0,0,0,"20,000","-20,000","-20,000"
"=""062098""",長榮航元大46購15,0,0,0,0,0,0,0,0,0,"-20,000",0,0,0,0,"20,000","-20,000","-20,000"
"=""069562""",創意群益48購04  ,0,0,0,0,0,0,0,0,0,"-20,000",0,0,0,0,"20,000","-20,000","-20,000"
"=""062039""",T50正2群益46購05,0,0,0,0,0,0,0,0,0,"-20,000",0,0,0,0,"20,000","-20,000","-20,000"
"=""069547""",上銀群益48購06  ,0,0,0,0,0,0,0,0,0,"-20,000",0,0,0,0,"20,000","-20,000","-20,000"
"=""06911U""",康舒國票56售04  ,0,0,0,0,0,0,0,0,0,"-20,000",0,0,0,0,"20,000","-20,000","-20,000"
"=""061575""",達發凱基46購02  ,0,0,0,0,0,0,0,0,0,"-20,000",0,0,0,"50,000","70,000","-20,000","-20,000"
"=""056542""",緯穎永豐45購02  ,0,0,0,0,0,0,0,0,0,"-20,000",0,0,0,"1,000","21,000","-20,000","-20,000"
"=""057385""",緯創統一4B購03  ,0,0,0,0,0,0,0,0,0,"-20,000",0,0,0,0,"20,000","-20,000","-20,000"
"=""057038""",金寶凱基4B購01  ,0,0,0,0,0,0,0,0,0,"-20,000",0,0,0,0,"20,000","-20,000","-20,000"
"=""061483""",達發元大46購01  ,0,0,0,0,0,0,0,0,0,"-20,000",0,0,0,0,"20,000","-20,000","-20,000"
"=""056859""",威盛凱基45購05  ,0,0,0,0,0,0,0,0,0,"-20,000",0,0,0,0,"20,000","-20,000","-20,000"
"=""057101""",聚陽群益45購01  ,0,0,0,0,0,0,0,0,0,"-20,000",0,0,0,0,"20,000","-20,000","-20,000"
"=""046853""",臺股指元大43購52,0,0,0,0,0,0,0,0,0,"-20,000",0,0,0,0,"20,000","-20,000","-20,000"
"=""046881""",興富發永豐43購01,0,0,0,0,0,0,0,0,0,"-20,000",0,0,0,0,"20,000","-20,000","-20,000"
"=""046977""",T50反1元大48購05,0,0,0,0,0,0,0,0,0,"-20,000",0,0,0,"30,000","50,000","-20,000","-20,000"
"=""046708""",智原元富42購06  ,0,0,0,0,0,0,0,0,0,"-20,000",0,0,0,"435,000","455,000","-20,000","-20,000"
"=""062530""",佳能國票47購01  ,0,0,0,0,0,0,0,0,0,"-20,000",0,0,0,"61,000","81,000","-20,000","-20,000"
"=""046593""",世芯凱基43購06  ,0,0,0,0,0,0,0,0,0,"-20,000",0,0,0,0,"20,000","-20,000","-20,000"
"=""046611""",台灣50台新43購02,0,0,0,0,0,0,0,0,0,"-20,000",0,0,0,0,"20,000","-20,000","-20,000"
"=""062263""",晶心科凱基46購02,0,0,0,0,0,0,0,0,0,"-20,000",0,0,0,0,"20,000","-20,000","-20,000"
"=""046149""",國巨統一48購02  ,0,0,0,0,0,0,0,0,0,"-20,000",0,0,0,0,"20,000","-20,000","-20,000"
"=""046141""",國建永豐42購01  ,0,0,0,0,0,0,0,0,0,"-20,000",0,0,0,0,"20,000","-20,000","-20,000"
"=""046248""",潤弘國票43購02  ,0,0,0,0,0,0,0,0,0,"-20,000",0,0,0,"20,000","40,000","-20,000","-20,000"
"=""04619T""",智原元富35售04  ,0,0,0,0,0,0,0,0,0,"-20,000",0,0,0,0,"20,000","-20,000","-20,000"
"=""046494""",矽統元大45購02  ,0,0,0,0,0,0,0,0,0,"-20,000",0,0,0,0,"20,000","-20,000","-20,000"
"=""046428""",光寶科統一48購02,0,0,0,0,0,0,0,0,0,"-20,000",0,0,0,0,"20,000","-20,000","-20,000"
"=""046308""",鴻海元大43購23  ,0,0,0,0,0,0,0,0,0,"-20,000",0,0,0,0,"20,000","-20,000","-20,000"
"=""057862""",日月光凱基47購01,0,0,0,0,0,0,0,0,0,"-20,000",0,0,0,0,"20,000","-20,000","-20,000"
"=""057853""",陽明凱基45購05  ,0,0,0,0,0,0,0,0,0,"-20,000",0,0,0,0,"20,000","-20,000","-20,000"
"=""057721""",技嘉元大45購13  ,0,0,0,0,0,0,0,0,0,"-20,000",0,0,0,0,"20,000","-20,000","-20,000"
"=""056823""",威盛元富45購03  ,0,0,0,0,0,0,0,0,0,"-20,000",0,0,0,0,"20,000","-20,000","-20,000"
"=""056794""",健策國票46購02  ,0,0,0,0,0,0,0,0,0,"-20,000",0,0,0,0,"20,000","-20,000","-20,000"
"=""057896""",聯電國票46購01  ,0,0,0,0,0,0,0,0,0,"-20,000",0,0,0,0,"20,000","-20,000","-20,000"
"=""062168""",京鼎中信47購01  ,0,0,0,0,0,0,0,0,0,"-20,000",0,0,0,0,"20,000","-20,000","-20,000"
"=""069895""",樺漢台新48購02  ,0,0,0,0,0,0,0,0,0,"-20,000",0,0,0,0,"20,000","-20,000","-20,000"
"=""055835""",元債2X凱基45購04,0,0,0,0,0,0,0,0,0,"-20,000",0,0,0,0,"20,000","-20,000","-20,000"
"=""074185""",中502X永豐4C購02,0,0,0,0,0,0,0,0,0,"-20,000",0,0,0,0,"20,000","-20,000","-20,000"
"=""057473""",宏達電國票49購01,0,0,0,0,0,0,0,0,0,"-20,000",0,0,0,"16,000","36,000","-20,000","-20,000"
"=""057445""",元債2X永豐4B購02,0,0,0,0,0,0,0,0,0,"-20,000",0,0,0,"42,000","62,000","-20,000","-20,000"
"=""057435""",台積電中信4B購01,0,0,0,0,0,0,0,0,0,"-20,000",0,0,0,0,"20,000","-20,000","-20,000"
"=""057480""",神達國票46購01  ,0,0,0,0,0,0,0,0,0,"-20,000",0,0,0,0,"20,000","-20,000","-20,000"
"=""055897""",威盛元富44購06  ,0,0,0,0,0,0,0,0,0,"-20,000",0,0,0,"102,000","122,000","-20,000","-20,000"
"=""055902""",皇昌元富45購01  ,0,"20,000","-20,000",0,0,0,0,0,0,0,0,0,0,0,0,0,"-20,000"
"=""057564""",台灣50群益45購11,0,0,0,0,0,0,0,0,0,"-20,000",0,0,0,0,"20,000","-20,000","-20,000"
1475,業旺            ,"1,000","21,000","-20,000",0,0,0,0,0,0,0,0,0,0,0,0,0,"-20,000"
"=""047678""",智原富邦42購03  ,0,0,0,0,0,0,0,0,0,"-20,000",0,0,0,0,"20,000","-20,000","-20,000"
"=""055430""",國企2X群益46購02,0,0,0,0,0,0,0,0,0,"-20,000",0,0,0,0,"20,000","-20,000","-20,000"
"=""08564U""",電子類凱基34售02,0,0,0,0,0,0,0,0,0,"-20,000",0,0,0,0,"20,000","-20,000","-20,000"
"=""062792""",台灣50元大48購06,0,0,0,0,0,0,0,0,0,"-20,000",0,0,0,"31,000","51,000","-20,000","-20,000"
"=""062944""",美費半元大48購01,0,0,0,0,0,0,0,0,0,"-20,000",0,0,0,0,"20,000","-20,000","-20,000"
"=""058083""",鴻海元富45購11  ,0,0,0,0,0,0,0,0,0,"-20,000",0,0,0,0,"20,000","-20,000","-20,000"
"=""058064""",神達國票45購05  ,0,0,0,0,0,0,0,0,0,"-20,000",0,0,0,0,"20,000","-20,000","-20,000"
"=""047356""",新日興群益43購02,0,0,0,0,0,0,0,0,0,"-20,000",0,0,0,0,"20,000","-20,000","-20,000"
"=""055171""",一詮元富44購01  ,0,0,0,0,0,0,0,0,0,"-20,000",0,0,0,0,"20,000","-20,000","-20,000"
"=""07936U""",臺股指凱基35售07,0,0,0,0,0,0,0,0,0,"-20,000",0,0,0,0,"20,000","-20,000","-20,000"
"=""055013""",中砂富邦46購02  ,0,0,0,0,0,0,0,0,0,"-20,000",0,0,0,0,"20,000","-20,000","-20,000"
"=""055063""",致茂群益46購03  ,0,0,0,0,0,0,0,0,0,"-20,000",0,0,0,0,"20,000","-20,000","-20,000"
"=""08128U""",宏達電凱基31售03,0,0,0,0,0,0,0,0,0,"-20,000",0,0,0,"82,000","102,000","-20,000","-20,000"
"=""08620U""",瑞昱凱基33售01  ,0,0,0,0,0,0,0,0,0,"-21,000",0,0,0,0,"21,000","-21,000","-21,000"
"=""054365""",上銀統一4A購03  ,0,0,0,0,0,0,0,0,0,"-21,000",0,0,0,0,"21,000","-21,000","-21,000"
"=""054412""",長榮永豐46購03  ,0,0,0,0,0,0,0,0,0,"-21,000",0,0,0,0,"21,000","-21,000","-21,000"
"=""055883""",建漢國票45購04  ,0,0,0,0,0,0,0,0,0,"-21,000",0,0,0,0,"21,000","-21,000","-21,000"
"=""057980""",神達群益49購01  ,0,0,0,0,0,0,0,0,0,"-21,000",0,0,0,"1,000","22,000","-21,000","-21,000"
"=""057780""",材料群益45購04  ,0,0,0,0,0,0,0,0,0,"-21,000",0,0,0,"3,000","24,000","-21,000","-21,000"
"=""046129""",力成元富42購01  ,0,0,0,0,0,0,0,0,0,"-21,000",0,0,0,"7,000","28,000","-21,000","-21,000"
"=""057015""",技嘉統一49購01  ,0,0,0,0,0,0,0,0,0,"-21,000",0,0,0,"56,000","77,000","-21,000","-21,000"
"=""056933""",萬海群益45購06  ,0,0,0,0,0,0,0,0,0,"-21,000",0,0,0,0,"21,000","-21,000","-21,000"
"=""061609""",汎銓國票47購02  ,0,0,0,0,0,0,0,0,0,"-21,000",0,0,0,"113,000","134,000","-21,000","-21,000"
"=""061957""",國企2X凱基4A購01,0,0,0,0,0,0,0,0,0,"-21,000",0,0,0,"63,000","84,000","-21,000","-21,000"
"=""069381""",帝寶永豐49購01  ,0,0,0,0,0,0,0,0,0,"-21,000",0,0,0,"17,000","38,000","-21,000","-21,000"
"=""068448""",立隆電凱基48購03,0,0,0,0,0,0,0,0,0,"-21,000",0,0,0,"2,000","23,000","-21,000","-21,000"
"=""060330""",名軒元大46購01  ,0,0,0,0,0,0,0,0,0,"-21,000",0,0,0,"10,000","31,000","-21,000","-21,000"
"=""060289""",永崴控富邦48購01,0,0,0,0,0,0,0,0,0,"-21,000",0,0,0,"26,000","47,000","-21,000","-21,000"
"=""060581""",大同元大46購05  ,0,0,0,0,0,0,0,0,0,"-21,000",0,0,0,"1,000","22,000","-21,000","-21,000"
"=""061298""",川湖中信46購01  ,0,0,0,0,0,0,0,0,0,"-21,000",0,0,0,0,"21,000","-21,000","-21,000"
"=""061246""",臺指反凱基4A購01,0,0,0,0,0,0,0,0,0,"-21,000",0,0,0,"20,000","41,000","-21,000","-21,000"
"=""059464""",景碩元富4B購01  ,0,0,0,0,0,0,0,0,0,"-21,000",0,0,0,"69,000","90,000","-21,000","-21,000"
"=""067523""",新唐元大47購01  ,0,0,0,0,0,0,0,0,0,"-21,000",0,0,0,"29,000","50,000","-21,000","-21,000"
"=""067469""",世芯凱基47購13  ,0,0,0,0,0,0,0,0,0,"-21,000",0,0,0,"34,000","55,000","-21,000","-21,000"
"=""067984""",創意統一51購02  ,0,0,0,0,0,0,0,0,0,"-21,000",0,0,0,"34,000","55,000","-21,000","-21,000"
"=""059888""",台積電群益45購25,0,0,0,0,0,0,0,0,0,"-21,000",0,0,0,"24,000","45,000","-21,000","-21,000"
"=""065173""",美債2X凱基57購01,0,0,0,0,0,0,0,0,0,"-21,000",0,0,0,"29,000","50,000","-21,000","-21,000"
"=""065715""",所羅門元大48購01,0,0,0,0,0,0,0,0,0,"-21,000",0,0,0,0,"21,000","-21,000","-21,000"
"=""039238""",嘉晶凱基54購01  ,0,0,0,0,0,0,0,0,0,"-21,000",0,0,0,"19,000","40,000","-21,000","-21,000"
"=""03571T""",國巨凱基35售01  ,0,0,0,0,0,0,0,0,0,"-21,000",0,0,0,0,"21,000","-21,000","-21,000"
"=""066504""",台積電群益51購01,0,0,0,0,0,0,0,0,0,"-21,000",0,0,0,0,"21,000","-21,000","-21,000"
"=""064673""",智邦元大46購12  ,0,0,0,0,0,0,0,0,0,"-21,000",0,0,0,"34,000","55,000","-21,000","-21,000"
"=""064424""",嘉澤凱基48購03  ,0,0,0,0,0,0,0,0,0,"-21,000",0,0,0,0,"21,000","-21,000","-21,000"
3055,蔚華科          ,"96,000","117,000","-21,000",0,0,0,0,0,0,0,0,0,0,0,0,0,"-21,000"
3543,州巧            ,"11,000","32,000","-21,000",0,0,0,0,0,0,0,"4,000","4,000",0,0,0,0,"-21,000"
"=""053757""",世芯永豐44購07  ,0,0,0,0,0,0,0,0,0,"-21,000",0,0,0,0,"21,000","-21,000","-21,000"
"=""051895""",慧洋兆豐45購01  ,0,0,0,0,0,0,0,0,0,"-21,000",0,0,0,"20,000","41,000","-21,000","-21,000"
"=""064095""",華城群益46購04  ,0,0,0,0,0,0,0,0,0,"-21,000",0,0,0,"8,000","29,000","-21,000","-21,000"
"=""059091""",智原元富46購02  ,0,0,0,0,0,0,0,0,0,"-21,000",0,0,0,0,"21,000","-21,000","-21,000"
"=""059035""",全漢永豐45購01  ,0,0,0,0,0,0,0,0,0,"-21,000",0,0,0,0,"21,000","-21,000","-21,000"
"=""049020""",台表科兆豐48購01,0,0,0,0,0,0,0,0,0,"-21,000",0,0,0,0,"21,000","-21,000","-21,000"
"=""063415""",訊芯統一3C購03  ,0,0,0,0,0,0,0,0,0,"-21,000",0,0,0,0,"21,000","-21,000","-21,000"
"=""051026""",所羅門凱基45購01,0,0,0,0,0,0,0,0,0,"-21,000",0,0,0,"20,000","41,000","-21,000","-21,000"
1731,美吾華          ,"6,000","27,000","-21,000",0,0,0,0,0,0,0,"3,000","3,000",0,0,0,0,"-21,000"
2461,光群雷          ,"188,000","218,000","-30,000",0,0,0,0,0,0,"9,000","12,000","3,000","9,000",0,0,0,"-21,000"
1786,科妍            ,"12,000","33,000","-21,000",0,0,0,0,0,0,-571,"2,000","2,571",-571,0,0,0,"-21,571"
2414,精技            ,"12,000","34,000","-22,000",0,0,0,0,0,0,236,"1,000",764,236,0,0,0,"-21,764"
4106,雃博            ,"10,000","32,000","-22,000",0,0,0,0,0,0,145,"1,000",855,145,0,0,0,"-21,855"
"=""052756""",台玻凱基45購01  ,0,0,0,0,0,0,0,0,0,"-22,000",0,0,0,0,"22,000","-22,000","-22,000"
"=""053120""",亞德客凱基45購01,0,0,0,0,0,0,0,0,0,"-22,000",0,0,0,0,"22,000","-22,000","-22,000"
"=""052219""",定穎控元富43購03,0,0,0,0,0,0,0,0,0,"-22,000",0,0,0,"20,000","42,000","-22,000","-22,000"
"=""059072""",康舒國票46購02  ,0,0,0,0,0,0,0,0,0,"-22,000",0,0,0,0,"22,000","-22,000","-22,000"
"=""063861""",緯穎群益48購10  ,0,0,0,0,0,0,0,0,0,"-22,000",0,0,0,0,"22,000","-22,000","-22,000"
"=""059315""",正崴群益47購01  ,0,0,0,0,0,0,0,0,0,"-22,000",0,0,0,0,"22,000","-22,000","-22,000"
"=""04460T""",高力元大35售09  ,0,0,0,0,0,0,0,0,0,"-22,000",0,0,0,0,"22,000","-22,000","-22,000"
"=""053855""",滬深2X群益4A購05,0,0,0,0,0,0,0,0,0,"-22,000",0,0,0,0,"22,000","-22,000","-22,000"
2430,燦坤            ,"3,000","25,000","-22,000",0,0,0,0,0,0,0,0,0,0,0,0,0,"-22,000"
"=""055990""",華友聯永豐44購01,0,0,0,0,0,0,0,0,0,"-22,000",0,0,0,0,"22,000","-22,000","-22,000"
"=""063491""",祥碩富邦47購02  ,0,0,0,0,0,0,0,0,0,"-22,000",0,0,0,0,"22,000","-22,000","-22,000"
"=""063348""",智邦凱基48購04  ,0,0,0,0,0,0,0,0,0,"-22,000",0,0,0,0,"22,000","-22,000","-22,000"
"=""049665""",美債2X元大43購04,0,0,0,0,0,0,0,0,0,"-22,000",0,0,0,"70,000","92,000","-22,000","-22,000"
"=""048217""",中502X元富48購01,0,0,0,0,0,0,0,0,0,"-22,000",0,0,0,"8,000","30,000","-22,000","-22,000"
"=""064404""",盟立統一4C購01  ,0,0,0,0,0,0,0,0,0,"-22,000",0,0,0,0,"22,000","-22,000","-22,000"
"=""064337""",長榮航凱基46購08,0,0,0,0,0,0,0,0,0,"-22,000",0,0,0,"11,000","33,000","-22,000","-22,000"
"=""064594""",玉晶光中信47購02,0,0,0,0,0,0,0,0,0,"-22,000",0,0,0,"6,000","28,000","-22,000","-22,000"
"=""065459""",潤隆國票49購01  ,0,0,0,0,0,0,0,0,0,"-22,000",0,0,0,0,"22,000","-22,000","-22,000"
"=""04272T""",威盛凱基35售08  ,0,0,0,0,0,0,0,0,0,"-22,000",0,0,0,"3,000","25,000","-22,000","-22,000"
"=""042796""",京鼎元富55購01  ,0,0,0,0,0,0,0,0,0,"-22,000",0,0,0,0,"22,000","-22,000","-22,000"
"=""059874""",元債2X群益4B購07,0,0,0,0,0,0,0,0,0,"-22,000",0,0,0,"10,000","32,000","-22,000","-22,000"
"=""058927""",台積電群益45購21,0,0,0,0,0,0,0,0,0,"-22,000",0,0,0,"10,000","32,000","-22,000","-22,000"
"=""060023""",台灣50元富46購03,0,0,0,0,0,0,0,0,0,"-22,000",0,0,0,0,"22,000","-22,000","-22,000"
"=""059636""",緯穎國票46購03  ,0,0,0,0,0,0,0,0,0,"-22,000",0,0,0,"310,000","332,000","-22,000","-22,000"
"=""058688""",台積電國票45購06,0,0,0,0,0,0,0,0,0,"-22,000",0,0,0,0,"22,000","-22,000","-22,000"
"=""059839""",陽明凱基48購04  ,0,0,0,0,0,0,0,0,0,"-22,000",0,0,0,"15,000","37,000","-22,000","-22,000"
"=""067275""",永道國泰48購01  ,0,0,0,0,0,0,0,0,0,"-22,000",0,0,0,0,"22,000","-22,000","-22,000"
"=""067284""",中華群益47購01  ,0,0,0,0,0,0,0,0,0,"-22,000",0,0,0,0,"22,000","-22,000","-22,000"
"=""059417""",台積電群益4B購09,0,0,0,0,0,0,0,0,0,"-22,000",0,0,0,"175,000","197,000","-22,000","-22,000"
"=""058380""",晶睿國票45購01  ,0,0,0,0,0,0,0,0,0,"-22,000",0,0,0,"33,000","55,000","-22,000","-22,000"
"=""059474""",光寶科國票46購03,0,0,0,0,0,0,0,0,0,"-22,000",0,0,0,0,"22,000","-22,000","-22,000"
"=""060995""",華航群益47購01  ,0,0,0,0,0,0,0,0,0,"-22,000",0,0,0,"10,000","32,000","-22,000","-22,000"
"=""068621""",世芯元大48購14  ,0,0,0,0,0,0,0,0,0,"-22,000",0,0,0,"129,000","151,000","-22,000","-22,000"
"=""069161""",台積電統一52購06,0,0,0,0,0,0,0,0,0,"-22,000",0,0,0,"310,000","332,000","-22,000","-22,000"
"=""069193""",智邦統一3C購01  ,0,0,0,0,0,0,0,0,0,"-22,000",0,0,0,0,"22,000","-22,000","-22,000"
"=""069242""",昇陽半元富48購02,0,0,0,0,0,0,0,0,0,"-22,000",0,0,0,"1,000","23,000","-22,000","-22,000"
"=""062280""",中華群益48購02  ,0,0,0,0,0,0,0,0,0,"-22,000",0,0,0,0,"22,000","-22,000","-22,000"
"=""062306""",泰金寶群益46購01,0,0,0,0,0,0,0,0,0,"-22,000",0,0,0,0,"22,000","-22,000","-22,000"
"=""04664T""",威盛凱基35售16  ,0,0,0,0,0,0,0,0,0,"-22,000",0,0,0,0,"22,000","-22,000","-22,000"
"=""062629""",亞光中信47購02  ,0,0,0,0,0,0,0,0,0,"-22,000",0,0,0,"12,000","34,000","-22,000","-22,000"
"=""057436""",威盛中信47購01  ,0,0,0,0,0,0,0,0,0,"-22,000",0,0,0,0,"22,000","-22,000","-22,000"
"=""062194""",嘉澤永豐46購02  ,0,0,0,0,0,0,0,0,0,"-22,000",0,0,0,0,"22,000","-22,000","-22,000"
"=""08056U""",長榮統一33售11  ,0,0,0,0,0,0,0,0,0,"-22,000",0,0,0,0,"22,000","-22,000","-22,000"
"=""083154""",日月光凱基4C購02,0,0,0,0,0,0,0,0,0,"-22,000",0,0,0,"1,000","23,000","-22,000","-22,000"
1608,華榮            ,"1,063,000","1,130,000","-67,000",0,0,0,0,0,0,"44,996","44,000",0,"44,000","1,000",4,996,"-22,004"
"=""063631""",中磊群益48購01  ,0,0,0,0,0,0,0,0,0,"-23,000",0,0,0,"28,000","51,000","-23,000","-23,000"
"=""056102""",蔚華科元大44購01,0,0,0,0,0,0,0,0,0,"-23,000",0,0,0,0,"23,000","-23,000","-23,000"
"=""050710""",潤泰全凱基43購01,0,0,0,0,0,0,0,0,0,"-23,000",0,0,0,"5,000","28,000","-23,000","-23,000"
"=""063005""",台光電群益46購04,0,0,0,0,0,0,0,0,0,"-23,000",0,0,0,"269,000","292,000","-23,000","-23,000"
"=""063170""",世芯元富47購07  ,0,0,0,0,0,0,0,0,0,"-23,000",0,0,0,"10,000","33,000","-23,000","-23,000"
"=""054264""",上銀元大44購02  ,0,0,0,0,0,0,0,0,0,"-23,000",0,0,0,0,"23,000","-23,000","-23,000"
910322,康師傅-DR       ,0,"23,000","-23,000",0,0,0,0,0,0,0,0,0,0,0,0,0,"-23,000"
"=""059117""",美律凱基45購01  ,0,0,0,0,0,0,0,0,0,"-23,000",0,0,0,"4,000","27,000","-23,000","-23,000"
"=""051378""",建漢元大43購02  ,0,0,0,0,0,0,0,0,0,"-23,000",0,0,0,0,"23,000","-23,000","-23,000"
"=""063724""",群創中信46購02  ,0,0,0,0,0,0,0,0,0,"-23,000",0,0,0,"3,000","26,000","-23,000","-23,000"
"=""051692""",佳能富邦47購01  ,0,0,0,0,0,0,0,0,0,"-23,000",0,0,0,0,"23,000","-23,000","-23,000"
"=""08212U""",智原凱基31售04  ,0,0,0,0,0,0,0,0,0,"-23,000",0,0,0,"77,000","100,000","-23,000","-23,000"
1445,大宇            ,"1,000","24,000","-23,000",0,0,0,0,0,0,0,0,0,0,0,0,0,"-23,000"
"=""046914""",新光鋼凱基43購01,0,0,0,0,0,0,0,0,0,"-23,000",0,0,0,"100,000","123,000","-23,000","-23,000"
"=""069371""",致茂永豐52購01  ,0,0,0,0,0,0,0,0,0,"-23,000",0,0,0,0,"23,000","-23,000","-23,000"
"=""061856""",世芯群益4C購02  ,0,0,0,0,0,0,0,0,0,"-23,000",0,0,0,0,"23,000","-23,000","-23,000"
"=""069783""",旺宏統一52購01  ,0,0,0,0,0,0,0,0,0,"-23,000",0,0,0,0,"23,000","-23,000","-23,000"
"=""061641""",大立光元大4A購02,0,0,0,0,0,0,0,0,0,"-23,000",0,0,0,0,"23,000","-23,000","-23,000"
"=""056571""",全新元大45購01  ,0,0,0,0,0,0,0,0,0,"-23,000",0,0,0,0,"23,000","-23,000","-23,000"
"=""061554""",日本2X凱基48購01,0,0,0,0,0,0,0,0,0,"-23,000",0,0,0,"3,000","26,000","-23,000","-23,000"
"=""068546""",聯發科兆豐48購02,0,0,0,0,0,0,0,0,0,"-23,000",0,0,0,"53,000","76,000","-23,000","-23,000"
"=""060509""",台灣50凱基48購02,0,0,0,0,0,0,0,0,0,"-23,000",0,0,0,0,"23,000","-23,000","-23,000"
"=""068871""",世芯永豐4A購06  ,0,0,0,0,0,0,0,0,0,"-23,000",0,0,0,"7,000","30,000","-23,000","-23,000"
"=""061243""",世芯台新46購01  ,0,0,0,0,0,0,0,0,0,"-23,000",0,0,0,"53,000","76,000","-23,000","-23,000"
"=""061068""",川湖統一4B購02  ,0,0,0,0,0,0,0,0,0,"-23,000",0,0,0,"25,000","48,000","-23,000","-23,000"
"=""059563""",英業達元大45購11,"10,000",0,"10,000",0,0,0,0,0,0,"-33,000",0,0,0,"63,000","96,000","-33,000","-23,000"
"=""03404T""",嘉澤國票34售02  ,0,0,0,0,0,0,0,0,0,"-23,000",0,0,0,"100,000","123,000","-23,000","-23,000"
"=""053517""",滬深2X群益44購08,0,0,0,0,0,0,0,0,0,"-23,000",0,0,0,"30,000","53,000","-23,000","-23,000"
"=""057638""",緯創凱基45購05  ,0,0,0,0,0,0,0,0,0,"-23,000",0,0,0,0,"23,000","-23,000","-23,000"
"=""057666""",勤誠元富46購01  ,0,0,0,0,0,0,0,0,0,"-23,000",0,0,0,"258,000","281,000","-23,000","-23,000"
"=""060177""",一詮元大46購04  ,0,0,0,0,0,0,0,0,0,"-23,000",0,0,0,"83,000","106,000","-23,000","-23,000"
"=""065178""",美時凱基48購02  ,0,0,0,0,0,0,0,0,0,"-23,000",0,0,0,"126,000","149,000","-23,000","-23,000"
"=""04477T""",智原群益36售04  ,0,0,0,0,0,0,0,0,0,"-23,000",0,0,0,0,"23,000","-23,000","-23,000"
"=""066409""",日月光國票48購02,0,0,0,0,0,0,0,0,0,"-23,000",0,0,0,0,"23,000","-23,000","-23,000"
2482,連宇            ,"154,000","177,000","-23,000",0,0,0,0,0,0,-176,"1,000","1,176",-176,0,0,0,"-23,176"
6269,台郡            ,"526,000","561,737","-35,737",0,0,0,"15,000","1,688","13,312","-1,047","1,000","2,047","-1,047",0,0,0,"-23,472"
4438,廣越            ,"13,000","35,000","-22,000",0,0,0,0,0,0,"-2,000",0,"2,000","-2,000",0,0,0,"-24,000"
"=""052917""",滬深2X凱基4B購01,0,0,0,0,0,0,0,0,0,"-24,000",0,0,0,0,"24,000","-24,000","-24,000"
"=""063748""",建漢國票47購03  ,0,0,0,0,0,0,0,0,0,"-24,000",0,0,0,0,"24,000","-24,000","-24,000"
"=""053654""",元債2X永豐4A購03,0,0,0,0,0,0,0,0,0,"-24,000",0,0,0,"34,000","58,000","-24,000","-24,000"
"=""054252""",中信金富邦44購01,0,0,0,0,0,0,0,0,0,"-24,000",0,0,0,0,"24,000","-24,000","-24,000"
"=""054194""",威盛元富44購03  ,0,0,0,0,0,0,0,0,0,"-24,000",0,0,0,"18,000","42,000","-24,000","-24,000"
"=""048513""",英業達統一48購02,0,0,0,0,0,0,0,0,0,"-24,000",0,0,0,0,"24,000","-24,000","-24,000"
"=""064782""",FBNQ2X元大4A購01,0,0,0,0,0,0,0,0,0,"-24,000",0,0,0,"11,000","35,000","-24,000","-24,000"
"=""064768""",美債2X元富49購03,0,0,0,0,0,0,0,0,0,"-24,000",0,0,0,0,"24,000","-24,000","-24,000"
"=""065895""",鴻海凱基49購04  ,0,0,0,0,0,0,0,0,0,"-24,000",0,0,0,0,"24,000","-24,000","-24,000"
"=""036071""",京元電群益53購07,0,0,0,0,0,0,0,0,0,"-24,000",0,0,0,0,"24,000","-24,000","-24,000"
"=""065181""",川湖統一3B購01  ,0,0,0,0,0,0,0,0,0,"-24,000",0,0,0,0,"24,000","-24,000","-24,000"
"=""059595""",正崴中信47購01  ,0,0,0,0,0,0,0,0,0,"-24,000",0,0,0,"6,000","30,000","-24,000","-24,000"
"=""058882""",東鹼元大45購01  ,0,0,0,0,0,0,0,0,0,"-24,000",0,0,0,0,"24,000","-24,000","-24,000"
"=""058186""",滬深2X永豐46購08,0,0,0,0,0,0,0,0,0,"-24,000",0,0,0,"10,000","34,000","-24,000","-24,000"
"=""067157""",聯發科元大47購16,0,0,0,0,0,0,0,0,0,"-24,000",0,0,0,"19,000","43,000","-24,000","-24,000"
"=""067047""",智易永豐48購01  ,0,0,0,0,0,0,0,0,0,"-24,000",0,0,0,"73,000","97,000","-24,000","-24,000"
"=""067409""",鴻海統一51購05  ,0,0,0,0,0,0,0,0,0,"-24,000",0,0,0,"107,000","131,000","-24,000","-24,000"
"=""061478""",敦泰元大46購01  ,0,0,0,0,0,0,0,0,0,"-24,000",0,0,0,"11,000","35,000","-24,000","-24,000"
"=""068873""",精銳永豐48購02  ,0,0,0,0,0,0,0,0,0,"-24,000",0,0,0,0,"24,000","-24,000","-24,000"
"=""061670""",宇隆群益47購01  ,0,0,0,0,0,0,0,0,0,"-24,000",0,0,0,0,"24,000","-24,000","-24,000"
"=""069593""",新日興統一5A購01,0,0,0,0,0,0,0,0,0,"-24,000",0,0,0,0,"24,000","-24,000","-24,000"
"=""08640U""",健鼎凱基33售02  ,0,0,0,0,0,0,0,0,0,"-24,000",0,0,0,0,"24,000","-24,000","-24,000"
"=""07944U""",國泰金元富31售02,0,0,0,0,0,0,0,0,0,"-24,000",0,0,0,0,"24,000","-24,000","-24,000"
"=""062825""",聯茂元大46購03  ,0,0,0,0,0,0,0,0,0,"-24,000",0,0,0,0,"24,000","-24,000","-24,000"
3413,京鼎            ,"17,000","42,040","-25,040",0,0,0,0,"1,000","-1,000","2,000","3,000",0,"3,000",0,"1,000","-1,000","-24,040"
6155,鈞寶            ,"2,000","28,000","-26,000",0,0,0,0,0,0,"1,138","1,138",0,"1,138",0,0,0,"-24,862"
"=""063671""",洋基元大46購03  ,0,0,0,0,0,0,0,0,0,"-25,000",0,0,0,0,"25,000","-25,000","-25,000"
6792,詠業            ,"8,000","38,000","-30,000",0,0,0,0,0,0,"5,000","5,000",0,"5,000",0,0,0,"-25,000"
"=""052989""",大亞元富45購01  ,0,0,0,0,0,0,0,0,0,"-25,000",0,0,0,"50,000","75,000","-25,000","-25,000"
"=""052678""",台光電國泰46購02,0,0,0,0,0,0,0,0,0,"-25,000",0,0,0,"10,000","35,000","-25,000","-25,000"
"=""051160""",義隆國票45購02  ,0,0,0,0,0,0,0,0,0,"-25,000",0,0,0,0,"25,000","-25,000","-25,000"
"=""051088""",達興永豐45購01  ,0,0,0,0,0,0,0,0,0,"-25,000",0,0,0,"5,000","30,000","-25,000","-25,000"
"=""052287""",中砂國票44購02  ,0,0,0,0,0,0,0,0,0,"-25,000",0,0,0,0,"25,000","-25,000","-25,000"
"=""052179""",三商壽國票43購02,0,0,0,0,0,0,0,0,0,"-25,000",0,0,0,0,"25,000","-25,000","-25,000"
"=""056502""",香港2X凱基45購05,0,0,0,0,0,0,0,0,0,"-25,000",0,0,0,"35,000","60,000","-25,000","-25,000"
"=""053944""",南港兆豐4A購01  ,0,0,0,0,0,0,0,0,0,"-25,000",0,0,0,"3,000","28,000","-25,000","-25,000"
"=""03982T""",聯電群益34售04  ,0,0,0,0,0,0,0,0,0,"-25,000",0,0,0,0,"25,000","-25,000","-25,000"
"=""064324""",上銀凱基49購02  ,0,0,0,0,0,0,0,0,0,"-25,000",0,0,0,"4,000","29,000","-25,000","-25,000"
"=""058958""",台灣50元富45購09,0,0,0,0,0,0,0,0,0,"-25,000",0,0,0,0,"25,000","-25,000","-25,000"
"=""064084""",愛普元大46購05  ,0,0,0,0,0,0,0,0,0,"-25,000",0,0,0,"35,000","60,000","-25,000","-25,000"
"=""04861T""",晶豪科國票37售04,0,0,0,0,0,0,0,0,0,"-25,000",0,0,0,0,"25,000","-25,000","-25,000"
"=""048121""",華邦電國泰44購02,0,0,0,0,0,0,0,0,0,"-25,000",0,0,0,0,"25,000","-25,000","-25,000"
"=""063099""",台積電中信46購03,0,0,0,0,0,0,0,0,0,"-25,000",0,0,0,0,"25,000","-25,000","-25,000"
"=""049895""",矽力統一48購05  ,0,0,0,0,0,0,0,0,0,"-25,000",0,0,0,"8,000","33,000","-25,000","-25,000"
"=""056377""",鴻準元大45購03  ,0,0,0,0,0,0,0,0,0,"-25,000",0,0,0,"15,000","40,000","-25,000","-25,000"
"=""050411""",信錦國票44購02  ,0,0,0,0,0,0,0,0,0,"-25,000",0,0,0,"15,000","40,000","-25,000","-25,000"
"=""053284""",華航中信44購01  ,0,0,0,0,0,0,0,0,0,"-25,000",0,0,0,0,"25,000","-25,000","-25,000"
"=""055712""",香港2X元大44購04,0,0,0,0,0,0,0,0,0,"-25,000",0,0,0,"5,000","30,000","-25,000","-25,000"
"=""04030T""",聯電元大34售14  ,0,0,0,0,0,0,0,0,0,"-25,000",0,0,0,0,"25,000","-25,000","-25,000"
"=""04732T""",立積群益35售02  ,0,0,0,0,0,0,0,0,0,"-25,000",0,0,0,0,"25,000","-25,000","-25,000"
"=""047386""",美債2X中信44購01,0,0,0,0,0,0,0,0,0,"-25,000",0,0,0,0,"25,000","-25,000","-25,000"
"=""07887U""",長榮航群益31售10,0,0,0,0,0,0,0,0,0,"-25,000",0,0,0,0,"25,000","-25,000","-25,000"
"=""054962""",台積電兆豐46購02,0,0,0,0,0,0,0,0,0,"-25,000",0,0,0,"27,000","52,000","-25,000","-25,000"
"=""055466""",台表科群益45購02,0,0,0,0,0,0,0,0,0,"-25,000",0,0,0,0,"25,000","-25,000","-25,000"
"=""055404""",長榮統一4A購01  ,0,0,0,0,0,0,0,0,0,"-25,000",0,0,0,0,"25,000","-25,000","-25,000"
"=""04747T""",愛普元大35售06  ,0,0,0,0,0,0,0,0,0,"-25,000",0,0,0,0,"25,000","-25,000","-25,000"
"=""062284""",華邦電群益46購01,0,0,0,0,0,0,0,0,0,"-25,000",0,0,0,"5,000","30,000","-25,000","-25,000"
"=""062354""",精誠元大46購03  ,0,0,0,0,0,0,0,0,0,"-25,000",0,0,0,0,"25,000","-25,000","-25,000"
"=""062344""",創意元大46購08  ,0,0,0,0,0,0,0,0,0,"-25,000",0,0,0,0,"25,000","-25,000","-25,000"
"=""046499""",皇昌元大44購01  ,0,0,0,0,0,0,0,0,0,"-25,000",0,0,0,"175,000","200,000","-25,000","-25,000"
"=""07297U""",臺股指元大34售01,0,0,0,0,0,0,0,0,0,"-25,000",0,0,0,0,"25,000","-25,000","-25,000"
"=""055785""",奇鋐永豐44購10  ,0,0,0,0,0,0,0,0,0,"-25,000",0,0,0,"83,000","108,000","-25,000","-25,000"
"=""04597T""",臺股指元富39售06,0,0,0,0,0,0,0,0,0,"-25,000",0,0,0,"35,000","60,000","-25,000","-25,000"
"=""069600""",臻鼎統一52購01  ,0,0,0,0,0,0,0,0,0,"-25,000",0,0,0,0,"25,000","-25,000","-25,000"
"=""069745""",宏致元富48購01  ,0,0,0,0,0,0,0,0,0,"-25,000",0,0,0,"10,000","35,000","-25,000","-25,000"
"=""062128""",大亞國票47購01  ,0,0,0,0,0,0,0,0,0,"-25,000",0,0,0,0,"25,000","-25,000","-25,000"
"=""069674""",健策元大48購06  ,0,0,0,0,0,0,0,0,0,"-25,000",0,0,0,0,"25,000","-25,000","-25,000"
"=""069425""",台達電群益48購03,0,0,0,0,0,0,0,0,0,"-25,000",0,0,0,0,"25,000","-25,000","-25,000"
"=""069176""",奇鋐統一52購02  ,0,0,0,0,0,0,0,0,0,"-25,000",0,0,0,"7,000","32,000","-25,000","-25,000"
"=""069042""",臺指反凱基52購01,0,0,0,0,0,0,0,0,0,"-25,000",0,0,0,0,"25,000","-25,000","-25,000"
"=""057124""",裕民群益47購01  ,0,0,0,0,0,0,0,0,0,"-25,000",0,0,0,"30,000","55,000","-25,000","-25,000"
"=""057348""",建漢群益47購01  ,0,0,0,0,0,0,0,0,0,"-25,000",0,0,0,0,"25,000","-25,000","-25,000"
"=""068829""",華邦電統一52購01,0,0,0,0,0,0,0,0,0,"-25,000",0,0,0,"30,000","55,000","-25,000","-25,000"
"=""060932""",瑞昱凱基46購02  ,0,0,0,0,0,0,0,0,0,"-25,000",0,0,0,"38,000","63,000","-25,000","-25,000"
"=""061263""",長榮航凱基48購01,0,0,0,0,0,0,0,0,0,"-25,000",0,0,0,"75,000","100,000","-25,000","-25,000"
"=""068568""",祥碩國票49購01  ,0,0,0,0,0,0,0,0,0,"-25,000",0,0,0,0,"25,000","-25,000","-25,000"
"=""068563""",華碩國票48購01  ,0,0,0,0,0,0,0,0,0,"-25,000",0,0,0,"114,000","139,000","-25,000","-25,000"
"=""068623""",中興電統一3C購01,0,0,0,0,0,0,0,0,0,"-25,000",0,0,0,0,"25,000","-25,000","-25,000"
"=""067287""",旺宏群益48購01  ,0,0,0,0,0,0,0,0,0,"-25,000",0,0,0,0,"25,000","-25,000","-25,000"
"=""059571""",聯陽元大45購01  ,0,0,0,0,0,0,0,0,0,"-25,000",0,0,0,0,"25,000","-25,000","-25,000"
"=""058379""",創意國票46購02  ,0,0,0,0,0,0,0,0,0,"-25,000",0,0,0,"104,000","129,000","-25,000","-25,000"
"=""058449""",富華新永豐45購01,0,0,0,0,0,0,0,0,0,"-25,000",0,0,0,0,"25,000","-25,000","-25,000"
"=""067003""",京元電凱基48購02,0,0,0,0,0,0,0,0,0,"-25,000",0,0,0,0,"25,000","-25,000","-25,000"
"=""060049""",台積電凱基47購12,0,0,0,0,0,0,0,0,0,"-25,000",0,0,0,0,"25,000","-25,000","-25,000"
"=""059655""",皇昌永豐45購01  ,0,0,0,0,0,0,0,0,0,"-25,000",0,0,0,0,"25,000","-25,000","-25,000"
"=""059666""",振樺電永豐47購01,0,0,0,0,0,0,0,0,0,"-25,000",0,0,0,0,"25,000","-25,000","-25,000"
"=""060101""",中華富邦48購01  ,0,0,0,0,0,0,0,0,0,"-25,000",0,0,0,0,"25,000","-25,000","-25,000"
"=""060124""",台積電群益46購19,0,0,0,0,0,0,0,0,0,"-25,000",0,0,0,"300,000","325,000","-25,000","-25,000"
"=""065261""",矽力元富51購01  ,0,0,0,0,0,0,0,0,0,"-25,000",0,0,0,0,"25,000","-25,000","-25,000"
"=""065724""",凌陽元大47購01  ,0,0,0,0,0,0,0,0,0,"-25,000",0,0,0,0,"25,000","-25,000","-25,000"
"=""065729""",陽明元大47購12  ,0,0,0,0,0,0,0,0,0,"-25,000",0,0,0,"50,000","75,000","-25,000","-25,000"
"=""065531""",南電統一51購01  ,0,0,0,0,0,0,0,0,0,"-25,000",0,0,0,0,"25,000","-25,000","-25,000"
"=""038672""",金像電元大54購17,0,0,0,0,0,0,0,0,0,"-25,000",0,0,0,"49,000","74,000","-25,000","-25,000"
"=""04215T""",飛宏國票36售02  ,0,0,0,0,0,0,0,0,0,"-25,000",0,0,0,0,"25,000","-25,000","-25,000"
"=""045482""",台積電元富5B購03,0,0,0,0,0,0,0,0,0,"-25,000",0,0,0,0,"25,000","-25,000","-25,000"
"=""045137""",祥碩元大5A購03  ,0,0,0,0,0,0,0,0,0,"-25,000",0,0,0,"62,000","87,000","-25,000","-25,000"
"=""065800""",啟�眥禤�48購01  ,0,0,0,0,0,0,0,0,0,"-25,000",0,0,0,0,"25,000","-25,000","-25,000"
"=""065789""",滬深2X中信3B購01,0,0,0,0,0,0,0,0,0,"-25,000",0,0,0,0,"25,000","-25,000","-25,000"
"=""03082T""",技嘉元大33售37  ,0,0,0,0,0,0,0,0,0,"-25,000",0,0,0,0,"25,000","-25,000","-25,000"
"=""066057""",華晶科元富4A購01,0,0,0,0,0,0,0,0,0,"-25,000",0,0,0,"9,000","34,000","-25,000","-25,000"
"=""066043""",材料群益47購06  ,0,0,0,0,0,0,0,0,0,"-25,000",0,0,0,"5,000","30,000","-25,000","-25,000"
"=""066607""",臺股指國票47購07,0,0,0,0,0,0,0,0,0,"-25,000",0,0,0,"15,000","40,000","-25,000","-25,000"
"=""03702T""",世紀鋼凱基34售06,0,0,0,0,0,0,0,0,0,"-25,000",0,0,0,0,"25,000","-25,000","-25,000"
"=""00651R""",復華香港反1     ,"150,000","1,000","149,000",0,0,0,0,0,0,"-174,005",0,0,0,"584,990","758,995","-174,005","-25,005"
"=""066200""",滬深2X群益47購06,0,0,0,0,0,0,0,0,0,"-26,000",0,0,0,0,"26,000","-26,000","-26,000"
"=""066234""",泓德群益49購01  ,0,0,0,0,0,0,0,0,0,"-26,000",0,0,0,"51,000","77,000","-26,000","-26,000"
"=""066649""",皇昌統一51購02  ,0,0,0,0,0,0,0,0,0,"-26,000",0,0,0,0,"26,000","-26,000","-26,000"
"=""03646T""",台泥凱基35售02  ,0,0,0,0,0,0,0,0,0,"-26,000",0,0,0,"9,000","35,000","-26,000","-26,000"
"=""065588""",中華國票48購03  ,0,0,0,0,0,0,0,0,0,"-26,000",0,0,0,0,"26,000","-26,000","-26,000"
"=""065510""",志強永豐48購01  ,0,0,0,0,0,0,0,0,0,"-26,000",0,0,0,0,"26,000","-26,000","-26,000"
"=""059921""",亞翔群益45購04  ,0,0,0,0,0,0,0,0,0,"-26,000",0,0,0,"13,000","39,000","-26,000","-26,000"
"=""058865""",碩天凱基48購01  ,0,0,0,0,0,0,0,0,0,"-26,000",0,0,0,"156,000","182,000","-26,000","-26,000"
"=""03824T""",奇鋐元大34售17  ,0,0,0,0,0,0,0,0,0,"-26,000",0,0,0,0,"26,000","-26,000","-26,000"
"=""058476""",長榮國票46購05  ,0,0,0,0,0,0,0,0,0,"-26,000",0,0,0,0,"26,000","-26,000","-26,000"
"=""068541""",佳必琪富邦4A購01,0,0,0,0,0,0,0,0,0,"-26,000",0,0,0,"84,000","110,000","-26,000","-26,000"
"=""060865""",晶碩永豐46購01  ,0,0,0,0,0,0,0,0,0,"-26,000",0,0,0,"48,000","74,000","-26,000","-26,000"
"=""060473""",技嘉中信46購01  ,0,0,0,0,0,0,0,0,0,"-26,000",0,0,0,"135,000","161,000","-26,000","-26,000"
"=""056888""",威盛元大45購09  ,0,"10,000","-10,000",0,0,0,0,0,0,"-16,000",0,0,0,"84,000","100,000","-16,000","-26,000"
"=""061512""",樺漢元富46購01  ,0,0,0,0,0,0,0,0,0,"-26,000",0,0,0,0,"26,000","-26,000","-26,000"
"=""062107""",世芯元大46購19  ,0,0,0,0,0,0,0,0,0,"-26,000",0,0,0,0,"26,000","-26,000","-26,000"
"=""069579""",瑞昱統一52購03  ,0,0,0,0,0,0,0,0,0,"-26,000",0,0,0,0,"26,000","-26,000","-26,000"
"=""062201""",亞翔永豐47購01  ,0,0,0,0,0,0,0,0,0,"-26,000",0,0,0,"1,000","27,000","-26,000","-26,000"
"=""057401""",A50正2元富45購02,0,0,0,0,0,0,0,0,0,"-26,000",0,0,0,0,"26,000","-26,000","-26,000"
"=""046075""",亞翔元大45購02  ,0,0,0,0,0,0,0,0,0,"-26,000",0,0,0,0,"26,000","-26,000","-26,000"
"=""04436T""",智原凱基35售05  ,0,0,0,0,0,0,0,0,0,"-26,000",0,0,0,"4,000","30,000","-26,000","-26,000"
"=""064397""",全新國泰47購01  ,0,0,0,0,0,0,0,0,0,"-26,000",0,0,0,"150,000","176,000","-26,000","-26,000"
"=""064444""",上銀元大4A購02  ,0,0,0,0,0,0,0,0,0,"-26,000",0,0,0,0,"26,000","-26,000","-26,000"
"=""065055""",敦泰元大47購01  ,0,0,0,0,0,0,0,0,0,"-26,000",0,0,0,"30,000","56,000","-26,000","-26,000"
1723,中碳            ,"28,000","54,000","-26,000",0,0,0,0,0,0,0,0,0,0,0,0,0,"-26,000"
"=""056112""",佳必琪元大44購03,0,0,0,0,0,0,0,0,0,"-26,000",0,0,0,"24,000","50,000","-26,000","-26,000"
2247,汎德永業        ,"2,000","31,000","-29,000",0,0,0,0,0,0,"3,000","3,000",0,"3,000",0,0,0,"-26,000"
"=""056332""",佳必琪元富45購02,0,0,0,0,0,0,0,0,0,"-26,000",0,0,0,0,"26,000","-26,000","-26,000"
"=""063290""",大同中信47購01  ,0,0,0,0,0,0,0,0,0,"-26,000",0,0,0,"12,000","38,000","-26,000","-26,000"
"=""063164""",緯創元富4C購02  ,0,0,0,0,0,0,0,0,0,"-26,000",0,0,0,0,"26,000","-26,000","-26,000"
"=""063438""",鴻海元大46購27  ,0,0,0,0,0,0,0,0,0,"-26,000",0,0,0,"96,000","122,000","-26,000","-26,000"
"=""048520""",碩天統一4C購01  ,0,0,0,0,0,0,0,0,0,"-26,000",0,0,0,"102,000","128,000","-26,000","-26,000"
9940,信義            ,"54,000","80,000","-26,000",0,0,0,0,0,0,0,0,0,0,0,0,0,"-26,000"
"=""054128""",新日興群益44購05,0,0,0,0,0,0,0,0,0,"-26,000",0,0,0,"5,000","31,000","-26,000","-26,000"
"=""054065""",中50國票45購01  ,0,0,0,0,0,0,0,0,0,"-26,000",0,0,0,"8,000","34,000","-26,000","-26,000"
2038,海光            ,"3,000","29,000","-26,000",0,0,0,0,0,0,-196,0,196,-196,0,0,0,"-26,196"
8131,福懋科          ,"2,000","30,000","-28,000",0,0,0,"2,000",0,"2,000",-562,0,562,-562,0,0,0,"-26,562"
"=""063641""",堤維西元大46購06,0,0,0,0,0,0,0,0,0,"-27,000",0,0,0,"84,000","111,000","-27,000","-27,000"
3229,晟鈦            ,"5,000","32,000","-27,000",0,0,0,0,0,0,0,"3,000","3,000",0,0,0,0,"-27,000"
"=""056482""",華航國票46購01  ,0,0,0,0,0,0,0,0,0,"-27,000",0,0,0,0,"27,000","-27,000","-27,000"
"=""051933""",潤隆統一4C購01  ,0,0,0,0,0,0,0,0,0,"-27,000",0,0,0,"16,000","43,000","-27,000","-27,000"
"=""064089""",臺股指元大46購46,0,0,0,0,0,0,0,0,0,"-27,000",0,0,0,"4,000","31,000","-27,000","-27,000"
"=""056108""",嘉澤元大44購09  ,0,0,0,0,0,0,0,0,0,"-27,000",0,0,0,"29,000","56,000","-27,000","-27,000"
"=""056018""",滬深2X凱基44購12,0,0,0,0,0,0,0,0,0,"-27,000",0,0,0,"50,000","77,000","-27,000","-27,000"
"=""056360""",力成凱基46購01  ,0,0,0,0,0,0,0,0,0,"-27,000",0,0,0,0,"27,000","-27,000","-27,000"
"=""056200""",世芯國票47購03  ,0,0,0,0,0,0,0,0,0,"-27,000",0,0,0,0,"27,000","-27,000","-27,000"
"=""049288""",迅得凱基43購02  ,0,0,0,0,0,0,0,0,0,"-27,000",0,0,0,0,"27,000","-27,000","-27,000"
"=""048684""",台積電凱基43購52,0,0,0,0,0,0,0,0,0,"-27,000",0,0,0,"73,000","100,000","-27,000","-27,000"
"=""063420""",緯穎群益46購19  ,0,0,0,0,0,0,0,0,0,"-27,000",0,0,0,"30,000","57,000","-27,000","-27,000"
"=""063548""",台化元富46購01  ,0,0,0,0,0,0,0,0,0,"-27,000",0,0,0,"10,000","37,000","-27,000","-27,000"
"=""065065""",啟�痐舅j51購01  ,0,0,0,0,0,0,0,0,0,"-27,000",0,0,0,0,"27,000","-27,000","-27,000"
"=""064572""",碩天國票47購03  ,0,0,0,0,0,0,0,0,0,"-27,000",0,0,0,0,"27,000","-27,000","-27,000"
"=""064504""",毅嘉統一3A購01  ,0,0,0,0,0,0,0,0,0,"-27,000",0,0,0,"11,000","38,000","-27,000","-27,000"
"=""057557""",緯穎元大45購11  ,0,0,0,0,0,0,0,0,0,"-27,000",0,0,0,"50,000","77,000","-27,000","-27,000"
"=""057582""",冠德群益45購01  ,0,"5,000","-5,000",0,0,0,0,0,0,"-22,000",0,0,0,"153,000","175,000","-22,000","-27,000"
"=""056782""",廣宇國票46購01  ,0,0,0,0,0,0,0,0,0,"-27,000",0,0,0,0,"27,000","-27,000","-27,000"
1437,勤益控          ,"6,000","33,000","-27,000",0,0,0,0,0,0,0,0,0,0,0,0,0,"-27,000"
"=""054442""",南亞科群益46購01,0,0,0,0,0,0,0,0,0,"-27,000",0,0,0,0,"27,000","-27,000","-27,000"
"=""069449""",中磊群益49購02  ,0,0,0,0,0,0,0,0,0,"-27,000",0,0,0,"94,000","121,000","-27,000","-27,000"
"=""057169""",華通凱基45購01  ,0,0,0,0,0,0,0,0,0,"-27,000",0,0,0,"8,000","35,000","-27,000","-27,000"
"=""069062""",世芯凱基49購04  ,0,0,0,0,0,0,0,0,0,"-27,000",0,0,0,0,"27,000","-27,000","-27,000"
"=""061666""",美時群益46購03  ,0,0,0,0,0,0,0,0,0,"-27,000",0,0,0,"10,000","37,000","-27,000","-27,000"
"=""056556""",鴻海元大45購15  ,0,0,0,0,0,0,0,0,0,"-27,000",0,0,0,"3,000","30,000","-27,000","-27,000"
"=""056576""",緯創元大45購01  ,0,0,0,0,0,0,0,0,0,"-27,000",0,0,0,"4,000","31,000","-27,000","-27,000"
"=""068470""",長榮群益48購09  ,0,0,0,0,0,0,0,0,0,"-27,000",0,0,0,"11,000","38,000","-27,000","-27,000"
"=""068404""",力積電統一54購01,0,0,0,0,0,0,0,0,0,"-27,000",0,0,0,0,"27,000","-27,000","-27,000"
"=""068631""",達興元大48購01  ,0,0,0,0,0,0,0,0,0,"-27,000",0,0,0,0,"27,000","-27,000","-27,000"
"=""061107""",緯穎永豐48購02  ,0,0,0,0,0,0,0,0,0,"-27,000",0,0,0,"54,000","81,000","-27,000","-27,000"
"=""067604""",大同元富47購01  ,0,0,0,0,0,0,0,0,0,"-27,000",0,0,0,"45,000","72,000","-27,000","-27,000"
"=""067391""",鴻海元富47購11  ,0,0,0,0,0,0,0,0,0,"-27,000",0,0,0,"10,000","37,000","-27,000","-27,000"
"=""054846""",上証2X元大44購10,0,0,0,0,0,0,0,0,0,"-27,000",0,0,0,0,"27,000","-27,000","-27,000"
"=""066893""",洋基元富47購05  ,0,0,0,0,0,0,0,0,0,"-27,000",0,0,0,"64,000","91,000","-27,000","-27,000"
"=""058889""",鴻海元大45購32  ,0,0,0,0,0,0,0,0,0,"-27,000",0,0,0,0,"27,000","-27,000","-27,000"
"=""059589""",天虹元大45購07  ,0,0,0,0,0,0,0,0,0,"-27,000",0,0,0,"15,000","42,000","-27,000","-27,000"
"=""059795""",亞力永豐47購01  ,0,0,0,0,0,0,0,0,0,"-27,000",0,0,0,"3,000","30,000","-27,000","-27,000"
"=""068046""",富世達元大47購02,0,0,0,0,0,0,0,0,0,"-27,000",0,0,0,"10,000","37,000","-27,000","-27,000"
"=""060155""",鴻海元大46購05  ,0,0,0,0,0,0,0,0,0,"-27,000",0,0,0,"1,000","28,000","-27,000","-27,000"
"=""057639""",健策凱基45購02  ,0,0,0,0,0,0,0,0,0,"-27,000",0,0,0,0,"27,000","-27,000","-27,000"
"=""038817""",台達電統一6A購01,0,0,0,0,0,0,0,0,0,"-27,000",0,0,0,0,"27,000","-27,000","-27,000"
"=""044987""",南茂群益55購04  ,0,0,0,0,0,0,0,0,0,"-27,000",0,0,0,0,"27,000","-27,000","-27,000"
"=""066683""",大立光凱基47購10,0,0,0,0,0,0,0,0,0,"-27,000",0,0,0,"23,000","50,000","-27,000","-27,000"
"=""066478""",玉晶光元大47購15,0,0,0,0,0,0,0,0,0,"-27,000",0,0,0,0,"27,000","-27,000","-27,000"
"=""065799""",晟銘電國泰48購01,0,0,0,0,0,0,0,0,0,"-27,000",0,0,0,0,"27,000","-27,000","-27,000"
"=""043640""",欣興凱基55購04  ,0,0,0,0,0,0,0,0,0,"-27,000",0,0,0,"46,000","73,000","-27,000","-27,000"
"=""03060T""",技嘉元大33售31  ,0,0,0,0,0,0,0,0,0,"-28,000",0,0,0,0,"28,000","-28,000","-28,000"
"=""066465""",全新元大48購03  ,0,0,0,0,0,0,0,0,0,"-28,000",0,0,0,0,"28,000","-28,000","-28,000"
"=""066207""",鴻海群益49購05  ,0,0,0,0,0,0,0,0,0,"-28,000",0,0,0,"152,000","180,000","-28,000","-28,000"
"=""045493""",華碩國票55購01  ,0,0,0,0,0,0,0,0,0,"-28,000",0,0,0,"21,000","49,000","-28,000","-28,000"
"=""065668""",金像電凱基48購01,0,0,0,0,0,0,0,0,0,"-28,000",0,0,0,0,"28,000","-28,000","-28,000"
"=""068016""",鈺齊群益49購01  ,0,0,0,0,0,0,0,0,0,"-28,000",0,0,0,"22,000","50,000","-28,000","-28,000"
"=""067866""",滬深2X群益47購08,0,0,0,0,0,0,0,0,0,"-28,000",0,0,0,"12,000","40,000","-28,000","-28,000"
"=""058324""",技嘉群益45購08  ,0,0,0,0,0,0,0,0,0,"-28,000",0,0,0,"15,000","43,000","-28,000","-28,000"
"=""067007""",大立光凱基47購11,0,0,0,0,0,0,0,0,0,"-28,000",0,0,0,"17,000","45,000","-28,000","-28,000"
"=""067022""",陽明統一51購01  ,0,0,0,0,0,0,0,0,0,"-28,000",0,0,0,"107,000","135,000","-28,000","-28,000"
"=""067017""",永道凱基49購01  ,0,0,0,0,0,0,0,0,0,"-28,000",0,0,0,"10,000","38,000","-28,000","-28,000"
"=""067366""",華泰元富3B購01  ,0,0,0,0,0,0,0,0,0,"-28,000",0,0,0,0,"28,000","-28,000","-28,000"
"=""061458""",仁寶元大46購06  ,0,0,0,0,0,0,0,0,0,"-28,000",0,0,0,"11,000","39,000","-28,000","-28,000"
"=""061414""",祥碩群益48購01  ,0,0,0,0,0,0,0,0,0,"-28,000",0,0,0,0,"28,000","-28,000","-28,000"
"=""068772""",羅昇凱基48購01  ,0,0,0,0,0,0,0,0,0,"-28,000",0,0,0,"71,000","99,000","-28,000","-28,000"
"=""068677""",陽明永豐49購01  ,0,0,0,0,0,0,0,0,0,"-28,000",0,0,0,0,"28,000","-28,000","-28,000"
"=""068565""",富邦金國票48購02,0,0,0,0,0,0,0,0,0,"-28,000",0,0,0,"2,000","30,000","-28,000","-28,000"
"=""068428""",台達電國票49購01,0,0,0,0,0,0,0,0,0,"-28,000",0,0,0,0,"28,000","-28,000","-28,000"
"=""060406""",智邦永豐47購01  ,0,0,0,0,0,0,0,0,0,"-28,000",0,0,0,0,"28,000","-28,000","-28,000"
"=""060303""",鴻海群益49購02  ,0,0,0,0,0,0,0,0,0,"-28,000",0,0,0,0,"28,000","-28,000","-28,000"
"=""061702""",緯穎群益48購04  ,0,0,0,0,0,0,0,0,0,"-28,000",0,0,0,0,"28,000","-28,000","-28,000"
"=""069744""",日電貿元富4A購01,0,0,0,0,0,0,0,0,0,"-28,000",0,0,0,"2,000","30,000","-28,000","-28,000"
"=""069838""",瑞昱群益48購01  ,0,0,0,0,0,0,0,0,0,"-28,000",0,0,0,0,"28,000","-28,000","-28,000"
"=""069168""",華碩統一52購02  ,0,0,0,0,0,0,0,0,0,"-28,000",0,0,0,"13,000","41,000","-28,000","-28,000"
"=""069234""",德律元富48購02  ,0,0,0,0,0,0,0,0,0,"-28,000",0,0,0,"6,000","34,000","-28,000","-28,000"
"=""062805""",智邦元大4B購02  ,0,0,0,0,0,0,0,0,0,"-28,000",0,0,0,0,"28,000","-28,000","-28,000"
"=""047208""",中鴻富邦44購01  ,0,0,0,0,0,0,0,0,0,"-28,000",0,0,0,0,"28,000","-28,000","-28,000"
"=""057821""",鴻準第一47購01  ,0,0,0,0,0,0,0,0,0,"-28,000",0,0,0,0,"28,000","-28,000","-28,000"
"=""057904""",中租國票46購02  ,0,0,0,0,0,0,0,0,0,"-28,000",0,0,0,"1,000","29,000","-28,000","-28,000"
"=""062434""",神達永豐4A購01  ,0,0,0,0,0,0,0,0,0,"-28,000",0,0,0,0,"28,000","-28,000","-28,000"
"=""064708""",智邦群益46購12  ,0,0,0,0,0,0,0,0,0,"-28,000",0,0,0,0,"28,000","-28,000","-28,000"
"=""063323""",盟立國票46購03  ,0,0,0,0,0,0,0,0,0,"-28,000",0,0,0,"41,000","69,000","-28,000","-28,000"
"=""063270""",鴻準元富4C購01  ,0,0,0,0,0,0,0,0,0,"-28,000",0,0,0,"8,000","36,000","-28,000","-28,000"
"=""056299""",天虹中信45購01  ,0,0,0,0,0,0,0,0,0,"-28,000",0,0,0,"32,000","60,000","-28,000","-28,000"
"=""050659""",亞光兆豐45購01  ,0,0,0,0,0,0,0,0,0,"-28,000",0,0,0,0,"28,000","-28,000","-28,000"
"=""056032""",長榮凱基49購01  ,0,0,0,0,0,0,0,0,0,"-28,000",0,0,0,0,"28,000","-28,000","-28,000"
2009,第一銅          ,"82,000","102,000","-20,000",0,0,0,0,0,0,"-8,000",0,0,0,"2,000","10,000","-8,000","-28,000"
"=""064065""",晟銘電元大47購01,0,0,0,0,0,0,0,0,0,"-28,000",0,0,0,0,"28,000","-28,000","-28,000"
"=""059054""",陽明統一4B購05  ,0,0,0,0,0,0,0,0,0,"-28,000",0,0,0,"1,000","29,000","-28,000","-28,000"
"=""064322""",上銀凱基48購01  ,0,0,0,0,0,0,0,0,0,"-28,000",0,0,0,"2,000","30,000","-28,000","-28,000"
5306,桂盟            ,"12,000","67,000","-55,000",0,0,0,0,0,0,"27,000","38,000","11,000","27,000",0,0,0,"-28,000"
3030,德律            ,"26,000","54,000","-28,000",0,0,0,0,0,0,-691,0,691,-691,0,0,0,"-28,691"
"=""052999""",達發元富44購01  ,0,0,0,0,0,0,0,0,0,"-29,000",0,0,0,0,"29,000","-29,000","-29,000"
"=""052372""",正崴群益43購05  ,0,0,0,0,0,0,0,0,0,"-29,000",0,0,0,0,"29,000","-29,000","-29,000"
"=""051480""",材料元大43購45  ,0,0,0,0,0,0,0,0,0,"-29,000",0,0,0,0,"29,000","-29,000","-29,000"
"=""054043""",威盛元大44購14  ,0,"29,000","-29,000",0,0,0,0,0,0,0,0,0,0,0,0,0,"-29,000"
"=""053973""",中502X凱基46購02,0,0,0,0,0,0,0,0,0,"-29,000",0,0,0,"22,000","51,000","-29,000","-29,000"
"=""054034""",儲能元大45購01  ,0,0,0,0,0,0,0,0,0,"-29,000",0,0,0,"211,000","240,000","-29,000","-29,000"
"=""050355""",T50正2元大43購21,0,0,0,0,0,0,0,0,0,"-29,000",0,0,0,0,"29,000","-29,000","-29,000"
"=""063281""",世芯統一4C購04  ,0,0,0,0,0,0,0,0,0,"-29,000",0,0,0,"13,000","42,000","-29,000","-29,000"
"=""062431""",神達永豐46購03  ,0,0,0,0,0,0,0,0,0,"-29,000",0,0,0,"54,000","83,000","-29,000","-29,000"
"=""046312""",台積電元大43購41,0,0,0,0,0,0,0,0,0,"-29,000",0,0,0,"51,000","80,000","-29,000","-29,000"
"=""046635""",亞力群益42購02  ,0,0,0,0,0,0,0,0,0,"-29,000",0,0,0,0,"29,000","-29,000","-29,000"
"=""057765""",長榮群益47購01  ,0,0,0,0,0,0,0,0,0,"-29,000",0,0,0,0,"29,000","-29,000","-29,000"
"=""057488""",滬深2X凱基47購02,0,0,0,0,0,0,0,0,0,"-29,000",0,0,0,0,"29,000","-29,000","-29,000"
"=""07704U""",道瓊2X國票32售01,0,0,0,0,0,0,0,0,0,"-29,000",0,0,0,0,"29,000","-29,000","-29,000"
"=""069299""",穎崴元富4B購01  ,0,0,0,0,0,0,0,0,0,"-29,000",0,0,0,"47,000","76,000","-29,000","-29,000"
"=""060738""",潤泰新第一46購01,0,0,0,0,0,0,0,0,0,"-29,000",0,0,0,0,"29,000","-29,000","-29,000"
"=""061083""",威盛永豐48購01  ,0,0,0,0,0,0,0,0,0,"-29,000",0,0,0,"11,000","40,000","-29,000","-29,000"
"=""059439""",臺股指凱基3C購01,0,0,0,0,0,0,0,0,0,"-29,000",0,0,0,"1,000","30,000","-29,000","-29,000"
"=""068028""",佳能元大47購01  ,0,0,0,0,0,0,0,0,0,"-29,000",0,0,0,"81,000","110,000","-29,000","-29,000"
"=""065383""",啟�硌s益47購03  ,0,0,0,0,0,0,0,0,0,"-29,000",0,0,0,"73,000","102,000","-29,000","-29,000"
"=""065164""",凌華群益49購01  ,0,0,0,0,0,0,0,0,0,"-29,000",0,0,0,"50,000","79,000","-29,000","-29,000"
"=""038560""",材料元富54購03  ,0,0,0,0,0,0,0,0,0,"-29,000",0,0,0,"11,000","40,000","-29,000","-29,000"
"=""03781T""",奇鋐元大34售16  ,0,0,0,0,0,0,0,0,0,"-29,000",0,0,0,"7,000","36,000","-29,000","-29,000"
"=""065919""",漢唐元富51購01  ,0,0,0,0,0,0,0,0,0,"-29,000",0,0,0,"3,000","32,000","-29,000","-29,000"
"=""00762""",元大全球AI      ,"5,100",0,"5,100",0,0,0,0,0,0,"-34,737",0,0,0,"35,263","70,000","-34,737","-29,637"
6414,樺漢            ,"75,000","99,000","-24,000",0,0,0,0,0,0,"-5,861","7,000","7,091",-91,"5,000","10,770","-5,770","-29,861"
"=""051492""",臺股指元大49購02,0,0,0,0,0,0,0,0,0,"-30,000",0,0,0,"199,000","229,000","-30,000","-30,000"
"=""051493""",臺股指元大49購03,0,0,0,0,0,0,0,0,0,"-30,000",0,0,0,0,"30,000","-30,000","-30,000"
"=""063634""",愛普群益48購01  ,0,0,0,0,0,0,0,0,0,"-30,000",0,0,0,0,"30,000","-30,000","-30,000"
"=""063635""",緯穎群益47購04  ,0,0,0,0,0,0,0,0,0,"-30,000",0,0,0,0,"30,000","-30,000","-30,000"
"=""052371""",威盛群益46購01  ,0,0,0,0,0,0,0,0,0,"-30,000",0,0,0,0,"30,000","-30,000","-30,000"
"=""052651""",中砂永豐45購01  ,0,0,0,0,0,0,0,0,0,"-30,000",0,0,0,0,"30,000","-30,000","-30,000"
"=""056480""",陽明國票46購05  ,0,0,0,0,0,0,0,0,0,"-30,000",0,0,0,0,"30,000","-30,000","-30,000"
"=""052237""",矽格凱基43購01  ,0,0,0,0,0,0,0,0,0,"-30,000",0,0,0,"70,000","100,000","-30,000","-30,000"
"=""051344""",致茂第一47購01  ,0,0,0,0,0,0,0,0,0,"-30,000",0,0,0,0,"30,000","-30,000","-30,000"
9103,美德醫療-DR     ,0,"30,000","-30,000",0,0,0,0,0,0,0,0,0,0,0,0,0,"-30,000"
"=""064246""",慧洋群益46購02  ,0,0,0,0,0,0,0,0,0,"-30,000",0,0,0,0,"30,000","-30,000","-30,000"
"=""038335""",富世達中信56購01,0,0,0,0,0,0,0,0,0,"-30,000",0,0,0,0,"30,000","-30,000","-30,000"
"=""051911""",長榮航國泰45購08,0,0,0,0,0,0,0,0,0,"-30,000",0,0,0,0,"30,000","-30,000","-30,000"
"=""051860""",京鼎元大43購07  ,0,0,0,0,0,0,0,0,0,"-30,000",0,0,0,"10,000","40,000","-30,000","-30,000"
"=""058967""",中租元富4B購01  ,0,0,0,0,0,0,0,0,0,"-30,000",0,0,0,0,"30,000","-30,000","-30,000"
"=""059026""",陽明中信47購01  ,0,0,0,0,0,0,0,0,0,"-30,000",0,0,0,0,"30,000","-30,000","-30,000"
"=""051737""",材料元大43購47  ,0,0,0,0,0,0,0,0,0,"-30,000",0,0,0,0,"30,000","-30,000","-30,000"
"=""064041""",道瓊2X元大49購01,0,0,0,0,0,0,0,0,0,"-30,000",0,0,0,0,"30,000","-30,000","-30,000"
"=""059299""",台灣50群益4B購01,0,0,0,0,0,0,0,0,0,"-30,000",0,0,0,0,"30,000","-30,000","-30,000"
"=""049827""",農林群益43購01  ,0,0,0,0,0,0,0,0,0,"-30,000",0,0,0,0,"30,000","-30,000","-30,000"
"=""049809""",大銀元大43購05  ,0,0,0,0,0,0,0,0,0,"-30,000",0,0,0,0,"30,000","-30,000","-30,000"
"=""049429""",陽明元富59購02  ,0,0,0,0,0,0,0,0,0,"-30,000",0,0,0,"20,000","50,000","-30,000","-30,000"
"=""063215""",香港2X元大48購01,0,0,0,0,0,0,0,0,0,"-30,000",0,0,0,0,"30,000","-30,000","-30,000"
"=""063232""",鴻準元大46購24  ,0,0,0,0,0,0,0,0,0,"-30,000",0,0,0,0,"30,000","-30,000","-30,000"
"=""050166""",潤泰新國票44購01,0,0,0,0,0,0,0,0,0,"-30,000",0,0,0,0,"30,000","-30,000","-30,000"
"=""062982""",威強電元大46購04,0,0,0,0,0,0,0,0,0,"-30,000",0,0,0,0,"30,000","-30,000","-30,000"
"=""049375""",景碩凱基43購08  ,0,0,0,0,0,0,0,0,0,"-30,000",0,0,0,0,"30,000","-30,000","-30,000"
"=""04919T""",元黃金國票3A售01,0,0,0,0,0,0,0,0,0,"-30,000",0,0,0,0,"30,000","-30,000","-30,000"
"=""063045""",雄獅富邦48購01  ,0,0,0,0,0,0,0,0,0,"-30,000",0,0,0,0,"30,000","-30,000","-30,000"
"=""048078""",正文統一4C購03  ,0,0,0,0,0,0,0,0,0,"-30,000",0,0,0,0,"30,000","-30,000","-30,000"
"=""047962""",嘉澤群益46購01  ,0,0,0,0,0,0,0,0,0,"-30,000",0,0,0,"10,000","40,000","-30,000","-30,000"
"=""047752""",寶成永豐43購01  ,0,0,0,0,0,0,0,0,0,"-30,000",0,0,0,0,"30,000","-30,000","-30,000"
"=""050546""",怡利電凱基43購04,0,0,0,0,0,0,0,0,0,"-30,000",0,0,0,0,"30,000","-30,000","-30,000"
"=""050969""",景碩元富43購02  ,0,0,0,0,0,0,0,0,0,"-30,000",0,0,0,0,"30,000","-30,000","-30,000"
"=""056285""",楠梓電國票46購01,0,0,0,0,0,0,0,0,0,"-30,000",0,0,0,0,"30,000","-30,000","-30,000"
2539,櫻花建          ,"72,000","88,000","-16,000",0,0,0,0,0,0,"-14,000",0,"14,000","-14,000",0,0,0,"-30,000"
"=""056384""",奇鋐元大45購02  ,0,0,0,0,0,0,0,0,0,"-30,000",0,0,0,0,"30,000","-30,000","-30,000"
"=""056315""",鈺邦永豐45購01  ,0,0,0,0,0,0,0,0,0,"-30,000",0,0,0,0,"30,000","-30,000","-30,000"
"=""054659""",滬深2X元大46購07,0,0,0,0,0,0,0,0,0,"-30,000",0,0,0,0,"30,000","-30,000","-30,000"
"=""054667""",台積電元大44購60,0,0,0,0,0,0,0,0,0,"-30,000",0,0,0,0,"30,000","-30,000","-30,000"
"=""064624""",玉晶光凱基46購07,0,0,0,0,0,0,0,0,0,"-30,000",0,0,0,"50,000","80,000","-30,000","-30,000"
"=""064879""",大立光群益47購05,0,0,0,0,0,0,0,0,0,"-30,000",0,0,0,"102,000","132,000","-30,000","-30,000"
"=""064928""",聯詠中信3B購01  ,0,0,0,0,0,0,0,0,0,"-30,000",0,0,0,"10,000","40,000","-30,000","-30,000"
"=""040696""",愛普元大57購02  ,0,0,0,0,0,0,0,0,0,"-30,000",0,0,0,"10,000","40,000","-30,000","-30,000"
"=""040912""",中502X元富54購03,0,0,0,0,0,0,0,0,0,"-30,000",0,0,0,0,"30,000","-30,000","-30,000"
"=""065022""",上証2X元大47購04,0,0,0,0,0,0,0,0,0,"-30,000",0,0,0,"10,000","40,000","-30,000","-30,000"
"=""065739""",威盛統一3B購07  ,0,0,0,0,0,0,0,0,0,"-30,000",0,0,0,0,"30,000","-30,000","-30,000"
"=""065786""",漢翔統一3B購01  ,0,0,0,0,0,0,0,0,0,"-30,000",0,0,0,0,"30,000","-30,000","-30,000"
"=""066083""",台積電富邦4B購02,0,0,0,0,0,0,0,0,0,"-30,000",0,0,0,0,"30,000","-30,000","-30,000"
"=""03779T""",聯發科元大34售23,0,0,0,0,0,0,0,0,0,"-30,000",0,0,0,0,"30,000","-30,000","-30,000"
"=""066273""",聯發科元大47購05,0,0,0,0,0,0,0,0,0,"-30,000",0,0,0,"1,000","31,000","-30,000","-30,000"
"=""066861""",台積電元富47購19,0,0,0,0,0,0,0,0,0,"-30,000",0,0,0,"10,000","40,000","-30,000","-30,000"
"=""03555T""",大立光群益33售20,0,0,0,0,0,0,0,0,0,"-30,000",0,0,0,"30,000","60,000","-30,000","-30,000"
"=""045786""",辛耘凱基43購01  ,0,0,0,0,0,0,0,0,0,"-30,000",0,0,0,0,"30,000","-30,000","-30,000"
"=""04520T""",臺股指群益35售49,0,0,0,0,0,0,0,0,0,"-30,000",0,0,0,0,"30,000","-30,000","-30,000"
"=""044728""",鴻海元大55購27  ,0,0,0,"1,000","31,000","-30,000",0,0,0,"-30,000",0,0,0,"1,000","31,000","-30,000","-30,000"
"=""03114T""",東元元大34售02  ,"4,000",0,"4,000",0,0,0,0,0,0,"-34,000",0,0,0,0,"34,000","-34,000","-30,000"
"=""065269""",FANG+永豐47購01 ,0,0,0,0,0,0,0,0,0,"-30,000",0,0,0,"10,000","40,000","-30,000","-30,000"
"=""042628""",力成兆豐56購01  ,0,0,0,0,0,0,0,0,0,"-30,000",0,0,0,0,"30,000","-30,000","-30,000"
"=""065386""",神達統一3B購01  ,0,0,0,0,0,0,0,0,0,"-30,000",0,0,0,0,"30,000","-30,000","-30,000"
"=""06546U""",FBNQ2X凱基54售02,0,0,0,0,0,0,0,0,0,"-30,000",0,0,0,0,"30,000","-30,000","-30,000"
"=""065454""",臺股指元大4A購10,0,0,0,0,0,0,0,0,0,"-30,000",0,0,0,0,"30,000","-30,000","-30,000"
"=""065410""",SGBR2X元大48購02,0,0,0,0,0,0,0,0,0,"-30,000",0,0,0,0,"30,000","-30,000","-30,000"
"=""065694""",所羅門台新47購01,0,0,0,0,0,0,0,0,0,"-30,000",0,0,0,0,"30,000","-30,000","-30,000"
"=""065543""",所羅門國泰48購01,0,0,0,0,0,0,0,0,0,"-30,000",0,0,0,0,"30,000","-30,000","-30,000"
"=""068076""",華擎群益3B購01  ,0,0,0,0,0,0,0,0,0,"-30,000",0,0,0,0,"30,000","-30,000","-30,000"
"=""067929""",泰金寶元大47購09,0,0,0,0,0,0,0,0,0,"-30,000",0,0,0,0,"30,000","-30,000","-30,000"
"=""068200""",緯創元富48購04  ,0,0,0,0,0,0,0,0,0,"-30,000",0,0,0,0,"30,000","-30,000","-30,000"
"=""068196""",佳能元富49購02  ,0,0,0,0,0,0,0,0,0,"-30,000",0,0,0,0,"30,000","-30,000","-30,000"
"=""068103""",漢唐元富47購05  ,0,0,0,0,0,0,0,0,0,"-30,000",0,0,0,0,"30,000","-30,000","-30,000"
"=""058345""",臺股指群益46購06,0,0,0,0,0,0,0,0,0,"-30,000",0,0,0,"12,000","42,000","-30,000","-30,000"
"=""059949""",晶碩國票46購02  ,0,0,0,0,0,0,0,0,0,"-30,000",0,0,0,0,"30,000","-30,000","-30,000"
"=""059803""",藍天永豐46購01  ,0,0,0,0,0,0,0,0,0,"-30,000",0,0,0,0,"30,000","-30,000","-30,000"
"=""059592""",臺股指元大4B購01,0,0,0,0,0,0,0,0,0,"-30,000",0,0,0,"150,000","180,000","-30,000","-30,000"
"=""058749""",保瑞群益45購06  ,0,0,0,0,0,0,0,0,0,"-30,000",0,0,0,0,"30,000","-30,000","-30,000"
"=""067377""",鴻海富邦49購03  ,0,0,0,0,0,0,0,0,0,"-30,000",0,0,0,0,"30,000","-30,000","-30,000"
"=""067340""",陽明元大47購18  ,0,0,0,0,0,0,0,0,0,"-30,000",0,0,0,"2,000","32,000","-30,000","-30,000"
"=""067363""",天虹元大47購03  ,0,0,0,0,0,0,0,0,0,"-30,000",0,0,0,"6,000","36,000","-30,000","-30,000"
"=""067484""",敦泰統一41購01  ,0,0,0,0,0,0,0,0,0,"-30,000",0,0,0,0,"30,000","-30,000","-30,000"
"=""066979""",同欣電元大47購05,0,0,0,0,0,0,0,0,0,"-30,000",0,0,0,0,"30,000","-30,000","-30,000"
"=""03292T""",台灣50群益33售08,0,0,0,0,0,0,0,0,0,"-30,000",0,0,0,0,"30,000","-30,000","-30,000"
"=""067123""",台塑國票48購02  ,0,0,0,0,0,0,0,0,0,"-30,000",0,0,0,"2,000","32,000","-30,000","-30,000"
"=""053491""",國企2X國票44購03,0,0,0,0,0,0,0,0,0,"-30,000",0,0,0,0,"30,000","-30,000","-30,000"
"=""053587""",大立光統一4A購02,0,0,0,0,0,0,0,0,0,"-30,000",0,0,0,"10,000","40,000","-30,000","-30,000"
"=""042009""",欣興元大54購15  ,0,0,0,0,0,0,0,0,0,"-30,000",0,0,0,0,"30,000","-30,000","-30,000"
"=""068798""",穎崴統一3C購02  ,0,0,0,0,0,0,0,0,0,"-30,000",0,0,0,"50,000","80,000","-30,000","-30,000"
"=""068903""",台光電元大4C購02,0,0,0,0,0,0,0,0,0,"-30,000",0,0,0,0,"30,000","-30,000","-30,000"
"=""060942""",世芯凱基46購13  ,0,0,0,0,0,0,0,0,0,"-30,000",0,0,0,"5,000","35,000","-30,000","-30,000"
"=""068935""",華新科統一3C購03,0,0,0,0,0,0,0,0,0,"-30,000",0,0,0,0,"30,000","-30,000","-30,000"
"=""060356""",陽明元大46購06  ,0,0,0,0,0,0,0,0,0,"-30,000",0,0,0,0,"30,000","-30,000","-30,000"
"=""068401""",訊芯統一54購01  ,0,0,0,0,0,0,0,0,0,"-30,000",0,0,0,0,"30,000","-30,000","-30,000"
"=""068387""",立隆電統一52購02,0,0,0,0,0,0,0,0,0,"-30,000",0,0,0,"10,000","40,000","-30,000","-30,000"
"=""068455""",永道凱基48購01  ,0,0,0,0,0,0,0,0,0,"-30,000",0,0,0,0,"30,000","-30,000","-30,000"
"=""069259""",健策兆豐49購01  ,0,0,0,0,0,0,0,0,0,"-30,000",0,0,0,"40,000","70,000","-30,000","-30,000"
"=""069150""",邁達特群益49購01,0,0,0,0,0,0,0,0,0,"-30,000",0,0,0,"58,000","88,000","-30,000","-30,000"
"=""069205""",立積統一52購05  ,0,0,0,0,0,0,0,0,0,"-30,000",0,0,0,0,"30,000","-30,000","-30,000"
"=""061716""",亞德客永豐47購01,0,0,0,0,0,0,0,0,0,"-30,000",0,0,0,"50,000","80,000","-30,000","-30,000"
"=""061754""",光罩元富46購01  ,0,0,0,0,0,0,0,0,0,"-30,000",0,0,0,"10,000","40,000","-30,000","-30,000"
"=""069382""",美利達永豐49購01,0,0,0,0,0,0,0,0,0,"-30,000",0,0,0,"9,000","39,000","-30,000","-30,000"
"=""069863""",滬深2X凱基48購07,0,0,0,0,0,0,0,0,0,"-30,000",0,0,0,0,"30,000","-30,000","-30,000"
"=""069789""",美律統一52購01  ,0,0,0,0,0,0,0,0,0,"-30,000",0,0,0,0,"30,000","-30,000","-30,000"
"=""069770""",美律國泰49購01  ,0,0,0,0,0,0,0,0,0,"-30,000",0,0,0,0,"30,000","-30,000","-30,000"
"=""062021""",富華新國票47購01,0,0,0,0,0,0,0,0,0,"-30,000",0,0,0,0,"30,000","-30,000","-30,000"
"=""069563""",世芯群益48購21  ,0,0,0,0,0,0,0,0,0,"-30,000",0,0,0,0,"30,000","-30,000","-30,000"
"=""056706""",緯創元大45購06  ,0,0,0,0,0,0,0,0,0,"-30,000",0,0,0,0,"30,000","-30,000","-30,000"
"=""056639""",嘉澤元富4B購01  ,0,0,0,0,0,0,0,0,0,"-30,000",0,0,0,0,"30,000","-30,000","-30,000"
"=""057312""",世芯元大48購01  ,0,0,0,0,0,0,0,0,0,"-30,000",0,0,0,0,"30,000","-30,000","-30,000"
"=""062942""",金融類國票46購02,0,0,0,0,0,0,0,0,0,"-30,000",0,0,0,0,"30,000","-30,000","-30,000"
"=""062832""",洋基元大46購02  ,0,0,0,0,0,0,0,0,0,"-30,000",0,0,0,0,"30,000","-30,000","-30,000"
"=""07969U""",臺股指群益34售10,0,0,0,0,0,0,0,0,0,"-30,000",0,0,0,0,"30,000","-30,000","-30,000"
"=""07979U""",世紀鋼國票32售04,0,0,0,0,0,0,0,0,0,"-30,000",0,0,0,0,"30,000","-30,000","-30,000"
"=""055149""",大立光富邦48購02,0,0,0,0,0,0,0,0,0,"-30,000",0,0,0,0,"30,000","-30,000","-30,000"
"=""054448""",長榮航群益46購02,0,0,0,0,0,0,0,0,0,"-30,000",0,0,0,0,"30,000","-30,000","-30,000"
"=""047572""",中興電統一46購03,0,0,0,0,0,0,0,0,0,"-30,000",0,0,0,0,"30,000","-30,000","-30,000"
"=""047573""",大同統一4C購02  ,0,0,0,0,0,0,0,0,0,"-30,000",0,0,0,"10,000","40,000","-30,000","-30,000"
"=""055475""",鴻海元大44購32  ,0,0,0,0,0,0,0,0,0,"-30,000",0,0,0,0,"30,000","-30,000","-30,000"
"=""055490""",皇昌元大44購07  ,0,0,0,0,0,0,0,0,0,"-30,000",0,0,0,0,"30,000","-30,000","-30,000"
"=""055455""",潤泰全群益46購01,0,0,0,0,0,0,0,0,0,"-30,000",0,0,0,0,"30,000","-30,000","-30,000"
"=""055505""",盛群元大44購01  ,0,0,0,0,0,0,0,0,0,"-30,000",0,0,0,0,"30,000","-30,000","-30,000"
"=""055304""",聯發科元大44購12,0,0,0,0,0,0,0,0,0,"-30,000",0,0,0,0,"30,000","-30,000","-30,000"
"=""08470U""",緯穎元富32售02  ,0,0,0,0,0,0,0,0,0,"-30,000",0,0,0,0,"30,000","-30,000","-30,000"
"=""057585""",緯創群益45購07  ,0,0,0,0,0,0,0,0,0,"-30,000",0,0,0,0,"30,000","-30,000","-30,000"
"=""057737""",神達元大45購06  ,0,0,0,0,0,0,0,0,0,"-30,000",0,0,0,"10,000","40,000","-30,000","-30,000"
"=""057775""",貿聯群益46購04  ,0,0,0,0,0,0,0,0,0,"-30,000",0,0,0,0,"30,000","-30,000","-30,000"
"=""057776""",貿聯群益47購02  ,0,0,0,0,0,0,0,0,0,"-30,000",0,0,0,"30,000","60,000","-30,000","-30,000"
"=""045974""",奇鋐統一48購01  ,0,0,0,0,0,0,0,0,0,"-30,000",0,0,0,0,"30,000","-30,000","-30,000"
"=""045892""",旺宏台新42購01  ,0,0,0,0,0,0,0,0,0,"-30,000",0,0,0,0,"30,000","-30,000","-30,000"
"=""057987""",華新富邦47購01  ,0,0,0,0,0,0,0,0,0,"-30,000",0,0,0,"10,000","40,000","-30,000","-30,000"
"=""046974""",世紀鋼元富42購04,0,0,0,0,0,0,0,0,0,"-30,000",0,0,0,0,"30,000","-30,000","-30,000"
"=""062682""",富邦金統一4C購01,0,0,0,0,0,0,0,0,0,"-30,000",0,0,0,0,"30,000","-30,000","-30,000"
"=""062643""",華通凱基46購04  ,0,0,0,0,0,0,0,0,0,"-30,000",0,0,0,0,"30,000","-30,000","-30,000"
"=""046841""",聯發科元大44購02,0,0,0,0,0,0,0,0,0,"-30,000",0,0,0,0,"30,000","-30,000","-30,000"
1337,再生-KY         ,"8,000","31,000","-23,000",0,0,0,0,0,0,"-7,003",0,"7,003","-7,003",0,0,0,"-30,003"
"=""062851""",和大永豐49購01  ,0,0,0,0,0,0,0,0,0,"-31,000",0,0,0,0,"31,000","-31,000","-31,000"
"=""046657""",亞翔群益42購05  ,0,0,0,0,0,0,0,0,0,"-31,000",0,0,0,0,"31,000","-31,000","-31,000"
"=""046672""",台積電元大44購08,0,0,0,0,0,0,0,0,0,"-31,000",0,0,0,"103,000","134,000","-31,000","-31,000"
"=""057953""",天虹元大48購01  ,0,0,0,0,0,0,0,0,0,"-31,000",0,0,0,"49,000","80,000","-31,000","-31,000"
"=""055898""",威盛元富45購02  ,0,0,0,0,0,0,0,0,0,"-31,000",0,0,0,"191,000","222,000","-31,000","-31,000"
"=""057069""",台積電元大4A購03,0,0,0,0,0,0,0,0,0,"-31,000",0,0,0,"1,000","32,000","-31,000","-31,000"
"=""056966""",世芯永豐45購09  ,0,0,0,0,0,0,0,0,0,"-31,000",0,0,0,"20,000","51,000","-31,000","-31,000"
"=""061999""",金像電元富46購01,0,0,0,0,0,0,0,0,0,"-31,000",0,0,0,0,"31,000","-31,000","-31,000"
"=""069366""",滬深2X永豐48購07,0,0,0,0,0,0,0,0,0,"-31,000",0,0,0,0,"31,000","-31,000","-31,000"
"=""068656""",達興統一53購04  ,0,0,0,0,0,0,0,0,0,"-31,000",0,0,0,"19,000","50,000","-31,000","-31,000"
"=""060986""",技嘉元富4A購01  ,0,0,0,0,0,0,0,0,0,"-31,000",0,0,0,"12,000","43,000","-31,000","-31,000"
"=""061407""",世芯群益47購09  ,0,0,0,0,0,0,0,0,0,"-31,000",0,0,0,"8,000","39,000","-31,000","-31,000"
"=""061277""",南亞永豐46購02  ,0,0,0,0,0,0,0,0,0,"-31,000",0,0,0,"42,000","73,000","-31,000","-31,000"
"=""067064""",威盛群益47購09  ,0,0,0,0,0,0,0,0,0,"-31,000",0,0,0,"20,000","51,000","-31,000","-31,000"
"=""067398""",奇鋐元富4A購08  ,0,0,0,0,0,0,0,0,0,"-31,000",0,0,0,0,"31,000","-31,000","-31,000"
"=""067301""",達興群益48購01  ,0,0,0,0,0,0,0,0,0,"-31,000",0,0,0,0,"31,000","-31,000","-31,000"
"=""059912""",欣興群益45購05  ,0,0,0,0,0,0,0,0,0,"-31,000",0,0,0,"49,000","80,000","-31,000","-31,000"
"=""058874""",T50正2元大4B購01,0,0,0,0,0,0,0,0,0,"-31,000",0,0,0,"44,000","75,000","-31,000","-31,000"
"=""068214""",亞力群益48購03  ,0,0,0,0,0,0,0,0,0,"-31,000",0,0,0,"5,000","36,000","-31,000","-31,000"
"=""060207""",嘉澤永豐46購01  ,0,0,0,0,0,0,0,0,0,"-31,000",0,0,0,"95,000","126,000","-31,000","-31,000"
"=""065547""",貿聯國泰48購01  ,0,0,0,0,0,0,0,0,0,"-31,000",0,0,0,"3,000","34,000","-31,000","-31,000"
"=""065305""",技嘉統一51購01  ,0,0,0,0,0,0,0,0,0,"-31,000",0,0,0,0,"31,000","-31,000","-31,000"
"=""04523T""",臺股指法興35售07,0,"31,000","-31,000",0,0,0,0,0,0,0,0,0,0,0,0,0,"-31,000"
"=""066674""",鴻海凱基47購19  ,0,0,0,0,0,0,0,0,0,"-31,000",0,0,0,"151,000","182,000","-31,000","-31,000"
"=""065832""",台光電統一54購01,0,0,0,0,0,0,0,0,0,"-31,000",0,0,0,"3,000","34,000","-31,000","-31,000"
"=""055763""",鴻準富邦47購01  ,0,0,0,0,0,0,0,0,0,"-31,000",0,0,0,"71,000","102,000","-31,000","-31,000"
"=""047904""",T50反1元大37購02,0,0,0,0,0,0,0,0,0,"-31,000",0,0,0,0,"31,000","-31,000","-31,000"
"=""048053""",川湖永豐44購02  ,0,0,0,0,0,0,0,0,0,"-31,000",0,0,0,"23,000","54,000","-31,000","-31,000"
"=""049488""",瑞祺國票43購01  ,0,0,0,0,0,0,0,0,0,"-31,000",0,0,0,"71,000","102,000","-31,000","-31,000"
"=""063177""",T50正2群益46購08,0,0,0,0,0,0,0,0,0,"-31,000",0,0,0,"31,000","62,000","-31,000","-31,000"
"=""059226""",祥碩元富46購01  ,0,0,0,0,0,0,0,0,0,"-31,000",0,0,0,0,"31,000","-31,000","-31,000"
"=""064057""",聯發科元大46購27,0,0,0,0,0,0,0,0,0,"-31,000",0,0,0,"53,000","84,000","-31,000","-31,000"
"=""059135""",臺股指凱基45購51,0,0,0,0,0,0,0,0,0,"-31,000",0,0,0,"40,000","71,000","-31,000","-31,000"
"=""063832""",上銀群益48購03  ,0,0,0,0,0,0,0,0,0,"-31,000",0,0,0,0,"31,000","-31,000","-31,000"
"=""059015""",臺股指富邦48購05,0,0,0,0,0,0,0,0,0,"-31,000",0,0,0,"21,000","52,000","-31,000","-31,000"
"=""058998""",世紀鋼國票46購03,0,0,0,0,0,0,0,0,0,"-31,000",0,0,0,"70,000","101,000","-31,000","-31,000"
"=""051083""",聯發科永豐43購08,0,0,0,0,0,0,0,0,0,"-31,000",0,0,0,0,"31,000","-31,000","-31,000"
"=""051500""",達興國票45購01  ,0,0,0,0,0,0,0,0,0,"-31,000",0,0,0,"1,000","32,000","-31,000","-31,000"
"=""00654R""",富邦印度反1     ,0,0,0,0,0,0,0,0,0,"-31,006",0,0,0,"11,001","42,007","-31,006","-31,006"
"=""065996""",為升群益47購01  ,0,0,0,0,0,0,0,0,0,"-32,000",0,0,0,"306,000","338,000","-32,000","-32,000"
"=""066578""",所羅門元富57購01,0,0,0,0,0,0,0,0,0,"-32,000",0,0,0,0,"32,000","-32,000","-32,000"
"=""065446""",聯茂元大47購04  ,0,0,0,0,0,0,0,0,0,"-32,000",0,0,0,0,"32,000","-32,000","-32,000"
"=""059854""",鴻準統一4B購07  ,0,0,0,0,0,0,0,0,0,"-32,000",0,0,0,0,"32,000","-32,000","-32,000"
"=""067285""",華通群益47購08  ,0,0,0,0,0,0,0,0,0,"-32,000",0,0,0,"1,000","33,000","-32,000","-32,000"
"=""067388""",滬深2X元富47購07,0,0,0,0,0,0,0,0,0,"-32,000",0,0,0,0,"32,000","-32,000","-32,000"
"=""067451""",鈺齊國票47購02  ,0,0,0,0,0,0,0,0,0,"-32,000",0,0,0,0,"32,000","-32,000","-32,000"
"=""067582""",鴻海國泰48購05  ,0,0,0,0,0,0,0,0,0,"-32,000",0,0,0,0,"32,000","-32,000","-32,000"
"=""067594""",台塑元富49購03  ,0,0,0,0,0,0,0,0,0,"-32,000",0,0,0,"20,000","52,000","-32,000","-32,000"
"=""068940""",達興元大48購02  ,0,0,0,0,0,0,0,0,0,"-32,000",0,0,0,0,"32,000","-32,000","-32,000"
"=""068811""",中興電凱基3C購01,0,0,0,0,0,0,0,0,0,"-32,000",0,0,0,"20,000","52,000","-32,000","-32,000"
"=""068560""",中砂國票49購01  ,0,0,0,0,0,0,0,0,0,"-32,000",0,0,0,0,"32,000","-32,000","-32,000"
"=""060506""",波力國票46購02  ,0,0,0,0,0,0,0,0,0,"-32,000",0,0,0,0,"32,000","-32,000","-32,000"
"=""060437""",群臺2X群益46購01,0,0,0,0,0,0,0,0,0,"-32,000",0,0,0,0,"32,000","-32,000","-32,000"
"=""060649""",凱基金中信46購01,0,0,0,0,0,0,0,0,0,"-32,000",0,0,0,"9,000","41,000","-32,000","-32,000"
"=""056881""",鴻海元大47購06  ,0,0,0,0,0,0,0,0,0,"-32,000",0,0,0,"22,000","54,000","-32,000","-32,000"
"=""056870""",采鈺凱基45購02  ,0,0,0,0,0,0,0,0,0,"-32,000",0,0,0,"85,000","117,000","-32,000","-32,000"
"=""057064""",聯電元大45購03  ,0,0,0,0,0,0,0,0,0,"-32,000",0,0,0,"50,000","82,000","-32,000","-32,000"
"=""057225""",智原統一4C購02  ,0,0,0,0,0,0,0,0,0,"-32,000",0,0,0,"10,000","42,000","-32,000","-32,000"
"=""062683""",神達統一4C購05  ,0,0,0,0,0,0,0,0,0,"-32,000",0,0,0,"8,000","40,000","-32,000","-32,000"
"=""062689""",金像電永豐48購02,0,0,0,0,0,0,0,0,0,"-32,000",0,0,0,"3,000","35,000","-32,000","-32,000"
"=""04693T""",神基中信35售03  ,0,0,0,0,0,0,0,0,0,"-32,000",0,0,0,0,"32,000","-32,000","-32,000"
"=""07930U""",長榮航凱基33售02,0,0,0,0,0,0,0,0,0,"-32,000",0,0,0,0,"32,000","-32,000","-32,000"
"=""054440""",致茂群益46購01  ,0,0,0,0,0,0,0,0,0,"-32,000",0,0,0,0,"32,000","-32,000","-32,000"
"=""047543""",亞光第一45購01  ,0,0,0,0,0,0,0,0,0,"-32,000",0,0,0,0,"32,000","-32,000","-32,000"
1506,正道            ,"5,000","41,000","-36,000",0,0,0,0,0,0,"4,000","4,000",0,"4,000",0,0,0,"-32,000"
5533,皇鼎            ,"91,000","140,000","-49,000",0,0,0,0,0,0,"17,000","17,000",0,"17,000",0,0,0,"-32,000"
3705,永信            ,"54,000","86,000","-32,000",0,0,0,0,0,0,0,0,0,0,0,0,0,"-32,000"
"=""051824""",威盛群益43購09  ,0,0,0,0,0,0,0,0,0,"-32,000",0,0,0,"25,000","57,000","-32,000","-32,000"
"=""051980""",技嘉凱基3A購01  ,0,0,0,0,0,0,0,0,0,"-32,000",0,0,0,0,"32,000","-32,000","-32,000"
"=""053955""",滬深2X永豐45購08,0,0,0,0,0,0,0,0,0,"-32,000",0,0,0,"77,000","109,000","-32,000","-32,000"
"=""039570""",十銓元富57購01  ,0,0,0,0,0,0,0,0,0,"-32,000",0,0,0,0,"32,000","-32,000","-32,000"
"=""063180""",川湖群益46購14  ,0,0,0,0,0,0,0,0,0,"-32,000",0,0,0,"122,000","154,000","-32,000","-32,000"
"=""048243""",緯穎國泰44購01  ,0,0,0,0,0,0,0,0,0,"-32,000",0,0,0,"28,000","60,000","-32,000","-32,000"
"=""049219""",景碩群益43購04  ,0,0,0,0,0,0,0,0,0,"-32,000",0,0,0,"10,000","42,000","-32,000","-32,000"
"=""053308""",嘉澤凱基44購03  ,0,0,0,0,0,0,0,0,0,"-32,000",0,0,0,"1,000","33,000","-32,000","-32,000"
2342,茂矽            ,"58,000","91,000","-33,000",0,0,0,0,0,0,"1,000","3,000","2,000","1,000",0,0,0,"-32,000"
"=""050878""",陽明元大43購17  ,0,0,0,0,0,0,0,0,0,"-32,000",0,0,0,0,"32,000","-32,000","-32,000"
"=""056281""",台光電富邦48購01,0,0,0,0,0,0,0,0,0,"-33,000",0,0,0,"5,000","38,000","-33,000","-33,000"
"=""053315""",台積電富邦46購01,0,0,0,0,0,0,0,0,0,"-33,000",0,0,0,0,"33,000","-33,000","-33,000"
"=""063030""",臺股指群益46購18,0,0,0,0,0,0,0,0,0,"-33,000",0,0,0,0,"33,000","-33,000","-33,000"
"=""063273""",祥碩元富4A購04  ,0,0,0,0,0,0,0,0,0,"-33,000",0,0,0,"41,000","74,000","-33,000","-33,000"
"=""049957""",陽明國泰45購03  ,0,0,0,0,0,0,0,0,0,"-33,000",0,0,0,"16,000","49,000","-33,000","-33,000"
"=""050260""",萬海凱基44購01  ,0,0,0,0,0,0,0,0,0,"-33,000",0,0,0,"127,000","160,000","-33,000","-33,000"
"=""059194""",牧德元大45購03  ,0,0,0,0,0,0,0,0,0,"-33,000",0,0,0,"2,000","35,000","-33,000","-33,000"
"=""064146""",新興富邦48購01  ,0,0,0,0,0,0,0,0,0,"-33,000",0,0,0,0,"33,000","-33,000","-33,000"
"=""051589""",日月光國泰45購01,0,0,0,0,0,0,0,0,0,"-33,000",0,0,0,0,"33,000","-33,000","-33,000"
"=""051125""",正崴凱基44購01  ,0,0,0,0,0,0,0,0,0,"-33,000",0,0,0,0,"33,000","-33,000","-33,000"
"=""052165""",臺股指元大45購21,0,0,0,0,0,0,0,0,0,"-33,000",0,0,0,0,"33,000","-33,000","-33,000"
"=""064354""",世芯中信47購04  ,0,0,0,0,0,0,0,0,0,"-33,000",0,0,0,0,"33,000","-33,000","-33,000"
"=""04409T""",勤誠群益39售02  ,0,0,0,0,0,0,0,0,0,"-33,000",0,0,0,0,"33,000","-33,000","-33,000"
"=""044114""",愛普凱基55購01  ,0,0,0,0,0,0,0,0,0,"-33,000",0,0,0,"55,000","88,000","-33,000","-33,000"
"=""064994""",億豐元富51購01  ,0,0,0,0,0,0,0,0,0,"-33,000",0,0,0,"2,000","35,000","-33,000","-33,000"
"=""054419""",深中小元富4A購01,0,0,0,0,0,0,0,0,0,"-33,000",0,0,0,"16,000","49,000","-33,000","-33,000"
"=""08427U""",臺股指元大34售40,0,0,0,0,0,0,0,0,0,"-33,000",0,0,0,0,"33,000","-33,000","-33,000"
"=""08698U""",T50正2元大35售03,0,0,0,0,0,0,0,0,0,"-33,000",0,0,0,"8,000","41,000","-33,000","-33,000"
"=""08664U""",大立光富邦38售02,0,0,0,0,0,0,0,0,0,"-33,000",0,0,0,0,"33,000","-33,000","-33,000"
"=""08108U""",美債2X元大33售03,0,0,0,0,0,0,0,0,0,"-33,000",0,0,0,"10,000","43,000","-33,000","-33,000"
"=""046292""",隆大凱基43購03  ,0,0,0,0,0,0,0,0,0,"-33,000",0,0,0,"401,000","434,000","-33,000","-33,000"
"=""046287""",世芯凱基44購07  ,0,0,0,0,0,0,0,0,0,"-33,000",0,0,0,0,"33,000","-33,000","-33,000"
"=""046466""",亞力元大43購01  ,0,0,0,0,0,0,0,0,0,"-33,000",0,0,0,"3,000","36,000","-33,000","-33,000"
"=""062317""",中502X元大48購02,0,0,0,0,0,0,0,0,0,"-33,000",0,0,0,"66,000","99,000","-33,000","-33,000"
"=""061488""",中砂國泰48購01  ,0,0,0,0,0,0,0,0,0,"-33,000",0,0,0,"264,000","297,000","-33,000","-33,000"
"=""056967""",世芯永豐45購10  ,0,0,0,0,0,0,0,0,0,"-33,000",0,0,0,0,"33,000","-33,000","-33,000"
"=""061663""",華城群益46購03  ,0,0,0,0,0,0,0,0,0,"-33,000",0,0,0,"2,000","35,000","-33,000","-33,000"
"=""069101""",世芯元大48購18  ,0,0,0,0,0,0,0,0,0,"-33,000",0,0,0,"191,000","224,000","-33,000","-33,000"
"=""069046""",大立光元富3C購01,0,0,0,0,0,0,0,0,0,"-33,000",0,0,0,0,"33,000","-33,000","-33,000"
"=""060695""",亞光永豐48購01  ,0,0,0,0,0,0,0,0,0,"-33,000",0,0,0,"131,000","164,000","-33,000","-33,000"
"=""060453""",新興群益46購02  ,0,0,0,0,0,0,0,0,0,"-33,000",0,0,0,"10,000","43,000","-33,000","-33,000"
"=""068687""",佳能元富49購03  ,0,0,0,0,0,0,0,0,0,"-33,000",0,0,0,"120,000","153,000","-33,000","-33,000"
"=""061209""",光寶科元大46購02,0,0,0,0,0,0,0,0,0,"-33,000",0,0,0,"46,000","79,000","-33,000","-33,000"
"=""060237""",保瑞凱基46購04  ,0,0,0,0,0,0,0,0,0,"-33,000",0,0,0,0,"33,000","-33,000","-33,000"
"=""065271""",台化永豐48購01  ,0,0,0,0,0,0,0,0,0,"-33,000",0,0,0,"5,000","38,000","-33,000","-33,000"
"=""065167""",緯穎群益47購05  ,0,0,0,0,0,0,0,0,0,"-33,000",0,0,0,0,"33,000","-33,000","-33,000"
"=""034536""",豐達科元富53購01,0,0,0,0,0,0,0,0,0,"-33,000",0,0,0,0,"33,000","-33,000","-33,000"
"=""066554""",華晶科凱基47購02,0,0,0,0,0,0,0,0,0,"-33,000",0,0,0,"12,000","45,000","-33,000","-33,000"
"=""066268""",威盛元大47購08  ,0,0,0,0,0,0,0,0,0,"-33,000",0,0,0,"259,000","292,000","-33,000","-33,000"
"=""065785""",台積電富邦4C購02,0,0,0,0,0,0,0,0,0,"-33,000",0,0,0,0,"33,000","-33,000","-33,000"
6669,緯穎            ,"566,300","578,635","-12,335",0,0,0,"8,000","61,000","-53,000","31,662","20,000","8,022","11,978","31,155","11,471","19,684","-33,673"
"=""059219""",可成第一47購01  ,0,0,0,0,0,0,0,0,0,"-34,000",0,0,0,0,"34,000","-34,000","-34,000"
"=""059076""",金寶兆豐47購01  ,0,0,0,0,0,0,0,0,0,"-34,000",0,0,0,"1,000","35,000","-34,000","-34,000"
"=""04378T""",勤誠元大35售02  ,0,0,0,0,0,0,0,0,0,"-34,000",0,0,0,"1,000","35,000","-34,000","-34,000"
"=""063392""",聯電群益4C購01  ,0,0,0,0,0,0,0,0,0,"-34,000",0,0,0,"20,000","54,000","-34,000","-34,000"
"=""048816""",香港2X國票44購01,0,0,0,0,0,0,0,0,0,"-34,000",0,0,0,0,"34,000","-34,000","-34,000"
"=""048858""",旺宏國泰44購02  ,0,0,0,0,0,0,0,0,0,"-34,000",0,0,0,0,"34,000","-34,000","-34,000"
"=""063603""",美利達凱基46購01,0,0,0,0,0,0,0,0,0,"-34,000",0,0,0,0,"34,000","-34,000","-34,000"
"=""065980""",世芯元大47購19  ,0,0,0,0,0,0,0,0,0,"-34,000",0,0,0,"26,000","60,000","-34,000","-34,000"
"=""03787T""",創意元富34售06  ,0,0,0,0,0,0,0,0,0,"-34,000",0,0,0,"20,000","54,000","-34,000","-34,000"
"=""066353""",台塑元富47購02  ,0,0,0,0,0,0,0,0,0,"-34,000",0,0,0,"38,000","72,000","-34,000","-34,000"
"=""066820""",華通凱基51購01  ,0,0,0,0,0,0,0,0,0,"-34,000",0,0,0,0,"34,000","-34,000","-34,000"
"=""059896""",技嘉群益45購14  ,0,0,0,0,0,0,0,0,0,"-34,000",0,0,0,"306,000","340,000","-34,000","-34,000"
"=""058193""",晶睿永豐45購01  ,0,0,0,0,0,0,0,0,0,"-34,000",0,0,0,"66,000","100,000","-34,000","-34,000"
"=""058265""",A50正2元大45購03,0,0,0,0,0,0,0,0,0,"-34,000",0,0,0,"190,000","224,000","-34,000","-34,000"
"=""058467""",中興電國票45購03,0,0,0,0,0,0,0,0,0,"-34,000",0,0,0,0,"34,000","-34,000","-34,000"
"=""067107""",日月光元富47購02,0,0,0,0,0,0,0,0,0,"-34,000",0,0,0,"1,000","35,000","-34,000","-34,000"
"=""061376""",矽創國票47購01  ,0,0,0,0,0,0,0,0,0,"-34,000",0,0,0,"40,000","74,000","-34,000","-34,000"
"=""060944""",材料凱基46購03  ,0,0,0,0,0,0,0,0,0,"-34,000",0,0,0,0,"34,000","-34,000","-34,000"
"=""060288""",辛耘富邦46購03  ,0,0,0,0,0,0,0,0,0,"-34,000",0,0,0,"152,000","186,000","-34,000","-34,000"
"=""069583""",長榮統一58購01  ,0,0,0,0,0,0,0,0,0,"-34,000",0,0,0,0,"34,000","-34,000","-34,000"
"=""062427""",亞光永豐47購02  ,0,0,0,0,0,0,0,0,0,"-34,000",0,0,0,"20,000","54,000","-34,000","-34,000"
"=""057824""",華城永豐47購01  ,0,0,0,0,0,0,0,0,0,"-34,000",0,0,0,"37,000","71,000","-34,000","-34,000"
"=""08259U""",光寶科統一33售04,0,0,0,0,0,0,0,0,0,"-34,000",0,0,0,0,"34,000","-34,000","-34,000"
"=""055383""",奇鋐凱基48購01  ,0,0,0,0,0,0,0,0,0,"-34,000",0,0,0,"10,000","44,000","-34,000","-34,000"
"=""054347""",裕慶群益44購01  ,0,0,0,0,0,0,0,0,0,"-34,000",0,0,0,"32,000","66,000","-34,000","-34,000"
1446,宏和            ,"17,000","56,000","-39,000",0,0,0,0,0,0,"5,000","6,000","1,000","5,000",0,0,0,"-34,000"
3708,上緯投控        ,"153,000","156,000","-3,000",0,0,0,0,0,0,"-31,240","3,000","4,240","-1,240",0,"30,000","-30,000","-34,240"
3257,虹冠電          ,"461,000","496,000","-35,000",0,0,0,0,0,0,0,0,0,0,0,0,0,"-35,000"
"=""052513""",台亞統一52購01  ,0,0,0,0,0,0,0,0,0,"-35,000",0,0,0,0,"35,000","-35,000","-35,000"
"=""053937""",台光電統一4A購01,0,0,0,0,0,0,0,0,0,"-35,000",0,0,0,"140,000","175,000","-35,000","-35,000"
"=""054092""",大同富邦45購01  ,0,0,0,0,0,0,0,0,0,"-35,000",0,0,0,0,"35,000","-35,000","-35,000"
"=""064300""",世芯元大46購36  ,0,0,0,0,0,0,0,0,0,"-35,000",0,0,0,"40,000","75,000","-35,000","-35,000"
"=""059348""",智邦元大45購01  ,0,0,0,0,0,0,0,0,0,"-35,000",0,0,0,"35,000","70,000","-35,000","-35,000"
"=""059104""",T50正2凱基4C購01,0,0,0,0,0,0,0,0,0,"-35,000",0,0,0,"164,000","199,000","-35,000","-35,000"
"=""050680""",SGBR2X元富43購03,0,0,0,0,0,0,0,0,0,"-35,000",0,0,0,0,"35,000","-35,000","-35,000"
"=""049397""",台積電元大44購23,0,0,0,0,0,0,0,0,0,"-35,000",0,0,0,0,"35,000","-35,000","-35,000"
"=""063171""",世芯元富49購05  ,0,0,0,0,0,0,0,0,0,"-35,000",0,0,0,"48,000","83,000","-35,000","-35,000"
"=""064506""",嘉晶群益47購01  ,0,0,0,0,0,0,0,0,0,"-35,000",0,0,0,"401,000","436,000","-35,000","-35,000"
"=""04059T""",國巨元大34售10  ,0,0,0,0,0,0,0,0,0,"-35,000",0,0,0,0,"35,000","-35,000","-35,000"
"=""047555""",華友聯永豐43購01,0,0,0,0,0,0,0,0,0,"-35,000",0,0,0,"15,000","50,000","-35,000","-35,000"
"=""047582""",永續息凱基43購01,0,0,0,0,0,0,0,0,0,"-35,000",0,0,0,0,"35,000","-35,000","-35,000"
"=""055020""",國產富邦47購01  ,0,0,0,0,0,0,0,0,0,"-35,000",0,0,0,0,"35,000","-35,000","-35,000"
"=""046291""",材料凱基48購01  ,0,0,0,0,0,0,0,0,0,"-35,000",0,0,0,"5,000","40,000","-35,000","-35,000"
"=""062118""",中興電兆豐4C購01,0,0,0,0,0,0,0,0,0,"-35,000",0,0,0,"5,000","40,000","-35,000","-35,000"
"=""069170""",技嘉統一52購02  ,0,0,0,0,0,0,0,0,0,"-35,000",0,0,0,"6,000","41,000","-35,000","-35,000"
"=""069129""",台積電群益48購18,0,0,0,0,0,0,0,0,0,"-35,000",0,0,0,0,"35,000","-35,000","-35,000"
"=""056909""",材料元大45購04  ,0,0,0,0,0,0,0,0,0,"-35,000",0,0,0,"25,000","60,000","-35,000","-35,000"
"=""057150""",盛群群益46購01  ,0,0,0,0,0,0,0,0,0,"-35,000",0,0,0,"10,000","45,000","-35,000","-35,000"
"=""060405""",台積電永豐4C購04,0,0,0,0,0,0,0,0,0,"-35,000",0,0,0,0,"35,000","-35,000","-35,000"
"=""060940""",緯創凱基46購05  ,0,0,0,0,0,0,0,0,0,"-35,000",0,0,0,0,"35,000","-35,000","-35,000"
"=""068948""",昇陽半元大48購02,0,0,0,0,0,0,0,0,0,"-35,000",0,0,0,0,"35,000","-35,000","-35,000"
"=""052078""",創意永豐45購04  ,0,0,0,0,0,0,0,0,0,"-35,000",0,0,0,0,"35,000","-35,000","-35,000"
"=""055937""",普安元大44購03  ,0,0,0,0,0,0,0,0,0,"-35,000",0,0,0,0,"35,000","-35,000","-35,000"
"=""059718""",一詮群益45購04  ,0,0,0,0,0,0,0,0,0,"-35,000",0,0,0,0,"35,000","-35,000","-35,000"
"=""068030""",聯發科元大47購23,0,0,0,0,0,0,0,0,0,"-35,000",0,0,0,0,"35,000","-35,000","-35,000"
"=""06645U""",台積電富邦54售07,0,0,0,0,0,0,0,0,0,"-35,000",0,0,0,0,"35,000","-35,000","-35,000"
"=""066331""",華新兆豐47購01  ,0,0,0,0,0,0,0,0,0,"-35,000",0,0,0,0,"35,000","-35,000","-35,000"
"=""066161""",文曄統一3B購02  ,0,0,0,0,0,0,0,0,0,"-35,000",0,0,0,"3,000","38,000","-35,000","-35,000"
"=""066144""",華晶科統一51購02,0,0,0,0,0,0,0,0,0,"-35,000",0,0,0,0,"35,000","-35,000","-35,000"
"=""065783""",威盛統一3B購11  ,0,0,0,0,0,0,0,0,0,"-35,000",0,0,0,0,"35,000","-35,000","-35,000"
"=""065771""",雲豹元大47購01  ,0,0,0,0,0,0,0,0,0,"-35,000",0,0,0,0,"35,000","-35,000","-35,000"
"=""04486T""",川湖元大35售17  ,0,0,0,0,0,0,0,0,0,"-35,000",0,0,0,0,"35,000","-35,000","-35,000"
"=""045708""",台積電統一52購02,0,0,0,0,0,0,0,0,0,"-35,000",0,0,0,"7,000","42,000","-35,000","-35,000"
"=""045254""",美指2X元大58購01,0,0,0,0,0,0,0,0,0,"-35,000",0,0,0,0,"35,000","-35,000","-35,000"
9943,好樂迪          ,"52,000","90,000","-38,000",0,0,0,0,0,0,"2,933","8,000","5,067","2,933","5,000","5,000",0,"-35,067"
"=""0055""",元大MSCI金融    ,"4,000","34,000","-30,000",0,0,0,0,0,0,"-5,681",0,0,0,"23,000","28,681","-5,681","-35,681"
"=""065350""",第一銅群益47購01,0,0,0,0,0,0,0,0,0,"-36,000",0,0,0,"1,000","37,000","-36,000","-36,000"
"=""03836T""",臺股指元大36售47,0,0,0,0,0,0,0,0,0,"-36,000",0,0,0,"124,000","160,000","-36,000","-36,000"
"=""038711""",世芯國泰55購02  ,0,0,0,0,0,0,0,0,0,"-36,000",0,0,0,0,"36,000","-36,000","-36,000"
"=""045080""",鴻準凱基55購05  ,0,0,0,0,0,0,0,0,0,"-36,000",0,0,0,0,"36,000","-36,000","-36,000"
"=""065775""",鈺齊元大47購01  ,0,0,0,0,0,0,0,0,0,"-36,000",0,0,0,"43,000","79,000","-36,000","-36,000"
"=""067899""",台泥元大47購05  ,0,0,0,0,0,0,0,0,0,"-36,000",0,0,0,"195,000","231,000","-36,000","-36,000"
"=""058360""",台光電國票47購01,0,0,0,0,0,0,0,0,0,"-36,000",0,0,0,0,"36,000","-36,000","-36,000"
"=""067113""",華城統一45購03  ,0,0,0,0,0,0,0,0,0,"-36,000",0,0,0,"13,000","49,000","-36,000","-36,000"
"=""061117""",全漢國票47購01  ,0,0,0,0,0,0,0,0,0,"-36,000",0,0,0,0,"36,000","-36,000","-36,000"
"=""057555""",新唐元大45購05  ,0,0,0,0,0,0,0,0,0,"-36,000",0,0,0,"122,000","158,000","-36,000","-36,000"
"=""055073""",宏達電群益44購05,0,0,0,0,0,0,0,0,0,"-36,000",0,0,0,0,"36,000","-36,000","-36,000"
"=""055249""",訊芯凱基44購08  ,0,0,0,0,0,0,0,0,0,"-36,000",0,0,0,"4,000","40,000","-36,000","-36,000"
"=""062829""",達發元大48購01  ,0,0,0,0,0,0,0,0,0,"-36,000",0,0,0,"71,000","107,000","-36,000","-36,000"
9925,新保            ,"15,000","47,000","-32,000",0,0,0,0,0,0,"-4,000",0,"4,000","-4,000",0,0,0,"-36,000"
"=""064325""",台積電凱基46購27,0,0,0,0,0,0,0,0,0,"-36,000",0,0,0,"54,000","90,000","-36,000","-36,000"
"=""04813T""",中砂元大36售05  ,0,0,0,0,0,0,0,0,0,"-36,000",0,0,0,0,"36,000","-36,000","-36,000"
"=""056346""",鴻準凱基45購02  ,0,0,0,0,0,0,0,0,0,"-36,000",0,0,0,0,"36,000","-36,000","-36,000"
"=""055777""",天虹統一4C購01  ,0,0,0,0,0,0,0,0,0,"-36,000",0,0,0,"11,000","47,000","-36,000","-36,000"
"=""064603""",台塑凱基49購03  ,0,0,0,0,0,0,0,0,0,"-36,000",0,0,0,0,"36,000","-36,000","-36,000"
"=""064963""",元債2X國泰48購03,0,0,0,0,0,0,0,0,0,"-36,000",0,0,0,0,"36,000","-36,000","-36,000"
2705,六福            ,"42,000","82,000","-40,000",0,0,0,0,0,0,"3,000","3,000",0,"3,000",0,0,0,"-37,000"
"=""048008""",亞翔元大44購08  ,0,0,0,0,0,0,0,0,0,"-37,000",0,0,0,"180,000","217,000","-37,000","-37,000"
"=""063181""",聯電群益48購02  ,0,0,0,0,0,0,0,0,0,"-37,000",0,0,0,0,"37,000","-37,000","-37,000"
"=""049785""",T50正2元大43購19,0,0,0,0,0,0,0,0,0,"-37,000",0,0,0,"35,000","72,000","-37,000","-37,000"
"=""063455""",聯發科元大46購18,0,0,0,0,0,0,0,0,0,"-37,000",0,0,0,0,"37,000","-37,000","-37,000"
"=""050281""",世芯元富49購03  ,0,0,0,0,0,0,0,0,0,"-37,000",0,0,0,"5,000","42,000","-37,000","-37,000"
"=""043820""",勤誠永豐58購01  ,0,0,0,0,0,0,0,0,0,"-37,000",0,0,0,0,"37,000","-37,000","-37,000"
"=""051851""",威盛元大47購01  ,0,0,0,0,0,0,0,0,0,"-37,000",0,0,0,0,"37,000","-37,000","-37,000"
"=""052514""",偉詮電統一52購01,0,0,0,0,0,0,0,0,0,"-37,000",0,0,0,"13,000","50,000","-37,000","-37,000"
"=""053093""",華城永豐46購01  ,0,0,0,0,0,0,0,0,0,"-37,000",0,0,0,"76,000","113,000","-37,000","-37,000"
"=""07785U""",臺股指元大31售76,0,0,0,0,0,0,0,0,0,"-37,000",0,0,0,"20,000","57,000","-37,000","-37,000"
"=""055365""",一詮第一46購01  ,0,0,0,0,0,0,0,0,0,"-37,000",0,0,0,"76,000","113,000","-37,000","-37,000"
"=""058038""",聯發科國泰47購02,0,0,0,0,0,0,0,0,0,"-37,000",0,0,0,0,"37,000","-37,000","-37,000"
"=""060740""",東陽元大46購07  ,0,0,0,0,0,0,0,0,0,"-37,000",0,0,0,"21,000","58,000","-37,000","-37,000"
"=""060570""",東元元大46購02  ,0,0,0,0,0,0,0,0,0,"-37,000",0,0,0,0,"37,000","-37,000","-37,000"
"=""068469""",聯發科群益48購07,0,0,0,0,0,0,0,0,0,"-37,000",0,0,0,0,"37,000","-37,000","-37,000"
"=""068396""",嘉澤統一51購03  ,0,0,0,0,0,0,0,0,0,"-37,000",0,0,0,"1,000","38,000","-37,000","-37,000"
"=""067075""",奇鋐群益47購02  ,0,0,0,0,0,0,0,0,0,"-37,000",0,0,0,"2,000","39,000","-37,000","-37,000"
"=""052016""",南港國票45購01  ,0,0,0,0,0,0,0,0,0,"-37,000",0,0,0,0,"37,000","-37,000","-37,000"
"=""041920""",啟�硈肭�56購01  ,0,0,0,0,0,0,0,0,0,"-37,000",0,0,0,0,"37,000","-37,000","-37,000"
"=""058407""",永崴控元富45購02,0,0,0,0,0,0,0,0,0,"-37,000",0,0,0,"18,000","55,000","-37,000","-37,000"
"=""059967""",智邦元大45購06  ,0,0,0,0,0,0,0,0,0,"-37,000",0,0,0,0,"37,000","-37,000","-37,000"
"=""058782""",新興元大45購02  ,0,0,0,0,0,0,0,0,0,"-37,000",0,0,0,"6,000","43,000","-37,000","-37,000"
"=""068088""",台積電元富48購04,0,0,0,0,0,0,0,0,0,"-37,000",0,0,0,0,"37,000","-37,000","-37,000"
"=""03785T""",矽統元富34售04  ,0,0,0,0,0,0,0,0,0,"-37,000",0,0,0,0,"37,000","-37,000","-37,000"
"=""066577""",為升元富48購01  ,0,0,0,0,0,0,0,0,0,"-37,000",0,0,0,"15,000","52,000","-37,000","-37,000"
"=""066757""",燿華元大47購05  ,0,0,0,0,0,0,0,0,0,"-37,000",0,0,0,0,"37,000","-37,000","-37,000"
"=""066668""",聚陽凱基47購02  ,0,0,0,0,0,0,0,0,0,"-37,000",0,0,0,"15,000","52,000","-37,000","-37,000"
"=""045503""",景碩國票58購01  ,0,0,0,0,0,0,0,0,0,"-37,000",0,0,0,"4,000","41,000","-37,000","-37,000"
"=""03498T""",台積電元大33售14,0,0,0,0,0,0,0,0,0,"-38,000",0,0,0,0,"38,000","-38,000","-38,000"
"=""065155""",辛耘群益47購01  ,0,0,0,0,0,0,0,0,0,"-38,000",0,0,0,"25,000","63,000","-38,000","-38,000"
"=""065342""",滬深2X國泰48購02,0,0,0,0,0,0,0,0,0,"-38,000",0,0,0,0,"38,000","-38,000","-38,000"
"=""066354""",昆盈元富47購01  ,0,0,0,0,0,0,0,0,0,"-38,000",0,0,0,0,"38,000","-38,000","-38,000"
"=""065985""",矽力元大47購02  ,0,0,0,0,0,0,0,0,0,"-38,000",0,0,0,"62,000","100,000","-38,000","-38,000"
"=""067681""",奇鋐凱基47購04  ,0,0,0,0,0,0,0,0,0,"-38,000",0,0,0,"49,000","87,000","-38,000","-38,000"
"=""059520""",中砂凱基45購07  ,0,0,0,0,0,0,0,0,0,"-38,000",0,0,0,"19,000","57,000","-38,000","-38,000"
"=""067059""",鴻海群益5C購04  ,0,0,0,0,0,0,0,0,0,"-38,000",0,0,0,0,"38,000","-38,000","-38,000"
"=""03310T""",臺股指元大35售50,0,0,0,0,0,0,0,0,0,"-38,000",0,0,0,"4,000","42,000","-38,000","-38,000"
"=""03284T""",萬海凱基34售01  ,0,0,0,0,0,0,0,0,0,"-38,000",0,0,0,0,"38,000","-38,000","-38,000"
"=""055962""",技嘉國票44購02  ,0,0,0,0,0,0,0,0,0,"-38,000",0,0,0,0,"38,000","-38,000","-38,000"
"=""060547""",英業達富邦48購01,0,0,0,0,0,0,0,0,0,"-38,000",0,0,0,"17,000","55,000","-38,000","-38,000"
"=""060419""",保瑞永豐48購01  ,0,0,0,0,0,0,0,0,0,"-38,000",0,0,0,"22,000","60,000","-38,000","-38,000"
"=""061271""",材料凱基46購04  ,0,0,0,0,0,0,0,0,0,"-38,000",0,0,0,"190,000","228,000","-38,000","-38,000"
"=""061667""",大成鋼群益46購02,0,0,0,0,0,0,0,0,0,"-38,000",0,0,0,"11,000","49,000","-38,000","-38,000"
"=""061839""",光寶科群益48購01,0,0,0,0,0,0,0,0,0,"-38,000",0,0,0,"12,000","50,000","-38,000","-38,000"
"=""069653""",臺指反元大4B購01,0,0,0,0,0,0,0,0,0,"-38,000",0,0,0,0,"38,000","-38,000","-38,000"
"=""062034""",長榮航國泰48購01,0,0,0,0,0,0,0,0,0,"-38,000",0,0,0,0,"38,000","-38,000","-38,000"
"=""062138""",采鈺國票46購01  ,0,0,0,0,0,0,0,0,0,"-38,000",0,0,0,"42,000","80,000","-38,000","-38,000"
"=""046082""",美債2X群益44購01,0,"300,000","-300,000",0,0,0,0,0,0,"262,000",0,0,0,"284,000","22,000","262,000","-38,000"
"=""062605""",臺股指元大49購12,0,0,0,0,0,0,0,0,0,"-38,000",0,0,0,0,"38,000","-38,000","-38,000"
"=""051090""",世紀鋼永豐45購02,0,0,0,0,0,0,0,0,0,"-38,000",0,0,0,"50,000","88,000","-38,000","-38,000"
"=""051314""",美律元富49購01  ,0,0,0,0,0,0,0,0,0,"-38,000",0,0,0,"27,000","65,000","-38,000","-38,000"
"=""064091""",香港2X群益46購04,0,0,0,0,0,0,0,0,0,"-38,000",0,0,0,0,"38,000","-38,000","-38,000"
"=""054225""",奇鋐凱基44購07  ,0,0,0,0,0,0,0,0,0,"-38,000",0,0,0,0,"38,000","-38,000","-38,000"
"=""044515""",智邦凱基57購01  ,0,0,0,0,0,0,0,0,0,"-38,000",0,0,0,"203,000","241,000","-38,000","-38,000"
"=""049766""",藍天凱基43購02  ,0,0,0,0,0,0,0,0,0,"-38,000",0,0,0,"18,000","56,000","-38,000","-38,000"
"=""048986""",大成鋼元富43購01,0,0,0,0,0,0,0,0,0,"-38,000",0,0,0,"160,000","198,000","-38,000","-38,000"
2908,特力            ,"2,000","50,000","-48,000",0,0,0,0,0,0,"10,000","10,000",0,"10,000",0,0,0,"-38,000"
"=""050679""",T50正2元富51購01,0,0,0,0,0,0,0,0,0,"-38,000",0,0,0,"100,000","138,000","-38,000","-38,000"
"=""064818""",臻鼎元大47購04  ,0,0,0,0,0,0,0,0,0,"-38,000",0,0,0,0,"38,000","-38,000","-38,000"
"=""064428""",同欣電凱基46購02,0,0,0,0,0,0,0,0,0,"-39,000",0,0,0,"152,000","191,000","-39,000","-39,000"
"=""053384""",日本2X元大45購02,0,0,0,0,0,0,0,0,0,"-39,000",0,0,0,0,"39,000","-39,000","-39,000"
"=""063560""",華城永豐47購02  ,0,0,0,0,0,0,0,0,0,"-39,000",0,0,0,0,"39,000","-39,000","-39,000"
"=""064117""",強茂群益46購01  ,0,0,0,0,0,0,0,0,0,"-39,000",0,0,0,"15,000","54,000","-39,000","-39,000"
"=""064157""",南電第一48購01  ,0,0,0,0,0,0,0,0,0,"-39,000",0,0,0,"11,000","50,000","-39,000","-39,000"
"=""052480""",上証2X永豐44購02,0,0,0,0,0,0,0,0,0,"-39,000",0,0,0,"1,000","40,000","-39,000","-39,000"
"=""052425""",材料元大43購48  ,0,0,0,0,0,0,0,0,0,"-39,000",0,0,0,"78,000","117,000","-39,000","-39,000"
"=""052411""",昆盈元大47購01  ,0,0,0,0,0,0,0,0,0,"-39,000",0,0,0,"13,000","52,000","-39,000","-39,000"
"=""062711""",臺股指永豐49購05,0,0,0,0,0,0,0,0,0,"-39,000",0,0,0,"6,000","45,000","-39,000","-39,000"
"=""047517""",定穎控國票43購03,0,0,0,0,0,0,0,0,0,"-39,000",0,0,0,"10,000","49,000","-39,000","-39,000"
"=""07951U""",元黃金國票37售01,0,0,0,0,0,0,0,0,0,"-39,000",0,0,0,"6,000","45,000","-39,000","-39,000"
"=""062090""",長榮元大46購22  ,"144,000","255,000","-111,000",0,0,0,0,0,0,"72,000",0,0,0,"72,000",0,"72,000","-39,000"
"=""069370""",國巨永豐49購02  ,0,0,0,0,0,0,0,0,0,"-39,000",0,0,0,0,"39,000","-39,000","-39,000"
"=""061679""",漢唐群益46購02  ,0,0,0,0,0,0,0,0,0,"-39,000",0,0,0,0,"39,000","-39,000","-39,000"
"=""057127""",健和興群益45購02,0,0,0,0,0,0,0,0,0,"-39,000",0,0,0,"11,000","50,000","-39,000","-39,000"
"=""068766""",精成科凱基48購01,0,0,0,0,0,0,0,0,0,"-39,000",0,0,0,"2,000","41,000","-39,000","-39,000"
"=""059452""",士電元富4B購01  ,0,0,0,0,0,0,0,0,0,"-39,000",0,0,0,0,"39,000","-39,000","-39,000"
"=""066574""",美債2X元富57購02,0,0,0,0,0,0,0,0,0,"-39,000",0,0,0,"4,000","43,000","-39,000","-39,000"
"=""065349""",新纖群益49購01  ,0,0,0,0,0,0,0,0,0,"-39,000",0,0,0,0,"39,000","-39,000","-39,000"
"=""065702""",長榮鋼元大47購02,0,0,0,0,0,0,0,0,0,"-39,000",0,0,0,0,"39,000","-39,000","-39,000"
2739,寒舍            ,"214,000","253,030","-39,030",0,0,0,0,0,0,0,0,0,0,0,0,0,"-39,030"
1201,味全            ,"10,000","49,000","-39,000",0,0,0,0,0,0,-632,"5,000","5,632",-632,0,0,0,"-39,632"
"=""08719U""",奇鋐元富32售02  ,0,0,0,0,0,0,0,0,0,"-40,000",0,0,0,0,"40,000","-40,000","-40,000"
"=""08840U""",中華國票33售01  ,0,0,0,0,0,0,0,0,0,"-40,000",0,0,0,0,"40,000","-40,000","-40,000"
"=""08814U""",欣興群益34售02  ,0,0,0,0,0,0,0,0,0,"-40,000",0,0,0,0,"40,000","-40,000","-40,000"
"=""055054""",威盛統一4A購01  ,0,0,0,0,0,0,0,0,0,"-40,000",0,0,0,"50,000","90,000","-40,000","-40,000"
"=""055079""",景碩群益46購02  ,0,0,0,0,0,0,0,0,0,"-40,000",0,0,0,0,"40,000","-40,000","-40,000"
"=""062889""",國泰金元富4C購01,0,0,0,0,0,0,0,0,0,"-40,000",0,0,0,0,"40,000","-40,000","-40,000"
"=""062744""",所羅門富邦47購01,0,0,0,0,0,0,0,0,0,"-40,000",0,0,0,"58,000","98,000","-40,000","-40,000"
"=""062640""",SP黃豆凱基47購01,0,0,0,0,0,0,0,0,0,"-40,000",0,0,0,0,"40,000","-40,000","-40,000"
"=""04677T""",聯電凱基39售04  ,0,0,0,0,0,0,0,0,0,"-40,000",0,0,0,0,"40,000","-40,000","-40,000"
"=""062196""",世芯永豐49購04  ,0,0,0,0,0,0,0,0,0,"-40,000",0,0,0,0,"40,000","-40,000","-40,000"
"=""057545""",訊舟元大45購01  ,0,0,0,0,0,0,0,0,0,"-40,000",0,0,0,0,"40,000","-40,000","-40,000"
"=""058043""",神達統一4B購03  ,0,0,0,0,0,0,0,0,0,"-40,000",0,0,0,0,"40,000","-40,000","-40,000"
"=""057819""",鴻準台新45購03  ,0,0,0,0,0,0,0,0,0,"-40,000",0,0,0,"20,000","60,000","-40,000","-40,000"
"=""061061""",台光電富邦49購01,0,0,0,0,0,0,0,0,0,"-40,000",0,0,0,0,"40,000","-40,000","-40,000"
"=""060268""",仲琦國票46購01  ,0,0,0,0,0,0,0,0,0,"-40,000",0,0,0,0,"40,000","-40,000","-40,000"
"=""060366""",緯創元大46購06  ,0,0,0,0,0,0,0,0,0,"-40,000",0,0,0,0,"40,000","-40,000","-40,000"
"=""060587""",可成元大49購01  ,0,0,0,0,0,0,0,0,0,"-40,000",0,0,0,0,"40,000","-40,000","-40,000"
"=""057213""",祥碩永豐46購02  ,0,0,0,0,0,0,0,0,0,"-40,000",0,0,0,0,"40,000","-40,000","-40,000"
"=""061772""",波力元富46購01  ,0,0,0,0,0,0,0,0,0,"-40,000",0,0,0,0,"40,000","-40,000","-40,000"
"=""061931""",陽明統一4C購02  ,0,0,0,0,0,0,0,0,0,"-40,000",0,0,0,0,"40,000","-40,000","-40,000"
"=""069503""",神基中信48購01  ,0,0,0,0,0,0,0,0,0,"-40,000",0,0,0,0,"40,000","-40,000","-40,000"
"=""065687""",泓德凱基47購01  ,0,0,0,0,0,0,0,0,0,"-40,000",0,0,0,"10,000","50,000","-40,000","-40,000"
"=""03893T""",聯鈞元大34售09  ,0,0,0,0,0,0,0,0,0,"-40,000",0,0,0,0,"40,000","-40,000","-40,000"
"=""065169""",潤泰新群益4B購01,0,0,0,0,0,0,0,0,0,"-40,000",0,0,0,0,"40,000","-40,000","-40,000"
"=""065166""",愛普群益47購04  ,0,0,0,0,0,0,0,0,0,"-40,000",0,0,0,"140,000","180,000","-40,000","-40,000"
"=""042963""",京鼎元大57購01  ,0,0,0,0,0,0,0,0,0,"-40,000",0,0,0,0,"40,000","-40,000","-40,000"
"=""065072""",泰金寶元大47購01,0,0,0,0,0,0,0,0,0,"-40,000",0,0,0,"10,000","50,000","-40,000","-40,000"
"=""044772""",亞翔元大55購07  ,0,0,0,0,0,0,0,0,0,"-40,000",0,0,0,0,"40,000","-40,000","-40,000"
"=""045291""",聯發科統一4C購04,0,0,0,0,0,0,0,0,0,"-40,000",0,0,0,0,"40,000","-40,000","-40,000"
"=""066733""",矽力群益47購03  ,0,0,0,0,0,0,0,0,0,"-40,000",0,0,0,0,"40,000","-40,000","-40,000"
"=""066242""",技嘉國票48購01  ,0,0,0,0,0,0,0,0,0,"-40,000",0,0,0,0,"40,000","-40,000","-40,000"
"=""00851""",台新全球AI      ,0,0,0,0,0,0,0,0,0,"-40,000",0,0,0,"140,000","180,000","-40,000","-40,000"
"=""059576""",偉訓元大45購06  ,0,0,0,0,0,0,0,0,0,"-40,000",0,0,0,"10,000","50,000","-40,000","-40,000"
"=""058625""",世芯永豐48購02  ,0,0,0,0,0,0,0,0,0,"-40,000",0,0,0,0,"40,000","-40,000","-40,000"
"=""067550""",惠特群益47購01  ,0,0,0,0,0,0,0,0,0,"-40,000",0,0,0,"47,000","87,000","-40,000","-40,000"
"=""067544""",國泰金群益47購03,0,0,0,0,0,0,0,0,0,"-40,000",0,0,0,0,"40,000","-40,000","-40,000"
"=""066981""",南電元大47購03  ,0,0,0,0,0,0,0,0,0,"-40,000",0,0,0,0,"40,000","-40,000","-40,000"
"=""052013""",上証2X國票44購04,0,0,0,0,0,0,0,0,0,"-40,000",0,0,0,0,"40,000","-40,000","-40,000"
"=""052123""",十銓統一4C購03  ,0,0,0,0,0,0,0,0,0,"-40,000",0,0,0,0,"40,000","-40,000","-40,000"
"=""060116""",創意富邦4A購01  ,0,0,0,0,0,0,0,0,0,"-40,000",0,0,0,0,"40,000","-40,000","-40,000"
"=""067831""",世紀鋼永豐4B購01,0,0,0,0,0,0,0,0,0,"-40,000",0,0,0,"51,000","91,000","-40,000","-40,000"
"=""060208""",世芯永豐5C購01  ,0,0,0,0,0,0,0,0,0,"-40,000",0,0,0,0,"40,000","-40,000","-40,000"
"=""058298""",緯創元大45購27  ,0,0,0,0,0,0,0,0,0,"-40,000",0,0,0,"30,000","70,000","-40,000","-40,000"
"=""058846""",正新凱基47購01  ,0,0,0,0,0,0,0,0,0,"-40,000",0,0,0,"17,000","57,000","-40,000","-40,000"
"=""056376""",鴻準元大45購02  ,0,0,0,0,0,0,0,0,0,"-40,000",0,0,0,0,"40,000","-40,000","-40,000"
"=""050924""",嘉澤元富49購02  ,0,0,0,0,0,0,0,0,0,"-40,000",0,0,0,"71,000","111,000","-40,000","-40,000"
"=""050699""",中502X凱基43購01,0,0,0,0,0,0,0,0,0,"-40,000",0,0,0,0,"40,000","-40,000","-40,000"
"=""053327""",國企2X群益4A購02,0,0,0,0,0,0,0,0,0,"-40,000",0,0,0,"10,000","50,000","-40,000","-40,000"
1732,毛寶            ,"42,000","85,000","-43,000",0,0,0,0,0,0,"3,000","3,000",0,"3,000",0,0,0,"-40,000"
"=""055614""",美債2X國票48購01,0,0,0,0,0,0,0,0,0,"-40,000",0,0,0,"80,000","120,000","-40,000","-40,000"
"=""055769""",穎崴富邦46購01  ,0,0,0,0,0,0,0,0,0,"-40,000",0,0,0,"31,000","71,000","-40,000","-40,000"
"=""054766""",雲豹永豐44購01  ,0,0,0,0,0,0,0,0,0,"-40,000",0,0,0,0,"40,000","-40,000","-40,000"
"=""063261""",達發元大49購02  ,0,0,0,0,0,0,0,0,0,"-40,000",0,0,0,"7,000","47,000","-40,000","-40,000"
"=""049723""",緯穎元富49購02  ,0,0,0,0,0,0,0,0,0,"-40,000",0,0,0,0,"40,000","-40,000","-40,000"
"=""063188""",南亞科群益47購02,0,0,0,0,0,0,0,0,0,"-40,000",0,0,0,"117,000","157,000","-40,000","-40,000"
"=""049695""",遠傳中信43購01  ,0,0,0,0,0,0,0,0,0,"-40,000",0,0,0,0,"40,000","-40,000","-40,000"
"=""063017""",瑞鼎群益48購01  ,0,0,0,0,0,0,0,0,0,"-40,000",0,0,0,"41,000","81,000","-40,000","-40,000"
"=""049223""",材料群益46購02  ,0,0,0,0,0,0,0,0,0,"-40,000",0,0,0,0,"40,000","-40,000","-40,000"
"=""04906T""",士電永豐36售01  ,0,0,0,0,0,0,0,0,0,"-40,000",0,0,0,"10,000","50,000","-40,000","-40,000"
"=""047914""",新日興凱基43購06,0,0,0,0,0,0,0,0,0,"-40,000",0,0,0,0,"40,000","-40,000","-40,000"
"=""052363""",楠梓電群益43購01,0,0,0,0,0,0,0,0,0,"-40,000",0,0,0,"10,000","50,000","-40,000","-40,000"
"=""053219""",保瑞富邦46購01  ,0,0,0,0,0,0,0,0,0,"-40,000",0,0,0,0,"40,000","-40,000","-40,000"
"=""051263""",信錦中信43購01  ,0,0,0,0,0,0,0,0,0,"-40,000",0,0,0,0,"40,000","-40,000","-40,000"
"=""052294""",萬海國票46購01  ,0,0,0,0,0,0,0,0,0,"-40,000",0,0,0,"106,000","146,000","-40,000","-40,000"
"=""051597""",嘉澤統一48購01  ,0,0,0,0,0,0,0,0,0,"-40,000",0,0,0,0,"40,000","-40,000","-40,000"
"=""063695""",全新永豐4C購01  ,0,0,0,0,0,0,0,0,0,"-40,000",0,0,0,0,"40,000","-40,000","-40,000"
"=""064176""",群創元富46購03  ,0,0,0,0,0,0,0,0,0,"-40,000",0,0,0,"26,000","66,000","-40,000","-40,000"
"=""064007""",台塑國泰48購02  ,0,0,0,0,0,0,0,0,0,"-40,000",0,0,0,0,"40,000","-40,000","-40,000"
"=""063946""",矽力國票47購02  ,0,0,0,0,0,0,0,0,0,"-40,000",0,0,0,"15,000","55,000","-40,000","-40,000"
"=""051938""",京鼎統一49購03  ,0,0,0,0,0,0,0,0,0,"-40,000",0,0,0,0,"40,000","-40,000","-40,000"
"=""059349""",海悅元大45購02  ,0,0,0,0,0,0,0,0,0,"-40,000",0,0,0,0,"40,000","-40,000","-40,000"
"=""054309""",滬深2X群益44購11,0,0,0,0,0,0,0,0,0,"-40,000",0,0,0,"62,000","102,000","-40,000","-40,000"
"=""039735""",義隆元富54購01  ,0,0,0,0,0,0,0,0,0,"-40,000",0,0,0,0,"40,000","-40,000","-40,000"
"=""039519""",日月光元大54購05,0,0,0,0,0,0,0,0,0,"-40,000",0,0,0,0,"40,000","-40,000","-40,000"
"=""054081""",晶心科國票45購01,0,0,0,0,0,0,0,0,0,"-40,000",0,0,0,"140,000","180,000","-40,000","-40,000"
"=""044115""",緯穎凱基55購09  ,0,0,0,0,0,0,0,0,0,"-40,000",0,0,0,"10,000","50,000","-40,000","-40,000"
"=""044116""",至上凱基55購03  ,0,0,0,0,0,0,0,0,0,"-40,000",0,0,0,"40,000","80,000","-40,000","-40,000"
"=""064980""",緯創富邦48購01  ,0,0,0,0,0,0,0,0,0,"-40,000",0,0,0,"7,000","47,000","-40,000","-40,000"
"=""040733""",迅得凱基54購05  ,0,0,0,0,0,0,0,0,0,"-41,000",0,0,0,0,"41,000","-41,000","-41,000"
"=""053658""",智邦永豐46購01  ,0,0,0,0,0,0,0,0,0,"-41,000",0,0,0,"110,000","151,000","-41,000","-41,000"
"=""051746""",國企2X元富43購01,0,0,0,0,0,0,0,0,0,"-41,000",0,0,0,0,"41,000","-41,000","-41,000"
"=""064232""",世紀鋼國泰47購02,0,0,0,0,0,0,0,0,0,"-41,000",0,0,0,"48,000","89,000","-41,000","-41,000"
"=""051618""",上銀元富43購02  ,0,0,0,0,0,0,0,0,0,"-41,000",0,0,0,"41,000","82,000","-41,000","-41,000"
"=""049898""",永道統一53購01  ,0,0,0,0,0,0,0,0,0,"-41,000",0,0,0,0,"41,000","-41,000","-41,000"
"=""050804""",台積電永豐46購13,0,0,0,0,0,0,0,0,0,"-41,000",0,0,0,0,"41,000","-41,000","-41,000"
"=""059686""",緯創凱基45購10  ,0,0,0,0,0,0,0,0,0,"-41,000",0,0,0,"5,000","46,000","-41,000","-41,000"
"=""067898""",美債2X元大61購01,0,0,0,0,0,0,0,0,0,"-41,000",0,0,0,"3,000","44,000","-41,000","-41,000"
"=""041468""",禾伸堂元富54購02,0,0,0,0,0,0,0,0,0,"-41,000",0,0,0,0,"41,000","-41,000","-41,000"
"=""03742T""",文曄群益34售04  ,0,0,0,0,0,0,0,0,0,"-41,000",0,0,0,"4,000","45,000","-41,000","-41,000"
"=""066499""",仁寶群益47購02  ,0,0,0,0,0,0,0,0,0,"-41,000",0,0,0,"27,000","68,000","-41,000","-41,000"
"=""03913C""",元債2X凱基3A牛02,0,0,0,0,0,0,0,0,0,"-41,000",0,0,0,"11,000","52,000","-41,000","-41,000"
"=""061945""",景碩永豐47購01  ,0,0,0,0,0,0,0,0,0,"-41,000",0,0,0,0,"41,000","-41,000","-41,000"
"=""069599""",材料統一58購01  ,0,0,0,0,0,0,0,0,0,"-41,000",0,0,0,0,"41,000","-41,000","-41,000"
"=""061763""",長榮航元富46購02,0,0,0,0,0,0,0,0,0,"-41,000",0,0,0,"1,000","42,000","-41,000","-41,000"
"=""061906""",牧德元大46購06  ,0,0,0,0,0,0,0,0,0,"-41,000",0,0,0,0,"41,000","-41,000","-41,000"
"=""056934""",萬海群益47購02  ,0,0,0,0,0,0,0,0,0,"-41,000",0,0,0,"19,000","60,000","-41,000","-41,000"
"=""060713""",智邦群益48購02  ,0,0,0,0,0,0,0,0,0,"-41,000",0,0,0,0,"41,000","-41,000","-41,000"
"=""061057""",緯穎元大46購13  ,0,0,0,0,0,0,0,0,0,"-41,000",0,0,0,"35,000","76,000","-41,000","-41,000"
"=""057961""",鴻準群益46購03  ,0,0,0,0,0,0,0,0,0,"-41,000",0,0,0,"97,000","138,000","-41,000","-41,000"
"=""057467""",科妍國票46購01  ,0,0,0,0,0,0,0,0,0,"-41,000",0,0,0,0,"41,000","-41,000","-41,000"
"=""055800""",台灣50群益4A購02,0,0,0,0,0,0,0,0,0,"-41,000",0,0,0,0,"41,000","-41,000","-41,000"
"=""062638""",上証2X凱基46購06,0,0,0,0,0,0,0,0,0,"-41,000",0,0,0,"200,000","241,000","-41,000","-41,000"
"=""062737""",達發台新46購01  ,0,0,0,0,0,0,0,0,0,"-41,000",0,0,0,"49,000","90,000","-41,000","-41,000"
"=""062693""",聯發科永豐4A購01,0,0,0,0,0,0,0,0,0,"-41,000",0,0,0,0,"41,000","-41,000","-41,000"
"=""08505U""",穎崴元富31售02  ,0,0,0,0,0,0,0,0,0,"-41,000",0,0,0,"2,000","43,000","-41,000","-41,000"
"=""07962U""",晶豪科群益32售03,0,0,0,0,0,0,0,0,0,"-42,000",0,0,0,"8,000","50,000","-42,000","-42,000"
"=""08090U""",萬海統一32售02  ,0,0,0,0,0,0,0,0,0,"-42,000",0,0,0,"8,000","50,000","-42,000","-42,000"
"=""057908""",世紀鋼國票45購03,0,0,0,0,0,0,0,0,0,"-42,000",0,0,0,"65,000","107,000","-42,000","-42,000"
"=""061383""",亞光國泰48購01  ,0,0,0,0,0,0,0,0,0,"-42,000",0,0,0,"158,000","200,000","-42,000","-42,000"
"=""061681""",飛宏群益4A購01  ,0,0,0,0,0,0,0,0,0,"-42,000",0,0,0,0,"42,000","-42,000","-42,000"
"=""057380""",英業達統一53購01,0,0,0,0,0,0,0,0,0,"-42,000",0,0,0,"35,000","77,000","-42,000","-42,000"
"=""069655""",直得元大48購01  ,0,0,0,0,0,0,0,0,0,"-42,000",0,0,0,0,"42,000","-42,000","-42,000"
"=""069659""",台積電元大48購40,0,0,0,0,0,0,0,0,0,"-42,000",0,0,0,"200,000","242,000","-42,000","-42,000"
"=""065504""",長榮航永豐4B購01,0,0,0,0,0,0,0,0,0,"-42,000",0,0,0,0,"42,000","-42,000","-42,000"
"=""065636""",世芯群益48購13  ,0,0,0,0,0,0,0,0,0,"-42,000",0,0,0,0,"42,000","-42,000","-42,000"
"=""042542""",日電貿元大54購06,0,0,0,0,0,0,0,0,0,"-42,000",0,0,0,0,"42,000","-42,000","-42,000"
"=""03490T""",華通元富33售02  ,0,0,0,0,0,0,0,0,0,"-42,000",0,0,0,0,"42,000","-42,000","-42,000"
"=""066522""",晶碩群益47購01  ,0,0,0,0,0,0,0,0,0,"-42,000",0,0,0,0,"42,000","-42,000","-42,000"
"=""065807""",京城國票48購01  ,0,0,0,0,0,0,0,0,0,"-42,000",0,0,0,"50,000","92,000","-42,000","-42,000"
"=""067859""",迅得凱基4B購01  ,0,0,0,0,0,0,0,0,0,"-42,000",0,0,0,0,"42,000","-42,000","-42,000"
"=""059926""",臺股指群益45購31,0,0,0,0,0,0,0,0,0,"-42,000",0,0,0,0,"42,000","-42,000","-42,000"
"=""067197""",台積電凱基47購24,0,0,0,0,0,0,0,0,0,"-42,000",0,0,0,"36,000","78,000","-42,000","-42,000"
"=""059412""",保瑞國泰47購02  ,0,0,0,0,0,0,0,0,0,"-42,000",0,0,0,"2,000","44,000","-42,000","-42,000"
"=""056301""",美時永豐4B購01  ,0,0,0,0,0,0,0,0,0,"-42,000",0,0,0,0,"42,000","-42,000","-42,000"
"=""055627""",長榮航國票45購01,0,0,0,0,0,0,0,0,0,"-42,000",0,0,0,0,"42,000","-42,000","-42,000"
"=""063738""",凱美國票46購02  ,0,0,0,0,0,0,0,0,0,"-42,000",0,0,0,0,"42,000","-42,000","-42,000"
6672,騰輝電子-KY     ,"38,000","83,000","-45,000",0,0,0,0,0,0,"3,000","3,000",0,"3,000",0,0,0,"-42,000"
"=""063967""",世紀鋼永豐4C購01,0,0,0,0,0,0,0,0,0,"-42,000",0,0,0,"66,000","108,000","-42,000","-42,000"
"=""064384""",南亞科富邦49購01,0,0,0,0,0,0,0,0,0,"-42,000",0,0,0,"8,000","50,000","-42,000","-42,000"
1308,亞聚            ,"126,000","163,220","-37,220",0,0,0,0,"6,240","-6,240",682,"7,000","6,318",682,0,0,0,"-42,778"
4190,佐登-KY         ,"10,000","51,000","-41,000",0,0,0,0,0,0,"-1,967",0,"1,967","-1,967",0,0,0,"-42,967"
"=""051878""",全新中信43購01  ,0,0,0,0,0,0,0,0,0,"-43,000",0,0,0,0,"43,000","-43,000","-43,000"
"=""055617""",鴻準國票44購02  ,0,0,0,0,0,0,0,0,0,"-43,000",0,0,0,0,"43,000","-43,000","-43,000"
"=""055713""",中502X元大44購07,0,0,0,0,0,0,0,0,0,"-43,000",0,0,0,"48,000","91,000","-43,000","-43,000"
2753,八方雲集        ,"52,000","94,000","-42,000",0,0,0,0,0,0,"-1,000",0,0,0,"1,000","2,000","-1,000","-43,000"
"=""050225""",臺股指群益44購10,0,0,0,0,0,0,0,0,0,"-43,000",0,0,0,"157,000","200,000","-43,000","-43,000"
"=""048462""",新光金國泰44購01,0,0,0,0,0,0,0,0,0,"-43,000",0,0,0,0,"43,000","-43,000","-43,000"
"=""04595T""",威盛元富38售03  ,0,0,0,0,0,0,0,0,0,"-43,000",0,0,0,0,"43,000","-43,000","-43,000"
"=""055837""",中502X凱基48購01,0,0,0,0,0,0,0,0,0,"-43,000",0,0,0,"4,000","47,000","-43,000","-43,000"
"=""068729""",金寶群益49購01  ,0,0,0,0,0,0,0,0,0,"-43,000",0,0,0,0,"43,000","-43,000","-43,000"
"=""060580""",大同元大46購04  ,0,0,0,0,0,0,0,0,0,"-43,000",0,0,0,0,"43,000","-43,000","-43,000"
"=""058590""",長榮航群益47購02,0,0,0,0,0,0,0,0,0,"-43,000",0,0,0,0,"43,000","-43,000","-43,000"
"=""058479""",日電貿國票47購01,0,0,0,0,0,0,0,0,0,"-43,000",0,0,0,"20,000","63,000","-43,000","-43,000"
"=""059885""",仁寶群益45購03  ,0,0,0,0,0,0,0,0,0,"-43,000",0,0,0,0,"43,000","-43,000","-43,000"
"=""066493""",直得群益48購01  ,0,0,0,0,0,0,0,0,0,"-43,000",0,0,0,"13,000","56,000","-43,000","-43,000"
"=""044752""",川湖統一51購01  ,0,0,0,0,0,0,0,0,0,"-43,000",0,0,0,0,"43,000","-43,000","-43,000"
"=""038595""",國企2X凱基54購03,0,0,0,0,0,0,0,0,0,"-43,000",0,0,0,"51,000","94,000","-43,000","-43,000"
"=""04253T""",啟�硌s益35售05  ,0,0,0,0,0,0,0,0,0,"-43,000",0,0,0,"7,000","50,000","-43,000","-43,000"
"=""045497""",強茂國票56購02  ,0,0,0,0,0,0,0,0,0,"-44,000",0,0,0,"6,000","50,000","-44,000","-44,000"
"=""066476""",華晶科元大47購02,0,0,0,0,0,0,0,0,0,"-44,000",0,0,0,"1,000","45,000","-44,000","-44,000"
"=""066553""",材料凱基3B購02  ,0,0,0,0,0,0,0,0,0,"-44,000",0,0,0,"9,000","53,000","-44,000","-44,000"
"=""066306""",鴻準第一47購02  ,0,0,0,0,0,0,0,0,0,"-44,000",0,0,0,"6,000","50,000","-44,000","-44,000"
"=""060011""",鴻海永豐49購06  ,0,0,0,0,0,0,0,0,0,"-44,000",0,0,0,"1,000","45,000","-44,000","-44,000"
"=""066892""",洋基元富47購04  ,0,0,0,0,0,0,0,0,0,"-44,000",0,0,0,"6,000","50,000","-44,000","-44,000"
"=""03293T""",群創群益33售05  ,0,0,0,0,0,0,0,0,0,"-44,000",0,0,0,"20,000","64,000","-44,000","-44,000"
"=""060458""",嘉澤群益46購05  ,0,0,0,0,0,0,0,0,0,"-44,000",0,0,0,"40,000","84,000","-44,000","-44,000"
"=""068707""",辛耘凱基48購02  ,0,0,0,0,0,0,0,0,0,"-44,000",0,0,0,"28,000","72,000","-44,000","-44,000"
"=""068823""",力積電國票4A購01,0,0,0,0,0,0,0,0,0,"-44,000",0,0,0,"10,000","54,000","-44,000","-44,000"
"=""068815""",智原國票4A購01  ,0,0,0,0,0,0,0,0,0,"-44,000",0,0,0,"11,000","55,000","-44,000","-44,000"
"=""060886""",聯發科中信46購02,0,0,0,0,0,0,0,0,0,"-44,000",0,0,0,"11,000","55,000","-44,000","-44,000"
"=""069657""",上銀元大48購07  ,0,0,0,0,0,0,0,0,0,"-44,000",0,0,0,0,"44,000","-44,000","-44,000"
"=""069376""",世芯永豐49購07  ,0,0,0,0,0,0,0,0,0,"-44,000",0,0,0,"4,000","48,000","-44,000","-44,000"
"=""056748""",美費半凱基46購01,0,0,0,0,0,0,0,0,0,"-44,000",0,0,0,0,"44,000","-44,000","-44,000"
"=""058039""",廣宇台新45購01  ,0,0,0,0,0,0,0,0,0,"-44,000",0,0,0,0,"44,000","-44,000","-44,000"
"=""062558""",SP黃豆元大46購01,0,0,0,0,0,0,0,0,0,"-44,000",0,0,0,"148,000","192,000","-44,000","-44,000"
"=""062247""",威盛凱基47購02  ,0,0,0,0,0,0,0,0,0,"-44,000",0,0,0,"100,000","144,000","-44,000","-44,000"
"=""062896""",牧德國泰48購01  ,0,0,0,0,0,0,0,0,0,"-44,000",0,0,0,"61,000","105,000","-44,000","-44,000"
"=""056505""",東陽凱基45購01  ,0,0,0,0,0,0,0,0,0,"-44,000",0,0,0,"20,000","64,000","-44,000","-44,000"
1477,聚陽            ,"785,000","854,000","-69,000",0,0,0,"168,000","150,000","18,000","6,698","57,040","44,440","12,600","8,005","13,907","-5,902","-44,302"
2107,厚生            ,"22,000","66,729","-44,729",0,0,0,0,0,0,0,0,0,0,0,0,0,"-44,729"
"=""054752""",滬深2X永豐46購06,0,0,0,0,0,0,0,0,0,"-45,000",0,0,0,0,"45,000","-45,000","-45,000"
"=""055683""",佳必琪群益44購02,0,0,0,0,0,0,0,0,0,"-45,000",0,0,0,0,"45,000","-45,000","-45,000"
"=""056159""",元黃金凱基49購01,0,0,0,0,0,0,0,0,0,"-45,000",0,0,0,0,"45,000","-45,000","-45,000"
"=""050132""",台積電凱基43購55,0,0,0,0,0,0,0,0,0,"-45,000",0,0,0,"39,000","84,000","-45,000","-45,000"
"=""052693""",萬海元富44購01  ,0,0,0,0,0,0,0,0,0,"-45,000",0,0,0,"60,000","105,000","-45,000","-45,000"
"=""051715""",滬深2X元大46購01,0,0,0,0,0,0,0,0,0,"-45,000",0,0,0,0,"45,000","-45,000","-45,000"
"=""063749""",瑞鼎國票47購01  ,0,0,0,0,0,0,0,0,0,"-45,000",0,0,0,0,"45,000","-45,000","-45,000"
"=""064137""",矽力群益46購06  ,0,0,0,0,0,0,0,0,0,"-45,000",0,0,0,"171,000","216,000","-45,000","-45,000"
"=""058161""",日月光群益47購02,0,0,0,0,0,0,0,0,0,"-45,000",0,0,0,"65,000","110,000","-45,000","-45,000"
"=""062421""",聯發科永豐46購09,0,0,0,0,0,0,0,0,0,"-45,000",0,0,0,"163,000","208,000","-45,000","-45,000"
"=""062745""",燿華富邦48購01  ,0,0,0,0,0,0,0,0,0,"-45,000",0,0,0,"5,000","50,000","-45,000","-45,000"
"=""056829""",緯創統一4B購01  ,0,0,0,0,0,0,0,0,0,"-45,000",0,0,0,0,"45,000","-45,000","-45,000"
"=""057593""",立積群益45購02  ,0,0,0,0,0,0,0,0,0,"-45,000",0,0,0,0,"45,000","-45,000","-45,000"
"=""060878""",士電中信47購01  ,0,0,0,0,0,0,0,0,0,"-45,000",0,0,0,"102,000","147,000","-45,000","-45,000"
"=""061018""",華新元大46購01  ,0,0,0,0,0,0,0,0,0,"-45,000",0,0,0,0,"45,000","-45,000","-45,000"
"=""060645""",可成中信46購01  ,0,0,0,0,0,0,0,0,0,"-45,000",0,0,0,0,"45,000","-45,000","-45,000"
"=""052061""",滬深2X中信47購01,0,0,0,"6,000","51,000","-45,000",0,0,0,"-45,000",0,0,0,"6,000","51,000","-45,000","-45,000"
"=""067855""",辛耘凱基47購04  ,0,0,0,0,0,0,0,0,0,"-45,000",0,0,0,0,"45,000","-45,000","-45,000"
"=""066452""",華通元大51購02  ,0,0,0,0,0,0,0,0,0,"-45,000",0,0,0,0,"45,000","-45,000","-45,000"
"=""066040""",敦泰群益47購02  ,0,0,0,0,0,0,0,0,0,"-45,000",0,0,0,"14,000","59,000","-45,000","-45,000"
"=""00675L""",富邦臺灣加權正2 ,0,"34,000","-34,000",0,0,0,0,0,0,"-11,217",0,0,0,"100,934","112,151","-11,217","-45,217"
1109,信大            ,"10,000","51,000","-41,000",0,0,0,0,0,0,"-4,236","1,000","5,236","-4,236",0,0,0,"-45,236"
9934,成霖            ,"29,000","111,000","-82,000",0,0,0,0,0,0,"36,014","36,014",0,"36,014",0,0,0,"-45,986"
"=""051778""",所羅門中信43購01,0,0,0,0,0,0,0,0,0,"-46,000",0,0,0,0,"46,000","-46,000","-46,000"
"=""063966""",南電永豐48購01  ,0,0,0,0,0,0,0,0,0,"-46,000",0,0,0,"10,000","56,000","-46,000","-46,000"
"=""052362""",長榮鋼群益46購01,0,0,0,0,0,0,0,0,0,"-46,000",0,0,0,"4,000","50,000","-46,000","-46,000"
"=""053098""",玉晶光永豐46購01,0,0,0,0,0,0,0,0,0,"-46,000",0,0,0,"20,000","66,000","-46,000","-46,000"
"=""048242""",世芯國泰44購05  ,0,0,0,0,0,0,0,0,0,"-46,000",0,0,0,0,"46,000","-46,000","-46,000"
"=""054703""",全新凱基47購01  ,0,0,0,0,0,0,0,0,0,"-46,000",0,0,0,0,"46,000","-46,000","-46,000"
"=""055254""",元債2X群益4C購01,0,0,0,0,0,0,0,0,0,"-46,000",0,0,0,"14,000","60,000","-46,000","-46,000"
"=""060530""",保瑞凱基46購05  ,0,0,0,0,0,0,0,0,0,"-46,000",0,0,0,"59,000","105,000","-46,000","-46,000"
"=""060949""",保瑞凱基46購06  ,0,0,0,0,0,0,0,0,0,"-46,000",0,0,0,"30,000","76,000","-46,000","-46,000"
"=""061995""",台玻元富46購01  ,0,0,0,0,0,0,0,0,0,"-46,000",0,0,0,"5,000","51,000","-46,000","-46,000"
"=""069076""",鴻海元大48購14  ,0,0,0,0,0,0,0,0,0,"-46,000",0,0,0,"56,000","102,000","-46,000","-46,000"
"=""066707""",力積電凱基47購01,0,0,0,0,0,0,0,0,0,"-46,000",0,0,0,"117,000","163,000","-46,000","-46,000"
"=""066682""",聯發科凱基51購01,0,0,0,0,0,0,0,0,0,"-46,000",0,0,0,"81,000","127,000","-46,000","-46,000"
"=""066216""",永豐金群益47購02,0,0,0,0,0,0,0,0,0,"-46,000",0,0,0,"159,000","205,000","-46,000","-46,000"
"=""066150""",華擎統一51購01  ,0,0,0,0,0,0,0,0,0,"-46,000",0,0,0,"49,000","95,000","-46,000","-46,000"
"=""045417""",士電元大55購05  ,0,0,0,0,0,0,0,0,0,"-46,000",0,0,0,"30,000","76,000","-46,000","-46,000"
"=""065583""",鈺齊元富47購01  ,0,0,0,0,0,0,0,0,0,"-46,000",0,0,0,"14,000","60,000","-46,000","-46,000"
"=""065682""",精成科凱基47購01,0,0,0,0,0,0,0,0,0,"-46,000",0,0,0,"224,000","270,000","-46,000","-46,000"
"=""067800""",神基統一3B購02  ,0,0,0,0,0,0,0,0,0,"-46,000",0,0,0,0,"46,000","-46,000","-46,000"
"=""067914""",長榮航元大48購02,0,0,0,0,0,0,0,0,0,"-46,000",0,0,0,"33,000","79,000","-46,000","-46,000"
"=""068056""",滬深2X凱基56購01,0,0,0,0,0,0,0,0,0,"-46,000",0,0,0,0,"46,000","-46,000","-46,000"
"=""058783""",陽明元大4B購01  ,0,0,0,0,0,0,0,0,0,"-46,000",0,0,0,"10,000","56,000","-46,000","-46,000"
"=""03099T""",辛耘元大34售05  ,0,0,0,0,0,0,0,0,0,"-46,000",0,0,0,"24,000","70,000","-46,000","-46,000"
"=""067016""",愛普凱基47購06  ,0,0,0,0,0,0,0,0,0,"-46,000",0,0,0,"13,000","59,000","-46,000","-46,000"
"=""059484""",偉訓國票46購03  ,0,0,0,0,0,0,0,0,0,"-46,000",0,0,0,"67,000","113,000","-46,000","-46,000"
"=""059510""",緯穎永豐47購03  ,0,0,0,0,0,0,0,0,0,"-46,000",0,0,0,"20,000","66,000","-46,000","-46,000"
"=""067215""",矽力凱基47購03  ,0,0,0,0,0,0,0,0,0,"-46,000",0,0,0,"187,000","233,000","-46,000","-46,000"
"=""058176""",緯穎中信47購01  ,0,0,0,0,0,0,0,0,0,"-47,000",0,0,0,0,"47,000","-47,000","-47,000"
"=""068071""",漢唐凱基47購01  ,0,0,0,0,0,0,0,0,0,"-47,000",0,0,0,"33,000","80,000","-47,000","-47,000"
"=""067879""",奇鋐群益47購04  ,0,0,0,0,0,0,0,0,0,"-47,000",0,0,0,"25,000","72,000","-47,000","-47,000"
"=""065720""",所羅門元大51購01,0,0,0,0,0,0,0,0,0,"-47,000",0,0,0,"108,000","155,000","-47,000","-47,000"
"=""066732""",jpp群益48購05   ,0,0,0,0,0,0,0,0,0,"-47,000",0,0,0,"12,000","59,000","-47,000","-47,000"
"=""057136""",昇貿群益45購01  ,0,0,0,0,0,0,0,0,0,"-47,000",0,0,0,"152,000","199,000","-47,000","-47,000"
"=""069163""",大立光凱基3C購01,0,0,0,0,0,0,0,0,0,"-47,000",0,0,0,"8,000","55,000","-47,000","-47,000"
"=""060562""",台灣50元大47購05,0,0,0,0,0,0,0,0,0,"-47,000",0,0,0,0,"47,000","-47,000","-47,000"
"=""062928""",緯穎凱基47購03  ,0,0,0,0,0,0,0,0,0,"-47,000",0,0,0,0,"47,000","-47,000","-47,000"
"=""055836""",美債2X凱基48購04,0,0,0,0,0,0,0,0,0,"-47,000",0,0,0,0,"47,000","-47,000","-47,000"
"=""069883""",TPK凱基49購01   ,0,0,0,0,0,0,0,0,0,"-47,000",0,0,0,0,"47,000","-47,000","-47,000"
"=""058019""",鴻海凱基47購07  ,0,0,0,0,0,0,0,0,0,"-47,000",0,0,0,"10,000","57,000","-47,000","-47,000"
"=""053429""",仲琦元富44購01  ,0,0,0,0,0,0,0,0,0,"-47,000",0,0,0,"3,000","50,000","-47,000","-47,000"
"=""051029""",興勤凱基43購01  ,0,0,0,0,0,0,0,0,0,"-47,000",0,0,0,"95,000","142,000","-47,000","-47,000"
"=""050456""",元債2X凱基44購02,0,0,0,0,0,0,0,0,0,"-47,000",0,0,0,"24,000","71,000","-47,000","-47,000"
"=""04834T""",T50正2群益36售02,0,0,0,0,0,0,0,0,0,"-47,000",0,0,0,0,"47,000","-47,000","-47,000"
"=""047940""",長榮中信42購03  ,0,0,0,0,0,0,0,0,0,"-47,000",0,0,0,0,"47,000","-47,000","-47,000"
"=""048066""",金像電統一4C購01,0,0,0,0,0,0,0,0,0,"-47,000",0,0,0,0,"47,000","-47,000","-47,000"
"=""062970""",聯發科元大46購13,0,0,0,0,0,0,0,0,0,"-47,000",0,0,0,"20,000","67,000","-47,000","-47,000"
"=""063186""",智邦群益46購09  ,0,0,0,0,0,0,0,0,0,"-47,000",0,0,0,"127,000","174,000","-47,000","-47,000"
"=""063739""",威盛國票47購03  ,0,0,0,0,0,0,0,0,0,"-47,000",0,0,0,"1,000","48,000","-47,000","-47,000"
"=""059373""",世芯元大48購02  ,"156,000","203,000","-47,000",0,0,0,0,0,0,0,0,0,0,0,0,0,"-47,000"
"=""064306""",啟�痐舅j46購04  ,0,0,0,0,0,0,0,0,0,"-47,000",0,0,0,0,"47,000","-47,000","-47,000"
"=""04037T""",鴻海國票35售04  ,0,0,0,0,0,0,0,0,0,"-47,000",0,0,0,0,"47,000","-47,000","-47,000"
"=""064911""",瑞昱凱基47購01  ,0,0,0,0,0,0,0,0,0,"-47,000",0,0,0,0,"47,000","-47,000","-47,000"
"=""063860""",聯茂群益46購03  ,0,0,0,0,0,0,0,0,0,"-48,000",0,0,0,"2,000","50,000","-48,000","-48,000"
"=""063683""",上銀富邦49購01  ,0,0,0,0,0,0,0,0,0,"-48,000",0,0,0,"3,000","51,000","-48,000","-48,000"
3058,立德            ,"8,000","56,000","-48,000",0,0,0,0,0,0,0,0,0,0,0,0,0,"-48,000"
"=""052544""",上緯控群益45購01,0,0,0,0,0,0,0,0,0,"-48,000",0,0,0,0,"48,000","-48,000","-48,000"
"=""052188""",中租國票45購01  ,0,0,0,0,0,0,0,0,0,"-48,000",0,0,0,"129,000","177,000","-48,000","-48,000"
"=""049605""",材料國泰45購01  ,0,0,0,0,0,0,0,0,0,"-48,000",0,0,0,"5,000","53,000","-48,000","-48,000"
"=""048966""",中鋼元大43購01  ,0,0,0,0,0,0,0,0,0,"-48,000",0,0,0,0,"48,000","-48,000","-48,000"
"=""050412""",台達電國票43購02,0,0,0,0,0,0,0,0,0,"-48,000",0,0,0,"74,000","122,000","-48,000","-48,000"
"=""055659""",普安群益44購01  ,0,0,0,0,0,0,0,0,0,"-48,000",0,0,0,"5,000","53,000","-48,000","-48,000"
"=""057875""",聯發科富邦49購01,0,0,0,0,0,0,0,0,0,"-48,000",0,0,0,"27,000","75,000","-48,000","-48,000"
"=""057876""",陽明富邦48購01  ,0,0,0,0,0,0,0,0,0,"-48,000",0,0,0,"5,000","53,000","-48,000","-48,000"
"=""046286""",景碩凱基46購01  ,0,0,0,0,0,0,0,0,0,"-48,000",0,0,0,"10,000","58,000","-48,000","-48,000"
"=""062456""",台積電群益58購01,0,0,0,0,0,0,0,0,0,"-48,000",0,0,0,0,"48,000","-48,000","-48,000"
"=""062318""",中502X元大48購03,0,0,0,0,0,0,0,0,0,"-48,000",0,0,0,"14,000","62,000","-48,000","-48,000"
"=""068388""",長榮統一62購01  ,0,0,0,0,0,0,0,0,0,"-48,000",0,0,0,"248,000","296,000","-48,000","-48,000"
"=""056960""",英業達永豐46購02,0,0,0,0,0,0,0,0,0,"-48,000",0,0,0,0,"48,000","-48,000","-48,000"
"=""056998""",大立光國票46購01,0,0,0,0,0,0,0,0,0,"-48,000",0,0,0,"43,000","91,000","-48,000","-48,000"
"=""044845""",南亞凱基55購04  ,0,0,0,0,0,0,0,0,0,"-48,000",0,0,0,"55,000","103,000","-48,000","-48,000"
"=""067657""",祥碩永豐4A購01  ,0,0,0,0,0,0,0,0,0,"-48,000",0,0,0,"12,000","60,000","-48,000","-48,000"
"=""068271""",鴻海凱基48購05  ,0,0,0,0,0,0,0,0,0,"-48,000",0,0,0,"32,000","80,000","-48,000","-48,000"
"=""067411""",奇鋐統一51購02  ,0,0,0,0,0,0,0,0,0,"-48,000",0,0,0,0,"48,000","-48,000","-48,000"
"=""059566""",長榮元大45購27  ,0,0,0,0,0,0,0,0,0,"-48,000",0,0,0,"4,000","52,000","-48,000","-48,000"
"=""066886""",皇昌元富47購03  ,0,0,0,0,0,0,0,0,0,"-48,000",0,0,0,"352,000","400,000","-48,000","-48,000"
"=""053589""",京鼎統一48購01  ,0,0,0,0,0,0,0,0,0,"-48,000",0,0,0,"5,000","53,000","-48,000","-48,000"
1473,台南            ,"43,000","90,000","-47,000",0,0,0,0,0,0,"-1,744",0,"2,000","-2,000",256,0,256,"-48,744"
"=""054549""",材料中信45購03  ,0,0,0,0,0,0,0,0,0,"-49,000",0,0,0,"31,000","80,000","-49,000","-49,000"
"=""07749U""",中興電凱基32售02,0,0,0,0,0,0,0,0,0,"-49,000",0,0,0,"1,000","50,000","-49,000","-49,000"
"=""055152""",瑞儀富邦45購01  ,0,0,0,0,0,0,0,0,0,"-49,000",0,0,0,0,"49,000","-49,000","-49,000"
"=""057878""",神達富邦48購01  ,0,0,0,0,0,0,0,0,0,"-49,000",0,0,0,"40,000","89,000","-49,000","-49,000"
"=""061583""",道瓊銅國票48購02,0,0,0,0,0,0,0,0,0,"-49,000",0,0,0,0,"49,000","-49,000","-49,000"
"=""061700""",達發群益46購01  ,0,0,0,0,0,0,0,0,0,"-49,000",0,0,0,"10,000","59,000","-49,000","-49,000"
"=""060672""",健和興凱基46購02,0,0,0,0,0,0,0,0,0,"-49,000",0,0,0,"6,000","55,000","-49,000","-49,000"
"=""059486""",南寶國票46購01  ,0,0,0,0,0,0,0,0,0,"-49,000",0,0,0,0,"49,000","-49,000","-49,000"
"=""058377""",精金國票51購01  ,0,0,0,0,0,0,0,0,0,"-49,000",0,0,0,"1,000","50,000","-49,000","-49,000"
"=""067548""",材料群益47購09  ,0,0,0,0,0,0,0,0,0,"-49,000",0,0,0,"31,000","80,000","-49,000","-49,000"
"=""060188""",緯創元大46購02  ,0,0,0,0,0,0,0,0,0,"-49,000",0,0,0,"35,000","84,000","-49,000","-49,000"
"=""060055""",聯發科凱基48購03,0,0,0,0,0,0,0,0,0,"-49,000",0,0,0,"1,000","50,000","-49,000","-49,000"
"=""031129""",毅嘉國泰53購01  ,0,0,0,0,0,0,0,0,0,"-49,000",0,0,0,"42,000","91,000","-49,000","-49,000"
"=""03661T""",金像電國票35售01,0,0,0,0,0,0,0,0,0,"-49,000",0,0,0,"50,000","99,000","-49,000","-49,000"
"=""065653""",T50反1凱基51購01,0,0,0,0,0,0,0,0,0,"-49,000",0,0,0,0,"49,000","-49,000","-49,000"
"=""065240""",炎洲凱基49購01  ,0,0,0,0,0,0,0,0,0,"-49,000",0,0,0,"51,000","100,000","-49,000","-49,000"
"=""062992""",晶碩元大47購01  ,0,0,0,0,0,0,0,0,0,"-49,000",0,0,0,"29,000","78,000","-49,000","-49,000"
"=""048663""",潤隆群益42購02  ,0,0,0,0,0,0,0,0,0,"-49,000",0,0,0,"557,000","606,000","-49,000","-49,000"
"=""063301""",鴻海永豐4A購03  ,0,0,0,0,0,0,0,0,0,"-49,000",0,0,0,0,"49,000","-49,000","-49,000"
"=""050267""",瑞儀凱基43購02  ,0,0,0,0,0,0,0,0,0,"-49,000",0,0,0,"1,000","50,000","-49,000","-49,000"
"=""052770""",矽力凱基46購01  ,0,0,0,0,0,0,0,0,0,"-49,000",0,0,0,"61,000","110,000","-49,000","-49,000"
"=""053271""",台光電永豐46購04,0,0,0,0,0,0,0,0,0,"-49,000",0,0,0,0,"49,000","-49,000","-49,000"
"=""051529""",威盛群益43購07  ,0,0,0,0,0,0,0,0,0,"-49,000",0,0,0,0,"49,000","-49,000","-49,000"
"=""00693U""",期街口S&P黃豆   ,"2,000","1,000","1,000",0,0,0,0,0,0,"-50,120",0,0,0,"40,000","90,120","-50,120","-49,120"
2451,創見            ,"212,010","228,000","-15,990",0,0,0,0,0,0,"-33,697","10,000","45,697","-35,697","2,000",0,"2,000","-49,687"
"=""055711""",滬深2X元大47購05,0,0,0,0,0,0,0,0,0,"-50,000",0,0,0,"10,000","60,000","-50,000","-50,000"
"=""055749""",瀚宇博元大44購02,0,0,0,0,0,0,0,0,0,"-50,000",0,0,0,0,"50,000","-50,000","-50,000"
"=""055596""",欣興凱基46購01  ,0,0,0,0,0,0,0,0,0,"-50,000",0,0,0,0,"50,000","-50,000","-50,000"
"=""055524""",瑞軒國票45購01  ,0,0,0,0,0,0,0,0,0,"-50,000",0,0,0,"60,000","110,000","-50,000","-50,000"
"=""050484""",怡利電元大43購06,0,0,0,0,0,0,0,0,0,"-50,000",0,0,0,0,"50,000","-50,000","-50,000"
"=""050893""",臺股指元大43購83,0,0,0,0,0,0,0,0,0,"-50,000",0,0,0,0,"50,000","-50,000","-50,000"
"=""063333""",達發國票48購02  ,0,0,0,0,0,0,0,0,0,"-50,000",0,0,0,"20,000","70,000","-50,000","-50,000"
"=""049897""",晶心科統一55購01,0,0,0,0,0,0,0,0,0,"-50,000",0,0,0,0,"50,000","-50,000","-50,000"
"=""049861""",聯發科統一49購06,0,0,0,0,0,0,0,0,0,"-50,000",0,0,0,0,"50,000","-50,000","-50,000"
"=""063344""",宇隆凱基46購04  ,0,0,0,0,0,0,0,0,0,"-50,000",0,0,0,0,"50,000","-50,000","-50,000"
"=""049609""",奇鋐兆豐43購01  ,0,0,0,0,0,0,0,0,0,"-50,000",0,0,0,0,"50,000","-50,000","-50,000"
"=""049425""",台光電元富43購03,0,0,0,0,0,0,0,0,0,"-50,000",0,0,0,0,"50,000","-50,000","-50,000"
"=""049444""",材料群益46購04  ,0,0,0,0,0,0,0,0,0,"-50,000",0,0,0,"300,000","350,000","-50,000","-50,000"
"=""048229""",材料元富43購04  ,0,0,0,0,0,0,0,0,0,"-50,000",0,0,0,0,"50,000","-50,000","-50,000"
"=""048072""",益登統一51購01  ,0,0,0,0,0,0,0,0,0,"-50,000",0,0,0,0,"50,000","-50,000","-50,000"
"=""048148""",創意元大44購05  ,0,0,0,0,0,0,0,0,0,"-50,000",0,0,0,0,"50,000","-50,000","-50,000"
"=""047727""",鴻海統一48購07  ,0,0,0,0,0,0,0,0,0,"-50,000",0,0,0,"40,000","90,000","-50,000","-50,000"
"=""048788""",晶心科統一4C購01,0,0,0,0,0,0,0,0,0,"-50,000",0,0,0,0,"50,000","-50,000","-50,000"
"=""049158""",盟立台新43購01  ,0,0,0,0,0,0,0,0,0,"-50,000",0,0,0,0,"50,000","-50,000","-50,000"
"=""063711""",長榮統一4C購04  ,0,0,0,0,0,0,0,0,0,"-50,000",0,0,0,"10,000","60,000","-50,000","-50,000"
"=""051665""",材料群益43購11  ,0,0,0,0,0,0,0,0,0,"-50,000",0,0,0,0,"50,000","-50,000","-50,000"
"=""053183""",茂林國票45購01  ,0,0,0,0,0,0,0,0,0,"-50,000",0,0,0,"125,000","175,000","-50,000","-50,000"
"=""053046""",洋華元大44購02  ,0,0,0,0,0,0,0,0,0,"-50,000",0,0,0,0,"50,000","-50,000","-50,000"
"=""053026""",長興元大44購01  ,0,0,0,0,0,0,0,0,0,"-50,000",0,0,0,0,"50,000","-50,000","-50,000"
"=""053035""",偉詮電元大44購01,0,0,0,0,0,0,0,0,0,"-50,000",0,0,0,0,"50,000","-50,000","-50,000"
"=""052589""",台積電元大44購29,0,0,0,0,0,0,0,0,0,"-50,000",0,0,0,0,"50,000","-50,000","-50,000"
"=""052530""",鴻海群益47購05  ,0,0,0,0,0,0,0,0,0,"-50,000",0,0,0,0,"50,000","-50,000","-50,000"
"=""052166""",上証2X國票45購01,0,0,0,0,0,0,0,0,0,"-50,000",0,0,0,0,"50,000","-50,000","-50,000"
"=""056492""",台玻富邦45購01  ,0,0,0,0,0,0,0,0,0,"-50,000",0,0,0,0,"50,000","-50,000","-50,000"
"=""056419""",鴻準群益47購01  ,0,0,0,0,0,0,0,0,0,"-50,000",0,0,0,0,"50,000","-50,000","-50,000"
"=""051776""",元晶統一53購01  ,0,0,0,0,0,0,0,0,0,"-50,000",0,0,0,"45,000","95,000","-50,000","-50,000"
"=""059244""",川湖凱基4A購01  ,0,0,0,0,0,0,0,0,0,"-50,000",0,0,0,"448,000","498,000","-50,000","-50,000"
"=""044531""",鴻海統一57購02  ,0,0,0,0,0,0,0,0,0,"-50,000",0,0,0,0,"50,000","-50,000","-50,000"
"=""053676""",中502X元大46購01,0,0,0,0,0,0,0,0,0,"-50,000",0,0,0,0,"50,000","-50,000","-50,000"
"=""053736""",辛耘台新44購02  ,0,0,0,0,0,0,0,0,0,"-50,000",0,0,0,0,"50,000","-50,000","-50,000"
"=""054132""",貿聯群益44購04  ,0,0,0,0,0,0,0,0,0,"-50,000",0,0,0,0,"50,000","-50,000","-50,000"
"=""053872""",亞光群益44購03  ,0,0,0,0,0,0,0,0,0,"-50,000",0,0,0,0,"50,000","-50,000","-50,000"
"=""053928""",富邦金國泰46購03,0,0,0,0,0,0,0,0,0,"-50,000",0,0,0,0,"50,000","-50,000","-50,000"
"=""043746""",力智群益55購01  ,0,0,0,0,0,0,0,0,0,"-50,000",0,0,0,0,"50,000","-50,000","-50,000"
"=""064887""",敦泰群益47購01  ,0,0,0,0,0,0,0,0,0,"-50,000",0,0,0,0,"50,000","-50,000","-50,000"
"=""064832""",敦泰統一51購01  ,0,0,0,0,0,0,0,0,0,"-50,000",0,0,0,0,"50,000","-50,000","-50,000"
"=""043824""",台光電兆豐57購01,0,0,0,0,0,0,0,0,0,"-50,000",0,0,0,0,"50,000","-50,000","-50,000"
"=""044366""",緯穎元大55購11  ,0,0,0,0,0,0,0,0,0,"-50,000",0,0,0,0,"50,000","-50,000","-50,000"
"=""041068""",聯發科元富57購01,0,0,0,0,0,0,0,0,0,"-50,000",0,0,0,"55,000","105,000","-50,000","-50,000"
"=""064452""",大立光元大46購23,0,0,0,0,0,0,0,0,0,"-50,000",0,0,0,0,"50,000","-50,000","-50,000"
"=""064477""",緯創兆豐3A購02  ,0,0,0,0,0,0,0,0,0,"-50,000",0,0,0,0,"50,000","-50,000","-50,000"
"=""064482""",士電群益46購04  ,0,0,0,0,0,0,0,0,0,"-50,000",0,0,0,0,"50,000","-50,000","-50,000"
"=""041352""",T50正2凱基54購15,0,0,0,0,0,0,0,0,0,"-50,000",0,0,0,0,"50,000","-50,000","-50,000"
"=""066005""",材料統一41購01  ,0,0,0,0,0,0,0,0,0,"-50,000",0,0,0,0,"50,000","-50,000","-50,000"
"=""066022""",材料中信3B購02  ,0,0,0,0,0,0,0,0,0,"-50,000",0,0,0,0,"50,000","-50,000","-50,000"
"=""066779""",啟�痐舅j4C購02  ,0,0,0,0,0,0,0,0,0,"-50,000",0,0,0,0,"50,000","-50,000","-50,000"
"=""066837""",健鼎凱基47購02  ,0,0,0,0,0,0,0,0,0,"-50,000",0,0,0,"2,000","52,000","-50,000","-50,000"
"=""066635""",技嘉永豐51購01  ,0,0,0,0,0,0,0,0,0,"-50,000",0,0,0,0,"50,000","-50,000","-50,000"
"=""03760T""",亞翔元大34售11  ,0,0,0,0,0,0,0,0,0,"-50,000",0,0,0,0,"50,000","-50,000","-50,000"
"=""03677T""",聯電元大34售06  ,0,0,0,0,0,0,0,0,0,"-50,000",0,0,0,0,"50,000","-50,000","-50,000"
"=""065502""",中工永豐49購01  ,0,0,0,0,0,0,0,0,0,"-50,000",0,0,0,0,"50,000","-50,000","-50,000"
"=""03924T""",群創中信34售02  ,0,0,0,0,0,0,0,0,0,"-50,000",0,0,0,0,"50,000","-50,000","-50,000"
"=""038947""",精誠凱基57購01  ,0,0,0,0,0,0,0,0,0,"-50,000",0,0,0,0,"50,000","-50,000","-50,000"
"=""065374""",英業達統一3B購01,0,0,0,0,0,0,0,0,0,"-50,000",0,0,0,0,"50,000","-50,000","-50,000"
"=""045407""",臺股指群益55購15,0,0,0,0,0,0,0,0,0,"-50,000",0,0,0,0,"50,000","-50,000","-50,000"
"=""03155T""",T50正2元大33售03,0,0,0,0,0,0,0,0,0,"-50,000",0,0,0,0,"50,000","-50,000","-50,000"
"=""03171T""",嘉澤凱基34售03  ,0,0,0,0,0,0,0,0,0,"-50,000",0,0,0,0,"50,000","-50,000","-50,000"
"=""044873""",兆聯凱基58購01  ,0,0,0,0,0,0,0,0,0,"-50,000",0,0,0,0,"50,000","-50,000","-50,000"
"=""045161""",台塑化群益55購03,0,0,0,0,0,0,0,0,0,"-50,000",0,0,0,"20,000","70,000","-50,000","-50,000"
"=""03520T""",美費半國票34售01,0,0,0,0,0,0,0,0,0,"-50,000",0,0,0,0,"50,000","-50,000","-50,000"
"=""058289""",長榮元大45購16  ,0,0,0,0,0,0,0,0,0,"-50,000",0,0,0,0,"50,000","-50,000","-50,000"
"=""059964""",仁寶元大45購09  ,0,0,0,0,0,0,0,0,0,"-50,000",0,0,0,0,"50,000","-50,000","-50,000"
"=""058850""",鴻海凱基49購02  ,0,0,0,0,0,0,0,0,0,"-50,000",0,0,0,"20,000","70,000","-50,000","-50,000"
"=""058870""",臺股指凱基46購19,0,0,0,0,0,0,0,0,0,"-50,000",0,0,0,"74,000","124,000","-50,000","-50,000"
"=""058793""",祥碩元大49購02  ,0,0,0,0,0,0,0,0,0,"-50,000",0,0,0,"50,000","100,000","-50,000","-50,000"
"=""058810""",名軒台新45購01  ,0,0,0,0,0,0,0,0,0,"-50,000",0,0,0,0,"50,000","-50,000","-50,000"
"=""058679""",億豐元富4B購01  ,0,0,0,0,0,0,0,0,0,"-50,000",0,0,0,0,"50,000","-50,000","-50,000"
"=""068096""",台積電元富48購10,0,0,0,0,0,0,0,0,0,"-50,000",0,0,0,0,"50,000","-50,000","-50,000"
"=""067706""",台積電元大47購40,0,0,0,0,0,0,0,0,0,"-50,000",0,0,0,0,"50,000","-50,000","-50,000"
"=""067738""",友達群益4B購01  ,0,0,0,0,0,0,0,0,0,"-50,000",0,0,0,0,"50,000","-50,000","-50,000"
"=""067776""",祥碩國泰48購03  ,0,0,0,0,0,0,0,0,0,"-50,000",0,0,0,0,"50,000","-50,000","-50,000"
"=""067766""",飛宏統一4C購01  ,0,0,0,0,0,0,0,0,0,"-50,000",0,0,0,0,"50,000","-50,000","-50,000"
"=""067835""",FB越南凱基48購01,0,0,0,0,0,0,0,0,0,"-50,000",0,0,0,"118,000","168,000","-50,000","-50,000"
"=""067830""",巨大永豐49購01  ,0,0,0,0,0,0,0,0,0,"-50,000",0,0,0,0,"50,000","-50,000","-50,000"
"=""067570""",廣宇富邦49購01  ,0,0,0,0,0,0,0,0,0,"-50,000",0,0,0,0,"50,000","-50,000","-50,000"
"=""067272""",臺股指國票49購01,0,0,0,0,0,0,0,0,0,"-50,000",0,0,0,0,"50,000","-50,000","-50,000"
"=""067337""",長榮元大47購10  ,0,0,0,0,0,0,0,0,0,"-50,000",0,0,0,0,"50,000","-50,000","-50,000"
"=""067375""",世紀鋼國泰48購01,0,0,0,0,0,0,0,0,0,"-50,000",0,0,0,0,"50,000","-50,000","-50,000"
"=""058387""",永崴控國票46購02,0,0,0,0,0,0,0,0,0,"-50,000",0,0,0,0,"50,000","-50,000","-50,000"
"=""058395""",智原第一45購01  ,0,0,0,0,0,0,0,0,0,"-50,000",0,0,0,0,"50,000","-50,000","-50,000"
"=""059459""",金像電元富45購02,0,0,0,0,0,0,0,0,0,"-50,000",0,0,0,0,"50,000","-50,000","-50,000"
"=""058505""",威盛凱基45購07  ,0,0,0,0,0,0,0,0,0,"-50,000",0,0,0,0,"50,000","-50,000","-50,000"
"=""058500""",台積電凱基45購25,0,0,0,0,0,0,0,0,0,"-50,000",0,0,0,0,"50,000","-50,000","-50,000"
"=""059554""",川湖元大45購11  ,0,0,0,0,0,0,0,0,0,"-50,000",0,0,0,0,"50,000","-50,000","-50,000"
"=""053543""",A50正2元大44購01,0,0,0,0,0,0,0,0,0,"-50,000",0,0,0,0,"50,000","-50,000","-50,000"
"=""052077""",新日興永豐43購02,0,0,0,0,0,0,0,0,0,"-50,000",0,0,0,0,"50,000","-50,000","-50,000"
"=""042054""",國喬元富54購02  ,0,0,0,0,0,0,0,0,0,"-50,000",0,0,0,"30,000","80,000","-50,000","-50,000"
"=""034243""",晟銘電元大53購01,0,0,0,0,0,0,0,0,0,"-50,000",0,0,0,"5,000","55,000","-50,000","-50,000"
"=""03426T""",臺股指元大33售51,0,0,0,0,0,0,0,0,0,"-50,000",0,0,0,0,"50,000","-50,000","-50,000"
"=""066947""",美債2X元大48購02,0,0,0,0,0,0,0,0,0,"-50,000",0,0,0,"1,000","51,000","-50,000","-50,000"
"=""038334""",群創中信56購01  ,0,0,0,0,0,0,0,0,0,"-50,000",0,0,0,0,"50,000","-50,000","-50,000"
"=""03272T""",萬海元大34售04  ,0,0,0,0,0,0,0,0,0,"-50,000",0,0,0,0,"50,000","-50,000","-50,000"
"=""054875""",嘉澤元大44購04  ,0,0,0,0,0,0,0,0,0,"-50,000",0,0,0,0,"50,000","-50,000","-50,000"
"=""054923""",鴻海國泰46購08  ,0,0,0,0,0,0,0,0,0,"-50,000",0,0,0,0,"50,000","-50,000","-50,000"
"=""041800""",華東元大54購03  ,0,0,0,0,0,0,0,0,0,"-50,000",0,0,0,"100,000","150,000","-50,000","-50,000"
"=""060374""",康舒元大46購01  ,0,0,0,0,0,0,0,0,0,"-50,000",0,0,0,0,"50,000","-50,000","-50,000"
"=""068420""",世芯元富48購09  ,0,0,0,0,0,0,0,0,0,"-50,000",0,0,0,"7,000","57,000","-50,000","-50,000"
"=""068444""",台積電凱基4C購13,0,0,0,0,0,0,0,0,0,"-50,000",0,0,0,0,"50,000","-50,000","-50,000"
"=""068654""",碩天統一52購01  ,0,0,0,0,0,0,0,0,0,"-50,000",0,0,0,0,"50,000","-50,000","-50,000"
"=""068652""",智原統一52購02  ,0,0,0,0,0,0,0,0,0,"-50,000",0,0,0,0,"50,000","-50,000","-50,000"
"=""068581""",燿華兆豐3C購01  ,0,0,0,0,0,0,0,0,0,"-50,000",0,0,0,0,"50,000","-50,000","-50,000"
"=""068817""",創意國票4A購01  ,0,0,0,0,0,0,0,0,0,"-50,000",0,0,0,0,"50,000","-50,000","-50,000"
"=""068701""",長榮航凱基49購01,0,0,0,0,0,0,0,0,0,"-50,000",0,0,0,"8,000","58,000","-50,000","-50,000"
"=""061218""",長榮元大46購11  ,0,0,0,0,0,0,0,0,0,"-50,000",0,0,0,0,"50,000","-50,000","-50,000"
"=""056554""",台玻元大49購01  ,0,0,0,0,0,0,0,0,0,"-50,000",0,0,0,0,"50,000","-50,000","-50,000"
"=""056616""",台達電富邦47購01,0,0,0,0,0,0,0,0,0,"-50,000",0,0,0,0,"50,000","-50,000","-50,000"
"=""057167""",川湖凱基46購03  ,0,0,0,0,0,0,0,0,0,"-50,000",0,0,0,0,"50,000","-50,000","-50,000"
"=""057211""",定穎控永豐45購01,0,0,0,0,0,0,0,0,0,"-50,000",0,0,0,0,"50,000","-50,000","-50,000"
"=""069250""",台積電富邦48購07,0,0,0,0,0,0,0,0,0,"-50,000",0,0,0,"4,000","54,000","-50,000","-50,000"
"=""069486""",世芯元大48購19  ,0,0,0,0,0,0,0,0,0,"-50,000",0,0,0,0,"50,000","-50,000","-50,000"
"=""069472""",聯發科元大48購05,0,0,0,0,0,0,0,0,0,"-50,000",0,0,0,0,"50,000","-50,000","-50,000"
"=""069588""",大立光統一62購02,0,0,0,0,0,0,0,0,0,"-50,000",0,0,0,0,"50,000","-50,000","-50,000"
"=""062109""",材料元大49購01  ,0,0,0,0,0,0,0,0,0,"-50,000",0,0,0,0,"50,000","-50,000","-50,000"
"=""069717""",志強富邦4A購01  ,0,0,0,0,0,0,0,0,0,"-50,000",0,0,0,0,"50,000","-50,000","-50,000"
"=""057799""",中租統一4B購01  ,0,0,0,0,0,0,0,0,0,"-50,000",0,0,0,0,"50,000","-50,000","-50,000"
"=""057740""",立積元大45購04  ,0,0,0,0,0,0,0,0,0,"-50,000",0,0,0,0,"50,000","-50,000","-50,000"
"=""057731""",嘉澤元大45購07  ,0,0,0,0,0,0,0,0,0,"-50,000",0,0,0,"7,000","57,000","-50,000","-50,000"
"=""057711""",金寶元大4A購02  ,0,0,0,0,0,0,0,0,0,"-50,000",0,0,0,"12,000","62,000","-50,000","-50,000"
"=""055817""",志聖群益4A購01  ,0,0,0,0,0,0,0,0,0,"-50,000",0,0,0,0,"50,000","-50,000","-50,000"
"=""046072""",隆大元大43購01  ,0,0,0,0,0,0,0,0,0,"-50,000",0,0,0,0,"50,000","-50,000","-50,000"
"=""04605T""",臺股指群益3B售04,0,0,0,0,0,0,0,0,0,"-50,000",0,0,0,0,"50,000","-50,000","-50,000"
"=""046270""",台積電凱基43購41,0,0,0,0,0,0,0,0,0,"-50,000",0,0,0,0,"50,000","-50,000","-50,000"
"=""062416""",香港2X永豐46購02,0,0,0,0,0,0,0,0,0,"-50,000",0,0,0,"55,000","105,000","-50,000","-50,000"
"=""04634T""",臺股指元大38售07,0,0,0,0,0,0,0,0,0,"-50,000",0,0,0,"10,000","60,000","-50,000","-50,000"
"=""062550""",T50反1元大46購06,0,0,0,0,0,0,0,0,0,"-50,000",0,0,0,"35,000","85,000","-50,000","-50,000"
"=""046554""",華孚凱基43購01  ,0,0,0,0,0,0,0,0,0,"-50,000",0,0,0,"10,000","60,000","-50,000","-50,000"
"=""055096""",直得元大44購03  ,0,0,0,0,0,0,0,0,0,"-50,000",0,0,0,0,"50,000","-50,000","-50,000"
"=""055247""",瑞儀凱基44購02  ,0,"50,000","-50,000",0,0,0,0,0,0,0,0,0,0,0,0,0,"-50,000"
"=""07807U""",臺股指凱基32售21,0,0,0,0,0,0,0,0,0,"-50,000",0,0,0,0,"50,000","-50,000","-50,000"
"=""07846U""",台灣50元大33售06,0,0,0,0,0,0,0,0,0,"-50,000",0,0,0,0,"50,000","-50,000","-50,000"
"=""058164""",中租群益46購01  ,0,0,0,0,0,0,0,0,0,"-50,000",0,0,0,0,"50,000","-50,000","-50,000"
"=""047387""",中興電中信44購01,0,0,0,0,0,0,0,0,0,"-50,000",0,0,0,0,"50,000","-50,000","-50,000"
"=""062785""",臺股指群益49購10,0,0,0,0,0,0,0,0,0,"-50,000",0,0,0,0,"50,000","-50,000","-50,000"
"=""054514""",迎廣國票45購01  ,0,0,0,0,0,0,0,0,0,"-50,000",0,0,0,0,"50,000","-50,000","-50,000"
"=""08688U""",陽明元大33售01  ,0,0,0,0,0,0,0,0,0,"-50,000",0,0,0,0,"50,000","-50,000","-50,000"
"=""08678U""",FBNQ2X國票32售01,0,0,0,0,0,0,0,0,0,"-50,000",0,0,0,0,"50,000","-50,000","-50,000"
"=""08801U""",大亞群益34售02  ,0,0,0,0,0,0,0,0,0,"-50,000",0,0,0,0,"50,000","-50,000","-50,000"
"=""08763U""",臺股指凱基35售32,0,0,0,0,0,0,0,0,0,"-50,000",0,0,0,0,"50,000","-50,000","-50,000"
3617,碩天            ,"137,000","149,600","-12,600",0,0,0,0,"30,000","-30,000","-8,231","3,000","1,231","1,769","1,000","11,000","-10,000","-50,831"
"=""064251""",群創群益46購01  ,0,0,0,0,0,0,0,0,0,"-51,000",0,0,0,"20,000","71,000","-51,000","-51,000"
"=""064329""",英業達凱基46購05,0,0,0,0,0,0,0,0,0,"-51,000",0,0,0,"156,000","207,000","-51,000","-51,000"
9907,統一實          ,"79,000","142,000","-63,000",0,0,0,"12,000",0,"12,000",0,0,0,0,0,0,0,"-51,000"
"=""063780""",鴻海統一3C購02  ,0,0,0,0,0,0,0,0,0,"-51,000",0,0,0,"55,000","106,000","-51,000","-51,000"
"=""049312""",臻鼎永豐45購01  ,0,0,0,0,0,0,0,0,0,"-51,000",0,0,0,0,"51,000","-51,000","-51,000"
"=""048537""",瑞昱凱基43購03  ,0,0,0,0,0,0,0,0,0,"-51,000",0,0,0,0,"51,000","-51,000","-51,000"
"=""063507""",國巨中信4A購01  ,0,0,0,0,0,0,0,0,0,"-51,000",0,0,0,"25,000","76,000","-51,000","-51,000"
"=""055293""",台積電元大44購65,0,0,0,0,0,0,0,0,0,"-51,000",0,0,0,0,"51,000","-51,000","-51,000"
"=""054605""",神達群益45購01  ,0,0,0,0,0,0,0,0,0,"-51,000",0,0,0,0,"51,000","-51,000","-51,000"
"=""046073""",亞翔元大43購05  ,0,0,0,0,0,0,0,0,0,"-51,000",0,0,0,"13,000","64,000","-51,000","-51,000"
"=""055814""",毅嘉群益44購01  ,0,0,0,0,0,0,0,0,0,"-51,000",0,0,0,"9,000","60,000","-51,000","-51,000"
"=""057581""",志聖群益45購02  ,0,0,0,0,0,0,0,0,0,"-51,000",0,0,0,"53,000","104,000","-51,000","-51,000"
"=""069601""",崇越統一52購01  ,0,0,0,0,0,0,0,0,0,"-51,000",0,0,0,0,"51,000","-51,000","-51,000"
"=""057025""",微星富邦47購01  ,0,0,0,0,0,0,0,0,0,"-51,000",0,0,0,"2,000","53,000","-51,000","-51,000"
"=""061169""",臺股指元富49購11,0,0,0,0,0,0,0,0,0,"-51,000",0,0,0,"4,000","55,000","-51,000","-51,000"
"=""068835""",聯發科統一52購01,0,0,0,0,0,0,0,0,0,"-51,000",0,0,0,0,"51,000","-51,000","-51,000"
"=""068502""",台光電元大48購05,0,0,0,0,0,0,0,0,0,"-51,000",0,0,0,0,"51,000","-51,000","-51,000"
"=""060476""",長榮中信4A購01  ,0,0,0,0,0,0,0,0,0,"-51,000",0,0,0,0,"51,000","-51,000","-51,000"
"=""053495""",元油反國票45購01,0,0,0,0,0,0,0,0,0,"-51,000",0,0,0,"4,000","55,000","-51,000","-51,000"
"=""067591""",台塑元富47購10  ,0,0,0,0,0,0,0,0,0,"-51,000",0,0,0,0,"51,000","-51,000","-51,000"
"=""067974""",台化統一51購05  ,0,0,0,0,0,0,0,0,0,"-51,000",0,0,0,0,"51,000","-51,000","-51,000"
"=""058629""",長榮航統一4B購01,0,0,0,0,0,0,0,0,0,"-51,000",0,0,0,0,"51,000","-51,000","-51,000"
"=""060006""",臺股指中信46購07,0,0,0,0,0,0,0,0,0,"-51,000",0,0,0,"30,000","81,000","-51,000","-51,000"
"=""065356""",鴻海群益47購14  ,0,0,0,0,0,0,0,0,0,"-51,000",0,0,0,"15,000","66,000","-51,000","-51,000"
"=""066426""",聯發科統一53購03,0,0,0,0,0,0,0,0,0,"-51,000",0,0,0,0,"51,000","-51,000","-51,000"
3557,嘉威            ,"6,000","57,200","-51,200",0,0,0,0,0,0,0,0,0,0,0,0,0,"-51,200"
3308,聯德            ,"104,000","155,768","-51,768",0,0,0,0,0,0,0,0,0,0,0,0,0,"-51,768"
5515,建國            ,"113,000","155,000","-42,000",0,0,0,0,0,0,"-10,000",0,"10,000","-10,000",0,0,0,"-52,000"
"=""063643""",宇隆元大46購04  ,0,0,0,0,0,0,0,0,0,"-52,000",0,0,0,"5,000","57,000","-52,000","-52,000"
"=""058985""",長榮國票46購07  ,0,0,0,0,0,0,0,0,0,"-52,000",0,0,0,"28,000","80,000","-52,000","-52,000"
"=""059361""",裕民元大45購02  ,0,0,0,0,0,0,0,0,0,"-52,000",0,0,0,"3,000","55,000","-52,000","-52,000"
"=""056350""",慧洋凱基45購01  ,0,0,0,0,0,0,0,0,0,"-52,000",0,0,0,"1,318,000","1,370,000","-52,000","-52,000"
"=""066008""",群電統一41購01  ,0,0,0,0,0,0,0,0,0,"-52,000",0,0,0,0,"52,000","-52,000","-52,000"
"=""041302""",力成元大56購01  ,0,0,0,0,0,0,0,0,0,"-52,000",0,0,0,0,"52,000","-52,000","-52,000"
"=""065581""",明泰兆豐3B購01  ,0,0,0,0,0,0,0,0,0,"-52,000",0,0,0,0,"52,000","-52,000","-52,000"
"=""065566""",圓剛元富47購01  ,0,0,0,0,0,0,0,0,0,"-52,000",0,0,0,"10,000","62,000","-52,000","-52,000"
"=""059687""",緯創凱基46購03  ,0,0,0,0,0,0,0,0,0,"-52,000",0,0,0,0,"52,000","-52,000","-52,000"
"=""060222""",技嘉凱基46購06  ,0,0,0,0,0,0,0,0,0,"-52,000",0,0,0,0,"52,000","-52,000","-52,000"
"=""067234""",道瓊銀元富51購01,0,0,0,0,0,0,0,0,0,"-52,000",0,0,0,0,"52,000","-52,000","-52,000"
"=""055926""",鴻海元大44購37  ,0,0,0,0,0,0,0,0,0,"-52,000",0,0,0,"20,000","72,000","-52,000","-52,000"
"=""068590""",精成科群益49購02,0,0,0,0,0,0,0,0,0,"-52,000",0,0,0,0,"52,000","-52,000","-52,000"
"=""060918""",英業達國泰48購01,0,0,0,0,0,0,0,0,0,"-52,000",0,0,0,"100,000","152,000","-52,000","-52,000"
"=""057053""",天虹凱基49購01  ,0,0,0,0,0,0,0,0,0,"-52,000",0,0,0,"25,000","77,000","-52,000","-52,000"
"=""069213""",羅昇統一53購01  ,0,0,0,0,0,0,0,0,0,"-52,000",0,0,0,0,"52,000","-52,000","-52,000"
"=""057543""",建準元大45購02  ,0,0,0,0,0,0,0,0,0,"-52,000",0,0,0,"7,000","59,000","-52,000","-52,000"
"=""057963""",鴻準群益4A購01  ,0,0,0,0,0,0,0,0,0,"-52,000",0,0,0,0,"52,000","-52,000","-52,000"
"=""062236""",上証2X凱基48購04,0,0,0,0,0,0,0,0,0,"-52,000",0,0,0,0,"52,000","-52,000","-52,000"
"=""062634""",力積電中信47購02,0,0,0,0,0,0,0,0,0,"-52,000",0,0,0,"202,000","254,000","-52,000","-52,000"
"=""047312""",台積電元大43購69,0,0,0,0,0,0,0,0,0,"-52,000",0,0,0,"10,000","62,000","-52,000","-52,000"
"=""062919""",台中銀凱基46購01,0,0,0,0,0,0,0,0,0,"-53,000",0,0,0,0,"53,000","-53,000","-53,000"
"=""054988""",中502X國票45購10,0,0,0,0,0,0,0,0,0,"-53,000",0,0,0,"5,000","58,000","-53,000","-53,000"
"=""046874""",鴻準永豐43購01  ,0,0,0,0,0,0,0,0,0,"-53,000",0,0,0,0,"53,000","-53,000","-53,000"
"=""04657T""",祥碩元大35售10  ,0,0,0,0,0,0,0,0,0,"-53,000",0,0,0,"10,000","63,000","-53,000","-53,000"
"=""056817""",技嘉凱基43購02  ,0,0,0,0,0,0,0,0,0,"-53,000",0,0,0,0,"53,000","-53,000","-53,000"
"=""057394""",立積統一53購01  ,0,0,0,0,0,0,0,0,0,"-53,000",0,0,0,0,"53,000","-53,000","-53,000"
"=""061788""",智邦富邦49購01  ,0,0,0,0,0,0,0,0,0,"-53,000",0,0,0,0,"53,000","-53,000","-53,000"
"=""057049""",神達凱基45購01  ,0,0,0,0,0,0,0,0,0,"-53,000",0,0,0,"27,000","80,000","-53,000","-53,000"
"=""054804""",臺指反國票46購01,0,0,0,0,0,0,0,0,0,"-53,000",0,0,0,0,"53,000","-53,000","-53,000"
"=""067378""",鴻海富邦4B購03  ,0,0,0,0,0,0,0,0,0,"-53,000",0,0,0,0,"53,000","-53,000","-53,000"
"=""068078""",智原凱基4A購02  ,0,0,0,0,0,0,0,0,0,"-53,000",0,0,0,0,"53,000","-53,000","-53,000"
"=""045785""",新日興凱基43購01,0,0,0,0,0,0,0,0,0,"-53,000",0,0,0,"259,000","312,000","-53,000","-53,000"
"=""066319""",漢唐永豐49購01  ,0,0,0,0,0,0,0,0,0,"-53,000",0,0,0,"167,000","220,000","-53,000","-53,000"
"=""056149""",萬海統一4A購02  ,0,0,0,0,0,0,0,0,0,"-53,000",0,0,0,"54,000","107,000","-53,000","-53,000"
2030,彰源            ,"23,000","76,000","-53,000",0,0,0,0,0,0,0,0,0,0,0,0,0,"-53,000"
"=""049851""",滬深2X元富37購01,0,0,0,0,0,0,0,0,0,"-53,000",0,0,0,"4,000","57,000","-53,000","-53,000"
"=""058944""",貿聯群益47購06  ,0,0,0,0,0,0,0,0,0,"-53,000",0,0,0,"2,000","55,000","-53,000","-53,000"
"=""063864""",A50正2元大48購01,0,0,0,0,0,0,0,0,0,"-53,000",0,0,0,"2,000","55,000","-53,000","-53,000"
"=""064219""",亞翔永豐48購01  ,0,0,0,0,0,0,0,0,0,"-53,000",0,0,0,"10,000","63,000","-53,000","-53,000"
"=""063995""",智易元富4C購01  ,0,0,0,0,0,0,0,0,0,"-53,000",0,0,0,"1,000","54,000","-53,000","-53,000"
8422,可寧衛*         ,"10,000","63,000","-53,000",0,0,0,0,0,0,0,0,0,0,0,0,0,"-53,000"
4581,光隆精密-KY     ,0,"53,000","-53,000",0,0,0,0,0,0,0,0,0,0,0,0,0,"-53,000"
"=""064369""",國建永豐49購01  ,0,0,0,0,0,0,0,0,0,"-53,000",0,0,0,0,"53,000","-53,000","-53,000"
"=""00657""",國泰日經225     ,0,0,0,0,0,0,0,0,0,"-53,241",0,0,0,"72,872","126,113","-53,241","-53,241"
2108,南帝            ,"38,000","93,540","-55,540",0,0,0,0,"1,000","-1,000","2,568","3,000",432,"2,568",0,0,0,"-53,972"
"=""063187""",金像電群益46購05,0,0,0,0,0,0,0,0,0,"-54,000",0,0,0,"158,000","212,000","-54,000","-54,000"
"=""050304""",碩天台新43購01  ,0,0,0,0,0,0,0,0,0,"-54,000",0,0,0,"4,000","58,000","-54,000","-54,000"
"=""050301""",長榮凱基3A購02  ,0,0,0,0,0,0,0,0,0,"-54,000",0,0,0,"1,000","55,000","-54,000","-54,000"
"=""050095""",鴻準元富43購03  ,0,0,0,0,0,0,0,0,0,"-54,000",0,0,0,"62,000","116,000","-54,000","-54,000"
"=""063111""",緯穎中信4C購01  ,0,0,0,0,0,0,0,0,0,"-54,000",0,0,0,0,"54,000","-54,000","-54,000"
"=""059286""",緯穎永豐46購04  ,0,0,0,0,0,0,0,0,0,"-54,000",0,0,0,0,"54,000","-54,000","-54,000"
"=""063838""",國巨群益46購06  ,0,0,0,0,0,0,0,0,0,"-54,000",0,0,0,"2,000","56,000","-54,000","-54,000"
"=""065276""",華新科永豐51購01,0,0,0,0,0,0,0,0,0,"-54,000",0,0,0,0,"54,000","-54,000","-54,000"
"=""065144""",大立光群益3B購01,0,0,0,0,0,0,0,0,0,"-54,000",0,0,0,0,"54,000","-54,000","-54,000"
"=""059578""",欣興元大4B購03  ,0,0,0,0,0,0,0,0,0,"-54,000",0,0,0,"28,000","82,000","-54,000","-54,000"
"=""03257T""",嘉澤元富33售01  ,0,0,0,0,0,0,0,0,0,"-54,000",0,0,0,"3,000","57,000","-54,000","-54,000"
"=""056901""",緯創元大45購08  ,0,0,0,0,0,0,0,0,0,"-54,000",0,0,0,0,"54,000","-54,000","-54,000"
"=""061913""",緯穎元大46購22  ,0,0,0,0,0,0,0,0,0,"-54,000",0,0,0,0,"54,000","-54,000","-54,000"
"=""062520""",上銀國票48購01  ,0,0,0,0,0,0,0,0,0,"-54,000",0,0,0,"51,000","105,000","-54,000","-54,000"
"=""046103""",玉晶光群益42購06,0,0,0,0,0,0,0,0,0,"-54,000",0,0,0,"2,000","56,000","-54,000","-54,000"
"=""062339""",大立光元大46購08,0,0,0,0,0,0,0,0,0,"-55,000",0,0,0,0,"55,000","-55,000","-55,000"
"=""062384""",智原凱基46購06  ,0,0,0,0,0,0,0,0,0,"-55,000",0,0,0,"8,000","63,000","-55,000","-55,000"
"=""062554""",T50反1元大47購06,0,0,0,0,0,0,0,0,0,"-55,000",0,0,0,"1,000","56,000","-55,000","-55,000"
"=""08325U""",光寶科凱基33售03,0,0,0,0,0,0,0,0,0,"-55,000",0,0,0,0,"55,000","-55,000","-55,000"
"=""062923""",世芯凱基46購17  ,0,0,0,0,0,0,0,0,0,"-55,000",0,0,0,0,"55,000","-55,000","-55,000"
"=""062908""",智邦凱基4A購01  ,0,0,0,0,0,0,0,0,0,"-55,000",0,0,0,"20,000","75,000","-55,000","-55,000"
"=""08583U""",聯茂元大33售01  ,0,0,0,0,0,0,0,0,0,"-55,000",0,0,0,"10,000","65,000","-55,000","-55,000"
"=""08477U""",欣興凱基31售09  ,0,0,0,0,0,0,0,0,0,"-55,000",0,0,0,0,"55,000","-55,000","-55,000"
"=""055355""",世芯元富45購03  ,0,0,0,0,0,0,0,0,0,"-55,000",0,0,0,0,"55,000","-55,000","-55,000"
"=""061926""",洋基富邦47購01  ,0,0,0,0,0,0,0,0,0,"-55,000",0,0,0,0,"55,000","-55,000","-55,000"
"=""061993""",滬深2X元富46購04,0,0,0,0,0,0,0,0,0,"-55,000",0,0,0,0,"55,000","-55,000","-55,000"
"=""056971""",美債2X元富4B購02,0,0,0,0,0,0,0,0,0,"-55,000",0,0,0,"107,000","162,000","-55,000","-55,000"
"=""068820""",力積電國票48購03,0,0,0,0,0,0,0,0,0,"-55,000",0,0,0,0,"55,000","-55,000","-55,000"
"=""068888""",聯發科元富4A購08,0,0,0,0,0,0,0,0,0,"-55,000",0,0,0,0,"55,000","-55,000","-55,000"
"=""068585""",緯創群益48購03  ,0,0,0,0,0,0,0,0,0,"-55,000",0,0,0,"49,000","104,000","-55,000","-55,000"
"=""068622""",神達元大48購05  ,0,0,0,0,0,0,0,0,0,"-55,000",0,0,0,"24,000","79,000","-55,000","-55,000"
"=""068606""",台積電元大48購26,0,0,0,0,0,0,0,0,0,"-55,000",0,0,0,0,"55,000","-55,000","-55,000"
"=""068461""",台灣50群益4C購01,0,0,0,0,0,0,0,0,0,"-55,000",0,0,0,0,"55,000","-55,000","-55,000"
"=""060630""",迎廣國票48購01  ,0,0,0,0,0,0,0,0,0,"-55,000",0,0,0,0,"55,000","-55,000","-55,000"
"=""053557""",台積電元大44購44,0,0,0,0,0,0,0,0,0,"-55,000",0,0,0,"15,000","70,000","-55,000","-55,000"
"=""053593""",矽力統一4A購03  ,0,0,0,0,0,0,0,0,0,"-55,000",0,0,0,"13,000","68,000","-55,000","-55,000"
"=""059467""",振樺電元富45購02,0,0,0,0,0,0,0,0,0,"-55,000",0,0,0,"96,000","151,000","-55,000","-55,000"
"=""059416""",台積電群益4B購08,0,0,0,0,0,0,0,0,0,"-55,000",0,0,0,0,"55,000","-55,000","-55,000"
"=""060007""",臺股指中信46購08,0,0,0,0,0,0,0,0,0,"-55,000",0,0,0,"52,000","107,000","-55,000","-55,000"
"=""060012""",台積電永豐4C購03,0,0,0,0,0,0,0,0,0,"-55,000",0,0,0,0,"55,000","-55,000","-55,000"
"=""059999""",緯穎元大45購32  ,0,0,0,0,0,0,0,0,0,"-55,000",0,0,0,0,"55,000","-55,000","-55,000"
"=""058301""",嘉澤元大45購08  ,0,0,0,0,0,0,0,0,0,"-55,000",0,0,0,0,"55,000","-55,000","-55,000"
"=""060195""",保瑞元大46購03  ,0,0,0,0,0,0,0,0,0,"-55,000",0,0,0,"119,000","174,000","-55,000","-55,000"
"=""068344""",長榮永豐54購01  ,0,0,0,0,0,0,0,0,0,"-55,000",0,0,0,0,"55,000","-55,000","-55,000"
"=""065200""",瀚宇博凱基49購01,0,0,0,0,0,0,0,0,0,"-55,000",0,0,0,0,"55,000","-55,000","-55,000"
"=""065330""",台耀統一55購01  ,0,0,0,0,0,0,0,0,0,"-55,000",0,0,0,"410,000","465,000","-55,000","-55,000"
"=""042584""",力積電群益56購04,0,0,0,0,0,0,0,0,0,"-55,000",0,0,0,"10,000","65,000","-55,000","-55,000"
"=""065093""",威盛統一3B購02  ,0,0,0,0,0,0,0,0,0,"-55,000",0,0,0,0,"55,000","-55,000","-55,000"
"=""065415""",和大元大4A購01  ,0,0,0,0,0,0,0,0,0,"-55,000",0,0,0,0,"55,000","-55,000","-55,000"
"=""044820""",台化中信55購01  ,0,0,0,0,0,0,0,0,0,"-55,000",0,0,0,0,"55,000","-55,000","-55,000"
"=""065875""",華城第一47購02  ,0,0,0,0,0,0,0,0,0,"-55,000",0,0,0,0,"55,000","-55,000","-55,000"
"=""066109""",華晶科凱基47購01,0,0,0,0,0,0,0,0,0,"-55,000",0,0,0,"20,000","75,000","-55,000","-55,000"
"=""066366""",材料元富47購02  ,0,0,0,0,0,0,0,0,0,"-55,000",0,0,0,0,"55,000","-55,000","-55,000"
"=""058992""",世芯國票48購03  ,0,0,0,0,0,0,0,0,0,"-55,000",0,0,0,0,"55,000","-55,000","-55,000"
"=""063958""",晟銘電永豐49購01,0,0,0,0,0,0,0,0,0,"-55,000",0,0,0,0,"55,000","-55,000","-55,000"
"=""059045""",至上永豐45購01  ,0,0,0,0,0,0,0,0,0,"-55,000",0,0,0,0,"55,000","-55,000","-55,000"
"=""064315""",世芯台新48購01  ,0,0,0,0,0,0,0,0,0,"-55,000",0,0,0,0,"55,000","-55,000","-55,000"
"=""054235""",上銀台新44購01  ,0,0,0,0,0,0,0,0,0,"-55,000",0,0,0,"10,000","65,000","-55,000","-55,000"
"=""051340""",大立光國泰45購04,0,0,0,0,0,0,0,0,0,"-55,000",0,0,0,0,"55,000","-55,000","-55,000"
"=""048810""",材料凱基43購08  ,0,0,0,0,0,0,0,0,0,"-55,000",0,0,0,"36,000","91,000","-55,000","-55,000"
"=""062973""",長榮元大46購27  ,0,0,0,0,0,0,0,0,0,"-55,000",0,0,0,0,"55,000","-55,000","-55,000"
"=""050238""",奇鋐群益43購07  ,0,0,0,0,0,0,0,0,0,"-55,000",0,0,0,0,"55,000","-55,000","-55,000"
1713,國化            ,"11,000","76,000","-65,000",0,0,0,0,0,0,"10,000","10,000",0,"10,000",0,0,0,"-55,000"
"=""056139""",緯創元富44購06  ,0,0,0,0,0,0,0,0,0,"-55,000",0,0,0,0,"55,000","-55,000","-55,000"
"=""056180""",元日2X國票46購01,0,0,0,0,0,0,0,0,0,"-55,000",0,0,0,0,"55,000","-55,000","-55,000"
"=""064445""",鴻海元大46購40  ,0,0,0,0,0,0,0,0,0,"-55,000",0,0,0,"2,000","57,000","-55,000","-55,000"
"=""064441""",南亞元大46購01  ,0,0,0,0,0,0,0,0,0,"-55,000",0,0,0,0,"55,000","-55,000","-55,000"
"=""064891""",貿聯群益47購10  ,0,0,0,0,0,0,0,0,0,"-55,000",0,0,0,0,"55,000","-55,000","-55,000"
"=""064700""",同欣電元大46購02,0,0,0,0,0,0,0,0,0,"-55,000",0,0,0,"23,000","78,000","-55,000","-55,000"
"=""064440""",台塑元大48購01  ,0,0,0,0,0,0,0,0,0,"-56,000",0,0,0,"106,000","162,000","-56,000","-56,000"
"=""050823""",鴻海國泰45購09  ,0,0,0,0,0,0,0,0,0,"-56,000",0,0,0,"15,000","71,000","-56,000","-56,000"
"=""053294""",正新凱基45購02  ,0,0,0,0,0,0,0,0,0,"-56,000",0,0,0,"94,000","150,000","-56,000","-56,000"
"=""054753""",台積電永豐46購14,0,0,0,0,0,0,0,0,0,"-56,000",0,0,0,0,"56,000","-56,000","-56,000"
"=""063020""",世芯群益48購09  ,0,0,0,0,0,0,0,0,0,"-56,000",0,0,0,"119,000","175,000","-56,000","-56,000"
"=""04877T""",創意群益3A售01  ,0,0,0,0,0,0,0,0,0,"-56,000",0,0,0,0,"56,000","-56,000","-56,000"
"=""048142""",智原元大43購22  ,0,0,0,0,0,0,0,0,0,"-56,000",0,0,0,"105,000","161,000","-56,000","-56,000"
"=""051201""",電子類群益43購05,0,0,0,0,0,0,0,0,0,"-56,000",0,0,0,"261,000","317,000","-56,000","-56,000"
"=""056506""",中砂凱基45購03  ,0,0,0,0,0,0,0,0,0,"-56,000",0,0,0,0,"56,000","-56,000","-56,000"
"=""052716""",晶華國票45購01  ,0,0,0,0,0,0,0,0,0,"-56,000",0,0,0,"40,000","96,000","-56,000","-56,000"
"=""054073""",長榮國票45購02  ,0,0,0,0,0,0,0,0,0,"-56,000",0,0,0,"20,000","76,000","-56,000","-56,000"
"=""053754""",聯發科永豐48購01,0,0,0,0,0,0,0,0,0,"-56,000",0,0,0,"5,000","61,000","-56,000","-56,000"
"=""059088""",全漢元富48購01  ,0,0,0,0,0,0,0,0,0,"-56,000",0,0,0,0,"56,000","-56,000","-56,000"
"=""063797""",台塑凱基49購01  ,0,0,0,0,0,0,0,0,0,"-56,000",0,0,0,"64,000","120,000","-56,000","-56,000"
"=""064069""",欣興元大46購04  ,0,0,0,0,0,0,0,0,0,"-56,000",0,0,0,0,"56,000","-56,000","-56,000"
"=""03820T""",大立光凱基34售08,0,0,0,0,0,0,0,0,0,"-56,000",0,0,0,0,"56,000","-56,000","-56,000"
"=""065268""",元債2X永豐54購01,0,0,0,0,0,0,0,0,0,"-56,000",0,0,0,"12,000","68,000","-56,000","-56,000"
"=""065192""",一詮凱基47購01  ,0,0,0,0,0,0,0,0,0,"-56,000",0,0,0,0,"56,000","-56,000","-56,000"
"=""067727""",世芯元大47購27  ,0,0,0,0,0,0,0,0,0,"-56,000",0,0,0,0,"56,000","-56,000","-56,000"
"=""067694""",FB越南元大48購01,0,0,0,0,0,0,0,0,0,"-56,000",0,0,0,"22,000","78,000","-56,000","-56,000"
"=""058734""",台光電群益45購07,0,0,0,0,0,0,0,0,0,"-56,000",0,0,0,"7,000","63,000","-56,000","-56,000"
"=""058671""",鴻準元富4B購03  ,0,0,0,0,0,0,0,0,0,"-56,000",0,0,0,"77,000","133,000","-56,000","-56,000"
"=""059469""",中興電國票46購02,0,"8,000","-8,000",0,0,0,0,0,0,"-48,000",0,0,0,"8,000","56,000","-48,000","-56,000"
"=""067147""",金像電元大47購06,0,0,0,0,0,0,0,0,0,"-56,000",0,0,0,"150,000","206,000","-56,000","-56,000"
"=""060824""",長榮航兆豐48購01,0,0,0,0,0,0,0,0,0,"-56,000",0,0,0,"39,000","95,000","-56,000","-56,000"
"=""068666""",台灣50永豐49購02,0,0,0,0,0,0,0,0,0,"-56,000",0,0,0,"135,000","191,000","-56,000","-56,000"
"=""061241""",華航台新46購01  ,0,0,0,0,0,0,0,0,0,"-56,000",0,0,0,"66,000","122,000","-56,000","-56,000"
"=""061095""",緯創永豐48購01  ,0,0,0,0,0,0,0,0,0,"-56,000",0,0,0,0,"56,000","-56,000","-56,000"
"=""054975""",時碩元富44購02  ,0,0,0,0,0,0,0,0,0,"-56,000",0,0,0,"30,000","86,000","-56,000","-56,000"
"=""062695""",亞光永豐47購03  ,0,0,0,0,0,0,0,0,0,"-56,000",0,0,0,"91,000","147,000","-56,000","-56,000"
"=""056790""",國泰金國票46購01,0,0,0,0,0,0,0,0,0,"-56,000",0,0,0,"65,000","121,000","-56,000","-56,000"
"=""057770""",緯創群益45購08  ,0,0,0,0,0,0,0,0,0,"-56,000",0,0,0,"49,000","105,000","-56,000","-56,000"
"=""061155""",中磊元富3A購01  ,0,0,0,0,0,0,0,0,0,"-57,000",0,0,0,0,"57,000","-57,000","-57,000"
"=""068768""",華泰永豐3C購01  ,0,0,0,0,0,0,0,0,0,"-57,000",0,0,0,0,"57,000","-57,000","-57,000"
"=""060987""",智邦群益49購01  ,0,0,0,0,0,0,0,0,0,"-57,000",0,0,0,0,"57,000","-57,000","-57,000"
"=""068966""",創意富邦4A購02  ,0,0,0,0,0,0,0,0,0,"-57,000",0,0,0,0,"57,000","-57,000","-57,000"
"=""060703""",智邦統一54購01  ,0,0,0,0,0,0,0,0,0,"-57,000",0,0,0,"41,000","98,000","-57,000","-57,000"
"=""060312""",南亞科群益47購01,0,0,0,0,0,0,0,0,0,"-57,000",0,0,0,"38,000","95,000","-57,000","-57,000"
"=""061969""",海悅凱基46購03  ,0,0,0,0,0,0,0,0,0,"-57,000",0,0,0,0,"57,000","-57,000","-57,000"
"=""069427""",仁寶群益4C購01  ,0,0,0,0,0,0,0,0,0,"-57,000",0,0,0,"30,000","87,000","-57,000","-57,000"
"=""067060""",鴻海群益61購01  ,0,0,0,0,0,0,0,0,0,"-57,000",0,0,0,0,"57,000","-57,000","-57,000"
"=""03296T""",虹堡群益33售02  ,0,0,0,0,0,0,0,0,0,"-57,000",0,0,0,"43,000","100,000","-57,000","-57,000"
"=""03301T""",聚陽國票34售01  ,0,0,0,0,0,0,0,0,0,"-57,000",0,0,0,0,"57,000","-57,000","-57,000"
"=""030961""",緯穎富邦54購01  ,0,0,0,0,0,0,0,0,0,"-57,000",0,0,0,"41,000","98,000","-57,000","-57,000"
"=""067185""",國泰金富邦49購01,0,0,0,0,0,0,0,0,0,"-57,000",0,0,0,"9,000","66,000","-57,000","-57,000"
"=""065344""",京元電國泰48購03,0,0,0,0,0,0,0,0,0,"-57,000",0,0,0,0,"57,000","-57,000","-57,000"
"=""04309T""",威盛國泰37售03  ,0,0,0,0,0,0,0,0,0,"-57,000",0,0,0,"10,000","67,000","-57,000","-57,000"
"=""054326""",皇昌群益46購04  ,0,0,0,0,0,0,0,0,0,"-57,000",0,0,0,0,"57,000","-57,000","-57,000"
"=""048161""",技嘉群益42購17  ,0,0,0,0,0,0,0,0,0,"-57,000",0,0,0,"7,000","64,000","-57,000","-57,000"
"=""048361""",欣興凱基42購01  ,0,0,0,0,0,0,0,0,0,"-58,000",0,0,0,"128,000","186,000","-58,000","-58,000"
"=""063423""",世紀鋼群益48購02,0,0,0,0,0,0,0,0,0,"-58,000",0,0,0,0,"58,000","-58,000","-58,000"
"=""063172""",世芯元富4C購02  ,0,0,0,0,0,0,0,0,0,"-58,000",0,0,0,0,"58,000","-58,000","-58,000"
"=""051039""",臺股指凱基46購09,0,0,0,0,0,0,0,0,0,"-58,000",0,0,0,0,"58,000","-58,000","-58,000"
"=""039788""",台勝科國票5A購01,0,0,0,0,0,0,0,0,0,"-58,000",0,0,0,"129,000","187,000","-58,000","-58,000"
"=""052404""",旺宏元大43購06  ,0,0,0,0,0,0,0,0,0,"-58,000",0,0,0,"2,000","60,000","-58,000","-58,000"
3419,譁裕            ,"67,000","125,000","-58,000",0,0,0,0,0,0,0,0,0,0,0,0,0,"-58,000"
"=""043969""",台泥永豐55購01  ,0,0,0,0,0,0,0,0,0,"-58,000",0,0,0,0,"58,000","-58,000","-58,000"
"=""065948""",台化元大47購03  ,"142,000","80,000","62,000",0,0,0,0,0,0,"-120,000",0,0,0,0,"120,000","-120,000","-58,000"
"=""055943""",萬海元大47購04  ,0,0,0,0,0,0,0,0,0,"-58,000",0,0,0,"94,000","152,000","-58,000","-58,000"
"=""059966""",友訊元大45購07  ,0,0,0,0,0,0,0,0,0,"-58,000",0,0,0,"210,000","268,000","-58,000","-58,000"
"=""060178""",一詮元大46購05  ,0,0,0,0,0,0,0,0,0,"-58,000",0,0,0,0,"58,000","-58,000","-58,000"
"=""068328""",力積電元大48購01,0,0,0,0,0,0,0,0,0,"-58,000",0,0,0,"17,000","75,000","-58,000","-58,000"
"=""056935""",奇鋐群益45購07  ,0,0,0,0,0,0,0,0,0,"-58,000",0,0,0,"23,000","81,000","-58,000","-58,000"
"=""057215""",穎崴兆豐47購01  ,0,0,0,0,0,0,0,0,0,"-58,000",0,0,0,0,"58,000","-58,000","-58,000"
"=""060688""",智邦永豐46購02  ,0,"58,000","-58,000",0,0,0,0,0,0,0,0,0,0,0,0,0,"-58,000"
"=""060575""",聯電元大46購07  ,0,0,0,0,0,0,0,0,0,"-58,000",0,0,0,0,"58,000","-58,000","-58,000"
"=""057998""",漢唐永豐46購01  ,0,0,0,0,0,0,0,0,0,"-58,000",0,0,0,"5,000","63,000","-58,000","-58,000"
"=""062738""",FANG+富邦48購01 ,0,0,0,0,0,0,0,0,0,"-58,000",0,0,0,"100,000","158,000","-58,000","-58,000"
"=""046039""",旺宏元大43購02  ,0,0,0,0,0,0,0,0,0,"-58,000",0,0,0,"69,000","127,000","-58,000","-58,000"
"=""055215""",長榮永豐45購04  ,0,0,0,0,0,0,0,0,0,"-58,000",0,0,0,"114,000","172,000","-58,000","-58,000"
"=""055133""",欣興國泰46購04  ,0,0,0,0,0,0,0,0,0,"-58,000",0,0,0,"2,000","60,000","-58,000","-58,000"
"=""055118""",祥碩元大44購02  ,0,0,0,0,0,0,0,0,0,"-58,000",0,0,0,"23,000","81,000","-58,000","-58,000"
"=""062901""",A50正2凱基46購02,0,0,0,0,0,0,0,0,0,"-58,000",0,0,0,"4,000","62,000","-58,000","-58,000"
"=""055360""",佳必琪元富44購02,0,0,0,0,0,0,0,0,0,"-58,000",0,0,0,0,"58,000","-58,000","-58,000"
"=""047429""",精銳統一51購01  ,0,0,0,0,0,0,0,0,0,"-58,000",0,0,0,0,"58,000","-58,000","-58,000"
2498,宏達電          ,"770,535","786,000","-15,465",0,0,0,0,185,-185,"-43,074","52,000","56,000","-4,000","2,000","41,074","-39,074","-58,724"
"=""056273""",鴻準國泰47購01  ,0,0,0,0,0,0,0,0,0,"-59,000",0,0,0,0,"59,000","-59,000","-59,000"
"=""056091""",鴻準元大44購03  ,0,0,0,0,0,0,0,0,0,"-59,000",0,0,0,"27,000","86,000","-59,000","-59,000"
"=""063147""",電子類凱基46購04,0,0,0,0,0,0,0,0,0,"-59,000",0,0,0,"276,000","335,000","-59,000","-59,000"
"=""063557""",中502X永豐48購01,0,0,0,0,0,0,0,0,0,"-59,000",0,0,0,"3,000","62,000","-59,000","-59,000"
"=""063656""",聯發科元大46購21,0,0,0,0,0,0,0,0,0,"-59,000",0,0,0,0,"59,000","-59,000","-59,000"
3027,盛達            ,"59,000","108,000","-49,000",0,0,0,0,0,0,"-10,000",0,"10,000","-10,000",0,0,0,"-59,000"
"=""064880""",晟銘電群益4B購01,0,0,0,0,0,0,0,0,0,"-59,000",0,0,0,0,"59,000","-59,000","-59,000"
"=""062177""",滬深2X永豐48購03,0,0,0,0,0,0,0,0,0,"-59,000",0,0,0,0,"59,000","-59,000","-59,000"
"=""060762""",正崴元大46購08  ,0,0,0,0,0,0,0,0,0,"-59,000",0,0,0,"27,000","86,000","-59,000","-59,000"
"=""056711""",世芯元大45購10  ,0,0,0,0,0,0,0,0,0,"-59,000",0,0,0,"25,000","84,000","-59,000","-59,000"
"=""069021""",聯詠中信49購01  ,0,0,0,0,0,0,0,0,0,"-59,000",0,0,0,0,"59,000","-59,000","-59,000"
"=""061871""",元債2X元大55購01,0,0,0,0,0,0,0,0,0,"-59,000",0,0,0,"11,000","70,000","-59,000","-59,000"
"=""061803""",瑞昱凱基46購03  ,0,0,0,0,0,0,0,0,0,"-59,000",0,0,0,"109,000","168,000","-59,000","-59,000"
"=""068000""",華邦電群益47購04,0,0,0,0,0,0,0,0,0,"-59,000",0,0,0,0,"59,000","-59,000","-59,000"
"=""067957""",台積電統一3B購02,0,0,0,0,0,0,0,0,0,"-59,000",0,0,0,0,"59,000","-59,000","-59,000"
"=""058785""",大立光元大4A購01,0,0,0,0,0,0,0,0,0,"-59,000",0,0,0,0,"59,000","-59,000","-59,000"
"=""052079""",嘉澤永豐43購02  ,0,0,0,0,0,0,0,0,0,"-59,000",0,0,0,0,"59,000","-59,000","-59,000"
"=""067521""",欣興元大4B購06  ,0,0,0,0,0,0,0,0,0,"-59,000",0,0,0,"2,000","61,000","-59,000","-59,000"
"=""059508""",華孚永豐45購01  ,0,0,0,0,0,0,0,0,0,"-59,000",0,0,0,"653,000","712,000","-59,000","-59,000"
"=""065986""",矽力元大48購02  ,0,0,0,0,0,0,0,0,0,"-59,000",0,0,0,"15,000","74,000","-59,000","-59,000"
"=""066481""",群創元大47購08  ,0,0,0,0,0,0,0,0,0,"-59,000",0,0,0,"159,000","218,000","-59,000","-59,000"
"=""045160""",保瑞群益55購04  ,0,0,0,0,0,0,0,0,0,"-59,000",0,0,0,0,"59,000","-59,000","-59,000"
4739,康普            ,"9,000","64,000","-55,000",0,0,0,0,0,0,"-4,329",0,0,0,0,"4,329","-4,329","-59,329"
5284,jpp-KY          ,"50,000","88,000","-38,000",0,0,0,0,0,0,"-21,418","2,000","23,418","-21,418",0,0,0,"-59,418"
"=""052894""",臻鼎國泰46購01  ,0,0,0,0,0,0,0,0,0,"-60,000",0,0,0,0,"60,000","-60,000","-60,000"
"=""053981""",奇鋐凱基45購02  ,0,0,0,0,0,0,0,0,0,"-60,000",0,0,0,0,"60,000","-60,000","-60,000"
"=""053775""",滬深反凱基46購01,0,0,0,0,0,0,0,0,0,"-60,000",0,0,0,0,"60,000","-60,000","-60,000"
"=""053782""",致茂凱基44購04  ,0,0,0,0,0,0,0,0,0,"-60,000",0,0,0,0,"60,000","-60,000","-60,000"
"=""064316""",臺指反凱基51購01,0,0,0,0,0,0,0,0,0,"-60,000",0,0,0,"100,000","160,000","-60,000","-60,000"
"=""059120""",鉅祥凱基48購01  ,0,0,0,0,0,0,0,0,0,"-60,000",0,0,0,0,"60,000","-60,000","-60,000"
"=""064229""",威盛國泰47購02  ,0,0,0,0,0,0,0,0,0,"-60,000",0,0,0,0,"60,000","-60,000","-60,000"
"=""063401""",陽明群益46購10  ,0,0,0,0,0,0,0,0,0,"-60,000",0,0,0,0,"60,000","-60,000","-60,000"
"=""049742""",穎崴國票46購01  ,0,0,0,0,0,0,0,0,0,"-60,000",0,0,0,"20,000","80,000","-60,000","-60,000"
"=""048118""",亞力國泰44購02  ,0,0,0,0,0,0,0,0,0,"-60,000",0,0,0,0,"60,000","-60,000","-60,000"
"=""056028""",威盛凱基49購02  ,0,0,0,0,0,0,0,0,0,"-60,000",0,0,0,0,"60,000","-60,000","-60,000"
"=""054706""",長榮航凱基46購01,0,0,0,0,0,0,0,0,0,"-60,000",0,0,0,0,"60,000","-60,000","-60,000"
"=""056213""",川湖群益46購03  ,0,0,0,0,0,0,0,0,0,"-60,000",0,0,0,0,"60,000","-60,000","-60,000"
"=""056407""",元債2X群益51購01,0,0,0,0,0,0,0,0,0,"-60,000",0,0,0,0,"60,000","-60,000","-60,000"
"=""050886""",碩天元大43購06  ,0,0,0,0,0,0,0,0,0,"-60,000",0,0,0,0,"60,000","-60,000","-60,000"
"=""050852""",景碩凱基43購09  ,0,0,0,0,0,0,0,0,0,"-60,000",0,0,0,0,"60,000","-60,000","-60,000"
"=""050371""",奇鋐元大43購26  ,0,0,0,0,0,0,0,0,0,"-60,000",0,0,0,"71,000","131,000","-60,000","-60,000"
"=""064910""",智邦凱基4C購01  ,0,0,0,0,0,0,0,0,0,"-60,000",0,0,0,0,"60,000","-60,000","-60,000"
"=""044130""",漢唐元大58購03  ,0,0,0,0,0,0,0,0,0,"-60,000",0,0,0,"40,000","100,000","-60,000","-60,000"
"=""03592T""",金像電凱基34售03,0,0,0,0,0,0,0,0,0,"-60,000",0,0,0,0,"60,000","-60,000","-60,000"
"=""065171""",FBNQ2X凱基49購02,0,0,0,0,0,0,0,0,0,"-60,000",0,0,0,"12,000","72,000","-60,000","-60,000"
"=""065452""",泰金寶元大47購04,0,0,0,0,0,0,0,0,0,"-60,000",0,0,0,0,"60,000","-60,000","-60,000"
"=""065527""",精成科統一55購01,0,0,0,0,0,0,0,0,0,"-60,000",0,0,0,"42,000","102,000","-60,000","-60,000"
"=""03710T""",矽統群益36售01  ,0,0,0,0,0,0,0,0,0,"-60,000",0,0,0,"40,000","100,000","-60,000","-60,000"
"=""043322""",台光電群益55購06,0,0,0,0,0,0,0,0,0,"-60,000",0,0,0,"10,000","70,000","-60,000","-60,000"
"=""065788""",台積電富邦51購01,0,0,0,0,0,0,0,0,0,"-60,000",0,0,0,0,"60,000","-60,000","-60,000"
"=""067949""",智邦永豐49購01  ,0,0,0,0,0,0,0,0,0,"-60,000",0,0,0,0,"60,000","-60,000","-60,000"
"=""057658""",光寶科元富48購01,0,0,0,0,0,0,0,0,0,"-60,000",0,0,0,"140,000","200,000","-60,000","-60,000"
"=""061723""",長榮永豐46購07  ,0,0,0,0,0,0,0,0,0,"-60,000",0,0,0,0,"60,000","-60,000","-60,000"
"=""069210""",亞翔統一52購02  ,0,0,0,0,0,0,0,0,0,"-60,000",0,0,0,"20,000","80,000","-60,000","-60,000"
"=""062078""",台積電元大46購19,0,0,0,0,0,0,0,0,0,"-60,000",0,0,0,0,"60,000","-60,000","-60,000"
"=""057310""",緯創元大45購15  ,0,0,0,0,0,0,0,0,0,"-60,000",0,0,0,"10,000","70,000","-60,000","-60,000"
"=""057351""",緯創群益45購05  ,0,0,0,0,0,0,0,0,0,"-60,000",0,0,0,0,"60,000","-60,000","-60,000"
"=""060755""",智邦元大46購04  ,0,0,0,0,0,0,0,0,0,"-60,000",0,0,0,"15,000","75,000","-60,000","-60,000"
"=""068970""",亞翔富邦4A購01  ,0,0,0,0,0,0,0,0,0,"-60,000",0,0,0,0,"60,000","-60,000","-60,000"
"=""068877""",昇陽半永豐49購01,0,0,0,0,0,0,0,0,0,"-60,000",0,0,0,"36,000","96,000","-60,000","-60,000"
"=""068827""",世紀鋼國票49購02,0,0,0,0,0,0,0,0,0,"-60,000",0,0,0,0,"60,000","-60,000","-60,000"
"=""068832""",大同統一52購01  ,0,0,0,0,0,0,0,0,0,"-60,000",0,0,0,0,"60,000","-60,000","-60,000"
"=""061029""",大同元大46購10  ,0,0,0,0,0,0,0,0,0,"-60,000",0,0,0,0,"60,000","-60,000","-60,000"
"=""061460""",鴻準元大46購10  ,0,0,0,0,0,0,0,0,0,"-60,000",0,0,0,0,"60,000","-60,000","-60,000"
"=""062175""",滬深2X永豐47購04,0,0,0,0,0,0,0,0,0,"-60,000",0,0,0,0,"60,000","-60,000","-60,000"
"=""062383""",漢翔凱基46購03  ,0,0,0,0,0,0,0,0,0,"-60,000",0,0,0,0,"60,000","-60,000","-60,000"
"=""062733""",台灣50兆豐3C購01,0,0,0,0,0,0,0,0,0,"-60,000",0,0,0,0,"60,000","-60,000","-60,000"
"=""055451""",宏達電群益44購07,0,0,0,0,0,0,0,0,0,"-60,000",0,0,0,"35,000","95,000","-60,000","-60,000"
"=""055090""",SGBR2X元大46購01,0,0,0,0,0,0,0,0,0,"-60,000",0,0,0,0,"60,000","-60,000","-60,000"
"=""08147U""",華擎群益31售02  ,0,0,0,0,0,0,0,0,0,"-60,000",0,0,0,0,"60,000","-60,000","-60,000"
8429,金麗-KY         ,"6,000","67,000","-61,000",0,0,0,0,0,0,984,"6,000","5,016",984,0,0,0,"-60,016"
5534,長虹            ,"55,000","127,000","-72,000",0,0,0,0,0,0,"11,020","25,020","14,000","11,020",0,0,0,"-60,980"
6591,動力-KY         ,"8,000","69,000","-61,000",0,0,0,0,0,0,0,0,0,0,0,0,0,"-61,000"
"=""064148""",緯創富邦47購02  ,0,0,0,0,0,0,0,0,0,"-61,000",0,0,0,"49,000","110,000","-61,000","-61,000"
"=""058960""",日本2X元富45購01,0,0,0,0,0,0,0,0,0,"-61,000",0,0,0,"125,000","186,000","-61,000","-61,000"
1736,喬山            ,"94,000","78,000","16,000",0,0,0,0,"75,000","-75,000","-2,000",0,0,0,0,"2,000","-2,000","-61,000"
"=""063453""",友達元大46購01  ,0,0,0,0,0,0,0,0,0,"-61,000",0,0,0,"4,000","65,000","-61,000","-61,000"
"=""07878U""",SGBR2X凱基32售03,0,0,0,0,0,0,0,0,0,"-61,000",0,0,0,0,"61,000","-61,000","-61,000"
"=""08829U""",日本2X凱基33售01,0,0,0,0,0,0,0,0,0,"-61,000",0,0,0,0,"61,000","-61,000","-61,000"
"=""046622""",華通國泰44購01  ,0,0,0,0,0,0,0,0,0,"-61,000",0,0,0,0,"61,000","-61,000","-61,000"
"=""057851""",正崴凱基45購01  ,0,0,0,0,0,0,0,0,0,"-61,000",0,0,0,0,"61,000","-61,000","-61,000"
"=""061357""",川湖國票4A購02  ,0,0,0,0,0,0,0,0,0,"-61,000",0,0,0,0,"61,000","-61,000","-61,000"
"=""061181""",正崴群益48購03  ,0,0,0,0,0,0,0,0,0,"-61,000",0,0,0,"7,000","68,000","-61,000","-61,000"
"=""068549""",緯創兆豐52購01  ,0,0,0,0,0,0,0,0,0,"-61,000",0,0,0,0,"61,000","-61,000","-61,000"
"=""069044""",華城凱基48購03  ,0,0,0,0,0,0,0,0,0,"-61,000",0,0,0,"15,000","76,000","-61,000","-61,000"
"=""069798""",精成科統一52購01,0,0,0,0,0,0,0,0,0,"-61,000",0,0,0,0,"61,000","-61,000","-61,000"
"=""061821""",樺漢凱基46購02  ,0,0,0,0,0,0,0,0,0,"-61,000",0,0,0,"4,000","65,000","-61,000","-61,000"
"=""061877""",華邦電元大46購05,0,0,0,0,0,0,0,0,0,"-61,000",0,0,0,"10,000","71,000","-61,000","-61,000"
"=""067948""",華邦電永豐48購01,0,0,0,0,0,0,0,0,0,"-61,000",0,0,0,0,"61,000","-61,000","-61,000"
"=""067936""",穎崴富邦4A購01  ,0,0,0,0,0,0,0,0,0,"-61,000",0,0,0,"39,000","100,000","-61,000","-61,000"
"=""067892""",T50正2元大4A購01,0,0,0,0,0,0,0,0,0,"-61,000",0,0,0,"109,000","170,000","-61,000","-61,000"
"=""068008""",創意群益48購03  ,0,0,0,0,0,0,0,0,0,"-61,000",0,0,0,0,"61,000","-61,000","-61,000"
"=""054887""",台灣50元富4A購01,0,0,0,0,0,0,0,0,0,"-61,000",0,0,0,"1,000","62,000","-61,000","-61,000"
"=""00656R""",國泰中國A50反1  ,0,"81,000","-81,000",0,0,0,0,0,0,"20,000",0,0,0,"1,052,000","1,032,000","20,000","-61,000"
"=""066370""",洋基元富51購01  ,0,0,0,0,0,0,0,0,0,"-61,000",0,0,0,"9,000","70,000","-61,000","-61,000"
"=""045573""",旭隼凱基5A購01  ,0,0,0,0,0,0,0,0,0,"-61,000",0,0,0,"40,000","101,000","-61,000","-61,000"
"=""065490""",泰金寶第一48購01,0,0,0,0,0,0,0,0,0,"-62,000",0,0,0,"78,000","140,000","-62,000","-62,000"
"=""067422""",潤泰全永豐51購01,0,0,0,0,0,0,0,0,0,"-62,000",0,0,0,"1,000","63,000","-62,000","-62,000"
"=""069852""",立積群益48購07  ,0,0,0,0,0,0,0,0,0,"-62,000",0,0,0,"1,000","63,000","-62,000","-62,000"
"=""060833""",台積電富邦48購03,0,0,0,0,0,0,0,0,0,"-62,000",0,0,0,0,"62,000","-62,000","-62,000"
"=""068945""",力積電元大48購09,0,0,0,0,0,0,0,0,0,"-62,000",0,0,0,0,"62,000","-62,000","-62,000"
"=""060890""",長榮航中信47購02,0,0,0,0,0,0,0,0,0,"-62,000",0,0,0,"30,000","92,000","-62,000","-62,000"
"=""060953""",元債2X凱基3A購01,0,0,0,0,0,0,0,0,0,"-62,000",0,0,0,0,"62,000","-62,000","-62,000"
"=""062604""",臺股指元大48購14,0,0,0,0,0,0,0,0,0,"-62,000",0,0,0,"10,000","72,000","-62,000","-62,000"
"=""054568""",金寶統一4A購01  ,0,0,0,0,0,0,0,0,0,"-62,000",0,0,0,"196,000","258,000","-62,000","-62,000"
"=""049717""",新日興元富49購01,0,0,0,0,0,0,0,0,0,"-62,000",0,0,0,"38,000","100,000","-62,000","-62,000"
"=""047716""",創意元大44購02  ,0,0,0,0,0,0,0,0,0,"-62,000",0,0,0,"25,000","87,000","-62,000","-62,000"
"=""055740""",奇鋐元大44購12  ,0,0,0,0,0,0,0,0,0,"-62,000",0,0,0,0,"62,000","-62,000","-62,000"
"=""056255""",奇鋐元大44購17  ,0,0,0,0,0,0,0,0,0,"-62,000",0,0,0,0,"62,000","-62,000","-62,000"
"=""064125""",華晶科群益48購02,0,0,0,0,0,0,0,0,0,"-62,000",0,0,0,0,"62,000","-62,000","-62,000"
9911,櫻花            ,"15,000","85,000","-70,000",0,0,0,0,0,0,"8,000","12,000","4,000","8,000",0,0,0,"-62,000"
"=""052381""",國泰金群益47購01,0,0,0,0,0,0,0,0,0,"-62,000",0,0,0,0,"62,000","-62,000","-62,000"
"=""056509""",旺宏凱基45購01  ,0,0,0,0,0,0,0,0,0,"-62,000",0,0,0,0,"62,000","-62,000","-62,000"
"=""064478""",T50正2群益46購09,0,0,0,0,0,0,0,0,0,"-62,000",0,0,0,"88,000","150,000","-62,000","-62,000"
2645,長榮航太        ,"32,649","93,000","-60,351",0,0,0,0,0,0,"-2,000",0,"2,000","-2,000","1,000","1,000",0,"-62,351"
1717,長興            ,"162,000","227,000","-65,000",0,0,0,0,0,0,"2,564","12,000","9,436","2,564",0,0,0,"-62,436"
1536,和大            ,"75,000","135,000","-60,000",0,0,0,0,0,0,"-2,994","5,000","7,934","-2,934",0,60,-60,"-62,994"
"=""055544""",志聖統一54購02  ,0,0,0,0,0,0,0,0,0,"-63,000",0,0,0,0,"63,000","-63,000","-63,000"
2241,艾姆勒          ,"69,000","128,000","-59,000",0,0,0,0,0,0,"-4,000",0,"4,000","-4,000",0,0,0,"-63,000"
"=""063263""",聯電台新46購01  ,0,0,0,0,0,0,0,0,0,"-63,000",0,0,0,0,"63,000","-63,000","-63,000"
"=""052862""",長興永豐44購01  ,0,0,0,0,0,0,0,0,0,"-63,000",0,0,0,0,"63,000","-63,000","-63,000"
"=""053842""",台積電元富44購14,0,0,0,0,0,0,0,0,0,"-63,000",0,0,0,0,"63,000","-63,000","-63,000"
"=""054086""",元債2X富邦51購02,0,0,0,0,0,0,0,0,0,"-63,000",0,0,0,0,"63,000","-63,000","-63,000"
"=""055418""",滬深2X永豐45購12,0,0,0,0,0,0,0,0,0,"-63,000",0,0,0,0,"63,000","-63,000","-63,000"
"=""062797""",FBNQ2X元大47購01,0,0,0,0,0,0,0,0,0,"-63,000",0,0,0,0,"63,000","-63,000","-63,000"
"=""062762""",台達電群益48購01,0,0,0,0,0,0,0,0,0,"-63,000",0,0,0,0,"63,000","-63,000","-63,000"
"=""062230""",牧德元富46購04  ,0,0,0,0,0,0,0,0,0,"-63,000",0,0,0,"30,000","93,000","-63,000","-63,000"
"=""057971""",元大金群益46購01,0,0,0,0,0,0,0,0,0,"-63,000",0,0,0,"50,000","113,000","-63,000","-63,000"
"=""060968""",一詮元富46購01  ,0,0,0,0,0,0,0,0,0,"-63,000",0,0,0,0,"63,000","-63,000","-63,000"
"=""062077""",仁寶元大4C購01  ,0,0,0,0,0,0,0,0,0,"-63,000",0,0,0,"2,000","65,000","-63,000","-63,000"
"=""067368""",和大國泰48購01  ,0,0,0,0,0,0,0,0,0,"-63,000",0,0,0,0,"63,000","-63,000","-63,000"
"=""067603""",大成鋼元富47購01,0,0,0,0,0,0,0,0,0,"-63,000",0,0,0,0,"63,000","-63,000","-63,000"
"=""052127""",萬海台新43購05  ,0,0,0,0,0,0,0,0,0,"-63,000",0,0,0,"82,000","145,000","-63,000","-63,000"
"=""058701""",凱基金國票45購01,0,0,0,0,0,0,0,0,0,"-63,000",0,0,0,0,"63,000","-63,000","-63,000"
"=""059970""",鴻準元大45購21  ,0,0,0,0,0,0,0,0,0,"-63,000",0,0,0,0,"63,000","-63,000","-63,000"
"=""066233""",泓德群益48購01  ,0,0,0,0,0,0,0,0,0,"-63,000",0,0,0,0,"63,000","-63,000","-63,000"
"=""03615T""",景碩凱基36售01  ,0,0,0,0,0,0,0,0,0,"-64,000",0,0,0,0,"64,000","-64,000","-64,000"
"=""058845""",美時凱基49購01  ,0,0,0,0,0,0,0,0,0,"-64,000",0,0,0,"5,000","69,000","-64,000","-64,000"
"=""058812""",鴻海台新45購03  ,0,0,0,0,0,0,0,0,0,"-64,000",0,0,0,"50,000","114,000","-64,000","-64,000"
"=""068084""",富世達凱基47購02,0,0,0,0,0,0,0,0,0,"-64,000",0,0,0,"400,000","464,000","-64,000","-64,000"
"=""067841""",台化凱基47購03  ,0,0,0,0,0,0,0,0,0,"-64,000",0,0,0,"18,000","82,000","-64,000","-64,000"
"=""067126""",台化國票47購04  ,0,0,0,0,0,0,0,0,0,"-64,000",0,0,0,0,"64,000","-64,000","-64,000"
"=""058514""",新唐凱基45購05  ,0,0,0,0,0,0,0,0,0,"-64,000",0,0,0,0,"64,000","-64,000","-64,000"
"=""058528""",金寶元大49購03  ,"137,000","201,000","-64,000",0,0,0,0,0,0,0,0,0,0,0,0,0,"-64,000"
"=""061983""",精成科凱基46購01,0,0,0,0,0,0,0,0,0,"-64,000",0,0,0,"4,000","68,000","-64,000","-64,000"
"=""069537""",創意國泰49購01  ,0,0,0,0,0,0,0,0,0,"-64,000",0,0,0,0,"64,000","-64,000","-64,000"
"=""061601""",三福化國票47購01,0,0,0,0,0,0,0,0,0,"-64,000",0,0,0,"151,000","215,000","-64,000","-64,000"
"=""061712""",長榮航中信46購05,0,0,0,0,0,0,0,0,0,"-64,000",0,0,0,"37,000","101,000","-64,000","-64,000"
"=""056980""",世芯元富45購05  ,0,0,0,0,0,0,0,0,0,"-64,000",0,0,0,0,"64,000","-64,000","-64,000"
"=""061521""",台達電中信49購01,0,0,0,0,0,0,0,0,0,"-64,000",0,0,0,"44,000","108,000","-64,000","-64,000"
"=""056791""",信邦國票46購01  ,0,0,0,0,0,0,0,0,0,"-64,000",0,0,0,0,"64,000","-64,000","-64,000"
"=""062325""",川湖元大49購03  ,0,0,0,0,0,0,0,0,0,"-64,000",0,0,0,"66,000","130,000","-64,000","-64,000"
"=""046623""",台積電國泰44購02,0,0,0,0,0,0,0,0,0,"-64,000",0,0,0,0,"64,000","-64,000","-64,000"
"=""062579""",漢唐元大46購06  ,0,0,0,0,0,0,0,0,0,"-64,000",0,0,0,"3,000","67,000","-64,000","-64,000"
"=""062879""",台積電元富46購12,0,0,0,0,0,0,0,0,0,"-64,000",0,0,0,"85,000","149,000","-64,000","-64,000"
"=""064268""",上銀元大49購02  ,"36,000","100,000","-64,000",0,0,0,0,0,0,0,0,0,0,0,0,0,"-64,000"
"=""053800""",上銀國票45購01  ,0,0,0,0,0,0,0,0,0,"-64,000",0,0,0,"63,000","127,000","-64,000","-64,000"
"=""048353""",美債2X凱基46購02,0,0,0,0,0,0,0,0,0,"-64,000",0,0,0,0,"64,000","-64,000","-64,000"
"=""064931""",保瑞凱基47購02  ,0,0,0,0,0,0,0,0,0,"-64,000",0,0,0,"7,000","71,000","-64,000","-64,000"
2851,中再保          ,"30,000","138,000","-108,000",0,0,0,0,0,0,"43,503","44,000",497,"43,503",0,0,0,"-64,497"
6288,聯嘉            ,"481,000","545,000","-64,000",0,0,0,0,0,0,-920,80,"1,000",-920,0,0,0,"-64,920"
"=""053180""",正新國票45購01  ,0,0,0,0,0,0,0,0,0,"-65,000",0,0,0,0,"65,000","-65,000","-65,000"
"=""052279""",達運元富49購01  ,0,0,0,0,0,0,0,0,0,"-65,000",0,0,0,0,"65,000","-65,000","-65,000"
"=""044559""",鴻海群益56購10  ,0,0,0,0,0,0,0,0,0,"-65,000",0,0,0,"30,000","95,000","-65,000","-65,000"
"=""064177""",上銀統一4B購01  ,0,0,0,0,0,0,0,0,0,"-65,000",0,0,0,"1,000","66,000","-65,000","-65,000"
"=""050574""",TPK國票44購02   ,0,0,0,0,0,0,0,0,0,"-65,000",0,0,0,0,"65,000","-65,000","-65,000"
"=""063613""",台積電群益5C購02,0,0,0,0,0,0,0,0,0,"-65,000",0,0,0,"27,000","92,000","-65,000","-65,000"
"=""064987""",長榮元富61購01  ,0,0,0,0,0,0,0,0,0,"-65,000",0,0,0,"12,000","77,000","-65,000","-65,000"
"=""04034T""",瑞昱元大34售12  ,0,0,0,0,0,0,0,0,0,"-65,000",0,0,0,"74,000","139,000","-65,000","-65,000"
"=""058118""",材料元大45購05  ,0,0,0,0,0,0,0,0,0,"-65,000",0,0,0,"10,000","75,000","-65,000","-65,000"
"=""057729""",緯創元大45購20  ,0,0,0,0,0,0,0,0,0,"-65,000",0,0,0,"6,000","71,000","-65,000","-65,000"
"=""062157""",信錦中信47購01  ,0,0,0,0,0,0,0,0,0,"-65,000",0,0,0,"44,000","109,000","-65,000","-65,000"
"=""061538""",愛普中信47購01  ,0,0,0,0,0,0,0,0,0,"-65,000",0,0,0,"10,000","75,000","-65,000","-65,000"
"=""057344""",奇鋐群益45購09  ,0,0,0,0,0,0,0,0,0,"-65,000",0,0,0,0,"65,000","-65,000","-65,000"
"=""057080""",聯詠元大45購02  ,0,0,0,0,0,0,0,0,0,"-65,000",0,0,0,0,"65,000","-65,000","-65,000"
"=""057367""",華通富邦49購01  ,0,0,0,0,0,0,0,0,0,"-65,000",0,0,0,0,"65,000","-65,000","-65,000"
"=""056535""",鴻準永豐46購03  ,0,0,0,0,0,0,0,0,0,"-65,000",0,0,0,"75,000","140,000","-65,000","-65,000"
"=""061865""",緯穎群益48購06  ,0,0,0,0,0,0,0,0,0,"-65,000",0,0,0,"1,000","66,000","-65,000","-65,000"
"=""060939""",聯詠凱基46購02  ,0,0,0,0,0,0,0,0,0,"-65,000",0,0,0,"10,000","75,000","-65,000","-65,000"
"=""068910""",微星富邦3C購01  ,0,0,0,0,0,0,0,0,0,"-65,000",0,0,0,"35,000","100,000","-65,000","-65,000"
"=""061092""",奇鋐永豐48購02  ,0,"522,000","-522,000",0,0,0,0,0,0,"457,000",0,0,0,"568,000","111,000","457,000","-65,000"
"=""060717""",台光電群益46購02,0,0,0,0,0,0,0,0,0,"-65,000",0,0,0,"782,000","847,000","-65,000","-65,000"
"=""060572""",美時元大46購03  ,0,0,0,0,0,0,0,0,0,"-65,000",0,0,0,"2,000","67,000","-65,000","-65,000"
"=""060377""",技嘉凱基42購01  ,0,0,0,0,0,0,0,0,0,"-65,000",0,0,0,"25,000","90,000","-65,000","-65,000"
"=""058584""",建準群益45購06  ,0,0,0,0,0,0,0,0,0,"-65,000",0,0,0,0,"65,000","-65,000","-65,000"
"=""04174T""",威盛元富3B售02  ,0,0,0,0,0,0,0,0,0,"-65,000",0,0,0,"10,000","75,000","-65,000","-65,000"
"=""067850""",南亞科凱基47購04,0,0,0,0,0,0,0,0,0,"-65,000",0,0,0,0,"65,000","-65,000","-65,000"
"=""060059""",大立光凱基47購04,0,0,0,0,0,0,0,0,0,"-65,000",0,0,0,"11,000","76,000","-65,000","-65,000"
"=""045454""",祥碩元大5B購01  ,0,0,0,0,0,0,0,0,0,"-65,000",0,0,0,"35,000","100,000","-65,000","-65,000"
"=""045776""",台積電凱基58購01,0,0,0,0,0,0,0,0,0,"-65,000",0,0,0,0,"65,000","-65,000","-65,000"
"=""065442""",世芯元大47購12  ,0,0,0,0,0,0,0,0,0,"-65,000",0,0,0,"5,000","70,000","-65,000","-65,000"
"=""065672""",德律凱基47購01  ,0,0,0,0,0,0,0,0,0,"-65,000",0,0,0,0,"65,000","-65,000","-65,000"
"=""065206""",晟銘電第一47購01,0,0,0,0,0,0,0,0,0,"-65,000",0,0,0,0,"65,000","-65,000","-65,000"
"=""043658""",國巨統一59購06  ,0,0,0,0,0,0,0,0,0,"-65,000",0,0,0,0,"65,000","-65,000","-65,000"
1409,新纖            ,"110,000","184,000","-74,000",0,0,0,0,0,0,"8,503","14,000","5,497","8,503",0,0,0,"-65,497"
"=""062167""",玉晶光中信47購01,0,0,0,0,0,0,0,0,0,"-66,000",0,0,0,"178,000","244,000","-66,000","-66,000"
"=""062707""",緯穎永豐47購06  ,0,0,0,0,0,0,0,0,0,"-66,000",0,0,0,0,"66,000","-66,000","-66,000"
"=""060554""",群創富邦46購02  ,0,0,0,0,0,0,0,0,0,"-66,000",0,0,0,"72,000","138,000","-66,000","-66,000"
"=""068529""",大成鋼第一48購01,0,0,0,0,0,0,0,0,0,"-66,000",0,0,0,"36,000","102,000","-66,000","-66,000"
"=""061140""",富邦金元富46購02,0,0,0,0,0,0,0,0,0,"-66,000",0,0,0,0,"66,000","-66,000","-66,000"
"=""065762""",中磊元大47購04  ,0,0,0,0,0,0,0,0,0,"-66,000",0,0,0,"54,000","120,000","-66,000","-66,000"
"=""039119""",惠特元富57購01  ,0,0,0,0,0,0,0,0,0,"-66,000",0,0,0,"151,000","217,000","-66,000","-66,000"
"=""068003""",南亞科群益49購01,0,0,0,0,0,0,0,0,0,"-66,000",0,0,0,0,"66,000","-66,000","-66,000"
"=""067184""",鴻海富邦4B購02  ,0,0,0,0,0,0,0,0,0,"-66,000",0,0,0,"11,000","77,000","-66,000","-66,000"
"=""067348""",緯創元大4B購03  ,0,0,0,0,0,0,0,0,0,"-66,000",0,0,0,"83,000","149,000","-66,000","-66,000"
"=""067407""",台化統一4C購01  ,0,0,0,0,0,0,0,0,0,"-66,000",0,0,0,"204,000","270,000","-66,000","-66,000"
"=""064919""",智原凱基47購02  ,0,0,0,0,0,0,0,0,0,"-66,000",0,0,0,0,"66,000","-66,000","-66,000"
"=""063629""",材料群益47購03  ,0,0,0,0,0,0,0,0,0,"-66,000",0,0,0,"31,000","97,000","-66,000","-66,000"
"=""050758""",元油反元大43購01,0,0,0,0,0,0,0,0,0,"-66,000",0,0,0,"50,000","116,000","-66,000","-66,000"
"=""047960""",台積電富邦3C購01,0,0,0,0,0,0,0,0,0,"-66,000",0,0,0,"5,000","71,000","-66,000","-66,000"
"=""059240""",深中小凱基4B購01,0,0,0,0,0,0,0,0,0,"-66,000",0,0,0,"91,000","157,000","-66,000","-66,000"
6142,友勁            ,"5,000","71,000","-66,000",0,0,0,0,0,0,0,0,0,0,0,0,0,"-66,000"
"=""051404""",世紀鋼中信43購02,0,0,0,0,0,0,0,0,0,"-67,000",0,0,0,"160,000","227,000","-67,000","-67,000"
"=""04809T""",敦泰凱基36售03  ,0,0,0,0,0,0,0,0,0,"-67,000",0,0,0,"40,000","107,000","-67,000","-67,000"
"=""063440""",鴻海元大46購29  ,0,0,0,0,0,0,0,0,0,"-67,000",0,0,0,"275,000","342,000","-67,000","-67,000"
"=""063411""",臻鼎群益48購01  ,0,0,0,0,0,0,0,0,0,"-67,000",0,0,0,"100,000","167,000","-67,000","-67,000"
"=""068011""",世芯群益48購19  ,0,0,0,0,0,0,0,0,0,"-67,000",0,0,0,0,"67,000","-67,000","-67,000"
"=""060084""",華邦電國票47購01,0,0,0,0,0,0,0,0,0,"-67,000",0,0,0,"10,000","77,000","-67,000","-67,000"
"=""059725""",貿聯群益45購04  ,0,0,0,0,0,0,0,0,0,"-67,000",0,0,0,0,"67,000","-67,000","-67,000"
"=""020028""",元大特選電動車N ,"2,000",0,"2,000",0,0,0,0,0,0,"-69,000",0,0,0,"40,000","109,000","-69,000","-67,000"
"=""066173""",滬深2X永豐47購06,0,0,0,0,0,0,0,0,0,"-67,000",0,0,0,"43,000","110,000","-67,000","-67,000"
"=""061035""",仲琦元大46購01  ,0,0,0,0,0,0,0,0,0,"-67,000",0,0,0,"38,000","105,000","-67,000","-67,000"
"=""069392""",微星統一52購02  ,0,0,0,0,0,0,0,0,0,"-67,000",0,0,0,0,"67,000","-67,000","-67,000"
"=""056984""",道瓊2X國票46購02,0,0,0,0,0,0,0,0,0,"-67,000",0,0,0,0,"67,000","-67,000","-67,000"
"=""062420""",技嘉永豐47購01  ,0,0,0,0,0,0,0,0,0,"-67,000",0,0,0,"47,000","114,000","-67,000","-67,000"
1727,中華化          ,"70,000","138,000","-68,000",0,0,0,0,0,0,590,"1,000",410,590,0,0,0,"-67,410"
4770,上品            ,"84,000","91,000","-7,000",0,0,0,0,"54,000","-54,000","-6,731","9,000","3,731","5,269",0,"12,000","-12,000","-67,731"
"=""051919""",智邦群益45購01  ,0,0,0,0,0,0,0,0,0,"-68,000",0,0,0,"178,000","246,000","-68,000","-68,000"
"=""054339""",日月光群益46購01,0,0,0,0,0,0,0,0,0,"-68,000",0,0,0,"2,000","70,000","-68,000","-68,000"
"=""050443""",台積電群益44購32,0,0,0,0,0,0,0,0,0,"-68,000",0,0,0,"4,000","72,000","-68,000","-68,000"
"=""062439""",臺股指永豐47購05,0,0,0,0,0,0,0,0,0,"-68,000",0,0,0,0,"68,000","-68,000","-68,000"
"=""062504""",皇昌元富46購02  ,0,0,0,0,0,0,0,0,0,"-68,000",0,0,0,"42,000","110,000","-68,000","-68,000"
"=""045950""",緯穎凱基43購06  ,0,0,0,0,0,0,0,0,0,"-68,000",0,0,0,"2,286,000","2,354,000","-68,000","-68,000"
"=""055144""",鴻海富邦46購05  ,0,0,0,0,0,0,0,0,0,"-68,000",0,0,0,0,"68,000","-68,000","-68,000"
"=""061564""",長榮凱基46購11  ,0,0,0,0,0,0,0,0,0,"-68,000",0,0,0,0,"68,000","-68,000","-68,000"
"=""061062""",華航富邦48購01  ,0,0,0,0,0,0,0,0,0,"-68,000",0,0,0,"44,000","112,000","-68,000","-68,000"
"=""068899""",台積電元大48購30,0,0,0,0,0,0,0,0,0,"-68,000",0,0,0,"12,000","80,000","-68,000","-68,000"
"=""068755""",微星凱基51購01  ,0,0,0,0,0,0,0,0,0,"-68,000",0,0,0,"99,000","167,000","-68,000","-68,000"
"=""060338""",鴻海元大46購06  ,0,0,0,0,0,0,0,0,0,"-68,000",0,0,0,0,"68,000","-68,000","-68,000"
"=""065143""",立隆電群益48購01,0,0,0,0,0,0,0,0,0,"-68,000",0,0,0,"43,000","111,000","-68,000","-68,000"
"=""058354""",聯電國票47購01  ,0,0,0,0,0,0,0,0,0,"-68,000",0,0,0,"5,000","73,000","-68,000","-68,000"
"=""068026""",台積電元大47購46,0,0,0,0,0,0,0,0,0,"-68,000",0,0,0,"53,000","121,000","-68,000","-68,000"
"=""066876""",華泰統一41購01  ,0,0,0,0,0,0,0,0,0,"-68,000",0,0,0,"4,000","72,000","-68,000","-68,000"
3138,耀登            ,"75,000","144,385","-69,385",0,0,0,0,0,0,"1,000","1,000",0,"1,000",0,0,0,"-68,385"
"=""059070""",敦泰國票46購01  ,0,0,0,0,0,0,0,0,0,"-69,000",0,0,0,"13,000","82,000","-69,000","-69,000"
"=""050359""",華通元大48購02  ,0,0,0,0,0,0,0,0,0,"-69,000",0,0,0,"42,000","111,000","-69,000","-69,000"
"=""064724""",聯發科統一3B購03,0,0,0,0,0,0,0,0,0,"-69,000",0,0,0,"1,000","70,000","-69,000","-69,000"
"=""041781""",奇鋐元大54購43  ,0,0,0,0,0,0,0,0,0,"-69,000",0,0,0,"1,000","70,000","-69,000","-69,000"
"=""068215""",中興電群益3B購01,0,0,0,0,0,0,0,0,0,"-69,000",0,0,0,"16,000","85,000","-69,000","-69,000"
"=""065153""",晟銘電群益47購01,0,0,0,0,0,0,0,0,0,"-69,000",0,0,0,0,"69,000","-69,000","-69,000"
"=""066224""",材料群益47購07  ,0,0,0,0,0,0,0,0,0,"-69,000",0,0,0,0,"69,000","-69,000","-69,000"
"=""068680""",智原永豐49購01  ,0,0,0,0,0,0,0,0,0,"-69,000",0,0,0,"136,000","205,000","-69,000","-69,000"
"=""061452""",美時元大46購14  ,0,0,0,0,0,0,0,0,0,"-69,000",0,0,0,0,"69,000","-69,000","-69,000"
"=""08258U""",一詮元富31售02  ,0,0,0,0,0,0,0,0,0,"-69,000",0,0,0,0,"69,000","-69,000","-69,000"
"=""054614""",臺股指群益45購10,0,0,0,0,0,0,0,0,0,"-69,000",0,0,0,"10,000","79,000","-69,000","-69,000"
"=""055301""",建準元大44購05  ,0,0,0,0,0,0,0,0,0,"-69,000",0,0,0,"1,000","70,000","-69,000","-69,000"
"=""058004""",神達永豐48購01  ,0,0,0,0,0,0,0,0,0,"-69,000",0,0,0,"7,000","76,000","-69,000","-69,000"
"=""062436""",樺漢永豐47購01  ,0,0,0,0,0,0,0,0,0,"-69,000",0,0,0,"10,000","79,000","-69,000","-69,000"
"=""046228""",樺漢群益42購02  ,0,0,0,0,0,0,0,0,0,"-70,000",0,0,0,"22,000","92,000","-70,000","-70,000"
"=""058036""",世紀鋼凱基45購06,0,0,0,0,0,0,0,0,0,"-70,000",0,0,0,"52,000","122,000","-70,000","-70,000"
"=""058061""",世芯國票45購09  ,0,0,0,0,0,0,0,0,0,"-70,000",0,0,0,"100,000","170,000","-70,000","-70,000"
"=""07384U""",臺股指凱基34售04,0,0,0,0,0,0,0,0,0,"-70,000",0,0,0,0,"70,000","-70,000","-70,000"
"=""055856""",新唐凱基45購03  ,0,0,0,0,0,0,0,0,0,"-70,000",0,0,0,"54,000","124,000","-70,000","-70,000"
"=""08499U""",美費半元大31售01,0,0,0,0,0,0,0,0,0,"-70,000",0,0,0,"5,000","75,000","-70,000","-70,000"
"=""054401""",豐藝兆豐46購01  ,0,0,0,0,0,0,0,0,0,"-70,000",0,0,0,0,"70,000","-70,000","-70,000"
"=""047474""",聯發科元大44購05,0,0,0,0,0,0,0,0,0,"-70,000",0,0,0,"30,000","100,000","-70,000","-70,000"
"=""08253U""",光寶科元富34售04,0,0,0,0,0,0,0,0,0,"-70,000",0,0,0,0,"70,000","-70,000","-70,000"
"=""058068""",康舒國票46購01  ,0,0,0,0,0,0,0,0,0,"-70,000",0,0,0,"70,000","140,000","-70,000","-70,000"
"=""068788""",華通統一41購01  ,0,0,0,0,0,0,0,0,0,"-70,000",0,0,0,0,"70,000","-70,000","-70,000"
"=""068799""",晶心科統一3C購01,0,0,0,0,0,0,0,0,0,"-70,000",0,0,0,0,"70,000","-70,000","-70,000"
"=""057374""",旺宏國泰47購01  ,0,0,0,0,0,0,0,0,0,"-70,000",0,0,0,0,"70,000","-70,000","-70,000"
"=""057195""",華泰永豐45購02  ,0,0,0,0,0,0,0,0,0,"-70,000",0,0,0,0,"70,000","-70,000","-70,000"
"=""057260""",華邦電國票46購01,0,0,0,0,0,0,0,0,0,"-70,000",0,0,0,0,"70,000","-70,000","-70,000"
"=""069489""",神達元大48購07  ,0,0,0,0,0,0,0,0,0,"-70,000",0,0,0,0,"70,000","-70,000","-70,000"
"=""066231""",志強群益47購01  ,0,0,0,0,0,0,0,0,0,"-70,000",0,0,0,"100,000","170,000","-70,000","-70,000"
"=""066171""",和大中信47購02  ,0,0,0,0,0,0,0,0,0,"-70,000",0,0,0,"10,000","80,000","-70,000","-70,000"
"=""065165""",啟�硌s益47購02  ,0,0,0,0,0,0,0,0,0,"-70,000",0,0,0,"70,000","140,000","-70,000","-70,000"
"=""065526""",建漢統一51購01  ,0,0,0,0,0,0,0,0,0,"-70,000",0,0,0,"47,000","117,000","-70,000","-70,000"
"=""03868T""",臺股指元大39售02,0,0,0,0,0,0,0,0,0,"-70,000",0,0,0,0,"70,000","-70,000","-70,000"
"=""067708""",矽統元大47購05  ,0,0,0,0,0,0,0,0,0,"-70,000",0,0,0,0,"70,000","-70,000","-70,000"
"=""060053""",英業達凱基46購03,0,0,0,0,0,0,0,0,0,"-70,000",0,0,0,"30,000","100,000","-70,000","-70,000"
"=""058207""",仁寶元富4B購01  ,0,0,0,0,0,0,0,0,0,"-70,000",0,0,0,"30,000","100,000","-70,000","-70,000"
"=""066989""",中502X凱基47購02,0,0,0,0,0,0,0,0,0,"-70,000",0,0,0,0,"70,000","-70,000","-70,000"
"=""03098T""",奇鋐元大34售04  ,0,0,0,0,0,0,0,0,0,"-70,000",0,0,0,0,"70,000","-70,000","-70,000"
"=""051994""",雷虎元大43購01  ,0,0,0,0,0,0,0,0,0,"-70,000",0,0,0,"80,000","150,000","-70,000","-70,000"
"=""04427T""",穎崴群益35售02  ,0,0,0,0,0,0,0,0,0,"-70,000",0,0,0,0,"70,000","-70,000","-70,000"
"=""064358""",士電永豐48購01  ,0,0,0,0,0,0,0,0,0,"-70,000",0,0,0,0,"70,000","-70,000","-70,000"
"=""055546""",崇越統一4A購01  ,0,0,0,0,0,0,0,0,0,"-70,000",0,0,0,0,"70,000","-70,000","-70,000"
"=""063446""",大同元大46購18  ,0,0,0,0,0,0,0,0,0,"-70,000",0,0,0,0,"70,000","-70,000","-70,000"
"=""063525""",玉晶光國票47購02,0,0,0,0,0,0,0,0,0,"-70,000",0,0,0,0,"70,000","-70,000","-70,000"
"=""063222""",金寶元大46購07  ,0,0,0,0,0,0,0,0,0,"-70,000",0,0,0,0,"70,000","-70,000","-70,000"
"=""04840T""",華泰元富36售02  ,0,0,0,0,0,0,0,0,0,"-70,000",0,0,0,0,"70,000","-70,000","-70,000"
"=""059140""",SGBR2X群益45購03,0,0,0,0,0,0,0,0,0,"-70,000",0,0,0,0,"70,000","-70,000","-70,000"
"=""054183""",建準中信44購01  ,0,0,0,0,0,0,0,0,0,"-70,000",0,0,0,"15,000","85,000","-70,000","-70,000"
"=""051550""",力智群益46購01  ,0,0,0,0,0,0,0,0,0,"-70,000",0,0,0,0,"70,000","-70,000","-70,000"
8467,波力-KY         ,"1,069,000","1,148,000","-79,000",0,0,0,0,0,0,"8,000","13,000","5,000","8,000",0,0,0,"-71,000"
"=""051054""",陽明元大47購01  ,0,0,0,0,0,0,0,0,0,"-71,000",0,0,0,0,"71,000","-71,000","-71,000"
"=""051902""",采鈺兆豐44購03  ,0,0,0,0,0,0,0,0,0,"-71,000",0,0,0,0,"71,000","-71,000","-71,000"
"=""063756""",泰金寶國票46購02,0,0,0,0,0,0,0,0,0,"-71,000",0,0,0,0,"71,000","-71,000","-71,000"
"=""04798T""",虹堡群益37售02  ,0,0,0,0,0,0,0,0,0,"-71,000",0,0,0,"10,000","81,000","-71,000","-71,000"
"=""063326""",世芯國票46購15  ,0,0,0,0,0,0,0,0,0,"-71,000",0,0,0,0,"71,000","-71,000","-71,000"
"=""055555""",川湖永豐45購03  ,0,0,0,0,0,0,0,0,0,"-71,000",0,0,0,0,"71,000","-71,000","-71,000"
"=""050594""",怡利電元大43購07,0,0,0,0,0,0,0,0,0,"-71,000",0,0,0,"22,000","93,000","-71,000","-71,000"
"=""059863""",鴻準元富45購08  ,0,0,0,0,0,0,0,0,0,"-71,000",0,0,0,"139,000","210,000","-71,000","-71,000"
"=""060253""",台灣50國票46購01,0,0,0,0,0,0,0,0,0,"-71,000",0,0,0,"79,000","150,000","-71,000","-71,000"
"=""065541""",迅得富邦4A購02  ,0,0,0,0,0,0,0,0,0,"-71,000",0,0,0,0,"71,000","-71,000","-71,000"
"=""062016""",威盛國票48購01  ,0,0,0,0,0,0,0,0,0,"-71,000",0,0,0,"51,000","122,000","-71,000","-71,000"
"=""056641""",世芯元富4B購02  ,0,0,0,0,0,0,0,0,0,"-71,000",0,0,0,0,"71,000","-71,000","-71,000"
"=""069058""",聯詠凱基48購01  ,0,0,0,0,0,0,0,0,0,"-72,000",0,0,0,"72,000","144,000","-72,000","-72,000"
"=""057132""",聯詠群益45購01  ,0,0,0,0,0,0,0,0,0,"-72,000",0,0,0,"60,000","132,000","-72,000","-72,000"
"=""062045""",川湖群益46購10  ,0,0,0,0,0,0,0,0,0,"-72,000",0,0,0,0,"72,000","-72,000","-72,000"
"=""069428""",國巨群益48購02  ,0,0,0,0,0,0,0,0,0,"-72,000",0,0,0,"35,000","107,000","-72,000","-72,000"
"=""069180""",新日興統一52購01,0,0,0,0,0,0,0,0,0,"-72,000",0,0,0,"28,000","100,000","-72,000","-72,000"
"=""068784""",精銳富邦4A購01  ,0,0,0,0,0,0,0,0,0,"-72,000",0,0,0,"15,000","87,000","-72,000","-72,000"
"=""069007""",海華國票48購02  ,0,0,0,0,0,0,0,0,0,"-72,000",0,0,0,"60,000","132,000","-72,000","-72,000"
"=""055333""",信錦兆豐46購01  ,0,0,0,0,0,0,0,0,0,"-72,000",0,0,0,"18,000","90,000","-72,000","-72,000"
"=""056822""",台積電元富45購13,0,0,0,0,0,0,0,0,0,"-72,000",0,0,0,0,"72,000","-72,000","-72,000"
"=""066437""",台塑化統一4C購01,0,0,0,0,0,0,0,0,0,"-72,000",0,0,0,0,"72,000","-72,000","-72,000"
"=""04153T""",聯發科凱基35售13,0,0,0,0,0,0,0,0,0,"-72,000",0,0,0,0,"72,000","-72,000","-72,000"
"=""060039""",東陽凱基46購01  ,0,0,0,0,0,0,0,0,0,"-72,000",0,0,0,0,"72,000","-72,000","-72,000"
"=""055935""",全新元大44購06  ,0,0,0,0,0,0,0,0,0,"-72,000",0,0,0,0,"72,000","-72,000","-72,000"
"=""064043""",中興電元大46購02,0,0,0,0,0,0,0,0,0,"-72,000",0,0,0,0,"72,000","-72,000","-72,000"
3043,科風            ,"80,000","152,000","-72,000",0,0,0,0,0,0,0,0,0,0,0,0,0,"-72,000"
"=""064783""",元日2X元大51購01,0,0,0,0,0,0,0,0,0,"-72,000",0,0,0,"228,000","300,000","-72,000","-72,000"
1528,恩德            ,"335,000","408,000","-73,000",0,0,0,0,0,0,959,"25,000","24,041",959,0,0,0,"-72,041"
1762,中化生          ,"35,000","106,000","-71,000",0,0,0,0,0,0,"-1,458","4,000","5,458","-1,458",0,0,0,"-72,458"
"=""064115""",盟立群益4C購01  ,0,0,0,0,0,0,0,0,0,"-73,000",0,0,0,"35,000","108,000","-73,000","-73,000"
"=""063833""",川湖群益46購16  ,0,0,0,0,0,0,0,0,0,"-73,000",0,0,0,0,"73,000","-73,000","-73,000"
"=""053756""",欣興永豐44購01  ,0,0,0,0,0,0,0,0,0,"-73,000",0,0,0,"17,000","90,000","-73,000","-73,000"
"=""059365""",長榮航元大45購08,0,0,0,0,0,0,0,0,0,"-73,000",0,0,0,"27,000","100,000","-73,000","-73,000"
"=""059338""",元日2X元大4A購01,0,0,0,0,0,0,0,0,0,"-73,000",0,0,0,"153,000","226,000","-73,000","-73,000"
"=""067021""",長榮統一51購01  ,0,0,0,0,0,0,0,0,0,"-73,000",0,0,0,0,"73,000","-73,000","-73,000"
"=""054884""",雲豹元大44購01  ,0,0,0,0,0,0,0,0,0,"-73,000",0,0,0,0,"73,000","-73,000","-73,000"
"=""059422""",萬海群益4A購04  ,0,0,0,0,0,0,0,0,0,"-73,000",0,0,0,"72,000","145,000","-73,000","-73,000"
"=""059465""",永崴控元富45購03,0,0,0,0,0,0,0,0,0,"-73,000",0,0,0,0,"73,000","-73,000","-73,000"
"=""058208""",鴻準元富45購06  ,0,0,0,0,0,0,0,0,0,"-73,000",0,0,0,"5,000","78,000","-73,000","-73,000"
"=""066187""",海悅永豐48購02  ,0,0,0,0,0,0,0,0,0,"-73,000",0,0,0,0,"73,000","-73,000","-73,000"
"=""065614""",滬深2X群益47購05,0,0,0,0,0,0,0,0,0,"-73,000",0,0,0,"1,000","74,000","-73,000","-73,000"
"=""065179""",川湖凱基4B購02  ,0,0,0,0,0,0,0,0,0,"-73,000",0,0,0,0,"73,000","-73,000","-73,000"
"=""057514""",臻鼎凱基45購03  ,0,0,0,0,0,0,0,0,0,"-73,000",0,0,0,"265,000","338,000","-73,000","-73,000"
"=""046389""",和大元富42購02  ,0,0,0,0,0,0,0,0,0,"-73,000",0,0,0,"49,000","122,000","-73,000","-73,000"
"=""062699""",世芯永豐47購08  ,0,0,0,0,0,0,0,0,0,"-73,000",0,0,0,0,"73,000","-73,000","-73,000"
"=""068486""",力積電群益4A購01,0,0,0,0,0,0,0,0,0,"-73,000",0,0,0,"43,000","116,000","-73,000","-73,000"
"=""069620""",鴻海凱基5B購03  ,0,0,0,0,0,0,0,0,0,"-73,000",0,0,0,"1,000","74,000","-73,000","-73,000"
"=""057246""",建漢元富4A購01  ,0,0,0,0,0,0,0,0,0,"-73,000",0,0,0,"15,000","88,000","-73,000","-73,000"
2015,豐興            ,"17,000","98,000","-81,000",0,0,0,0,0,0,"7,784","8,000",216,"7,784",0,0,0,"-73,216"
9941,裕融            ,"104,037","183,000","-78,963",0,0,0,0,0,0,"5,001","9,000","4,999","4,001","1,000",0,"1,000","-73,962"
"=""040020""",晶豪科國票54購04,0,0,0,0,0,0,0,0,0,"-74,000",0,0,0,"65,000","139,000","-74,000","-74,000"
"=""051838""",盟立國票45購01  ,0,0,0,0,0,0,0,0,0,"-74,000",0,0,0,"5,000","79,000","-74,000","-74,000"
"=""059081""",友訊元富4B購01  ,0,0,0,0,0,0,0,0,0,"-74,000",0,0,0,"83,000","157,000","-74,000","-74,000"
"=""063606""",宇隆群益49購01  ,0,0,0,0,0,0,0,0,0,"-74,000",0,0,0,"13,000","87,000","-74,000","-74,000"
2607,榮運            ,"1,041,000","595,000","446,000",0,0,0,0,"521,000","-521,000","1,000","2,000",0,"2,000",0,"1,000","-1,000","-74,000"
"=""063437""",金寶元大46購09  ,0,0,0,0,0,0,0,0,0,"-74,000",0,0,0,"68,000","142,000","-74,000","-74,000"
"=""04806T""",中砂凱基36售05  ,0,0,0,0,0,0,0,0,0,"-74,000",0,0,0,"13,000","87,000","-74,000","-74,000"
"=""069019""",華碩中信48購01  ,0,0,0,0,0,0,0,0,0,"-74,000",0,0,0,"16,000","90,000","-74,000","-74,000"
"=""060849""",美時永豐4C購01  ,0,0,0,0,0,0,0,0,0,"-74,000",0,0,0,0,"74,000","-74,000","-74,000"
"=""068356""",國企2X富邦4B購01,0,0,0,0,0,0,0,0,0,"-74,000",0,0,0,"252,000","326,000","-74,000","-74,000"
"=""060805""",正崴元富46購02  ,0,0,0,0,0,0,0,0,0,"-74,000",0,0,0,"20,000","94,000","-74,000","-74,000"
"=""057784""",樺漢群益46購02  ,0,0,0,0,0,0,0,0,0,"-74,000",0,0,0,"1,000","75,000","-74,000","-74,000"
"=""08421U""",精誠元富31售02  ,0,0,0,0,0,0,0,0,0,"-74,000",0,0,0,0,"74,000","-74,000","-74,000"
"=""047383""",欣巴巴凱基44購02,0,0,0,0,0,0,0,0,0,"-74,000",0,0,0,"4,000","78,000","-74,000","-74,000"
"=""04702T""",美時元富35售04  ,0,0,0,0,0,0,0,0,0,"-74,000",0,0,0,0,"74,000","-74,000","-74,000"
"=""066747""",聯電元大47購04  ,0,0,0,0,0,0,0,0,0,"-74,000",0,0,0,0,"74,000","-74,000","-74,000"
"=""067965""",緯穎永豐47購10  ,0,0,0,0,0,0,0,0,0,"-74,000",0,0,0,"4,000","78,000","-74,000","-74,000"
"=""059480""",潤泰全國票46購02,0,0,0,0,0,0,0,0,0,"-74,000",0,0,0,"32,000","106,000","-74,000","-74,000"
"=""067555""",臺股指群益47購03,0,0,0,0,0,0,0,0,0,"-74,000",0,0,0,0,"74,000","-74,000","-74,000"
"=""00703""",台新MSCI中國    ,0,0,0,0,0,0,0,0,0,"-74,611",0,0,0,"13,531","88,142","-74,611","-74,611"
"=""03802T""",華孚群益34售03  ,0,0,0,0,0,0,0,0,0,"-75,000",0,0,0,0,"75,000","-75,000","-75,000"
"=""042477""",創見國泰56購01  ,0,0,0,0,0,0,0,0,0,"-75,000",0,0,0,0,"75,000","-75,000","-75,000"
"=""03482T""",聯電凱基33售04  ,0,0,0,0,0,0,0,0,0,"-75,000",0,0,0,0,"75,000","-75,000","-75,000"
"=""045677""",東哥元富42購02  ,0,0,0,0,0,0,0,0,0,"-75,000",0,0,0,0,"75,000","-75,000","-75,000"
"=""066888""",奇鋐元富47購04  ,0,0,0,0,0,0,0,0,0,"-75,000",0,0,0,0,"75,000","-75,000","-75,000"
"=""067153""",億光元大47購03  ,0,0,0,0,0,0,0,0,0,"-75,000",0,0,0,"6,000","81,000","-75,000","-75,000"
"=""068338""",中興電群益3B購02,0,0,0,0,0,0,0,0,0,"-75,000",0,0,0,0,"75,000","-75,000","-75,000"
"=""058220""",保瑞元富48購01  ,0,0,0,0,0,0,0,0,0,"-75,000",0,0,0,"5,000","80,000","-75,000","-75,000"
"=""058149""",長榮航群益47購01,0,0,0,0,0,0,0,0,0,"-75,000",0,0,0,"32,000","107,000","-75,000","-75,000"
"=""057717""",華碩元大45購07  ,0,0,0,0,0,0,0,0,0,"-75,000",0,0,0,0,"75,000","-75,000","-75,000"
"=""062185""",瑞昱永豐48購01  ,0,0,0,0,0,0,0,0,0,"-75,000",0,0,0,"1,000","76,000","-75,000","-75,000"
"=""062582""",陽明元大47購08  ,0,0,0,0,0,0,0,0,0,"-75,000",0,0,0,"52,000","127,000","-75,000","-75,000"
"=""068562""",亞德客國票49購01,0,0,0,0,0,0,0,0,0,"-75,000",0,0,0,0,"75,000","-75,000","-75,000"
"=""068884""",立積台新48購01  ,0,0,0,0,0,0,0,0,0,"-75,000",0,0,0,0,"75,000","-75,000","-75,000"
"=""049919""",辛耘富邦43購03  ,0,0,0,0,0,0,0,0,0,"-75,000",0,0,0,0,"75,000","-75,000","-75,000"
"=""063509""",南亞科中信46購03,0,0,0,0,0,0,0,0,0,"-75,000",0,0,0,0,"75,000","-75,000","-75,000"
"=""064206""",東鹼永豐47購01  ,"70,000",0,"70,000",0,0,0,0,0,0,"-145,000",0,0,0,"25,000","170,000","-145,000","-75,000"
"=""051926""",亞光群益43購06  ,0,0,0,0,0,0,0,0,0,"-75,000",0,0,0,0,"75,000","-75,000","-75,000"
"=""051539""",定穎控群益43購02,0,0,0,0,0,0,0,0,0,"-75,000",0,0,0,"75,000","150,000","-75,000","-75,000"
"=""064844""",皇翔永豐4A購01  ,0,0,0,0,0,0,0,0,0,"-75,000",0,0,0,0,"75,000","-75,000","-75,000"
"=""064047""",鴻海元大46購37  ,0,0,0,0,0,0,0,0,0,"-76,000",0,0,0,"91,000","167,000","-76,000","-76,000"
"=""049402""",晟銘電元大43購08,0,0,0,0,0,0,0,0,0,"-76,000",0,0,0,"10,000","86,000","-76,000","-76,000"
"=""063054""",興富發國泰48購01,0,0,0,0,0,0,0,0,0,"-76,000",0,0,0,0,"76,000","-76,000","-76,000"
"=""050815""",正崴台新43購01  ,0,0,0,0,0,0,0,0,0,"-76,000",0,0,0,0,"76,000","-76,000","-76,000"
"=""060906""",華航國票48購01  ,0,0,0,0,0,0,0,0,0,"-76,000",0,0,0,0,"76,000","-76,000","-76,000"
"=""060913""",永崴控國票47購02,0,0,0,0,0,0,0,0,0,"-76,000",0,0,0,0,"76,000","-76,000","-76,000"
"=""060929""",台積電凱基46購23,0,0,0,0,0,0,0,0,0,"-76,000",0,0,0,0,"76,000","-76,000","-76,000"
"=""061453""",川湖元大4B購01  ,0,0,0,0,0,0,0,0,0,"-76,000",0,0,0,0,"76,000","-76,000","-76,000"
"=""061003""",富華新群益46購01,0,0,0,0,0,0,0,0,0,"-76,000",0,0,0,0,"76,000","-76,000","-76,000"
"=""056921""",中石化群益4A購01,0,0,0,0,0,0,0,0,0,"-76,000",0,0,0,0,"76,000","-76,000","-76,000"
"=""057910""",世紀鋼國票47購02,0,0,0,0,0,0,0,0,0,"-76,000",0,0,0,0,"76,000","-76,000","-76,000"
"=""060256""",台灣50國票47購02,0,0,0,0,0,0,0,0,0,"-76,000",0,0,0,"5,000","81,000","-76,000","-76,000"
"=""068232""",永道群益4A購01  ,0,0,0,0,0,0,0,0,0,"-76,000",0,0,0,"4,000","80,000","-76,000","-76,000"
"=""067335""",長榮元大47購08  ,0,0,0,0,0,0,0,0,0,"-76,000",0,0,0,0,"76,000","-76,000","-76,000"
"=""03647T""",亞德客凱基34售04,0,0,0,0,0,0,0,0,0,"-76,000",0,0,0,"3,000","79,000","-76,000","-76,000"
"=""045149""",台積電群益55購16,0,0,0,0,0,0,0,0,0,"-77,000",0,0,0,"20,000","97,000","-77,000","-77,000"
"=""067760""",川湖統一51購03  ,0,0,0,0,0,0,0,0,0,"-77,000",0,0,0,0,"77,000","-77,000","-77,000"
"=""058880""",華城元大45購05  ,0,0,0,0,0,0,0,0,0,"-77,000",0,0,0,"4,000","81,000","-77,000","-77,000"
"=""057200""",建準永豐45購01  ,0,0,0,0,0,0,0,0,0,"-77,000",0,0,0,"47,000","124,000","-77,000","-77,000"
"=""068566""",欣興國票49購02  ,0,0,0,0,0,0,0,0,0,"-77,000",0,0,0,"13,000","90,000","-77,000","-77,000"
"=""060375""",保瑞元大46購04  ,0,0,0,0,0,0,0,0,0,"-77,000",0,0,0,0,"77,000","-77,000","-77,000"
"=""050729""",貿聯國票44購02  ,0,0,0,0,0,0,0,0,0,"-77,000",0,0,0,0,"77,000","-77,000","-77,000"
2706,第一店          ,"34,000","84,000","-50,000",0,0,0,0,0,0,"-27,000",0,"27,000","-27,000",0,0,0,"-77,000"
"=""063346""",台積電凱基4C購05,0,0,0,0,0,0,0,0,0,"-77,000",0,0,0,"2,000","79,000","-77,000","-77,000"
"=""039807""",威健永豐54購01  ,0,0,0,0,0,0,0,0,0,"-77,000",0,0,0,"28,000","105,000","-77,000","-77,000"
"=""054084""",電子類國票44購02,0,0,0,0,0,0,0,0,0,"-77,000",0,0,0,0,"77,000","-77,000","-77,000"
"=""048149""",材料元大43購16  ,0,0,0,0,0,0,0,0,0,"-78,000",0,0,0,"93,000","171,000","-78,000","-78,000"
"=""068422""",亞翔元富4B購02  ,0,0,0,0,0,0,0,0,0,"-78,000",0,0,0,"23,000","101,000","-78,000","-78,000"
"=""061096""",新日興永豐48購01,0,0,0,0,0,0,0,0,0,"-78,000",0,0,0,"18,000","96,000","-78,000","-78,000"
"=""061698""",華孚群益46購01  ,0,0,0,0,0,0,0,0,0,"-78,000",0,0,0,"350,000","428,000","-78,000","-78,000"
"=""069641""",立積凱基48購03  ,0,0,0,0,0,0,0,0,0,"-78,000",0,0,0,0,"78,000","-78,000","-78,000"
"=""069604""",樺漢統一52購01  ,0,0,0,0,0,0,0,0,0,"-78,000",0,0,0,0,"78,000","-78,000","-78,000"
"=""062155""",T50反1中信4A購02,0,0,0,0,0,0,0,0,0,"-78,000",0,0,0,0,"78,000","-78,000","-78,000"
"=""062489""",神達統一54購01  ,0,0,0,0,0,0,0,0,0,"-78,000",0,0,0,"36,000","114,000","-78,000","-78,000"
"=""062809""",聯發科元大46購09,0,0,0,0,0,0,0,0,0,"-78,000",0,0,0,"20,000","98,000","-78,000","-78,000"
"=""08536U""",穎崴群益32售02  ,0,0,0,0,0,0,0,0,0,"-78,000",0,0,0,"3,000","81,000","-78,000","-78,000"
"=""047601""",辛耘凱基43購02  ,0,0,0,0,0,0,0,0,0,"-78,000",0,0,0,0,"78,000","-78,000","-78,000"
"=""058745""",大立光群益45購05,0,0,0,0,0,0,0,0,0,"-78,000",0,0,0,"3,000","81,000","-78,000","-78,000"
"=""067294""",陽明群益47購06  ,0,0,0,0,0,0,0,0,0,"-78,000",0,0,0,"259,000","337,000","-78,000","-78,000"
"=""066480""",群創元大47購07  ,0,0,0,0,0,0,0,0,0,"-78,000",0,0,0,0,"78,000","-78,000","-78,000"
"=""065892""",華通凱基47購02  ,0,0,0,0,0,0,0,0,0,"-78,000",0,0,0,"26,000","104,000","-78,000","-78,000"
"=""045549""",世芯群益55購09  ,0,0,0,0,0,0,0,0,0,"-79,000",0,0,0,0,"79,000","-79,000","-79,000"
"=""042604""",京元電凱基55購05,0,0,0,0,0,0,0,0,0,"-79,000",0,0,0,"424,000","503,000","-79,000","-79,000"
"=""067267""",來億國票47購01  ,0,0,0,0,0,0,0,0,0,"-79,000",0,0,0,0,"79,000","-79,000","-79,000"
"=""04180T""",鴻海永豐35售01  ,0,0,0,0,0,0,0,0,0,"-79,000",0,0,0,0,"79,000","-79,000","-79,000"
"=""058736""",建準群益45購07  ,0,0,0,0,0,0,0,0,0,"-79,000",0,0,0,"55,000","134,000","-79,000","-79,000"
"=""059719""",一詮群益46購04  ,0,0,0,0,0,0,0,0,0,"-79,000",0,0,0,"4,000","83,000","-79,000","-79,000"
"=""059935""",大同國票45購01  ,0,0,0,0,0,0,0,0,0,"-79,000",0,0,0,"9,000","88,000","-79,000","-79,000"
"=""059976""",正崴元大45購07  ,0,0,0,0,0,0,0,0,0,"-79,000",0,0,0,0,"79,000","-79,000","-79,000"
"=""057649""",臺股指凱基46購14,0,0,0,0,0,0,0,0,0,"-79,000",0,0,0,"313,000","392,000","-79,000","-79,000"
"=""062438""",台虹永豐47購01  ,0,0,0,0,0,0,0,0,0,"-79,000",0,0,0,"7,000","86,000","-79,000","-79,000"
"=""057587""",世芯群益45購09  ,0,0,0,0,0,0,0,0,0,"-79,000",0,0,0,"100,000","179,000","-79,000","-79,000"
"=""057720""",技嘉元大45購12  ,0,0,0,0,0,0,0,0,0,"-79,000",0,0,0,"40,000","119,000","-79,000","-79,000"
"=""056719""",滬深2X群益49購02,0,0,0,0,0,0,0,0,0,"-79,000",0,0,0,"41,000","120,000","-79,000","-79,000"
"=""057046""",緯創凱基45購03  ,0,0,0,0,0,0,0,0,0,"-79,000",0,0,0,"211,000","290,000","-79,000","-79,000"
"=""063238""",聯發科元大46購15,0,0,0,0,0,0,0,0,0,"-79,000",0,0,0,0,"79,000","-79,000","-79,000"
"=""063390""",上銀群益48購02  ,0,0,0,0,0,0,0,0,0,"-79,000",0,0,0,"19,000","98,000","-79,000","-79,000"
5234,達興材料        ,"74,000","155,000","-81,000",0,0,0,0,0,0,"1,602","2,000","1,384",616,"2,000","1,014",986,"-79,398"
"=""052942""",億豐凱基44購01  ,0,0,0,0,0,0,0,0,0,"-80,000",0,0,0,0,"80,000","-80,000","-80,000"
"=""052577""",富鼎凱基45購01  ,0,0,0,0,0,0,0,0,0,"-80,000",0,0,0,0,"80,000","-80,000","-80,000"
"=""051109""",緯穎群益43購07  ,0,0,0,0,0,0,0,0,0,"-80,000",0,0,0,0,"80,000","-80,000","-80,000"
"=""051447""",南港凱基43購02  ,0,0,0,0,0,0,0,0,0,"-80,000",0,0,0,"91,000","171,000","-80,000","-80,000"
"=""056517""",陽明凱基47購02  ,0,0,0,0,0,0,0,0,0,"-80,000",0,0,0,0,"80,000","-80,000","-80,000"
"=""064120""",長榮航群益46購07,0,0,0,0,0,0,0,0,0,"-80,000",0,0,0,0,"80,000","-80,000","-80,000"
"=""059280""",碩天永豐45購01  ,0,0,0,0,0,0,0,0,0,"-80,000",0,0,0,0,"80,000","-80,000","-80,000"
"=""059016""",臺股指富邦52購01,0,0,0,0,0,0,0,0,0,"-80,000",0,0,0,"89,000","169,000","-80,000","-80,000"
"=""063842""",台光電群益46購06,0,0,0,0,0,0,0,0,0,"-80,000",0,0,0,"20,000","100,000","-80,000","-80,000"
"=""063784""",雲豹元富46購01  ,0,0,0,0,0,0,0,0,0,"-80,000",0,0,0,"20,000","100,000","-80,000","-80,000"
"=""063347""",華邦電凱基46購03,0,0,0,0,0,0,0,0,0,"-80,000",0,0,0,"47,000","127,000","-80,000","-80,000"
"=""048301""",鴻海元大43購45  ,0,0,0,0,0,0,0,0,0,"-80,000",0,0,0,"10,000","90,000","-80,000","-80,000"
"=""049066""",台虹凱基43購02  ,0,0,0,0,0,0,0,0,0,"-80,000",0,0,0,"70,000","150,000","-80,000","-80,000"
"=""063620""",全新群益46購09  ,0,0,0,0,0,0,0,0,0,"-80,000",0,0,0,"3,000","83,000","-80,000","-80,000"
"=""069127""",鴻海群益48購10  ,0,0,0,0,0,0,0,0,0,"-80,000",0,0,0,0,"80,000","-80,000","-80,000"
"=""061830""",臺股指凱基49購17,0,0,0,0,0,0,0,0,0,"-80,000",0,0,0,"184,000","264,000","-80,000","-80,000"
"=""068864""",微星永豐4A購01  ,0,0,0,0,0,0,0,0,0,"-80,000",0,0,0,0,"80,000","-80,000","-80,000"
"=""068709""",世芯凱基4A購06  ,0,0,0,0,0,0,0,0,0,"-80,000",0,0,0,0,"80,000","-80,000","-80,000"
"=""068644""",仁寶統一52購01  ,0,0,0,0,0,0,0,0,0,"-80,000",0,0,0,"15,000","95,000","-80,000","-80,000"
"=""060641""",華碩中信46購01  ,0,0,0,0,0,0,0,0,0,"-80,000",0,0,0,"30,000","110,000","-80,000","-80,000"
"=""057458""",世芯永豐4A購02  ,0,0,0,0,0,0,0,0,0,"-80,000",0,0,0,"5,000","85,000","-80,000","-80,000"
"=""062166""",亞光中信48購01  ,0,0,0,0,0,0,0,0,0,"-80,000",0,0,0,"50,000","130,000","-80,000","-80,000"
"=""062404""",台塑中信47購01  ,0,0,0,0,0,0,0,0,0,"-80,000",0,0,0,0,"80,000","-80,000","-80,000"
"=""062556""",上証2X元大47購03,0,0,0,0,0,0,0,0,0,"-80,000",0,0,0,0,"80,000","-80,000","-80,000"
"=""047564""",亞光永豐45購01  ,0,0,0,0,0,0,0,0,0,"-80,000",0,0,0,0,"80,000","-80,000","-80,000"
"=""08580U""",創意元大33售07  ,0,0,0,0,0,0,0,0,0,"-80,000",0,0,0,0,"80,000","-80,000","-80,000"
"=""083926""",致茂國票51購01  ,0,0,0,0,0,0,0,0,0,"-80,000",0,0,0,"20,000","100,000","-80,000","-80,000"
"=""062815""",亞光元大46購07  ,0,0,0,0,0,0,0,0,0,"-80,000",0,0,0,0,"80,000","-80,000","-80,000"
"=""068342""",台積電永豐48購09,0,0,0,0,0,0,0,0,0,"-80,000",0,0,0,0,"80,000","-80,000","-80,000"
"=""060166""",技嘉元大46購01  ,0,0,0,0,0,0,0,0,0,"-80,000",0,0,0,0,"80,000","-80,000","-80,000"
"=""060016""",達方永豐48購01  ,0,0,0,0,0,0,0,0,0,"-80,000",0,0,0,"100,000","180,000","-80,000","-80,000"
"=""059808""",威強電永豐46購01,0,0,0,0,0,0,0,0,0,"-80,000",0,0,0,0,"80,000","-80,000","-80,000"
"=""054889""",鴻海元富44購09  ,0,0,0,0,0,0,0,0,0,"-80,000",0,0,0,0,"80,000","-80,000","-80,000"
"=""067130""",國泰金國票48購01,0,0,0,0,0,0,0,0,0,"-80,000",0,0,0,0,"80,000","-80,000","-80,000"
"=""051997""",中502X元富43購01,0,0,0,0,0,0,0,0,0,"-80,000",0,0,0,"18,000","98,000","-80,000","-80,000"
"=""065576""",大立光元富51購01,0,0,0,0,0,0,0,0,0,"-80,000",0,0,0,0,"80,000","-80,000","-80,000"
"=""044949""",緯創元大55購12  ,0,0,0,0,0,0,0,0,0,"-80,000",0,0,0,"6,000","86,000","-80,000","-80,000"
"=""041645""",道瓊銀富邦57購02,0,0,0,0,0,0,0,0,0,"-80,000",0,0,0,0,"80,000","-80,000","-80,000"
"=""041349""",矽格國票55購01  ,0,0,0,0,0,0,0,0,0,"-80,000",0,0,0,"250,000","330,000","-80,000","-80,000"
"=""03077T""",技嘉凱基32售18  ,0,0,0,0,0,0,0,0,0,"-80,000",0,0,0,0,"80,000","-80,000","-80,000"
"=""066685""",景碩凱基49購01  ,0,0,0,0,0,0,0,0,0,"-80,000",0,0,0,"27,000","107,000","-80,000","-80,000"
"=""066339""",矽力兆豐47購01  ,0,0,0,0,0,0,0,0,0,"-80,000",0,0,0,"20,000","100,000","-80,000","-80,000"
3022,威強電          ,"125,000","203,000","-78,000",0,0,0,0,0,0,"-2,301",0,318,-318,0,"1,983","-1,983","-80,301"
6558,興能高          ,"140,000","220,000","-80,000",0,0,0,0,0,0,-610,"1,000","1,610",-610,0,0,0,"-80,610"
"=""051923""",威盛群益43購10  ,0,0,0,0,0,0,0,0,0,"-81,000",0,0,0,"360,000","441,000","-81,000","-81,000"
"=""049596""",華通國泰45購01  ,0,0,0,0,0,0,0,0,0,"-81,000",0,0,0,0,"81,000","-81,000","-81,000"
"=""044362""",台塑化元大55購02,0,0,0,0,0,0,0,0,0,"-81,000",0,0,0,"18,000","99,000","-81,000","-81,000"
"=""066626""",祥碩富邦49購02  ,0,0,0,0,0,0,0,0,0,"-81,000",0,0,0,0,"81,000","-81,000","-81,000"
"=""04126T""",寶齡元富34售02  ,0,0,0,0,0,0,0,0,0,"-81,000",0,0,0,0,"81,000","-81,000","-81,000"
"=""03535T""",東陽凱基34售05  ,0,0,0,0,0,0,0,0,0,"-81,000",0,0,0,0,"81,000","-81,000","-81,000"
"=""067314""",台積電富邦3B購01,0,0,0,0,0,0,0,0,0,"-81,000",0,0,0,0,"81,000","-81,000","-81,000"
"=""067904""",台積電元大47購41,0,0,0,0,0,0,0,0,0,"-81,000",0,0,0,"31,000","112,000","-81,000","-81,000"
"=""068043""",世芯元大47購32  ,0,0,0,0,0,0,0,0,0,"-81,000",0,0,0,"142,000","223,000","-81,000","-81,000"
"=""047639""",潤隆國泰44購01  ,0,0,0,0,0,0,0,0,0,"-81,000",0,0,0,0,"81,000","-81,000","-81,000"
"=""04652T""",威盛元大35售24  ,0,0,0,0,0,0,0,0,0,"-81,000",0,0,0,"40,000","121,000","-81,000","-81,000"
"=""062698""",世芯永豐47購07  ,0,0,0,0,0,0,0,0,0,"-81,000",0,0,0,0,"81,000","-81,000","-81,000"
"=""062208""",T50反1元富46購04,0,0,0,0,0,0,0,0,0,"-81,000",0,0,0,0,"81,000","-81,000","-81,000"
"=""060508""",台灣50凱基47購06,0,0,0,0,0,0,0,0,0,"-81,000",0,0,0,"223,000","304,000","-81,000","-81,000"
"=""069126""",華新科中信3C購01,0,0,0,0,0,0,0,0,0,"-81,000",0,0,0,0,"81,000","-81,000","-81,000"
"=""069052""",億光凱基48購01  ,0,0,0,0,0,0,0,0,0,"-81,000",0,0,0,"71,000","152,000","-81,000","-81,000"
"=""061280""",台達電永豐46購02,0,0,0,0,0,0,0,0,0,"-82,000",0,0,0,0,"82,000","-82,000","-82,000"
"=""062209""",T50反1元富46購05,0,0,0,0,0,0,0,0,0,"-82,000",0,0,0,0,"82,000","-82,000","-82,000"
"=""058411""",台積電富邦45購10,0,0,0,0,0,0,0,0,0,"-82,000",0,0,0,"1,000","83,000","-82,000","-82,000"
"=""065254""",華航元富51購01  ,0,0,0,0,0,0,0,0,0,"-82,000",0,0,0,"13,000","95,000","-82,000","-82,000"
"=""048124""",貿聯國泰44購01  ,0,0,0,0,0,0,0,0,0,"-82,000",0,0,0,"388,000","470,000","-82,000","-82,000"
"=""050432""",世芯國泰45購04  ,0,0,0,0,0,0,0,0,0,"-82,000",0,0,0,"75,000","157,000","-82,000","-82,000"
"=""059021""",中華中信45購01  ,0,0,0,0,0,0,0,0,0,"-82,000",0,0,0,"2,000","84,000","-82,000","-82,000"
3532,台勝科          ,"74,000","161,000","-87,000",0,0,0,"1,000","1,000",0,"4,983","22,000","14,000","8,000","9,416","12,433","-3,017","-82,017"
2485,兆赫            ,"424,000","445,000","-21,000",0,0,0,0,0,0,"-61,171","5,000","65,171","-60,171",0,"1,000","-1,000","-82,171"
3504,揚明光          ,"22,000","105,000","-83,000",0,0,0,0,0,0,25,0,0,0,"1,000",975,25,"-82,975"
"=""054160""",瑞智永豐44購01  ,0,0,0,0,0,0,0,0,0,"-83,000",0,0,0,"85,000","168,000","-83,000","-83,000"
"=""062987""",世芯元大46購25  ,0,0,0,0,0,0,0,0,0,"-83,000",0,0,0,"28,000","111,000","-83,000","-83,000"
"=""063460""",長榮航元大46購24,0,0,0,0,0,0,0,0,0,"-83,000",0,0,0,0,"83,000","-83,000","-83,000"
"=""040819""",神達富邦54購02  ,0,0,0,0,0,0,0,0,0,"-83,000",0,0,0,"49,000","132,000","-83,000","-83,000"
"=""059773""",緯穎元大45購29  ,0,0,0,0,0,0,0,0,0,"-83,000",0,0,0,0,"83,000","-83,000","-83,000"
"=""046700""",鴻海元富42購12  ,0,0,0,0,0,0,0,0,0,"-83,000",0,0,0,"52,000","135,000","-83,000","-83,000"
"=""07993U""",長榮凱基3A售04  ,0,0,0,0,0,0,0,0,0,"-83,000",0,0,0,0,"83,000","-83,000","-83,000"
"=""060478""",萬海中信46購04  ,0,0,0,0,0,0,0,0,0,"-83,000",0,0,0,0,"83,000","-83,000","-83,000"
"=""069110""",立積元大4B購02  ,0,0,0,0,0,0,0,0,0,"-83,000",0,0,0,"130,000","213,000","-83,000","-83,000"
"=""061664""",中砂群益4C購01  ,0,0,0,0,0,0,0,0,0,"-84,000",0,0,0,"20,000","104,000","-84,000","-84,000"
"=""069512""",偉訓永豐4A購01  ,0,0,0,0,0,0,0,0,0,"-84,000",0,0,0,0,"84,000","-84,000","-84,000"
"=""054952""",世芯永豐45購06  ,0,0,0,0,0,0,0,0,0,"-84,000",0,0,0,"41,000","125,000","-84,000","-84,000"
"=""062405""",鴻海中信46購03  ,0,0,0,0,0,0,0,0,0,"-84,000",0,0,0,0,"84,000","-84,000","-84,000"
"=""067420""",鴻海永豐47購14  ,0,0,0,0,0,0,0,0,0,"-84,000",0,0,0,"9,000","93,000","-84,000","-84,000"
"=""052067""",滬深2X永豐43購08,0,0,0,0,0,0,0,0,0,"-84,000",0,0,0,0,"84,000","-84,000","-84,000"
"=""065462""",台亞國票4A購01  ,0,0,0,0,0,0,0,0,0,"-84,000",0,0,0,"46,000","130,000","-84,000","-84,000"
"=""039051""",華榮永豐55購01  ,0,0,0,0,0,0,0,0,0,"-84,000",0,0,0,"30,000","114,000","-84,000","-84,000"
"=""051724""",威盛元大43購15  ,0,0,0,0,0,0,0,0,0,"-84,000",0,0,0,0,"84,000","-84,000","-84,000"
"=""056497""",定穎控富邦47購01,0,0,0,0,0,0,0,0,0,"-84,000",0,0,0,"48,000","132,000","-84,000","-84,000"
"=""04448T""",智原國票36售02  ,0,0,0,0,0,0,0,0,0,"-85,000",0,0,0,"10,000","95,000","-85,000","-85,000"
"=""058979""",海悅國票46購01  ,0,0,0,0,0,0,0,0,0,"-85,000",0,0,0,0,"85,000","-85,000","-85,000"
"=""059101""",臺股指元富49購04,0,0,0,0,0,0,0,0,0,"-85,000",0,0,0,"235,000","320,000","-85,000","-85,000"
"=""063939""",鉅祥國票46購01  ,0,0,0,0,0,0,0,0,0,"-85,000",0,0,0,"15,000","100,000","-85,000","-85,000"
"=""065535""",漢唐富邦49購01  ,0,0,0,0,0,0,0,0,0,"-85,000",0,0,0,0,"85,000","-85,000","-85,000"
"=""045159""",亞翔群益55購05  ,0,0,0,0,0,0,0,0,0,"-85,000",0,0,0,"15,000","100,000","-85,000","-85,000"
"=""03629T""",啟�眥窶�35售01  ,0,0,0,0,0,0,0,0,0,"-85,000",0,0,0,0,"85,000","-85,000","-85,000"
"=""067527""",矽力元大47購04  ,0,0,0,0,0,0,0,0,0,"-85,000",0,0,0,"1,000","86,000","-85,000","-85,000"
"=""059752""",一詮元大45購04  ,0,0,0,0,0,0,0,0,0,"-85,000",0,0,0,"5,000","90,000","-85,000","-85,000"
"=""059583""",世芯元大48購03  ,0,0,0,0,0,0,0,0,0,"-85,000",0,0,0,0,"85,000","-85,000","-85,000"
"=""058266""",元債2X元大51購01,0,0,0,0,0,0,0,0,0,"-85,000",0,0,0,"35,000","120,000","-85,000","-85,000"
"=""068123""",汎銓元富47購02  ,0,0,0,0,0,0,0,0,0,"-85,000",0,0,0,0,"85,000","-85,000","-85,000"
"=""054580""",亞翔統一4A購02  ,0,0,0,0,0,0,0,0,0,"-85,000",0,0,0,"12,000","97,000","-85,000","-85,000"
"=""061963""",堤維西凱基46購01,0,0,0,0,0,0,0,0,0,"-85,000",0,0,0,0,"85,000","-85,000","-85,000"
"=""061915""",緯穎元大46購24  ,0,0,0,0,0,0,0,0,0,"-85,000",0,0,0,"38,000","123,000","-85,000","-85,000"
"=""056700""",奇鋐元大45購09  ,0,0,0,0,0,0,0,0,0,"-85,000",0,0,0,"98,000","183,000","-85,000","-85,000"
"=""057120""",全新群益45購04  ,0,0,0,0,0,0,0,0,0,"-85,000",0,0,0,0,"85,000","-85,000","-85,000"
"=""061150""",世芯元富46購08  ,0,0,0,0,0,0,0,0,0,"-85,000",0,0,0,0,"85,000","-85,000","-85,000"
5388,中磊            ,"1,192,000","1,121,000","71,000",0,0,0,0,"80,000","-80,000","-76,079","88,320","194,200","-105,880","38,801","9,000","29,801","-85,079"
"=""056461""",直得元富48購01  ,0,0,0,0,0,0,0,0,0,"-86,000",0,0,0,"24,000","110,000","-86,000","-86,000"
"=""047992""",京元電元大45購01,0,0,0,0,0,0,0,0,0,"-86,000",0,0,0,"14,000","100,000","-86,000","-86,000"
"=""068376""",臺股指富邦4C購04,0,0,0,0,0,0,0,0,0,"-86,000",0,0,0,"1,000","87,000","-86,000","-86,000"
"=""056952""",長榮富邦47購01  ,0,0,0,0,0,0,0,0,0,"-86,000",0,0,0,0,"86,000","-86,000","-86,000"
"=""069057""",德律凱基4A購01  ,0,0,0,0,0,0,0,0,0,"-86,000",0,0,0,"91,000","177,000","-86,000","-86,000"
1307,三芳            ,"32,000","101,000","-69,000",0,0,0,0,0,0,"-17,000",0,"17,000","-17,000",0,0,0,"-86,000"
"=""08409U""",台灣50富邦3B售01,0,0,0,0,0,0,0,0,0,"-86,000",0,0,0,0,"86,000","-86,000","-86,000"
"=""068303""",台積電元大48購14,0,0,0,0,0,0,0,0,0,"-86,000",0,0,0,0,"86,000","-86,000","-86,000"
"=""059991""",日電貿元大45購02,0,0,0,0,0,0,0,0,0,"-86,000",0,0,0,"4,000","90,000","-86,000","-86,000"
"=""058370""",宏達電國票55購01,0,0,0,0,0,0,0,0,0,"-86,000",0,0,0,0,"86,000","-86,000","-86,000"
"=""059481""",德律國票46購02  ,0,0,0,0,0,0,0,0,0,"-86,000",0,0,0,"14,000","100,000","-86,000","-86,000"
"=""054878""",世芯元大44購17  ,0,0,0,0,0,0,0,0,0,"-86,000",0,0,0,0,"86,000","-86,000","-86,000"
"=""066090""",台塑凱基48購01  ,0,0,0,0,0,0,0,0,0,"-86,000",0,0,0,0,"86,000","-86,000","-86,000"
2467,志聖            ,"191,021","282,000","-90,979",0,0,0,0,0,0,"4,000","5,000","1,000","4,000",0,0,0,"-86,979"
2536,宏普            ,"18,000","104,000","-86,000",0,0,0,0,0,0,"-1,000",0,"1,000","-1,000",0,0,0,"-87,000"
"=""048219""",矽統元富42購01  ,0,0,0,0,0,0,0,0,0,"-87,000",0,0,0,"13,000","100,000","-87,000","-87,000"
"=""063179""",川湖群益46購13  ,0,0,0,0,0,0,0,0,0,"-87,000",0,0,0,"23,000","110,000","-87,000","-87,000"
"=""051927""",京鼎群益43購06  ,0,0,0,0,0,0,0,0,0,"-87,000",0,0,0,"11,000","98,000","-87,000","-87,000"
"=""054319""",台積電群益4A購08,0,0,0,0,0,0,0,0,0,"-87,000",0,0,0,"30,000","117,000","-87,000","-87,000"
"=""044228""",jpp元富55購01   ,0,0,0,0,0,0,0,0,0,"-87,000",0,0,0,"36,000","123,000","-87,000","-87,000"
"=""059574""",偉訓元大45購04  ,0,0,0,0,0,0,0,0,0,"-87,000",0,0,0,"4,000","91,000","-87,000","-87,000"
"=""067313""",台灣50元大47購15,0,0,0,0,0,0,0,0,0,"-87,000",0,0,0,"68,000","155,000","-87,000","-87,000"
"=""059727""",祥碩群益45購04  ,0,0,0,0,0,0,0,0,0,"-87,000",0,0,0,"36,000","123,000","-87,000","-87,000"
"=""062824""",神達元大4B購04  ,0,0,0,0,0,0,0,0,0,"-87,000",0,0,0,0,"87,000","-87,000","-87,000"
2887,台新新光金      ,"5,370,000","5,412,333","-42,333",0,0,0,0,"24,000","-24,000","-21,386","11,000","24,995","-13,995",0,"7,391","-7,391","-87,719"
2427,三商電          ,"204,000","292,000","-88,000",0,0,0,0,0,0,0,0,0,0,0,0,0,"-88,000"
"=""063256""",世芯元大46購26  ,0,0,0,0,0,0,0,0,0,"-88,000",0,0,0,0,"88,000","-88,000","-88,000"
"=""04924T""",虹堡國票36售01  ,0,0,0,0,0,0,0,0,0,"-88,000",0,0,0,0,"88,000","-88,000","-88,000"
"=""054024""",迎廣元富4A購01  ,0,0,0,0,0,0,0,0,0,"-88,000",0,0,0,"62,000","150,000","-88,000","-88,000"
"=""051087""",達興永豐44購01  ,0,0,0,0,0,0,0,0,0,"-88,000",0,0,0,0,"88,000","-88,000","-88,000"
"=""064805""",大立光元大47購04,0,0,0,0,0,0,0,0,0,"-88,000",0,0,0,0,"88,000","-88,000","-88,000"
"=""058135""",英業達群益45購05,0,0,0,0,0,0,0,0,0,"-88,000",0,0,0,"10,000","98,000","-88,000","-88,000"
"=""062950""",川湖元大46購12  ,0,0,0,0,0,0,0,0,0,"-88,000",0,0,0,0,"88,000","-88,000","-88,000"
"=""068636""",永道元大48購02  ,0,0,0,0,0,0,0,0,0,"-88,000",0,0,0,"49,000","137,000","-88,000","-88,000"
"=""060383""",臺股指元大46購28,0,0,0,0,0,0,0,0,0,"-88,000",0,0,0,"161,000","249,000","-88,000","-88,000"
"=""058636""",台塑凱基46購01  ,0,0,0,0,0,0,0,0,0,"-88,000",0,0,0,0,"88,000","-88,000","-88,000"
"=""059602""",正崴統一4A購01  ,0,0,0,0,0,0,0,0,0,"-88,000",0,0,0,"26,000","114,000","-88,000","-88,000"
"=""068010""",辛耘群益47購03  ,0,0,0,0,0,0,0,0,0,"-88,000",0,0,0,0,"88,000","-88,000","-88,000"
"=""042137""",同欣電國票59購01,0,0,0,0,0,0,0,0,0,"-88,000",0,0,0,"32,000","120,000","-88,000","-88,000"
"=""065275""",華新科永豐4A購01,0,0,0,0,0,0,0,0,0,"-88,000",0,0,0,"1,000","89,000","-88,000","-88,000"
5522,遠雄            ,"51,000","130,000","-79,000",0,0,0,"1,000",0,"1,000","-10,260","2,000","1,898",102,"3,000","13,362","-10,362","-88,260"
"=""063138""",敦泰凱基46購02  ,0,0,0,0,0,0,0,0,0,"-89,000",0,0,0,"9,000","98,000","-89,000","-89,000"
"=""050812""",十銓永豐45購03  ,0,0,0,0,0,0,0,0,0,"-89,000",0,0,0,"1,000","90,000","-89,000","-89,000"
"=""03812T""",台積電永豐36售02,0,0,0,0,0,0,0,0,0,"-89,000",0,0,0,0,"89,000","-89,000","-89,000"
"=""067972""",南亞統一51購06  ,0,0,0,0,0,0,0,0,0,"-89,000",0,0,0,0,"89,000","-89,000","-89,000"
"=""056557""",鴻海元大45購16  ,0,0,0,0,0,0,0,0,0,"-89,000",0,0,0,"18,000","107,000","-89,000","-89,000"
"=""054473""",威盛元大44購17  ,0,0,0,0,0,0,0,0,0,"-89,000",0,0,0,"1,000","90,000","-89,000","-89,000"
"=""046269""",台積電凱基43購40,0,0,0,0,0,0,0,0,0,"-89,000",0,0,0,"120,000","209,000","-89,000","-89,000"
"=""062690""",台光電永豐46購07,0,0,0,0,0,0,0,0,0,"-89,000",0,0,0,"1,000","90,000","-89,000","-89,000"
"=""062364""",神達富邦48購02  ,0,0,0,0,0,0,0,0,0,"-90,000",0,0,0,0,"90,000","-90,000","-90,000"
"=""062506""",神達元富46購01  ,0,0,0,0,0,0,0,0,0,"-90,000",0,0,0,"15,000","105,000","-90,000","-90,000"
"=""057748""",川湖群益45購02  ,0,0,0,0,0,0,0,0,0,"-90,000",0,0,0,"40,000","130,000","-90,000","-90,000"
"=""054408""",鴻準永豐46購01  ,0,0,0,0,0,0,0,0,0,"-90,000",0,0,0,0,"90,000","-90,000","-90,000"
"=""054372""",台灣50凱基4A購02,0,0,0,0,0,0,0,0,0,"-90,000",0,0,0,"140,000","230,000","-90,000","-90,000"
"=""069393""",瑞昱統一52購01  ,0,0,0,0,0,0,0,0,0,"-90,000",0,0,0,0,"90,000","-90,000","-90,000"
"=""061845""",皇昌群益46購06  ,0,0,0,0,0,0,0,0,0,"-90,000",0,0,0,"22,000","112,000","-90,000","-90,000"
"=""068991""",鴻海國泰51購01  ,0,0,0,0,0,0,0,0,0,"-90,000",0,0,0,0,"90,000","-90,000","-90,000"
"=""066990""",台塑凱基47購03  ,0,0,0,0,0,0,0,0,0,"-90,000",0,0,0,0,"90,000","-90,000","-90,000"
"=""055911""",天虹元富44購02  ,0,0,0,0,0,0,0,0,0,"-90,000",0,0,0,"10,000","100,000","-90,000","-90,000"
"=""065113""",台光電中信49購01,0,0,0,0,0,0,0,0,0,"-90,000",0,0,0,0,"90,000","-90,000","-90,000"
"=""03600B""",臺股指元大31熊53,0,0,0,0,0,0,0,0,0,"-90,000",0,0,0,"733,000","823,000","-90,000","-90,000"
"=""050806""",所羅門永豐43購02,0,0,0,0,0,0,0,0,0,"-90,000",0,0,0,0,"90,000","-90,000","-90,000"
"=""053408""",碩天元大48購01  ,0,0,0,0,0,0,0,0,0,"-90,000",0,0,0,"110,000","200,000","-90,000","-90,000"
"=""049991""",新巨群益43購01  ,0,0,0,0,0,0,0,0,0,"-90,000",0,0,0,0,"90,000","-90,000","-90,000"
"=""051296""",皇昌群益43購05  ,0,0,0,0,0,0,0,0,0,"-90,000",0,0,0,0,"90,000","-90,000","-90,000"
"=""052232""",欣興凱基45購03  ,0,0,0,0,0,0,0,0,0,"-90,000",0,0,0,"60,000","150,000","-90,000","-90,000"
"=""052572""",世芯凱基46購05  ,0,"90,000","-90,000",0,0,0,0,0,0,0,0,0,0,0,0,0,"-90,000"
"=""064143""",英業達富邦48購02,0,0,0,0,0,0,0,0,0,"-90,000",0,0,0,"1,000","91,000","-90,000","-90,000"
"=""063998""",達發元富4C購01  ,0,0,0,0,0,0,0,0,0,"-90,000",0,0,0,"47,000","137,000","-90,000","-90,000"
"=""064554""",鴻海國票49購02  ,0,0,0,0,0,0,0,0,0,"-90,000",0,0,0,"71,000","161,000","-90,000","-90,000"
"=""064557""",廣宇國票49購01  ,0,0,0,0,0,0,0,0,0,"-90,000",0,0,0,"5,000","95,000","-90,000","-90,000"
1808,潤隆            ,"77,000","166,000","-89,000",0,0,0,0,0,0,"-1,365","1,000","2,365","-1,365",0,0,0,"-90,365"
"=""056378""",藍天元大45購01  ,0,0,0,0,0,0,0,0,0,"-91,000",0,0,0,0,"91,000","-91,000","-91,000"
"=""064271""",宇隆元大48購01  ,"13,000","104,000","-91,000",0,0,0,0,0,0,0,0,0,0,0,0,0,"-91,000"
"=""064829""",華新統一51購01  ,0,0,0,0,0,0,0,0,0,"-91,000",0,0,0,0,"91,000","-91,000","-91,000"
"=""065611""",志強國票49購01  ,0,0,0,0,0,0,0,0,0,"-91,000",0,0,0,0,"91,000","-91,000","-91,000"
"=""067230""",達興永豐47購01  ,0,"91,000","-91,000",0,0,0,0,0,0,0,0,0,0,0,0,0,"-91,000"
"=""067500""",和大元大47購03  ,0,0,0,0,0,0,0,0,0,"-91,000",0,0,0,"39,000","130,000","-91,000","-91,000"
"=""068720""",亞翔兆豐4A購01  ,0,0,0,0,0,0,0,0,0,"-91,000",0,0,0,0,"91,000","-91,000","-91,000"
"=""061126""",川湖元富47購02  ,0,0,0,0,0,0,0,0,0,"-91,000",0,0,0,"1,000","92,000","-91,000","-91,000"
"=""069135""",萬海群益4A購05  ,0,0,0,0,0,0,0,0,0,"-91,000",0,0,0,0,"91,000","-91,000","-91,000"
"=""061961""",台塑凱基46購03  ,0,0,0,0,0,0,0,0,0,"-91,000",0,0,0,"74,000","165,000","-91,000","-91,000"
"=""062907""",台積電凱基5C購01,0,0,0,0,0,0,0,0,0,"-91,000",0,0,0,0,"91,000","-91,000","-91,000"
"=""055199""",盛群國票45購01  ,0,0,0,0,0,0,0,0,0,"-91,000",0,0,0,"59,000","150,000","-91,000","-91,000"
1301,台塑            ,"1,244,074","1,320,094","-76,020",0,0,0,0,"65,856","-65,856","50,657","30,000","2,343","27,657","38,000","15,000","23,000","-91,219"
"=""057898""",皇昌國票45購01  ,0,0,0,0,0,0,0,0,0,"-92,000",0,0,0,"50,000","142,000","-92,000","-92,000"
"=""062500""",台光電元富46購02,0,0,0,0,0,0,0,0,0,"-92,000",0,0,0,"75,000","167,000","-92,000","-92,000"
"=""062522""",所羅門國票47購01,0,0,0,0,0,0,0,0,0,"-92,000",0,0,0,"147,000","239,000","-92,000","-92,000"
"=""061131""",致茂元富46購01  ,0,0,0,0,0,0,0,0,0,"-92,000",0,0,0,"60,000","152,000","-92,000","-92,000"
"=""061297""",SGBR2X中信49購01,0,0,0,0,0,0,0,0,0,"-92,000",0,0,0,0,"92,000","-92,000","-92,000"
"=""061430""",緯創元富46購01  ,0,0,0,0,0,0,0,0,0,"-92,000",0,0,0,"250,000","342,000","-92,000","-92,000"
"=""068793""",泰金寶富邦4A購01,0,0,0,0,0,0,0,0,0,"-92,000",0,0,0,0,"92,000","-92,000","-92,000"
"=""067951""",佳能永豐4A購01  ,0,0,0,0,0,0,0,0,0,"-92,000",0,0,0,"6,000","98,000","-92,000","-92,000"
"=""068329""",泰金寶元大48購01,0,0,0,0,0,0,0,0,0,"-92,000",0,0,0,"59,000","151,000","-92,000","-92,000"
"=""059753""",長榮元大45購29  ,0,0,0,0,0,0,0,0,0,"-92,000",0,0,0,0,"92,000","-92,000","-92,000"
"=""064758""",台光電國票48購01,0,0,0,0,0,0,0,0,0,"-92,000",0,0,0,0,"92,000","-92,000","-92,000"
"=""051807""",威盛凱基49購01  ,0,0,0,0,0,0,0,0,0,"-92,000",0,0,0,"3,000","95,000","-92,000","-92,000"
"=""051783""",元黃金永豐46購01,0,0,0,0,0,0,0,0,0,"-92,000",0,0,0,0,"92,000","-92,000","-92,000"
"=""050778""",亞光元大43購14  ,0,0,0,0,0,0,0,0,0,"-93,000",0,0,0,"5,000","98,000","-93,000","-93,000"
"=""063349""",鴻準凱基46購07  ,0,0,0,0,0,0,0,0,0,"-93,000",0,0,0,"60,000","153,000","-93,000","-93,000"
"=""067878""",神基群益47購01  ,0,0,0,0,0,0,0,0,0,"-93,000",0,0,0,"75,000","168,000","-93,000","-93,000"
"=""066556""",玉晶光凱基47購04,0,0,0,0,0,0,0,0,0,"-93,000",0,0,0,0,"93,000","-93,000","-93,000"
"=""069123""",華泰中信3C購01  ,0,0,0,0,0,0,0,0,0,"-93,000",0,0,0,"20,000","113,000","-93,000","-93,000"
"=""057926""",技嘉元大45購14  ,"5,000","98,000","-93,000",0,0,0,0,0,0,0,0,0,0,0,0,0,"-93,000"
"=""055857""",崇越凱基44購01  ,0,0,0,0,0,0,0,0,0,"-93,000",0,0,0,"51,000","144,000","-93,000","-93,000"
2351,順德            ,"126,000","232,000","-106,000",0,0,0,0,0,0,"12,731",0,0,0,"15,361","2,630","12,731","-93,269"
"=""050723""",萬海國票44購05  ,0,0,0,0,0,0,0,0,0,"-94,000",0,0,0,"106,000","200,000","-94,000","-94,000"
"=""063076""",鴻海統一5C購01  ,0,0,0,0,0,0,0,0,0,"-94,000",0,0,0,"10,000","104,000","-94,000","-94,000"
"=""054290""",大銀元大44購02  ,0,0,0,0,0,0,0,0,0,"-94,000",0,0,0,"2,000","96,000","-94,000","-94,000"
"=""064756""",金寶國票48購01  ,0,0,0,0,0,0,0,0,0,"-94,000",0,0,0,"96,000","190,000","-94,000","-94,000"
"=""064356""",盟立國票49購01  ,0,0,0,0,0,0,0,0,0,"-94,000",0,0,0,"148,000","242,000","-94,000","-94,000"
"=""069064""",達興凱基48購01  ,0,0,0,0,0,0,0,0,0,"-94,000",0,0,0,"18,000","112,000","-94,000","-94,000"
"=""068573""",T50正2群益51購01,0,0,0,0,0,0,0,0,0,"-94,000",0,0,0,"206,000","300,000","-94,000","-94,000"
"=""066184""",聯詠兆豐3B購01  ,0,0,0,0,0,0,0,0,0,"-94,000",0,0,0,"32,000","126,000","-94,000","-94,000"
"=""065791""",台光電富邦48購02,0,0,0,0,0,0,0,0,0,"-94,000",0,0,0,"90,000","184,000","-94,000","-94,000"
"=""067542""",京元電群益48購03,0,0,0,0,0,0,0,0,0,"-94,000",0,0,0,"64,000","158,000","-94,000","-94,000"
"=""067105""",世芯元富47購14  ,0,0,0,0,0,0,0,0,0,"-94,000",0,0,0,0,"94,000","-94,000","-94,000"
6719,力智            ,"103,000","199,000","-96,000",0,0,0,"15,000",0,"15,000","-13,355",113,310,-197,0,"13,158","-13,158","-94,355"
"=""054023""",迎廣元富44購01  ,0,0,0,0,0,0,0,0,0,"-95,000",0,0,0,"29,000","124,000","-95,000","-95,000"
"=""053947""",大立光兆豐45購01,0,0,0,0,0,0,0,0,0,"-95,000",0,0,0,0,"95,000","-95,000","-95,000"
"=""064254""",世芯群益4C購07  ,0,0,0,0,0,0,0,0,0,"-95,000",0,0,0,"16,000","111,000","-95,000","-95,000"
"=""064093""",FBNQ2X群益48購02,0,0,0,0,0,0,0,0,0,"-95,000",0,0,0,"25,000","120,000","-95,000","-95,000"
"=""064242""",旺宏群益47購02  ,0,0,0,0,0,0,0,0,0,"-95,000",0,0,0,0,"95,000","-95,000","-95,000"
"=""049204""",盟立永豐43購02  ,0,0,0,0,0,0,0,0,0,"-95,000",0,0,0,"65,000","160,000","-95,000","-95,000"
"=""048347""",亞翔群益42購09  ,0,0,0,0,0,0,0,0,0,"-95,000",0,0,0,0,"95,000","-95,000","-95,000"
"=""047921""",力積電凱基42購01,0,0,0,0,0,0,0,0,0,"-95,000",0,0,0,"44,000","139,000","-95,000","-95,000"
"=""040319""",台達電群益56購02,0,0,0,0,0,0,0,0,0,"-95,000",0,0,0,"5,000","100,000","-95,000","-95,000"
"=""052017""",華通國票44購04  ,0,0,0,0,0,0,0,0,0,"-95,000",0,0,0,0,"95,000","-95,000","-95,000"
"=""054831""",辛耘國票45購02  ,0,0,0,0,0,0,0,0,0,"-95,000",0,0,0,"6,000","101,000","-95,000","-95,000"
"=""067323""",華通元大47購12  ,0,0,0,0,0,0,0,0,0,"-95,000",0,0,0,"80,000","175,000","-95,000","-95,000"
"=""068053""",T50正2凱基49購02,0,0,0,0,0,0,0,0,0,"-95,000",0,0,0,"170,000","265,000","-95,000","-95,000"
"=""065911""",SGBR2X元富47購03,0,0,0,0,0,0,0,0,0,"-95,000",0,0,0,"1,000","96,000","-95,000","-95,000"
"=""066356""",漢唐元富51購02  ,0,0,0,0,0,0,0,0,0,"-95,000",0,0,0,"113,000","208,000","-95,000","-95,000"
"=""061260""",義隆凱基46購01  ,0,0,0,0,0,0,0,0,0,"-95,000",0,0,0,0,"95,000","-95,000","-95,000"
"=""061550""",緯穎永豐49購02  ,0,0,0,0,0,0,0,0,0,"-95,000",0,0,0,0,"95,000","-95,000","-95,000"
"=""057252""",S&P反1國票47購01,0,0,0,0,0,0,0,0,0,"-95,000",0,0,0,"5,000","100,000","-95,000","-95,000"
"=""062496""",華通元富47購04  ,0,0,0,0,0,0,0,0,0,"-95,000",0,0,0,0,"95,000","-95,000","-95,000"
"=""054517""",中石化富邦44購01,0,0,0,0,0,0,0,0,0,"-95,000",0,0,0,"20,000","115,000","-95,000","-95,000"
"=""00733""",富邦臺灣中小    ,"16,000","31,000","-15,000",0,0,0,0,0,0,"-80,089",0,0,0,"43,249","123,338","-80,089","-95,089"
2481,強茂            ,"1,348,000","1,421,000","-73,000",0,0,0,0,0,0,"-22,886","64,001","67,887","-3,886","42,000","61,000","-19,000","-95,886"
2419,仲琦            ,"378,000","441,000","-63,000",0,0,0,0,0,0,"-32,919","2,000","1,785",215,"2,000","35,134","-33,134","-95,919"
"=""050529""",元油反元富49購01,0,0,0,0,0,0,0,0,0,"-96,000",0,0,0,"4,000","100,000","-96,000","-96,000"
"=""064199""",海悅國票47購01  ,0,0,0,0,0,0,0,0,0,"-96,000",0,0,0,"2,000","98,000","-96,000","-96,000"
"=""063957""",晟銘電永豐48購01,0,0,0,0,0,0,0,0,0,"-96,000",0,0,0,"198,000","294,000","-96,000","-96,000"
"=""065918""",漢唐元富47購03  ,0,0,0,0,0,0,0,0,0,"-96,000",0,0,0,"204,000","300,000","-96,000","-96,000"
"=""065379""",華新科統一41購01,0,0,0,0,0,0,0,0,0,"-96,000",0,0,0,0,"96,000","-96,000","-96,000"
"=""068086""",T50反1元富47購01,0,0,0,0,0,0,0,0,0,"-96,000",0,0,0,"79,000","175,000","-96,000","-96,000"
"=""061626""",光寶科元大46購03,"60,000","156,000","-96,000",0,0,0,0,0,0,0,0,0,0,0,0,0,"-96,000"
"=""060912""",奇鋐國票47購01  ,0,0,0,0,0,0,0,0,0,"-96,000",0,0,0,0,"96,000","-96,000","-96,000"
"=""060736""",世紀鋼群益46購01,0,0,0,0,0,0,0,0,0,"-96,000",0,0,0,"4,000","100,000","-96,000","-96,000"
3563,牧德            ,"168,177","262,000","-93,823",0,0,0,0,0,0,"-2,317",0,0,0,"6,547","8,864","-2,317","-96,140"
1604,聲寶            ,"7,000","73,000","-66,000",0,0,0,0,0,0,"-31,000",0,"31,000","-31,000",0,0,0,"-97,000"
"=""063088""",華晶科國票47購01,0,0,0,0,0,0,0,0,0,"-97,000",0,0,0,"13,000","110,000","-97,000","-97,000"
"=""061711""",長榮航中信46購04,0,0,0,0,0,0,0,0,0,"-97,000",0,0,0,"31,000","128,000","-97,000","-97,000"
"=""047027""",台積電中信45購01,0,0,0,0,0,0,0,0,0,"-97,000",0,0,0,"20,000","117,000","-97,000","-97,000"
"=""046226""",亞翔群益42購04  ,0,0,0,0,0,0,0,0,0,"-97,000",0,0,0,0,"97,000","-97,000","-97,000"
"=""067864""",裕慶凱基49購01  ,0,0,0,0,0,0,0,0,0,"-97,000",0,0,0,"214,000","311,000","-97,000","-97,000"
"=""058875""",T50正2元大4C購01,0,0,0,0,0,0,0,0,0,"-97,000",0,0,0,0,"97,000","-97,000","-97,000"
"=""058447""",大立光永豐45購03,0,0,0,0,0,0,0,0,0,"-97,000",0,0,0,"99,000","196,000","-97,000","-97,000"
"=""065857""",中華永豐48購01  ,0,0,0,0,0,0,0,0,0,"-97,000",0,0,0,0,"97,000","-97,000","-97,000"
"=""066677""",台光電凱基47購05,0,0,0,0,0,0,0,0,0,"-98,000",0,0,0,0,"98,000","-98,000","-98,000"
"=""03487T""",東陽元富33售03  ,0,0,0,0,0,0,0,0,0,"-98,000",0,0,0,"14,000","112,000","-98,000","-98,000"
"=""059733""",台玻元大45購02  ,0,0,0,0,0,0,0,0,0,"-98,000",0,0,0,0,"98,000","-98,000","-98,000"
"=""057391""",立積統一4B購01  ,0,0,0,0,0,0,0,0,0,"-98,000",0,0,0,0,"98,000","-98,000","-98,000"
"=""062900""",T50反1凱基47購04,0,0,0,0,0,0,0,0,0,"-98,000",0,0,0,0,"98,000","-98,000","-98,000"
"=""057023""",陽明統一4A購01  ,0,0,0,0,0,0,0,0,0,"-98,000",0,0,0,"128,000","226,000","-98,000","-98,000"
"=""060651""",亞光中信47購01  ,0,0,0,0,0,0,0,0,0,"-98,000",0,0,0,0,"98,000","-98,000","-98,000"
"=""060388""",臺股指元大47購08,0,0,0,0,0,0,0,0,0,"-98,000",0,0,0,0,"98,000","-98,000","-98,000"
"=""060339""",仁寶元大46購02  ,0,0,0,0,0,0,0,0,0,"-98,000",0,0,0,0,"98,000","-98,000","-98,000"
"=""060304""",仁寶群益46購01  ,0,0,0,0,0,0,0,0,0,"-98,000",0,0,0,"150,000","248,000","-98,000","-98,000"
"=""068979""",鴻海兆豐4B購01  ,0,0,0,0,0,0,0,0,0,"-98,000",0,0,0,"2,000","100,000","-98,000","-98,000"
"=""063260""",保瑞元大46購14  ,0,0,0,0,0,0,0,0,0,"-98,000",0,0,0,"38,000","136,000","-98,000","-98,000"
"=""050660""",新日興兆豐44購01,0,0,0,0,0,0,0,0,0,"-98,000",0,0,0,"58,000","156,000","-98,000","-98,000"
"=""00930""",永豐ESG低碳高息 ,"3,198","2,000","1,198",0,0,0,0,0,0,"-99,389",0,0,0,"462,000","561,389","-99,389","-98,191"
6505,台塑化          ,"148,000","132,342","15,658",0,0,0,0,"125,000","-125,000","10,989",0,"2,004","-2,004","13,000",7,"12,993","-98,353"
"=""050483""",威盛元大43購05  ,0,0,0,0,0,0,0,0,0,"-99,000",0,0,0,0,"99,000","-99,000","-99,000"
"=""066709""",台灣50群益47購07,0,0,0,0,0,0,0,0,0,"-99,000",0,0,0,0,"99,000","-99,000","-99,000"
"=""066516""",祥碩群益47購03  ,0,0,0,0,0,0,0,0,0,"-99,000",0,0,0,0,"99,000","-99,000","-99,000"
"=""068020""",中興電元大4A購01,0,0,0,0,0,0,0,0,0,"-99,000",0,0,0,"119,000","218,000","-99,000","-99,000"
"=""067958""",創意永豐4A購01  ,0,0,0,0,0,0,0,0,0,"-99,000",0,0,0,0,"99,000","-99,000","-99,000"
"=""059458""",宇隆元富4B購01  ,0,0,0,0,0,0,0,0,0,"-99,000",0,0,0,0,"99,000","-99,000","-99,000"
"=""061301""",全漢中信46購01  ,0,0,0,0,0,0,0,0,0,"-99,000",0,0,0,"4,000","103,000","-99,000","-99,000"
"=""061741""",智原國泰48購01  ,0,0,0,0,0,0,0,0,0,"-99,000",0,0,0,"79,000","178,000","-99,000","-99,000"
"=""047479""",智原元大44購03  ,0,0,0,0,0,0,0,0,0,"-99,000",0,0,0,"149,000","248,000","-99,000","-99,000"
"=""056792""",蔚華科國票46購03,0,0,0,0,0,0,0,0,0,"-99,000",0,0,0,0,"99,000","-99,000","-99,000"
"=""057825""",廣宇永豐46購01  ,0,0,0,0,0,0,0,0,0,"-99,000",0,0,0,"120,000","219,000","-99,000","-99,000"
"=""057468""",上銀國票46購03  ,0,0,0,0,0,0,0,0,0,"-100,000",0,0,0,0,"100,000","-100,000","-100,000"
"=""057536""",台積電元大45購17,0,0,0,0,0,0,0,0,0,"-100,000",0,0,0,0,"100,000","-100,000","-100,000"
"=""062244""",燿華凱基46購03  ,0,0,0,0,0,0,0,0,0,"-100,000",0,0,0,0,"100,000","-100,000","-100,000"
"=""062475""",神達群益47購03  ,0,0,0,0,0,0,0,0,0,"-100,000",0,0,0,0,"100,000","-100,000","-100,000"
"=""046913""",中砂凱基43購06  ,0,0,0,0,0,0,0,0,0,"-100,000",0,0,0,0,"100,000","-100,000","-100,000"
"=""04752T""",FBNQ2X凱基35售05,0,0,0,0,0,0,0,0,0,"-100,000",0,0,0,0,"100,000","-100,000","-100,000"
"=""08721U""",材料元富32售03  ,0,0,0,0,0,0,0,0,0,"-100,000",0,0,0,0,"100,000","-100,000","-100,000"
"=""08773U""",立積國票33售02  ,0,0,0,0,0,0,0,0,0,"-100,000",0,0,0,0,"100,000","-100,000","-100,000"
"=""08871U""",緯穎元富35售01  ,0,0,0,0,0,0,0,0,0,"-100,000",0,0,0,0,"100,000","-100,000","-100,000"
"=""047236""",富邦金永豐44購01,0,0,0,0,0,0,0,0,0,"-100,000",0,0,0,0,"100,000","-100,000","-100,000"
"=""047270""",世紀鋼統一4C購01,0,0,0,0,0,0,0,0,0,"-100,000",0,0,0,"8,000","108,000","-100,000","-100,000"
"=""055233""",威盛凱基4A購03  ,0,0,0,0,0,0,0,0,0,"-100,000",0,0,0,0,"100,000","-100,000","-100,000"
"=""07782U""",臺股指元大31售73,0,0,0,0,0,0,0,0,0,"-100,000",0,0,0,0,"100,000","-100,000","-100,000"
"=""069322""",東科國票48購01  ,0,0,0,0,0,0,0,0,0,"-100,000",0,0,0,"10,000","110,000","-100,000","-100,000"
"=""069517""",元油反元富48購01,0,0,0,0,0,0,0,0,0,"-100,000",0,0,0,0,"100,000","-100,000","-100,000"
"=""069608""",晶心科統一52購03,0,0,0,0,0,0,0,0,0,"-100,000",0,0,0,0,"100,000","-100,000","-100,000"
"=""069652""",臺指反元大48購04,0,0,0,0,0,0,0,0,0,"-100,000",0,0,0,"14,000","114,000","-100,000","-100,000"
"=""057144""",鈞興群益45購01  ,0,0,0,0,0,0,0,0,0,"-100,000",0,0,0,0,"100,000","-100,000","-100,000"
"=""061599""",牧德國票47購01  ,0,0,0,0,0,0,0,0,0,"-100,000",0,0,0,0,"100,000","-100,000","-100,000"
"=""069085""",華碩元大48購03  ,0,0,0,0,0,0,0,0,0,"-100,000",0,0,0,0,"100,000","-100,000","-100,000"
"=""068990""",鴻海國泰49購01  ,0,0,0,0,0,0,0,0,0,"-100,000",0,0,0,0,"100,000","-100,000","-100,000"
"=""068510""",大立光元大51購01,0,0,0,0,0,0,0,0,0,"-100,000",0,0,0,"19,000","119,000","-100,000","-100,000"
"=""059435""",台灣50富邦47購05,0,0,0,0,0,0,0,0,0,"-100,000",0,0,0,0,"100,000","-100,000","-100,000"
"=""058406""",永崴控元富45購01,0,0,0,0,0,0,0,0,0,"-100,000",0,0,0,"40,000","140,000","-100,000","-100,000"
"=""067605""",長榮元富48購03  ,0,0,0,0,0,0,0,0,0,"-100,000",0,0,0,0,"100,000","-100,000","-100,000"
"=""067612""",台塑中信4A購01  ,0,0,0,0,0,0,0,0,0,"-100,000",0,0,0,0,"100,000","-100,000","-100,000"
"=""059517""",元日2X凱基4A購03,0,0,0,0,0,0,0,0,0,"-100,000",0,0,0,0,"100,000","-100,000","-100,000"
"=""059561""",智邦元大45購04  ,0,0,0,0,0,0,0,0,0,"-100,000",0,0,0,"211,000","311,000","-100,000","-100,000"
"=""054933""",聯發科中信45購01,0,0,0,0,0,0,0,0,0,"-100,000",0,0,0,"10,000","110,000","-100,000","-100,000"
"=""067013""",啟�硈肭�4C購01  ,0,0,0,0,0,0,0,0,0,"-100,000",0,0,0,0,"100,000","-100,000","-100,000"
"=""068272""",台積電凱基49購13,0,0,0,0,0,0,0,0,0,"-100,000",0,0,0,"11,000","111,000","-100,000","-100,000"
"=""059768""",永崴控元大45購02,0,0,0,0,0,0,0,0,0,"-100,000",0,0,0,0,"100,000","-100,000","-100,000"
"=""058754""",寶成群益45購01  ,0,0,0,0,0,0,0,0,0,"-100,000",0,0,0,0,"100,000","-100,000","-100,000"
"=""059646""",台積電永豐4B購01,0,0,0,0,0,0,0,0,0,"-100,000",0,0,0,"301,000","401,000","-100,000","-100,000"
"=""058732""",技嘉群益45購10  ,0,0,0,0,0,0,0,0,0,"-100,000",0,0,0,0,"100,000","-100,000","-100,000"
"=""066634""",智邦永豐48購01  ,0,0,0,0,0,0,0,0,0,"-100,000",0,0,0,0,"100,000","-100,000","-100,000"
"=""066589""",華通國票49購01  ,0,0,0,0,0,0,0,0,0,"-100,000",0,0,0,0,"100,000","-100,000","-100,000"
"=""066666""",滬深2X凱基4A購04,0,0,0,0,0,0,0,0,0,"-100,000",0,0,0,"2,000","102,000","-100,000","-100,000"
"=""066796""",貿聯永豐51購01  ,0,0,0,0,0,0,0,0,0,"-100,000",0,0,0,0,"100,000","-100,000","-100,000"
"=""066192""",華晶科永豐49購01,0,0,0,0,0,0,0,0,0,"-100,000",0,0,0,0,"100,000","-100,000","-100,000"
"=""065916""",華碩元富47購02  ,0,0,0,0,0,0,0,0,0,"-100,000",0,0,0,0,"100,000","-100,000","-100,000"
"=""065910""",滬深2X元富47購02,0,0,0,0,0,0,0,0,0,"-100,000",0,0,0,0,"100,000","-100,000","-100,000"
"=""03088T""",智邦國票33售05  ,0,0,0,0,0,0,0,0,0,"-100,000",0,0,0,0,"100,000","-100,000","-100,000"
"=""03479T""",華通統一34售01  ,0,0,0,0,0,0,0,0,0,"-100,000",0,0,0,0,"100,000","-100,000","-100,000"
"=""03439T""",臺股指群益33售44,0,0,0,0,0,0,0,0,0,"-100,000",0,0,0,0,"100,000","-100,000","-100,000"
"=""044681""",金像電元富55購04,0,"100,000","-100,000",0,0,0,0,0,0,0,0,0,0,0,0,0,"-100,000"
"=""065582""",泓德元富4A購01  ,0,0,0,0,0,0,0,0,0,"-100,000",0,0,0,0,"100,000","-100,000","-100,000"
"=""065086""",鴻海統一3B購02  ,0,0,0,0,0,0,0,0,0,"-100,000",0,0,0,0,"100,000","-100,000","-100,000"
"=""04317T""",臺股指永豐37售01,0,0,0,0,0,0,0,0,0,"-100,000",0,0,0,0,"100,000","-100,000","-100,000"
"=""04323T""",南亞科元大35售01,0,0,0,0,0,0,0,0,0,"-100,000",0,0,0,0,"100,000","-100,000","-100,000"
"=""042814""",中工國票55購01  ,0,0,0,0,0,0,0,0,0,"-100,000",0,0,0,0,"100,000","-100,000","-100,000"
"=""050449""",富邦金群益43購04,0,0,0,0,0,0,0,0,0,"-100,000",0,0,0,0,"100,000","-100,000","-100,000"
"=""050405""",祥碩元富49購01  ,0,0,0,0,0,0,0,0,0,"-100,000",0,0,0,0,"100,000","-100,000","-100,000"
"=""050704""",鴻海凱基43購32  ,0,0,0,0,0,0,0,0,0,"-100,000",0,0,0,"300,000","400,000","-100,000","-100,000"
"=""050754""",嘉澤群益47購01  ,0,0,0,0,0,0,0,0,0,"-100,000",0,0,0,0,"100,000","-100,000","-100,000"
"=""056345""",廣宇凱基4B購01  ,0,0,0,0,0,0,0,0,0,"-100,000",0,0,0,0,"100,000","-100,000","-100,000"
"=""053436""",台灣50兆豐46購02,0,0,0,0,0,0,0,0,0,"-100,000",0,0,0,0,"100,000","-100,000","-100,000"
"=""053321""",上証2X群益4A購03,0,0,0,0,0,0,0,0,0,"-100,000",0,0,0,"45,000","145,000","-100,000","-100,000"
"=""053390""",永光元大44購03  ,0,0,0,0,0,0,0,0,0,"-100,000",0,0,0,0,"100,000","-100,000","-100,000"
"=""063267""",景碩兆豐46購02  ,0,0,0,0,0,0,0,0,0,"-100,000",0,0,0,0,"100,000","-100,000","-100,000"
"=""063283""",世芯統一58購02  ,0,0,0,0,0,0,0,0,0,"-100,000",0,0,0,0,"100,000","-100,000","-100,000"
"=""049903""",華通富邦44購01  ,0,0,0,0,0,0,0,0,0,"-100,000",0,0,0,0,"100,000","-100,000","-100,000"
"=""063382""",上銀富邦48購01  ,0,0,0,0,0,0,0,0,0,"-100,000",0,0,0,0,"100,000","-100,000","-100,000"
"=""048787""",矽力統一4C購02  ,0,0,0,0,0,0,0,0,0,"-100,000",0,0,0,"100,000","200,000","-100,000","-100,000"
"=""048182""",臺股指群益48購03,0,0,0,0,0,0,0,0,0,"-100,000",0,0,0,0,"100,000","-100,000","-100,000"
"=""051289""",鴻海群益47購04  ,0,0,0,0,0,0,0,0,0,"-100,000",0,0,0,0,"100,000","-100,000","-100,000"
"=""063992""",萬海元富46購03  ,0,0,0,0,0,0,0,0,0,"-100,000",0,0,0,"16,000","116,000","-100,000","-100,000"
"=""064028""",晟銘電凱基46購01,0,0,0,0,0,0,0,0,0,"-100,000",0,0,0,0,"100,000","-100,000","-100,000"
"=""064284""",聯發科元大49購01,0,0,0,0,0,0,0,0,0,"-100,000",0,0,0,"6,000","106,000","-100,000","-100,000"
"=""053927""",友達國泰46購02  ,0,0,0,0,0,0,0,0,0,"-100,000",0,0,0,0,"100,000","-100,000","-100,000"
"=""053876""",創意群益46購03  ,0,0,0,0,0,0,0,0,0,"-100,000",0,0,0,0,"100,000","-100,000","-100,000"
"=""053958""",A50正2永豐46購01,0,0,0,0,0,0,0,0,0,"-100,000",0,0,0,"100,000","200,000","-100,000","-100,000"
"=""054292""",矽格元大44購03  ,0,0,0,0,0,0,0,0,0,"-100,000",0,0,0,0,"100,000","-100,000","-100,000"
"=""039649""",技嘉凱基55購03  ,0,0,0,0,0,0,0,0,0,"-100,000",0,0,0,0,"100,000","-100,000","-100,000"
"=""044357""",祥碩元大5A購01  ,0,0,0,0,0,0,0,0,0,"-100,000",0,0,0,0,"100,000","-100,000","-100,000"
"=""064450""",聯發科元大4C購02,0,0,0,0,0,0,0,0,0,"-100,000",0,0,0,0,"100,000","-100,000","-100,000"
"=""064662""",元債2X元大4C購04,0,0,0,0,0,0,0,0,0,"-100,000",0,0,0,0,"100,000","-100,000","-100,000"
"=""059105""",國企2X凱基45購09,0,0,0,0,0,0,0,0,0,"-101,000",0,0,0,"29,000","130,000","-101,000","-101,000"
"=""048680""",潤隆凱基44購02  ,0,0,0,0,0,0,0,0,0,"-101,000",0,0,0,"47,000","148,000","-101,000","-101,000"
"=""063104""",聯發科中信47購02,0,0,0,0,0,0,0,0,0,"-101,000",0,0,0,0,"101,000","-101,000","-101,000"
"=""063197""",世芯群益46購17  ,0,0,0,0,0,0,0,0,0,"-101,000",0,0,0,"71,000","172,000","-101,000","-101,000"
"=""038942""",世芯凱基58購01  ,0,0,0,0,0,0,0,0,0,"-101,000",0,0,0,0,"101,000","-101,000","-101,000"
"=""020031""",統一IC設計臺灣N ,0,0,0,0,0,0,0,0,0,"-101,000",0,0,0,"33,000","134,000","-101,000","-101,000"
"=""068135""",微星富邦4A購01  ,0,0,0,0,0,0,0,0,0,"-101,000",0,0,0,"14,000","115,000","-101,000","-101,000"
"=""060905""",華航國票47購02  ,0,0,0,0,0,0,0,0,0,"-101,000",0,0,0,0,"101,000","-101,000","-101,000"
"=""061171""",元債2X群益4C購04,0,0,0,0,0,0,0,0,0,"-101,000",0,0,0,"3,000","104,000","-101,000","-101,000"
"=""061251""",美時凱基46購02  ,0,0,0,0,0,0,0,0,0,"-101,000",0,0,0,"7,000","108,000","-101,000","-101,000"
"=""061840""",仁寶群益46購05  ,0,0,0,0,0,0,0,0,0,"-101,000",0,0,0,"3,000","104,000","-101,000","-101,000"
"=""062256""",亞光凱基4A購01  ,0,0,0,0,0,0,0,0,0,"-101,000",0,0,0,"12,000","113,000","-101,000","-101,000"
1309,台達化          ,"43,000","145,000","-102,000",0,0,0,0,0,0,592,"8,000","7,408",592,0,0,0,"-101,408"
8478,東哥遊艇        ,"60,000","144,579","-84,579",0,0,0,0,0,0,"-17,353","3,000","3,355",-355,"1,000","17,998","-16,998","-101,932"
"=""053140""",滬深2X群益45購06,0,0,0,0,0,0,0,0,0,"-102,000",0,0,0,0,"102,000","-102,000","-102,000"
"=""050678""",矽格國泰45購01  ,0,0,0,0,0,0,0,0,0,"-102,000",0,0,0,0,"102,000","-102,000","-102,000"
"=""046396""",上品元富42購01  ,0,0,0,0,0,0,0,0,0,"-102,000",0,0,0,"88,000","190,000","-102,000","-102,000"
"=""057645""",虹堡凱基45購01  ,0,0,0,0,0,0,0,0,0,"-102,000",0,0,0,"1,000","103,000","-102,000","-102,000"
"=""058802""",正崴富邦45購01  ,0,0,0,0,0,0,0,0,0,"-102,000",0,0,0,0,"102,000","-102,000","-102,000"
"=""067195""",大成鋼凱基47購01,0,0,0,0,0,0,0,0,0,"-102,000",0,0,0,0,"102,000","-102,000","-102,000"
"=""006206""",元大上證50      ,"20,000","3,000","17,000",0,0,0,0,0,0,"-119,923",0,0,0,"626,132","746,055","-119,923","-102,923"
"=""065464""",漢唐國票48購01  ,0,0,0,0,0,0,0,0,0,"-103,000",0,0,0,"10,000","113,000","-103,000","-103,000"
"=""065507""",日電貿永豐48購01,0,0,0,0,0,0,0,0,0,"-103,000",0,0,0,0,"103,000","-103,000","-103,000"
"=""03566T""",華通國泰35售04  ,0,0,0,0,0,0,0,0,0,"-103,000",0,0,0,"100,000","203,000","-103,000","-103,000"
"=""058269""",美債2X元大51購01,0,0,0,0,0,0,0,0,0,"-103,000",0,0,0,0,"103,000","-103,000","-103,000"
"=""068292""",創意台新48購01  ,0,0,0,0,0,0,0,0,0,"-103,000",0,0,0,0,"103,000","-103,000","-103,000"
"=""07455U""",中華統一33售03  ,0,0,0,0,0,0,0,0,0,"-103,000",0,0,0,"20,000","123,000","-103,000","-103,000"
"=""047255""",偉詮電統一4C購01,0,0,0,0,0,0,0,0,0,"-103,000",0,0,0,0,"103,000","-103,000","-103,000"
"=""069187""",牧德統一52購02  ,0,0,0,0,0,0,0,0,0,"-103,000",0,0,0,0,"103,000","-103,000","-103,000"
"=""069816""",嘉澤永豐4A購01  ,0,0,0,0,0,0,0,0,0,"-103,000",0,0,0,0,"103,000","-103,000","-103,000"
"=""069534""",所羅門國泰49購01,0,0,0,0,0,0,0,0,0,"-103,000",0,0,0,0,"103,000","-103,000","-103,000"
"=""057099""",寶成元大45購01  ,0,0,0,0,0,0,0,0,0,"-103,000",0,0,0,"2,000","105,000","-103,000","-103,000"
"=""068785""",材料富邦49購02  ,0,0,0,0,0,0,0,0,0,"-103,000",0,0,0,0,"103,000","-103,000","-103,000"
"=""068761""",精銳凱基48購02  ,0,0,0,0,0,0,0,0,0,"-103,000",0,0,0,0,"103,000","-103,000","-103,000"
"=""060454""",萬海群益46購05  ,0,0,0,0,0,0,0,0,0,"-103,000",0,0,0,"28,000","131,000","-103,000","-103,000"
2362,藍天            ,"27,000","112,000","-85,000",0,0,0,0,0,0,"-18,000",0,"18,000","-18,000",0,0,0,"-103,000"
2406,國碩            ,"75,000","185,000","-110,000",0,0,0,0,0,0,"6,310","9,000","2,690","6,310",0,0,0,"-103,690"
"=""050683""",信錦元富49購01  ,0,0,0,0,0,0,0,0,0,"-104,000",0,0,0,"103,000","207,000","-104,000","-104,000"
"=""063033""",臺股指群益46購21,0,0,0,0,0,0,0,0,0,"-104,000",0,0,0,0,"104,000","-104,000","-104,000"
"=""063647""",鴻海元大46購32  ,0,0,0,0,0,0,0,0,0,"-104,000",0,0,0,"2,000","106,000","-104,000","-104,000"
"=""063918""",世芯中信47購03  ,0,0,0,0,0,0,0,0,0,"-104,000",0,0,0,"40,000","144,000","-104,000","-104,000"
"=""060399""",亞翔第一46購01  ,0,0,0,0,0,0,0,0,0,"-104,000",0,0,0,0,"104,000","-104,000","-104,000"
"=""07843U""",大立光國泰34售02,0,0,0,0,0,0,0,0,0,"-104,000",0,0,0,"1,000","105,000","-104,000","-104,000"
"=""052011""",世紀鋼元富43購01,0,0,0,0,0,0,0,0,0,"-104,000",0,0,0,"12,000","116,000","-104,000","-104,000"
"=""066772""",健鼎元大47購02  ,0,0,0,0,0,0,0,0,0,"-104,000",0,0,0,"52,000","156,000","-104,000","-104,000"
"=""066828""",億光凱基47購01  ,0,0,0,0,0,0,0,0,0,"-105,000",0,0,0,"50,000","155,000","-105,000","-105,000"
"=""065938""",天鈺元富47購01  ,0,0,0,0,0,0,0,0,0,"-105,000",0,0,0,"7,000","112,000","-105,000","-105,000"
"=""065148""",愛山林群益49購02,0,0,0,0,0,0,0,0,0,"-105,000",0,0,0,"38,000","143,000","-105,000","-105,000"
"=""065218""",愛普兆豐47購01  ,0,0,0,0,0,0,0,0,0,"-105,000",0,0,0,0,"105,000","-105,000","-105,000"
"=""03406T""",長榮元富34售04  ,0,0,0,0,0,0,0,0,0,"-105,000",0,0,0,0,"105,000","-105,000","-105,000"
"=""067461""",大立光凱基3B購01,0,0,0,0,0,0,0,0,0,"-105,000",0,0,0,0,"105,000","-105,000","-105,000"
"=""068168""",富世達統一52購01,0,0,0,0,0,0,0,0,0,"-105,000",0,0,0,"15,000","120,000","-105,000","-105,000"
"=""067762""",技嘉統一51購02  ,0,0,0,0,0,0,0,0,0,"-105,000",0,0,0,0,"105,000","-105,000","-105,000"
"=""058800""",臺股指元大46購20,0,0,0,0,0,0,0,0,0,"-105,000",0,0,0,0,"105,000","-105,000","-105,000"
"=""062756""",緯穎富邦49購04  ,0,0,0,0,0,0,0,0,0,"-105,000",0,0,0,0,"105,000","-105,000","-105,000"
"=""062134""",世芯國票47購10  ,0,0,0,0,0,0,0,0,0,"-105,000",0,0,0,0,"105,000","-105,000","-105,000"
"=""062440""",神達兆豐48購01  ,0,0,0,0,0,0,0,0,0,"-105,000",0,0,0,"36,000","141,000","-105,000","-105,000"
"=""068441""",元債2X凱基52購02,0,0,0,0,0,0,0,0,0,"-105,000",0,0,0,"47,000","152,000","-105,000","-105,000"
"=""061198""",緯穎群益46購13  ,0,0,0,0,0,0,0,0,0,"-105,000",0,0,0,0,"105,000","-105,000","-105,000"
"=""061119""",材料國票47購02  ,0,0,0,0,0,0,0,0,0,"-105,000",0,0,0,"20,000","125,000","-105,000","-105,000"
"=""057095""",緯穎元大45購05  ,0,0,0,0,0,0,0,0,0,"-105,000",0,0,0,0,"105,000","-105,000","-105,000"
"=""057343""",漢翔群益46購01  ,0,0,0,0,0,0,0,0,0,"-105,000",0,0,0,"5,000","110,000","-105,000","-105,000"
"=""069221""",大成鋼元富52購02,0,0,0,0,0,0,0,0,0,"-105,000",0,0,0,"50,000","155,000","-105,000","-105,000"
"=""050930""",T50反1富邦46購01,0,0,0,0,0,0,0,0,0,"-105,000",0,0,0,0,"105,000","-105,000","-105,000"
"=""050654""",大立光永豐44購03,0,0,0,0,0,0,0,0,0,"-105,000",0,0,0,0,"105,000","-105,000","-105,000"
"=""056340""",美債2X凱基4B購02,0,0,0,0,0,0,0,0,0,"-105,000",0,0,0,"60,000","165,000","-105,000","-105,000"
"=""056160""",元債2X凱基49購02,0,0,0,0,0,0,0,0,0,"-105,000",0,0,0,0,"105,000","-105,000","-105,000"
2104,國際中橡        ,"74,000","179,000","-105,000",0,0,0,0,0,0,0,0,0,0,0,0,0,"-105,000"
2034,允強            ,"2,000","107,000","-105,000",0,0,0,0,0,0,0,0,0,0,0,0,0,"-105,000"
"=""055758""",世芯國泰46購09  ,0,0,0,0,0,0,0,0,0,"-105,000",0,0,0,"72,000","177,000","-105,000","-105,000"
"=""055621""",普安國票44購02  ,0,0,0,0,0,0,0,0,0,"-105,000",0,0,0,0,"105,000","-105,000","-105,000"
"=""064340""",智原凱基4A購01  ,0,0,0,0,0,0,0,0,0,"-105,000",0,0,0,"10,000","115,000","-105,000","-105,000"
"=""052765""",萬海凱基46購01  ,0,0,0,0,0,0,0,0,0,"-106,000",0,0,0,"4,000","110,000","-106,000","-106,000"
"=""068926""",材料元大4C購02  ,0,0,0,0,0,0,0,0,0,"-106,000",0,0,0,"20,000","126,000","-106,000","-106,000"
"=""061002""",威健群益46購01  ,0,0,0,0,0,0,0,0,0,"-106,000",0,0,0,0,"106,000","-106,000","-106,000"
"=""062171""",力積電中信47購01,0,0,0,0,0,0,0,0,0,"-106,000",0,0,0,"78,000","184,000","-106,000","-106,000"
"=""067573""",全新富邦48購01  ,0,0,0,0,0,0,0,0,0,"-106,000",0,0,0,0,"106,000","-106,000","-106,000"
"=""065431""",陽明元大47購11  ,0,0,0,0,0,0,0,0,0,"-106,000",0,0,0,0,"106,000","-106,000","-106,000"
"=""065923""",盟立元富47購01  ,0,0,0,0,0,0,0,0,0,"-106,000",0,0,0,0,"106,000","-106,000","-106,000"
2231,為升            ,"26,101","122,000","-95,899",0,0,0,0,0,0,"-10,540","9,000","19,540","-10,540",0,0,0,"-106,439"
"=""053374""",大立光國泰46購03,0,0,0,0,0,0,0,0,0,"-107,000",0,0,0,"28,000","135,000","-107,000","-107,000"
"=""048895""",微星統一53購01  ,0,0,0,0,0,0,0,0,0,"-107,000",0,0,0,"15,000","122,000","-107,000","-107,000"
"=""050118""",辛耘國泰45購01  ,0,0,0,0,0,0,0,0,0,"-107,000",0,0,0,0,"107,000","-107,000","-107,000"
"=""059213""",鴻海富邦49購02  ,0,0,0,0,0,0,0,0,0,"-107,000",0,0,0,0,"107,000","-107,000","-107,000"
"=""066025""",圓剛群益47購01  ,0,0,0,0,0,0,0,0,0,"-107,000",0,0,0,"2,000","109,000","-107,000","-107,000"
"=""059471""",美時國票46購01  ,0,0,0,0,0,0,0,0,0,"-107,000",0,0,0,0,"107,000","-107,000","-107,000"
"=""062314""",A50元大46購01   ,0,0,0,0,0,0,0,0,0,"-107,000",0,0,0,"550,000","657,000","-107,000","-107,000"
"=""068922""",華泰兆豐3C購01  ,0,0,0,0,0,0,0,0,0,"-107,000",0,0,0,0,"107,000","-107,000","-107,000"
"=""069590""",緯創統一52購02  ,0,0,0,0,0,0,0,0,0,"-107,000",0,0,0,0,"107,000","-107,000","-107,000"
"=""061506""",偉詮電元富46購01,0,0,0,0,0,0,0,0,0,"-107,000",0,0,0,0,"107,000","-107,000","-107,000"
"=""057241""",智邦元富48購01  ,0,0,0,0,0,0,0,0,0,"-108,000",0,0,0,0,"108,000","-108,000","-108,000"
"=""056647""",華城國票46購02  ,0,0,0,0,0,0,0,0,0,"-108,000",0,0,0,0,"108,000","-108,000","-108,000"
"=""068679""",奇鋐永豐51購02  ,0,0,0,0,0,0,0,0,0,"-108,000",0,0,0,"4,000","112,000","-108,000","-108,000"
"=""057916""",上銀元大47購01  ,0,0,0,0,0,0,0,0,0,"-108,000",0,0,0,"200,000","308,000","-108,000","-108,000"
"=""059444""",嘉澤富邦48購02  ,0,0,0,0,0,0,0,0,0,"-108,000",0,0,0,"10,000","118,000","-108,000","-108,000"
"=""067117""",台塑國票47購05  ,0,0,0,0,0,0,0,0,0,"-108,000",0,0,0,"2,000","110,000","-108,000","-108,000"
"=""058758""",華城元大45購04  ,0,0,0,0,0,0,0,0,0,"-108,000",0,0,0,0,"108,000","-108,000","-108,000"
"=""067937""",佳能台新47購01  ,0,0,0,0,0,0,0,0,0,"-108,000",0,0,0,"74,000","182,000","-108,000","-108,000"
"=""068004""",美律群益49購01  ,0,0,0,0,0,0,0,0,0,"-108,000",0,0,0,"1,322,000","1,430,000","-108,000","-108,000"
"=""065774""",泰金寶元大47購07,0,0,0,0,0,0,0,0,0,"-108,000",0,0,0,0,"108,000","-108,000","-108,000"
"=""066703""",祥碩凱基48購03  ,0,0,0,0,0,0,0,0,0,"-108,000",0,0,0,"78,000","186,000","-108,000","-108,000"
"=""06508U""",台達電國票56售02,0,0,0,0,0,0,0,0,0,"-108,000",0,0,0,0,"108,000","-108,000","-108,000"
"=""052801""",鉅祥群益4A購01  ,0,0,0,0,0,0,0,0,0,"-108,000",0,0,0,0,"108,000","-108,000","-108,000"
"=""053108""",迅得統一49購01  ,0,0,0,0,0,0,0,0,0,"-108,000",0,0,0,"12,000","120,000","-108,000","-108,000"
"=""063064""",所羅門永豐47購01,0,0,0,0,0,0,0,0,0,"-108,000",0,0,0,"100,000","208,000","-108,000","-108,000"
"=""064465""",東台元大46購01  ,0,0,0,0,0,0,0,0,0,"-108,000",0,0,0,0,"108,000","-108,000","-108,000"
"=""063057""",華擎國泰48購01  ,0,0,0,0,0,0,0,0,0,"-109,000",0,0,0,0,"109,000","-109,000","-109,000"
"=""049589""",萬海國票44購01  ,0,0,0,0,0,0,0,0,0,"-109,000",0,0,0,0,"109,000","-109,000","-109,000"
"=""055542""",智邦統一4A購01  ,0,0,0,0,0,0,0,0,0,"-109,000",0,0,0,"7,000","116,000","-109,000","-109,000"
"=""056163""",金寶凱基46購01  ,0,0,0,0,0,0,0,0,0,"-109,000",0,0,0,"21,000","130,000","-109,000","-109,000"
"=""056351""",大立光凱基47購02,0,0,0,0,0,0,0,0,0,"-109,000",0,0,0,"129,000","238,000","-109,000","-109,000"
"=""066530""",A50正2凱基48購01,0,0,0,0,0,0,0,0,0,"-109,000",0,0,0,0,"109,000","-109,000","-109,000"
"=""066255""",直得台新47購01  ,0,0,0,0,0,0,0,0,0,"-109,000",0,0,0,0,"109,000","-109,000","-109,000"
"=""066141""",聯發科統一61購01,0,0,0,0,0,0,0,0,0,"-109,000",0,0,0,"18,000","127,000","-109,000","-109,000"
"=""058630""",新日興統一4B購01,0,0,0,0,0,0,0,0,0,"-109,000",0,0,0,"53,000","162,000","-109,000","-109,000"
"=""066909""",華通富邦3B購01  ,0,0,0,0,0,0,0,0,0,"-109,000",0,0,0,"20,000","129,000","-109,000","-109,000"
"=""03246T""",中華永豐34售01  ,0,0,0,0,0,0,0,0,0,"-109,000",0,0,0,0,"109,000","-109,000","-109,000"
"=""067533""",中興電群益48購03,0,0,0,0,0,0,0,0,0,"-109,000",0,0,0,0,"109,000","-109,000","-109,000"
"=""062802""",鴻海元大49購01  ,0,0,0,0,0,0,0,0,0,"-109,000",0,0,0,"150,000","259,000","-109,000","-109,000"
"=""060320""",台灣50元大49購02,0,0,0,0,0,0,0,0,0,"-109,000",0,0,0,0,"109,000","-109,000","-109,000"
"=""060960""",台積電元富49購07,0,0,0,0,0,0,0,0,0,"-109,000",0,0,0,"21,000","130,000","-109,000","-109,000"
"=""00639""",富邦深100       ,"52,000","29,000","23,000",0,0,0,0,0,0,"-132,403",0,0,0,"166,971","299,374","-132,403","-109,403"
"=""065756""",大亞兆豐3B購01  ,0,0,0,0,0,0,0,0,0,"-110,000",0,0,0,"142,000","252,000","-110,000","-110,000"
"=""066093""",直得凱基47購01  ,0,0,0,0,0,0,0,0,0,"-110,000",0,0,0,0,"110,000","-110,000","-110,000"
"=""066410""",材料國票47購05  ,0,0,0,0,0,0,0,0,0,"-110,000",0,0,0,"1,000","111,000","-110,000","-110,000"
"=""045448""",世芯元大55購12  ,0,0,0,0,0,0,0,0,0,"-110,000",0,0,0,0,"110,000","-110,000","-110,000"
"=""067317""",大立光富邦3B購03,0,0,0,0,0,0,0,0,0,"-110,000",0,0,0,"48,000","158,000","-110,000","-110,000"
"=""059531""",陽明凱基45購08  ,0,0,0,0,0,0,0,0,0,"-110,000",0,0,0,"10,000","120,000","-110,000","-110,000"
"=""03314T""",創意群益33售12  ,0,0,0,0,0,0,0,0,0,"-110,000",0,0,0,0,"110,000","-110,000","-110,000"
"=""058730""",鴻準群益45購04  ,0,0,0,0,0,0,0,0,0,"-110,000",0,0,0,0,"110,000","-110,000","-110,000"
"=""059958""",合機元大45購02  ,0,0,0,0,0,0,0,0,0,"-110,000",0,0,0,0,"110,000","-110,000","-110,000"
"=""069633""",奇鋐凱基4C購01  ,0,0,0,0,0,0,0,0,0,"-110,000",0,0,0,0,"110,000","-110,000","-110,000"
"=""069702""",技嘉富邦4A購01  ,0,0,0,0,0,0,0,0,0,"-110,000",0,0,0,0,"110,000","-110,000","-110,000"
"=""061996""",台玻元富46購02  ,0,0,0,0,0,0,0,0,0,"-110,000",0,0,0,0,"110,000","-110,000","-110,000"
"=""062823""",神達元大47購05  ,0,0,0,0,0,0,0,0,0,"-110,000",0,0,0,0,"110,000","-110,000","-110,000"
"=""047256""",鴻海統一3C購01  ,0,0,0,0,0,0,0,0,0,"-110,000",0,0,0,0,"110,000","-110,000","-110,000"
"=""055414""",滬深2X永豐44購11,0,0,0,0,"110,000","-110,000",0,0,0,"-110,000",0,0,0,0,"110,000","-110,000","-110,000"
"=""08396U""",日本2X元大33售02,0,0,0,0,0,0,0,0,0,"-110,000",0,0,0,0,"110,000","-110,000","-110,000"
"=""049638""",萬海凱基43購08  ,0,0,0,0,0,0,0,0,0,"-110,000",0,0,0,0,"110,000","-110,000","-110,000"
"=""050072""",力積電中信43購01,0,0,0,0,0,0,0,0,0,"-110,000",0,0,0,0,"110,000","-110,000","-110,000"
"=""063714""",中磊統一4C購01  ,0,0,0,0,0,0,0,0,0,"-110,000",0,0,0,0,"110,000","-110,000","-110,000"
"=""054139""",中砂兆豐46購01  ,0,0,0,0,0,0,0,0,0,"-110,000",0,0,0,0,"110,000","-110,000","-110,000"
"=""059351""",海悅元大45購04  ,0,0,0,0,0,0,0,0,0,"-110,000",0,0,0,0,"110,000","-110,000","-110,000"
9946,三發地產        ,"12,000","125,000","-113,000",0,0,0,0,0,0,"2,000","2,000",0,"2,000",0,0,0,"-111,000"
"=""058943""",世芯群益45購16  ,0,0,0,0,0,0,0,0,0,"-111,000",0,0,0,"2,000","113,000","-111,000","-111,000"
"=""051055""",萬海元大43購14  ,0,0,0,0,0,0,0,0,0,"-111,000",0,0,0,"189,000","300,000","-111,000","-111,000"
"=""050205""",仁寶群益43購01  ,0,0,0,0,0,0,0,0,0,"-111,000",0,0,0,"83,000","194,000","-111,000","-111,000"
"=""04711T""",高力國票35售03  ,0,0,0,0,0,0,0,0,0,"-111,000",0,0,0,0,"111,000","-111,000","-111,000"
"=""057742""",瑞祺元大45購01  ,0,0,0,0,0,0,0,0,0,"-111,000",0,0,0,0,"111,000","-111,000","-111,000"
"=""069390""",華邦電統一52購02,0,0,0,0,0,0,0,0,0,"-111,000",0,0,0,0,"111,000","-111,000","-111,000"
"=""061511""",祥碩元富4A購03  ,0,0,0,0,0,0,0,0,0,"-111,000",0,0,0,0,"111,000","-111,000","-111,000"
"=""068971""",南電富邦4B購01  ,0,0,0,0,0,0,0,0,0,"-111,000",0,0,0,"13,000","124,000","-111,000","-111,000"
"=""060386""",臺股指元大47購06,0,0,0,0,0,0,0,0,0,"-111,000",0,0,0,0,"111,000","-111,000","-111,000"
"=""059476""",仁寶國票46購03  ,0,0,0,0,0,0,0,0,0,"-111,000",0,0,0,"49,000","160,000","-111,000","-111,000"
"=""065217""",嘉澤兆豐47購01  ,0,0,0,0,0,0,0,0,0,"-111,000",0,0,0,0,"111,000","-111,000","-111,000"
"=""066324""",智原中信3B購01  ,0,0,0,0,0,0,0,0,0,"-111,000",0,0,0,"9,000","120,000","-111,000","-111,000"
8996,高力            ,"1,939,008","1,221,010","717,998",0,0,0,"308,000","906,000","-598,000","-231,387","26,000","237,152","-211,152","27,000","47,235","-20,235","-111,389"
"=""051383""",致伸元大46購02  ,0,0,0,0,0,0,0,0,0,"-112,000",0,0,0,"100,000","212,000","-112,000","-112,000"
"=""049261""",材料元大43購33  ,0,0,0,0,0,0,0,0,0,"-112,000",0,0,0,"129,000","241,000","-112,000","-112,000"
"=""066524""",緯穎群益4A購01  ,0,0,0,0,0,0,0,0,0,"-112,000",0,0,0,"35,000","147,000","-112,000","-112,000"
"=""066691""",緯穎富邦3B購01  ,0,0,0,0,0,0,0,0,0,"-112,000",0,0,0,"57,000","169,000","-112,000","-112,000"
"=""065658""",長榮鋼凱基47購01,0,0,0,0,0,0,0,0,0,"-112,000",0,0,0,"1,000","113,000","-112,000","-112,000"
"=""045757""",台積電凱基36購03,0,0,0,0,0,0,0,0,0,"-112,000",0,0,0,0,"112,000","-112,000","-112,000"
"=""059876""",東元群益45購01  ,0,0,0,0,0,0,0,0,0,"-112,000",0,0,0,0,"112,000","-112,000","-112,000"
"=""067856""",世芯凱基47購14  ,0,0,0,0,0,0,0,0,0,"-112,000",0,0,0,"248,000","360,000","-112,000","-112,000"
"=""068457""",南電凱基48購02  ,0,0,0,0,0,0,0,0,0,"-112,000",0,0,0,0,"112,000","-112,000","-112,000"
"=""057313""",世芯元大4A購02  ,0,0,0,0,0,0,0,0,0,"-112,000",0,0,0,"184,000","296,000","-112,000","-112,000"
"=""057083""",緯創元大45購11  ,0,0,0,0,0,0,0,0,0,"-112,000",0,0,0,0,"112,000","-112,000","-112,000"
"=""079470""",臺股指國票4B購05,0,0,0,0,0,0,0,0,0,"-112,000",0,0,0,"109,000","221,000","-112,000","-112,000"
2106,建大            ,"17,000","130,000","-113,000",0,0,0,0,0,0,999,"1,000",1,999,0,0,0,"-112,001"
"=""00674R""",期元大S&P黃金反1,"579,000",0,"579,000",0,0,0,0,0,0,"-691,100",0,0,0,"360,000","1,051,100","-691,100","-112,100"
6271,同欣電          ,"799,000","761,000","38,000",0,0,0,0,"76,089","-76,089","-74,234","23,611","42,393","-18,782","19,262","74,714","-55,452","-112,323"
6706,惠特            ,"21,000","130,000","-109,000",0,0,0,0,0,0,"-4,000",0,"4,000","-4,000",0,0,0,"-113,000"
"=""054790""",農林凱基44購01  ,0,0,0,0,0,0,0,0,0,"-113,000",0,0,0,"2,000","115,000","-113,000","-113,000"
"=""049890""",達興統一49購01  ,0,0,0,0,0,0,0,0,0,"-113,000",0,0,0,"77,000","190,000","-113,000","-113,000"
"=""066657""",緯穎統一51購04  ,0,0,0,0,0,0,0,0,0,"-113,000",0,0,0,"1,000","114,000","-113,000","-113,000"
"=""066450""",直得元大47購04  ,0,0,0,0,0,0,0,0,0,"-113,000",0,0,0,0,"113,000","-113,000","-113,000"
"=""03143T""",正文凱基34售01  ,0,0,0,0,0,0,0,0,0,"-113,000",0,0,0,"1,000","114,000","-113,000","-113,000"
"=""059814""",一詮第一48購01  ,0,0,0,0,0,0,0,0,0,"-113,000",0,0,0,0,"113,000","-113,000","-113,000"
"=""059445""",貿聯富邦47購02  ,0,0,0,0,0,0,0,0,0,"-113,000",0,0,0,"14,000","127,000","-113,000","-113,000"
"=""055075""",萬海群益44購03  ,0,0,0,0,0,0,0,0,0,"-113,000",0,0,0,0,"113,000","-113,000","-113,000"
"=""08257U""",威盛元富34售04  ,0,0,0,0,0,0,0,0,0,"-113,000",0,0,0,"287,000","400,000","-113,000","-113,000"
"=""057940""",世芯元大45購19  ,0,0,0,0,0,0,0,0,0,"-113,000",0,0,0,"87,000","200,000","-113,000","-113,000"
"=""056583""",健策元大45購01  ,0,0,0,0,0,0,0,0,0,"-113,000",0,0,0,0,"113,000","-113,000","-113,000"
"=""061517""",天虹元富46購06  ,0,0,0,0,0,0,0,0,0,"-114,000",0,0,0,"84,000","198,000","-114,000","-114,000"
"=""060660""",華城凱基47購01  ,0,0,0,0,0,0,0,0,0,"-114,000",0,0,0,"31,000","145,000","-114,000","-114,000"
"=""057962""",鴻準群益46購04  ,0,0,0,0,0,0,0,0,0,"-114,000",0,0,0,0,"114,000","-114,000","-114,000"
"=""057428""",奇鋐兆豐46購01  ,0,0,0,0,0,0,0,0,0,"-114,000",0,0,0,0,"114,000","-114,000","-114,000"
"=""062878""",鴻海元富46購14  ,0,0,0,0,0,0,0,0,0,"-114,000",0,0,0,"90,000","204,000","-114,000","-114,000"
"=""054353""",臺股指群益44購19,0,0,0,0,0,0,0,0,0,"-114,000",0,0,0,"110,000","224,000","-114,000","-114,000"
"=""057626""",中502X凱基45購04,0,0,0,0,0,0,0,0,0,"-114,000",0,0,0,0,"114,000","-114,000","-114,000"
"=""055750""",訊芯元大44購10  ,0,0,0,0,0,0,0,0,0,"-114,000",0,0,0,0,"114,000","-114,000","-114,000"
"=""064298""",世芯元大46購34  ,0,0,0,0,0,0,0,0,0,"-114,000",0,0,0,"211,000","325,000","-114,000","-114,000"
"=""063892""",群創元大47購03  ,0,0,0,0,0,0,0,0,0,"-115,000",0,0,0,"25,000","140,000","-115,000","-115,000"
"=""059094""",嘉澤元富4B購04  ,0,0,0,0,0,0,0,0,0,"-115,000",0,0,0,"360,000","475,000","-115,000","-115,000"
"=""051640""",京鼎兆豐45購02  ,0,0,0,0,0,0,0,0,0,"-115,000",0,0,0,"1,000","116,000","-115,000","-115,000"
"=""053053""",新唐元大44購01  ,0,0,0,0,0,0,0,0,0,"-115,000",0,0,0,"57,000","172,000","-115,000","-115,000"
"=""052764""",創見凱基46購01  ,0,0,0,0,0,0,0,0,0,"-115,000",0,0,0,0,"115,000","-115,000","-115,000"
"=""056261""",新唐元大44購02  ,0,0,0,0,0,0,0,0,0,"-115,000",0,0,0,"355,000","470,000","-115,000","-115,000"
"=""050420""",正文國票44購02  ,0,0,0,0,0,0,0,0,0,"-115,000",0,0,0,0,"115,000","-115,000","-115,000"
"=""063175""",緯穎元富46購08  ,0,0,0,0,0,0,0,0,0,"-115,000",0,0,0,"232,000","347,000","-115,000","-115,000"
"=""063425""",元油反元大47購01,0,0,0,0,0,0,0,0,0,"-115,000",0,0,0,"84,000","199,000","-115,000","-115,000"
"=""057637""",富華新凱基45購02,0,0,0,0,0,0,0,0,0,"-115,000",0,0,0,0,"115,000","-115,000","-115,000"
"=""058918""",元債2X群益47購01,0,0,0,0,0,0,0,0,0,"-115,000",0,0,0,"440,000","555,000","-115,000","-115,000"
"=""067051""",保瑞永豐49購01  ,0,0,0,0,0,0,0,0,0,"-115,000",0,0,0,"300,000","415,000","-115,000","-115,000"
"=""03480T""",金寶元富33售01  ,0,0,0,0,0,0,0,0,0,"-115,000",0,0,0,0,"115,000","-115,000","-115,000"
"=""065805""",英業達國票49購01,0,0,0,0,0,0,0,0,0,"-115,000",0,0,0,0,"115,000","-115,000","-115,000"
"=""054523""",華碩富邦48購01  ,0,0,0,0,0,0,0,0,0,"-115,000",0,0,0,"40,000","155,000","-115,000","-115,000"
"=""062743""",鴻準富邦48購03  ,0,0,0,0,0,0,0,0,0,"-115,000",0,0,0,0,"115,000","-115,000","-115,000"
"=""062953""",金寶元大49購04  ,0,0,0,0,0,0,0,0,0,"-115,000",0,0,0,0,"115,000","-115,000","-115,000"
"=""056813""",華城元富46購01  ,0,0,0,0,0,0,0,0,0,"-115,000",0,0,0,0,"115,000","-115,000","-115,000"
"=""060362""",健和興元大46購01,0,0,0,0,0,0,0,0,0,"-115,000",0,0,0,0,"115,000","-115,000","-115,000"
"=""068773""",臺股指凱基4C購08,0,0,0,0,0,0,0,0,0,"-115,000",0,0,0,"40,000","155,000","-115,000","-115,000"
"=""069308""",萬海國票49購02  ,0,0,0,0,0,0,0,0,0,"-115,000",0,0,0,"1,000","116,000","-115,000","-115,000"
"=""061933""",香港2X永豐46購01,0,0,0,0,0,0,0,0,0,"-115,000",0,0,0,0,"115,000","-115,000","-115,000"
"=""069642""",乙盛凱基49購01  ,0,0,0,0,0,0,0,0,0,"-115,000",0,0,0,"20,000","135,000","-115,000","-115,000"
"=""060267""",台光電國票47購02,0,0,0,0,0,0,0,0,0,"-116,000",0,0,0,"50,000","166,000","-116,000","-116,000"
"=""057838""",國企2X凱基48購03,0,0,0,0,0,0,0,0,0,"-116,000",0,0,0,"4,000","120,000","-116,000","-116,000"
"=""062660""",神達凱基46購06  ,0,0,0,0,0,0,0,0,0,"-116,000",0,0,0,"84,000","200,000","-116,000","-116,000"
"=""068561""",亞德客國票48購01,0,0,0,0,0,0,0,0,0,"-117,000",0,0,0,"46,000","163,000","-117,000","-117,000"
"=""068724""",華城群益48購03  ,0,0,0,0,0,0,0,0,0,"-117,000",0,0,0,"633,000","750,000","-117,000","-117,000"
"=""056582""",宏致元大48購01  ,0,0,0,0,0,0,0,0,0,"-117,000",0,0,0,"282,000","399,000","-117,000","-117,000"
"=""066177""",高力統一41購02  ,0,0,0,0,0,0,0,0,0,"-117,000",0,0,0,"210,000","327,000","-117,000","-117,000"
"=""058925""",川湖群益47購05  ,0,0,0,0,0,0,0,0,0,"-117,000",0,0,0,"10,000","127,000","-117,000","-117,000"
"=""067759""",台塑統一51購08  ,0,0,0,0,0,0,0,0,0,"-117,000",0,0,0,0,"117,000","-117,000","-117,000"
"=""063035""",臺股指群益46購23,0,0,0,0,0,0,0,0,0,"-117,000",0,0,0,"46,000","163,000","-117,000","-117,000"
"=""048599""",台化國票42購02  ,0,0,0,0,0,0,0,0,0,"-117,000",0,0,0,"113,000","230,000","-117,000","-117,000"
"=""065053""",玉晶光元大47購07,0,0,0,0,0,0,0,0,0,"-117,000",0,0,0,0,"117,000","-117,000","-117,000"
"=""064942""",光寶科永豐47購01,0,0,0,0,0,0,0,0,0,"-118,000",0,0,0,0,"118,000","-118,000","-118,000"
"=""049190""",晟銘電兆豐45購01,0,0,0,0,0,0,0,0,0,"-118,000",0,0,0,0,"118,000","-118,000","-118,000"
1760,寶齡富錦        ,"103,000","197,000","-94,000",0,0,0,0,0,0,"-24,000",0,0,0,"3,000","27,000","-24,000","-118,000"
"=""059080""",華城元富4B購01  ,0,0,0,0,0,0,0,0,0,"-118,000",0,0,0,0,"118,000","-118,000","-118,000"
"=""067867""",臺股指富邦3B購01,0,0,0,0,0,0,0,0,0,"-118,000",0,0,0,0,"118,000","-118,000","-118,000"
"=""054597""",技嘉群益46購01  ,0,0,0,0,0,0,0,0,0,"-118,000",0,0,0,"10,000","128,000","-118,000","-118,000"
"=""055324""",鈞興元大44購03  ,0,0,0,0,0,0,0,0,0,"-118,000",0,0,0,"22,000","140,000","-118,000","-118,000"
"=""062523""",創意統一3C購01  ,0,0,0,0,0,0,0,0,0,"-119,000",0,0,0,"46,000","165,000","-119,000","-119,000"
"=""058007""",緯穎永豐46購03  ,0,0,0,0,0,0,0,0,0,"-119,000",0,0,0,0,"119,000","-119,000","-119,000"
"=""057180""",華擎凱基45購01  ,0,0,0,0,0,0,0,0,0,"-119,000",0,0,0,0,"119,000","-119,000","-119,000"
"=""069455""",台灣50元大48購11,0,0,0,0,0,0,0,0,0,"-119,000",0,0,0,"4,000","123,000","-119,000","-119,000"
"=""060539""",臺股指凱基4A購10,"32,000","151,000","-119,000",0,0,0,0,0,0,0,0,0,0,0,0,0,"-119,000"
"=""068092""",台積電元富48購07,0,0,0,0,0,0,0,0,0,"-119,000",0,0,0,0,"119,000","-119,000","-119,000"
"=""054029""",汎銓元富4A購01  ,0,0,0,0,0,0,0,0,0,"-119,000",0,0,0,0,"119,000","-119,000","-119,000"
6243,迅杰            ,"581,000","699,000","-118,000",0,0,0,0,0,0,"-1,000",0,"1,000","-1,000",0,0,0,"-119,000"
"=""064748""",智邦中信48購01  ,0,0,0,0,0,0,0,0,0,"-119,000",0,0,0,"9,000","128,000","-119,000","-119,000"
"=""052818""",台汽電群益47購01,0,0,0,0,0,0,0,0,0,"-120,000",0,0,0,0,"120,000","-120,000","-120,000"
"=""064214""",嘉晶永豐47購01  ,0,0,0,0,0,0,0,0,0,"-120,000",0,0,0,0,"120,000","-120,000","-120,000"
"=""059169""",光寶科元大45購03,0,0,0,0,0,0,0,0,0,"-120,000",0,0,0,"185,000","305,000","-120,000","-120,000"
"=""048855""",長虹群益44購01  ,0,0,0,0,0,0,0,0,0,"-120,000",0,0,0,0,"120,000","-120,000","-120,000"
"=""049893""",瑞儀統一49購01  ,0,0,0,0,0,0,0,0,0,"-120,000",0,0,0,0,"120,000","-120,000","-120,000"
"=""049850""",宏�眵峇@49購01  ,0,0,0,0,0,0,0,0,0,"-120,000",0,0,0,0,"120,000","-120,000","-120,000"
"=""067821""",致茂永豐47購01  ,0,0,0,0,0,0,0,0,0,"-120,000",0,0,0,"4,000","124,000","-120,000","-120,000"
"=""059722""",潤泰全群益45購01,0,0,0,0,0,0,0,0,0,"-120,000",0,0,0,"2,000","122,000","-120,000","-120,000"
"=""059433""",保瑞群益49購01  ,0,0,0,0,0,0,0,0,0,"-120,000",0,0,0,0,"120,000","-120,000","-120,000"
"=""067654""",虹堡統一43購01  ,0,0,0,0,0,0,0,0,0,"-120,000",0,0,0,0,"120,000","-120,000","-120,000"
"=""066585""",世芯元富47購13  ,0,0,0,0,0,0,0,0,0,"-120,000",0,0,0,"20,000","140,000","-120,000","-120,000"
"=""068743""",羅昇群益48購01  ,0,0,0,0,0,0,0,0,0,"-120,000",0,0,0,"75,000","195,000","-120,000","-120,000"
"=""068892""",立積元富52購01  ,0,0,0,0,0,0,0,0,0,"-120,000",0,0,0,"26,000","146,000","-120,000","-120,000"
"=""060902""",華航國票46購03  ,0,0,0,0,0,0,0,0,0,"-120,000",0,0,0,"80,000","200,000","-120,000","-120,000"
"=""069360""",迅得凱基4A購01  ,0,0,0,0,0,0,0,0,0,"-120,000",0,0,0,0,"120,000","-120,000","-120,000"
"=""057314""",貿聯元大45購04  ,0,0,0,0,0,0,0,0,0,"-120,000",0,0,0,"24,000","144,000","-120,000","-120,000"
"=""061533""",緯創中信47購03  ,0,0,0,0,0,0,0,0,0,"-120,000",0,0,0,0,"120,000","-120,000","-120,000"
"=""057978""",世芯群益45購11  ,0,0,0,0,0,0,0,0,0,"-120,000",0,0,0,"87,000","207,000","-120,000","-120,000"
"=""055810""",鴻準群益44購03  ,0,0,0,0,0,0,0,0,0,"-120,000",0,0,0,0,"120,000","-120,000","-120,000"
"=""046867""",南港永豐43購02  ,0,0,0,0,0,0,0,0,0,"-120,000",0,0,0,0,"120,000","-120,000","-120,000"
"=""046298""",台灣50元大45購01,0,0,0,0,0,0,0,0,0,"-120,000",0,0,0,0,"120,000","-120,000","-120,000"
"=""08979U""",中華群益33售01  ,0,0,0,0,0,0,0,0,0,"-120,000",0,0,0,0,"120,000","-120,000","-120,000"
"=""062915""",中工凱基47購01  ,0,0,0,0,0,0,0,0,0,"-121,000",0,0,0,0,"121,000","-121,000","-121,000"
"=""061844""",聯發科群益46購04,0,0,0,0,0,0,0,0,0,"-121,000",0,0,0,0,"121,000","-121,000","-121,000"
"=""061099""",世芯永豐49購03  ,0,0,0,0,0,0,0,0,0,"-121,000",0,0,0,0,"121,000","-121,000","-121,000"
"=""068515""",群創元大48購02  ,0,0,0,0,0,0,0,0,0,"-121,000",0,0,0,0,"121,000","-121,000","-121,000"
"=""054830""",京鼎國票45購03  ,0,0,0,0,0,0,0,0,0,"-121,000",0,0,0,"14,000","135,000","-121,000","-121,000"
"=""066873""",一詮元富47購03  ,0,0,0,0,0,0,0,0,0,"-121,000",0,0,0,"16,000","137,000","-121,000","-121,000"
"=""064764""",台灣50元富47購02,0,0,0,0,0,0,0,0,0,"-121,000",0,0,0,0,"121,000","-121,000","-121,000"
"=""064735""",創意元富4B購01  ,0,0,0,0,0,0,0,0,0,"-122,000",0,0,0,"104,000","226,000","-122,000","-122,000"
"=""063053""",京元電國泰48購02,0,0,0,0,0,0,0,0,0,"-122,000",0,0,0,0,"122,000","-122,000","-122,000"
"=""063767""",台積電元富4C購02,0,0,0,0,0,0,0,0,0,"-122,000",0,0,0,"154,000","276,000","-122,000","-122,000"
"=""053000""",達發元富4A購01  ,0,0,0,0,0,0,0,0,0,"-122,000",0,0,0,"245,000","367,000","-122,000","-122,000"
"=""067034""",一詮台新47購01  ,0,0,0,0,0,0,0,0,0,"-122,000",0,0,0,"3,000","125,000","-122,000","-122,000"
"=""03278T""",啟�硌s益37售02  ,0,0,0,0,0,0,0,0,0,"-122,000",0,0,0,0,"122,000","-122,000","-122,000"
"=""059509""",帝寶永豐46購01  ,0,0,0,0,0,0,0,0,0,"-122,000",0,0,0,"151,000","273,000","-122,000","-122,000"
"=""060146""",中502X元大47購04,0,0,0,0,0,0,0,0,0,"-122,000",0,0,0,0,"122,000","-122,000","-122,000"
"=""065253""",華航元富47購01  ,0,0,0,0,0,0,0,0,0,"-122,000",0,0,0,0,"122,000","-122,000","-122,000"
"=""04283T""",鴻海元大35售15  ,0,0,0,0,0,0,0,0,0,"-122,000",0,0,0,"77,000","199,000","-122,000","-122,000"
"=""062097""",長榮航元大46購14,"176,000","298,000","-122,000",0,0,0,0,0,0,0,0,0,0,0,0,0,"-122,000"
"=""055408""",川湖中信48購01  ,0,0,0,0,0,0,0,0,0,"-122,000",0,0,0,"77,000","199,000","-122,000","-122,000"
"=""045839""",創意元大43購05  ,0,0,0,0,0,0,0,0,0,"-123,000",0,0,0,0,"123,000","-123,000","-123,000"
"=""057781""",立積群益45購03  ,0,0,0,0,0,0,0,0,0,"-123,000",0,0,0,"10,000","133,000","-123,000","-123,000"
"=""060793""",台積電元富46購04,0,0,0,0,0,0,0,0,0,"-123,000",0,0,0,"54,000","177,000","-123,000","-123,000"
"=""060559""",勤誠富邦46購01  ,0,0,0,0,0,0,0,0,0,"-123,000",0,0,0,0,"123,000","-123,000","-123,000"
"=""053985""",嘉澤凱基46購02  ,0,0,0,0,0,0,0,0,0,"-123,000",0,0,0,0,"123,000","-123,000","-123,000"
"=""063018""",世芯群益46購15  ,0,0,0,0,0,0,0,0,0,"-124,000",0,0,0,"1,000","125,000","-124,000","-124,000"
"=""050816""",台積電兆豐45購01,0,0,0,0,0,0,0,0,0,"-124,000",0,0,0,"15,000","139,000","-124,000","-124,000"
"=""064546""",同欣電富邦49購01,0,0,0,0,0,0,0,0,0,"-124,000",0,0,0,"11,000","135,000","-124,000","-124,000"
"=""061875""",鴻海元大46購17  ,0,0,0,0,0,0,0,0,0,"-124,000",0,0,0,0,"124,000","-124,000","-124,000"
"=""057895""",聯電國票45購02  ,0,0,0,0,0,0,0,0,0,"-124,000",0,0,0,"23,000","147,000","-124,000","-124,000"
"=""055123""",晶心科元大44購01,0,0,0,0,0,0,0,0,0,"-124,000",0,0,0,"86,000","210,000","-124,000","-124,000"
"=""043204""",AES元富56購01   ,0,0,0,0,0,0,0,0,0,"-124,000",0,0,0,"4,000","128,000","-124,000","-124,000"
2103,台橡            ,"8,000","137,000","-129,000",0,0,0,0,0,0,"4,681","6,000","1,319","4,681",0,0,0,"-124,319"
1590,亞德客-KY       ,"237,000","365,968","-128,968",0,0,0,0,0,0,"4,160","2,000","4,000","-2,000","9,295","3,135","6,160","-124,808"
"=""050222""",長華群益44購01  ,0,0,0,0,0,0,0,0,0,"-125,000",0,0,0,"23,000","148,000","-125,000","-125,000"
"=""064191""",臺股指中信4B購06,0,0,0,0,0,0,0,0,0,"-125,000",0,0,0,0,"125,000","-125,000","-125,000"
"=""052328""",奇鋐統一4C購02  ,0,0,0,0,0,0,0,0,0,"-125,000",0,0,0,0,"125,000","-125,000","-125,000"
"=""052333""",鴻海中信46購02  ,0,0,0,0,0,0,0,0,0,"-125,000",0,0,0,"25,000","150,000","-125,000","-125,000"
"=""065399""",嘉澤台新48購01  ,0,0,0,0,0,0,0,0,0,"-125,000",0,0,0,"87,000","212,000","-125,000","-125,000"
"=""042387""",力成元大58購01  ,0,0,0,0,0,0,0,0,0,"-125,000",0,0,0,"5,000","130,000","-125,000","-125,000"
"=""065768""",伊雲谷元大47購01,0,0,0,0,0,0,0,0,0,"-125,000",0,0,0,0,"125,000","-125,000","-125,000"
"=""065935""",神達元富47購02  ,0,0,0,0,0,0,0,0,0,"-125,000",0,0,0,0,"125,000","-125,000","-125,000"
"=""060176""",一詮元大46購03  ,0,0,0,0,0,0,0,0,0,"-125,000",0,0,0,0,"125,000","-125,000","-125,000"
"=""066946""",T50反1元大4C購03,0,0,0,0,0,0,0,0,0,"-125,000",0,0,0,0,"125,000","-125,000","-125,000"
"=""067155""",中鴻群益3B購01  ,0,0,0,0,0,0,0,0,0,"-125,000",0,0,0,"20,000","145,000","-125,000","-125,000"
"=""057009""",聯電統一4A購01  ,0,0,0,0,0,0,0,0,0,"-125,000",0,0,0,"5,000","130,000","-125,000","-125,000"
"=""057369""",英業達富邦47購01,0,0,0,0,0,0,0,0,0,"-125,000",0,0,0,0,"125,000","-125,000","-125,000"
"=""068498""",台積電元大48購18,0,0,0,0,0,0,0,0,0,"-126,000",0,0,0,"251,000","377,000","-126,000","-126,000"
"=""068669""",中砂永豐4B購01  ,0,0,0,0,0,0,0,0,0,"-126,000",0,0,0,"171,000","297,000","-126,000","-126,000"
"=""061364""",新日興國票46購01,0,0,0,0,0,0,0,0,0,"-126,000",0,0,0,0,"126,000","-126,000","-126,000"
"=""068896""",鴻海元大48購11  ,0,0,0,0,0,0,0,0,0,"-126,000",0,0,0,"109,000","235,000","-126,000","-126,000"
"=""04738T""",嘉澤凱基35售02  ,0,0,0,0,0,0,0,0,0,"-126,000",0,0,0,0,"126,000","-126,000","-126,000"
"=""054617""",臺股指群益45購13,0,0,0,0,0,0,0,0,0,"-126,000",0,0,0,0,"126,000","-126,000","-126,000"
"=""066914""",一詮群益47購01  ,0,0,0,0,0,0,0,0,0,"-126,000",0,0,0,"352,000","478,000","-126,000","-126,000"
"=""054940""",台積電永豐46購17,0,0,0,0,0,0,0,0,0,"-126,000",0,0,0,0,"126,000","-126,000","-126,000"
"=""058282""",鴻準元大47購01  ,0,0,0,0,0,0,0,0,0,"-126,000",0,0,0,"255,000","381,000","-126,000","-126,000"
"=""043332""",智原群益55購04  ,0,0,0,0,0,0,0,0,0,"-126,000",0,0,0,"1,000","127,000","-126,000","-126,000"
"=""066560""",矽力凱基48購01  ,0,0,0,0,0,0,0,0,0,"-126,000",0,0,0,"92,000","218,000","-126,000","-126,000"
"=""063936""",凌陽國票47購01  ,0,0,0,0,0,0,0,0,0,"-126,000",0,0,0,"50,000","176,000","-126,000","-126,000"
"=""049141""",迅得國票43購01  ,0,0,0,0,0,0,0,0,0,"-126,000",0,0,0,"51,000","177,000","-126,000","-126,000"
"=""056275""",京元電國泰47購01,0,0,0,0,0,0,0,0,0,"-126,000",0,0,0,"5,000","131,000","-126,000","-126,000"
"=""064691""",碩天元大49購03  ,0,0,0,0,0,0,0,0,0,"-126,000",0,0,0,"1,000","127,000","-126,000","-126,000"
1789,神隆            ,"115,000","236,000","-121,000",0,0,0,0,0,0,"-5,361","1,001","6,362","-5,361",0,0,0,"-126,361"
6753,龍德造船        ,"88,000","189,000","-101,000",0,0,0,0,0,0,"-25,560",0,0,0,"84,090","109,650","-25,560","-126,560"
9914,美利達          ,"157,000","147,000","10,000",0,0,0,0,"170,000","-170,000","33,000","34,000","1,000","33,000",0,0,0,"-127,000"
"=""049817""",華碩群益43購02  ,0,0,0,0,0,0,0,0,0,"-127,000",0,0,0,"28,000","155,000","-127,000","-127,000"
"=""066303""",菱光元大47購02  ,0,0,0,0,0,0,0,0,0,"-127,000",0,0,0,"359,000","486,000","-127,000","-127,000"
"=""045578""",可寧衛凱基55購03,0,0,0,0,0,0,0,0,0,"-127,000",0,0,0,"20,000","147,000","-127,000","-127,000"
"=""061168""",世紀鋼元富46購02,0,0,0,0,0,0,0,0,0,"-127,000",0,0,0,"8,000","135,000","-127,000","-127,000"
"=""056550""",滬深2X元大46購09,0,0,0,0,0,0,0,0,0,"-127,000",0,0,0,0,"127,000","-127,000","-127,000"
"=""057226""",華擎統一4A購01  ,0,0,0,0,0,0,0,0,0,"-127,000",0,0,0,"66,000","193,000","-127,000","-127,000"
9917,中保科          ,"655,000","784,000","-129,000",0,0,0,"1,000",0,"1,000",208,"5,000",0,"5,000","12,000","16,792","-4,792","-127,792"
"=""055656""",興勤群益4A購01  ,0,0,0,0,0,0,0,0,0,"-128,000",0,0,0,0,"128,000","-128,000","-128,000"
"=""065058""",世芯元大47購08  ,0,0,0,0,0,0,0,0,0,"-128,000",0,0,0,0,"128,000","-128,000","-128,000"
"=""060919""",萬海國泰48購01  ,0,0,0,0,0,0,0,0,0,"-128,000",0,0,0,0,"128,000","-128,000","-128,000"
"=""056968""",世芯永豐46購08  ,0,0,0,0,0,0,0,0,0,"-129,000",0,0,0,0,"129,000","-129,000","-129,000"
"=""061713""",精誠中信46購01  ,0,0,0,0,0,0,0,0,0,"-129,000",0,0,0,"49,000","178,000","-129,000","-129,000"
"=""055221""",佳必琪永豐44購01,0,0,0,0,0,0,0,0,0,"-129,000",0,0,0,"13,000","142,000","-129,000","-129,000"
"=""066316""",鴻海永豐4B購02  ,0,0,0,0,0,0,0,0,0,"-129,000",0,0,0,"2,000","131,000","-129,000","-129,000"
"=""066473""",晟銘電元大47購02,0,0,0,0,0,0,0,0,0,"-129,000",0,0,0,0,"129,000","-129,000","-129,000"
"=""065036""",台積電元大48購11,0,0,0,0,0,0,0,0,0,"-129,000",0,0,0,0,"129,000","-129,000","-129,000"
"=""064814""",世芯元大47購05  ,0,0,0,0,0,0,0,0,0,"-129,000",0,0,0,"148,000","277,000","-129,000","-129,000"
"=""04415T""",緯創元大35售20  ,0,0,0,0,0,0,0,0,0,"-129,000",0,0,0,"1,000","130,000","-129,000","-129,000"
4934,太極            ,"295,000","433,000","-138,000",0,0,0,0,0,0,"8,548","10,000",0,"10,000",0,"1,452","-1,452","-129,452"
"=""059336""",台灣50元大46購10,0,0,0,0,0,0,0,0,0,"-130,000",0,0,0,"10,000","140,000","-130,000","-130,000"
"=""053875""",京鼎群益44購04  ,0,0,0,0,0,0,0,0,0,"-130,000",0,0,0,"5,000","135,000","-130,000","-130,000"
"=""050392""",京鼎永豐44購01  ,0,0,0,0,0,0,0,0,0,"-130,000",0,0,0,0,"130,000","-130,000","-130,000"
"=""048527""",元債2X凱基42購01,0,"20,000","-20,000",0,0,0,0,0,0,"-110,000",0,0,0,"20,000","130,000","-110,000","-130,000"
"=""048112""",辛耘國票44購01  ,0,0,0,0,0,0,0,0,0,"-130,000",0,0,0,"75,000","205,000","-130,000","-130,000"
"=""04085T""",穎崴國票35售02  ,0,0,0,0,0,0,0,0,0,"-130,000",0,0,0,0,"130,000","-130,000","-130,000"
"=""057659""",大立光統一41購01,0,0,0,0,0,0,0,0,0,"-130,000",0,0,0,0,"130,000","-130,000","-130,000"
"=""067845""",鴻海凱基47購22  ,0,0,0,0,0,0,0,0,0,"-130,000",0,0,0,0,"130,000","-130,000","-130,000"
"=""067128""",長榮鋼國票48購01,0,0,0,0,0,0,0,0,0,"-130,000",0,0,0,"165,000","295,000","-130,000","-130,000"
"=""067078""",世芯群益48購18  ,0,0,0,0,0,0,0,0,0,"-130,000",0,0,0,"120,000","250,000","-130,000","-130,000"
"=""067556""",臺股指群益47購04,0,0,0,0,0,0,0,0,0,"-130,000",0,0,0,"20,000","150,000","-130,000","-130,000"
1442,名軒            ,"94,000","226,000","-132,000",0,0,0,0,0,0,"1,221","5,000","3,779","1,221",0,0,0,"-130,779"
"=""068822""",力積電國票49購02,0,0,0,0,0,0,0,0,0,"-131,000",0,0,0,0,"131,000","-131,000","-131,000"
"=""068421""",貿聯元富48購01  ,0,0,0,0,0,0,0,0,0,"-131,000",0,0,0,"22,000","153,000","-131,000","-131,000"
"=""057627""",美時凱基45購02  ,0,0,0,0,0,0,0,0,0,"-131,000",0,0,0,"3,000","134,000","-131,000","-131,000"
"=""059816""",台光電富邦4B購01,0,0,0,0,0,0,0,0,0,"-131,000",0,0,0,0,"131,000","-131,000","-131,000"
"=""066762""",南亞科元大47購04,0,0,0,0,0,0,0,0,0,"-131,000",0,0,0,"292,000","423,000","-131,000","-131,000"
"=""066309""",台積電中信4B購02,0,0,0,0,0,0,0,0,0,"-131,000",0,0,0,0,"131,000","-131,000","-131,000"
"=""053854""",滬深2X群益4A購04,0,0,0,0,0,0,0,0,0,"-131,000",0,0,0,0,"131,000","-131,000","-131,000"
3050,鈺德            ,"146,000","292,000","-146,000",0,0,0,0,0,0,"15,000","15,000",0,"15,000",0,0,0,"-131,000"
"=""051800""",滬深2X凱基46購01,0,0,0,0,0,0,0,0,0,"-132,000",0,0,0,"12,000","144,000","-132,000","-132,000"
1540,喬福            ,"5,000","146,000","-141,000",0,0,0,0,0,0,"9,000","9,000",0,"9,000",0,0,0,"-132,000"
"=""045132""",貿聯元大5B購01  ,0,0,0,0,0,0,0,0,0,"-132,000",0,0,0,"150,000","282,000","-132,000","-132,000"
"=""065215""",晟銘電兆豐49購01,0,0,0,0,0,0,0,0,0,"-132,000",0,0,0,"22,000","154,000","-132,000","-132,000"
"=""068429""",京元電國票48購03,0,0,0,0,0,0,0,0,0,"-132,000",0,0,0,0,"132,000","-132,000","-132,000"
"=""055153""",長華富邦47購01  ,0,0,0,0,0,0,0,0,0,"-132,000",0,0,0,"20,000","152,000","-132,000","-132,000"
"=""057852""",志聖凱基45購01  ,0,0,0,0,0,0,0,0,0,"-132,000",0,0,0,"5,000","137,000","-132,000","-132,000"
5607,遠雄港          ,"749,000","345,000","404,000",0,0,0,0,0,0,"-536,413",0,"566,000","-566,000","29,587",0,"29,587","-132,413"
1310,台苯            ,"49,000","199,000","-150,000",0,0,0,0,0,0,"17,361","19,000","1,639","17,361",0,0,0,"-132,639"
"=""061884""",瑞昱元大46購01  ,0,0,0,0,0,0,0,0,0,"-133,000",0,0,0,"22,000","155,000","-133,000","-133,000"
"=""066337""",京鼎兆豐49購01  ,0,0,0,0,0,0,0,0,0,"-133,000",0,0,0,"38,000","171,000","-133,000","-133,000"
"=""020034""",元大IC設計N     ,0,0,0,0,0,0,0,0,0,"-133,000",0,0,0,"30,000","163,000","-133,000","-133,000"
"=""067761""",金像電統一4B購02,0,0,0,0,0,0,0,0,0,"-133,000",0,0,0,"159,000","292,000","-133,000","-133,000"
"=""055961""",金寶國票46購01  ,0,0,0,0,0,0,0,0,0,"-133,000",0,0,0,0,"133,000","-133,000","-133,000"
"=""056420""",矽統群益47購01  ,0,0,0,0,0,0,0,0,0,"-133,000",0,0,0,0,"133,000","-133,000","-133,000"
"=""054738""",矽統富邦47購01  ,0,0,0,0,0,0,0,0,0,"-134,000",0,0,0,"206,000","340,000","-134,000","-134,000"
"=""063038""",臺股指法興46購11,0,0,0,0,0,0,0,0,0,"-134,000",0,0,0,"749,000","883,000","-134,000","-134,000"
"=""048914""",長華中信44購01  ,0,0,0,0,0,0,0,0,0,"-134,000",0,0,0,"17,000","151,000","-134,000","-134,000"
"=""067587""",大量國票48購01  ,0,0,0,0,0,0,0,0,0,"-134,000",0,0,0,"6,000","140,000","-134,000","-134,000"
"=""059864""",正崴元富45購07  ,0,0,0,0,0,0,0,0,0,"-134,000",0,0,0,"16,000","150,000","-134,000","-134,000"
"=""065677""",元債2X富邦3B購01,0,0,0,0,0,0,0,0,0,"-134,000",0,0,0,"31,000","165,000","-134,000","-134,000"
"=""045263""",智邦元大55購20  ,0,0,0,0,0,0,0,0,0,"-134,000",0,0,0,"20,000","154,000","-134,000","-134,000"
"=""060529""",材料凱基46購01  ,0,0,0,0,0,0,0,0,0,"-134,000",0,0,0,"18,000","152,000","-134,000","-134,000"
"=""045949""",亞翔凱基45購01  ,0,0,0,0,0,0,0,0,0,"-134,000",0,0,0,"1,199,000","1,333,000","-134,000","-134,000"
"=""047432""",群臺2X凱基43購03,0,0,0,0,0,0,0,0,0,"-135,000",0,0,0,"3,000","138,000","-135,000","-135,000"
"=""068647""",聯發科統一62購02,0,0,0,0,0,0,0,0,0,"-135,000",0,0,0,"1,000","136,000","-135,000","-135,000"
"=""068603""",鴻海元大48購10  ,0,0,0,0,0,0,0,0,0,"-135,000",0,0,0,0,"135,000","-135,000","-135,000"
"=""061437""",晶碩元富46購01  ,0,0,0,0,0,0,0,0,0,"-135,000",0,0,0,"15,000","150,000","-135,000","-135,000"
"=""056594""",臺股指元大45購37,0,0,0,0,0,0,0,0,0,"-135,000",0,0,0,"15,000","150,000","-135,000","-135,000"
"=""057209""",世芯永豐4B購02  ,0,0,0,0,0,0,0,0,0,"-136,000",0,0,0,"11,000","147,000","-136,000","-136,000"
"=""085474""",天虹統一56購02  ,0,0,0,0,0,0,0,0,0,"-136,000",0,0,0,"72,000","208,000","-136,000","-136,000"
"=""065651""",鈺齊群益48購01  ,0,0,0,0,0,0,0,0,0,"-136,000",0,0,0,"68,000","204,000","-136,000","-136,000"
"=""067554""",臺股指群益47購02,0,0,0,0,0,0,0,0,0,"-136,000",0,0,0,0,"136,000","-136,000","-136,000"
"=""067399""",世芯元富51購04  ,0,0,0,0,0,0,0,0,0,"-136,000",0,0,0,"46,000","182,000","-136,000","-136,000"
"=""055631""",緯創國票46購02  ,0,0,0,0,0,0,0,0,0,"-136,000",0,0,0,0,"136,000","-136,000","-136,000"
8028,昇陽半導體      ,"37,000","182,000","-145,000",0,0,0,0,20,-20,"8,394","18,000","9,578","8,422",0,28,-28,"-136,626"
"=""056194""",技嘉群益42購02  ,0,0,0,0,0,0,0,0,0,"-137,000",0,0,0,0,"137,000","-137,000","-137,000"
"=""063588""",台積電凱基4C購06,0,0,0,0,0,0,0,0,0,"-137,000",0,0,0,"78,000","215,000","-137,000","-137,000"
"=""066782""",洋基元大47購02  ,0,0,0,0,0,0,0,0,0,"-137,000",0,0,0,"10,000","147,000","-137,000","-137,000"
"=""054504""",台玻國票46購01  ,0,0,0,0,0,0,0,0,0,"-137,000",0,0,0,0,"137,000","-137,000","-137,000"
"=""057982""",臻鼎群益45購02  ,0,0,0,0,0,0,0,0,0,"-137,000",0,0,0,"10,000","147,000","-137,000","-137,000"
"=""056777""",A50正2國票46購02,0,0,0,0,0,0,0,0,0,"-138,000",0,0,0,0,"138,000","-138,000","-138,000"
"=""058158""",洋華群益45購01  ,0,0,0,0,0,0,0,0,0,"-138,000",0,0,0,"6,000","144,000","-138,000","-138,000"
"=""060109""",鉅祥富邦48購01  ,0,0,0,0,0,0,0,0,0,"-138,000",0,0,0,0,"138,000","-138,000","-138,000"
"=""054272""",威盛元大48購01  ,0,0,0,0,0,0,0,0,0,"-138,000",0,0,0,0,"138,000","-138,000","-138,000"
"=""054284""",嘉澤元大44購03  ,0,0,0,0,0,0,0,0,0,"-139,000",0,0,0,0,"139,000","-139,000","-139,000"
"=""059269""",中華永豐47購01  ,0,0,0,0,0,0,0,0,0,"-139,000",0,0,0,"272,000","411,000","-139,000","-139,000"
"=""047766""",玉晶光元富42購02,0,0,0,0,0,0,0,0,0,"-139,000",0,0,0,"11,000","150,000","-139,000","-139,000"
"=""064815""",世芯元大47購06  ,0,0,0,0,0,0,0,0,0,"-139,000",0,0,0,"373,000","512,000","-139,000","-139,000"
"=""069298""",中磊元富48購01  ,0,0,0,0,0,0,0,0,0,"-139,000",0,0,0,"43,000","182,000","-139,000","-139,000"
3019,亞光            ,"102,000","220,272","-118,272",0,0,0,0,0,0,"-21,315","1,000","18,315","-17,315",0,"4,000","-4,000","-139,587"
"=""056318""",T50反1元富55購01,0,0,0,0,0,0,0,0,0,"-140,000",0,0,0,"4,000","144,000","-140,000","-140,000"
"=""049456""",全漢中信43購01  ,0,0,0,0,0,0,0,0,0,"-140,000",0,0,0,0,"140,000","-140,000","-140,000"
"=""059171""",金寶元大45購03  ,0,0,0,0,0,0,0,0,0,"-140,000",0,0,0,0,"140,000","-140,000","-140,000"
"=""054050""",中信金元大44購02,0,"140,000","-140,000",0,0,0,0,0,0,0,0,0,0,0,0,0,"-140,000"
"=""051644""",潤隆群益43購03  ,0,0,0,0,0,0,0,0,0,"-140,000",0,0,0,0,"140,000","-140,000","-140,000"
"=""051246""",景碩富邦45購01  ,0,0,0,0,0,0,0,0,0,"-140,000",0,0,0,0,"140,000","-140,000","-140,000"
"=""064929""",啟�硈肭�48購03  ,0,0,0,0,0,0,0,0,0,"-140,000",0,0,0,"4,000","144,000","-140,000","-140,000"
"=""064585""",上銀第一46購01  ,0,0,0,0,0,0,0,0,0,"-140,000",0,0,0,"200,000","340,000","-140,000","-140,000"
1339,昭輝            ,"108,000","251,000","-143,000",0,0,0,0,0,0,"3,000","3,000",0,"3,000",0,0,0,"-140,000"
"=""045964""",金寶統一48購01  ,0,0,0,0,0,0,0,0,0,"-140,000",0,0,0,"40,000","180,000","-140,000","-140,000"
"=""054898""",矽統元富4A購01  ,0,0,0,0,0,0,0,0,0,"-140,000",0,0,0,"1,000","141,000","-140,000","-140,000"
"=""053576""",矽力元大4A購01  ,0,0,0,0,0,0,0,0,0,"-140,000",0,0,0,0,"140,000","-140,000","-140,000"
"=""065660""",為升凱基47購02  ,0,0,0,0,0,0,0,0,0,"-140,000",0,0,0,"4,000","144,000","-140,000","-140,000"
"=""065147""",基泰群益48購01  ,0,0,0,0,0,0,0,0,0,"-140,000",0,0,0,"10,000","150,000","-140,000","-140,000"
"=""045668""",奇鋐元富42購06  ,0,0,0,0,0,0,0,0,0,"-140,000",0,0,0,"35,000","175,000","-140,000","-140,000"
3025,星通            ,"149,000","309,200","-160,200",0,0,0,0,0,0,"20,000","21,000","1,000","20,000",0,0,0,"-140,200"
"=""064464""",神達元大4A購02  ,0,0,0,0,0,0,0,0,0,"-141,000",0,0,0,"33,000","174,000","-141,000","-141,000"
"=""066323""",奇鋐永豐4A購02  ,0,0,0,0,0,0,0,0,0,"-141,000",0,0,0,"10,000","151,000","-141,000","-141,000"
"=""055956""",天虹元大47購02  ,0,0,0,0,0,0,0,0,0,"-141,000",0,0,0,"363,000","504,000","-141,000","-141,000"
"=""067429""",神達永豐51購01  ,0,0,0,0,0,0,0,0,0,"-141,000",0,0,0,"34,000","175,000","-141,000","-141,000"
"=""067736""",華新群益48購01  ,0,0,0,0,0,0,0,0,0,"-141,000",0,0,0,"52,000","193,000","-141,000","-141,000"
"=""056808""",大立光兆豐46購01,0,0,0,0,0,0,0,0,0,"-141,000",0,0,0,"20,000","161,000","-141,000","-141,000"
"=""08091U""",萬海統一32售03  ,0,0,0,0,0,0,0,0,0,"-141,000",0,0,0,"70,000","211,000","-141,000","-141,000"
"=""069295""",聯詠第一42購01  ,0,0,0,0,0,0,0,0,0,"-141,000",0,0,0,0,"141,000","-141,000","-141,000"
"=""056861""",志聖凱基46購01  ,0,0,0,0,0,0,0,0,0,"-141,000",0,0,0,"1,000","142,000","-141,000","-141,000"
"=""061372""",亞翔國票46購02  ,0,0,0,0,0,0,0,0,0,"-141,000",0,0,0,0,"141,000","-141,000","-141,000"
"=""062435""",精誠永豐48購01  ,0,0,0,0,0,0,0,0,0,"-142,000",0,0,0,0,"142,000","-142,000","-142,000"
"=""051400""",香港2X中信45購01,0,0,0,0,0,0,0,0,0,"-142,000",0,0,0,0,"142,000","-142,000","-142,000"
"=""050439""",智原兆豐45購01  ,0,0,0,0,0,0,0,0,0,"-142,000",0,0,0,"85,000","227,000","-142,000","-142,000"
"=""056089""",台積電元大54購01,0,0,0,0,0,0,0,0,0,"-143,000",0,0,0,"438,000","581,000","-143,000","-143,000"
"=""055039""",玉晶光凱基47購01,0,0,0,0,0,0,0,0,0,"-143,000",0,0,0,"40,000","183,000","-143,000","-143,000"
"=""055155""",創意中信45購01  ,0,0,0,0,0,0,0,0,0,"-143,000",0,0,0,0,"143,000","-143,000","-143,000"
"=""055981""",世紀鋼國票47購01,0,0,0,0,0,0,0,0,0,"-143,000",0,0,0,"1,000","144,000","-143,000","-143,000"
"=""065952""",華通元大47購06  ,0,"164,000","-164,000",0,0,0,0,0,0,"21,000",0,0,0,"21,000",0,"21,000","-143,000"
"=""066687""",滬深2X富邦3B購01,0,0,0,0,0,0,0,0,0,"-144,000",0,0,0,"425,000","569,000","-144,000","-144,000"
"=""044930""",辛耘統一57購01  ,0,0,0,0,0,0,0,0,0,"-144,000",0,0,0,"111,000","255,000","-144,000","-144,000"
"=""065213""",台光電兆豐47購02,0,0,0,0,0,0,0,0,0,"-144,000",0,0,0,0,"144,000","-144,000","-144,000"
"=""062613""",T50反1兆豐48購01,"1,000",0,"1,000",0,0,0,0,0,0,"-145,000",0,0,0,0,"145,000","-145,000","-144,000"
"=""061831""",臺股指凱基49購18,0,0,0,0,0,0,0,0,0,"-144,000",0,0,0,"18,000","162,000","-144,000","-144,000"
"=""068398""",日月光統一52購01,0,0,0,0,0,0,0,0,0,"-145,000",0,0,0,0,"145,000","-145,000","-145,000"
"=""038594""",T50正2凱基54購10,0,0,0,0,0,0,0,0,0,"-145,000",0,0,0,"17,000","162,000","-145,000","-145,000"
"=""068042""",創意元大4B購03  ,0,0,0,0,0,0,0,0,0,"-145,000",0,0,0,"10,000","155,000","-145,000","-145,000"
"=""059789""",宇隆中信45購01  ,0,0,0,0,0,0,0,0,0,"-145,000",0,0,0,0,"145,000","-145,000","-145,000"
"=""050141""",景碩凱基44購04  ,0,0,0,0,0,0,0,0,0,"-145,000",0,0,0,0,"145,000","-145,000","-145,000"
"=""048006""",材料元大43購15  ,0,0,0,0,0,0,0,0,0,"-145,000",0,0,0,"5,000","150,000","-145,000","-145,000"
"=""063495""",晶心科富邦48購01,0,0,0,0,0,0,0,0,0,"-146,000",0,0,0,"5,000","151,000","-146,000","-146,000"
"=""060174""",元日2X凱基3A購01,0,0,0,0,0,0,0,0,0,"-146,000",0,0,0,"1,000","147,000","-146,000","-146,000"
"=""059492""",大同永豐46購01  ,0,0,0,0,0,0,0,0,0,"-146,000",0,0,0,0,"146,000","-146,000","-146,000"
2614,東森            ,"189,000","335,791","-146,791",0,0,0,0,0,0,0,0,0,0,0,0,0,"-146,791"
"=""067322""",華新元大47購03  ,0,0,0,0,0,0,0,0,0,"-147,000",0,0,0,"3,000","150,000","-147,000","-147,000"
"=""067273""",T50反1國泰48購02,0,0,0,0,0,0,0,0,0,"-147,000",0,0,0,"110,000","257,000","-147,000","-147,000"
"=""058811""",美時台新45購01  ,0,0,0,0,0,0,0,0,0,"-147,000",0,0,0,"78,000","225,000","-147,000","-147,000"
"=""065570""",義隆元富47購01  ,0,0,0,0,0,0,0,0,0,"-147,000",0,0,0,"8,000","155,000","-147,000","-147,000"
"=""066856""",台塑元富47購07  ,0,0,0,0,0,0,0,0,0,"-147,000",0,0,0,"59,000","206,000","-147,000","-147,000"
"=""061231""",世芯元大46購16  ,0,0,0,0,0,0,0,0,0,"-147,000",0,0,0,0,"147,000","-147,000","-147,000"
"=""062505""",華航元富46購03  ,0,0,0,0,0,0,0,0,0,"-147,000",0,0,0,0,"147,000","-147,000","-147,000"
"=""055893""",華城元富44購02  ,0,0,0,0,0,0,0,0,0,"-148,000",0,0,0,"18,000","166,000","-148,000","-148,000"
"=""058157""",碩天群益47購02  ,0,0,0,0,0,0,0,0,0,"-148,000",0,0,0,"67,000","215,000","-148,000","-148,000"
"=""068978""",川湖兆豐48購01  ,0,0,0,0,0,0,0,0,0,"-148,000",0,0,0,0,"148,000","-148,000","-148,000"
"=""03518T""",世紀鋼元大33售07,0,0,0,0,0,0,0,0,0,"-148,000",0,0,0,0,"148,000","-148,000","-148,000"
"=""03262T""",辛耘元大34售10  ,0,0,0,0,0,0,0,0,0,"-148,000",0,0,0,0,"148,000","-148,000","-148,000"
"=""068246""",立隆電國票49購01,"7,000","156,000","-149,000",0,0,0,0,0,0,0,0,0,0,0,0,0,"-149,000"
"=""042942""",智邦元大55購02  ,0,0,0,0,0,0,0,0,0,"-149,000",0,0,0,"7,000","156,000","-149,000","-149,000"
"=""068831""",藍天統一58購01  ,0,0,0,0,0,0,0,0,0,"-149,000",0,0,0,"7,000","156,000","-149,000","-149,000"
"=""068911""",大立光元大48購06,0,0,0,0,0,0,0,0,0,"-149,000",0,0,0,"48,000","197,000","-149,000","-149,000"
"=""068384""",佳能統一58購01  ,0,0,0,0,0,0,0,0,0,"-149,000",0,0,0,"32,000","181,000","-149,000","-149,000"
"=""060293""",滬深2X群益46購05,0,0,0,0,0,0,0,0,0,"-149,000",0,0,0,0,"149,000","-149,000","-149,000"
"=""061956""",台灣50凱基46購13,0,0,0,0,0,0,0,0,0,"-149,000",0,0,0,0,"149,000","-149,000","-149,000"
"=""07100U""",臺股指中信59售09,0,0,0,0,0,0,0,0,0,"-149,000",0,0,0,0,"149,000","-149,000","-149,000"
"=""048024""",長榮航台新42購01,0,0,0,0,0,0,0,0,0,"-149,000",0,0,0,"1,003,000","1,152,000","-149,000","-149,000"
"=""059289""",台光電統一4B購01,0,0,0,0,0,0,0,0,0,"-149,000",0,0,0,"279,000","428,000","-149,000","-149,000"
"=""059079""",深中小元富48購01,0,0,0,0,0,0,0,0,0,"-150,000",0,0,0,0,"150,000","-150,000","-150,000"
"=""053941""",世芯台新44購02  ,0,0,0,0,0,0,0,0,0,"-150,000",0,0,0,0,"150,000","-150,000","-150,000"
"=""051937""",萬海統一59購01  ,0,0,0,0,0,0,0,0,0,"-150,000",0,0,0,0,"150,000","-150,000","-150,000"
"=""053750""",滬深2X永豐48購01,0,0,0,0,0,0,0,0,0,"-150,000",0,0,0,0,"150,000","-150,000","-150,000"
"=""051208""",佳能元富49購01  ,0,0,0,0,0,0,0,0,0,"-150,000",0,0,0,0,"150,000","-150,000","-150,000"
"=""052353""",群創永豐46購01  ,0,0,0,0,0,0,0,0,0,"-150,000",0,0,0,0,"150,000","-150,000","-150,000"
"=""051590""",定穎控國泰45購02,0,0,0,0,0,0,0,0,0,"-150,000",0,0,0,0,"150,000","-150,000","-150,000"
"=""048958""",天鈺群益43購02  ,0,0,0,0,0,0,0,0,0,"-150,000",0,0,0,0,"150,000","-150,000","-150,000"
"=""063496""",金像電兆豐4C購01,0,0,0,0,0,0,0,0,0,"-150,000",0,0,0,0,"150,000","-150,000","-150,000"
"=""063497""",緯創兆豐4C購01  ,0,0,0,0,0,0,0,0,0,"-150,000",0,0,0,0,"150,000","-150,000","-150,000"
"=""063452""",南亞科元大46購07,0,0,0,0,0,0,0,0,0,"-150,000",0,0,0,0,"150,000","-150,000","-150,000"
"=""050895""",臺股指元大46購07,0,0,0,0,0,0,0,0,0,"-150,000",0,0,0,"5,000","155,000","-150,000","-150,000"
"=""064774""",鴻海元富47購03  ,0,0,0,0,0,0,0,0,0,"-150,000",0,0,0,"2,000","152,000","-150,000","-150,000"
"=""065054""",玉晶光元大47購08,0,0,0,0,0,0,0,0,0,"-150,000",0,0,0,0,"150,000","-150,000","-150,000"
"=""054478""",宏達電元大44購04,0,0,0,0,0,0,0,0,0,"-150,000",0,0,0,"20,000","170,000","-150,000","-150,000"
"=""055302""",聯發科元大44購10,0,0,0,0,0,0,0,0,0,"-150,000",0,0,0,0,"150,000","-150,000","-150,000"
"=""069627""",聯發科凱基48購09,0,0,0,0,0,0,0,0,0,"-150,000",0,0,0,0,"150,000","-150,000","-150,000"
"=""056565""",矽統元大45購04  ,0,0,0,0,0,0,0,0,0,"-150,000",0,0,0,0,"150,000","-150,000","-150,000"
"=""061660""",台塑群益46購04  ,0,0,0,0,0,0,0,0,0,"-150,000",0,0,0,0,"150,000","-150,000","-150,000"
"=""060862""",正文永豐46購01  ,0,0,0,0,0,0,0,0,0,"-150,000",0,0,0,"20,000","170,000","-150,000","-150,000"
"=""068436""",鈺齊國票4B購01  ,0,0,0,0,0,0,0,0,0,"-150,000",0,0,0,0,"150,000","-150,000","-150,000"
"=""068874""",精銳永豐4C購01  ,0,0,0,0,0,0,0,0,0,"-150,000",0,0,0,0,"150,000","-150,000","-150,000"
"=""068863""",微星永豐49購01  ,0,0,0,0,0,0,0,0,0,"-150,000",0,0,0,0,"150,000","-150,000","-150,000"
"=""060996""",華航群益48購01  ,0,0,0,0,0,0,0,0,0,"-150,000",0,0,0,0,"150,000","-150,000","-150,000"
"=""036733""",創意國泰54購02  ,0,0,0,0,0,0,0,0,0,"-150,000",0,0,0,0,"150,000","-150,000","-150,000"
"=""066800""",新唐國泰48購01  ,0,0,0,0,0,0,0,0,0,"-150,000",0,0,0,0,"150,000","-150,000","-150,000"
"=""066292""",和椿元大47購02  ,0,0,0,0,0,0,0,0,0,"-150,000",0,0,0,0,"150,000","-150,000","-150,000"
"=""066075""",菱光元富47購01  ,0,0,0,0,0,0,0,0,0,"-150,000",0,0,0,"50,000","200,000","-150,000","-150,000"
"=""068174""",鈺齊統一52購01  ,0,0,0,0,0,0,0,0,0,"-150,000",0,0,0,0,"150,000","-150,000","-150,000"
"=""068040""",創意元大47購01  ,0,0,0,0,0,0,0,0,0,"-150,000",0,0,0,"3,000","153,000","-150,000","-150,000"
"=""067042""",大立光永豐47購04,0,0,0,0,0,0,0,0,0,"-150,000",0,0,0,0,"150,000","-150,000","-150,000"
"=""067561""",臺股指群益47購09,0,0,0,0,0,0,0,0,0,"-150,000",0,0,0,0,"150,000","-150,000","-150,000"
"=""067536""",台積電群益47購38,0,0,0,0,0,0,0,0,0,"-151,000",0,0,0,"2,000","153,000","-151,000","-151,000"
"=""035204""",晟銘電群益53購01,0,0,0,0,0,0,0,0,0,"-151,000",0,0,0,0,"151,000","-151,000","-151,000"
"=""060430""",東元國泰48購01  ,0,0,0,0,0,0,0,0,0,"-151,000",0,0,0,0,"151,000","-151,000","-151,000"
"=""063089""",創意國票47購05  ,0,0,0,0,0,0,0,0,0,"-151,000",0,0,0,0,"151,000","-151,000","-151,000"
"=""051139""",臺股指凱基43購90,0,0,0,0,0,0,0,0,0,"-151,000",0,0,0,0,"151,000","-151,000","-151,000"
"=""051366""",台化元大43購01  ,0,"1,000","-1,000",0,0,0,0,0,0,"-150,000",0,0,0,"51,000","201,000","-150,000","-151,000"
"=""044449""",聯發科元大55購07,0,0,0,0,0,0,0,0,0,"-151,000",0,0,0,0,"151,000","-151,000","-151,000"
2455,全新            ,"520,000","572,064","-52,064",0,0,0,0,"56,000","-56,000","-43,001","26,000","14,001","11,999","7,000","62,000","-55,000","-151,065"
"=""049617""",皇昌群益43購01  ,0,0,0,0,0,0,0,0,0,"-152,000",0,0,0,"143,000","295,000","-152,000","-152,000"
"=""056694""",志聖元大45購01  ,0,0,0,0,0,0,0,0,0,"-152,000",0,0,0,0,"152,000","-152,000","-152,000"
"=""062678""",世芯國票46購14  ,0,0,0,0,0,0,0,0,0,"-152,000",0,0,0,0,"152,000","-152,000","-152,000"
"=""056773""",威盛國泰47購01  ,0,0,0,0,0,0,0,0,0,"-153,000",0,0,0,"136,000","289,000","-153,000","-153,000"
"=""04578T""",威盛元大35售20  ,0,0,0,0,0,0,0,0,0,"-153,000",0,0,0,"1,000","154,000","-153,000","-153,000"
"=""064855""",鴻準國泰48購01  ,0,0,0,0,0,0,0,0,0,"-153,000",0,0,0,0,"153,000","-153,000","-153,000"
"=""03970T""",愛普元大34售07  ,0,0,0,0,0,0,0,0,0,"-154,000",0,0,0,"56,000","210,000","-154,000","-154,000"
"=""063736""",鴻海國票48購03  ,0,0,0,0,0,0,0,0,0,"-154,000",0,0,0,"63,000","217,000","-154,000","-154,000"
"=""03112T""",健策中信32售02  ,0,0,0,0,0,0,0,0,0,"-154,000",0,0,0,"927,000","1,081,000","-154,000","-154,000"
"=""065102""",威盛統一45購01  ,0,0,0,0,0,0,0,0,0,"-154,000",0,0,0,"21,000","175,000","-154,000","-154,000"
"=""062651""",台光電凱基46購08,0,0,0,0,0,0,0,0,0,"-154,000",0,0,0,0,"154,000","-154,000","-154,000"
"=""061526""",瑞昱中信47購01  ,0,0,0,0,0,0,0,0,0,"-154,000",0,0,0,"19,000","173,000","-154,000","-154,000"
"=""068500""",台積電元大48購20,0,0,0,0,0,0,0,0,0,"-154,000",0,0,0,0,"154,000","-154,000","-154,000"
"=""060999""",元大金群益4A購01,0,0,0,0,0,0,0,0,0,"-155,000",0,0,0,0,"155,000","-155,000","-155,000"
"=""061929""",洋基兆豐48購01  ,0,0,0,0,0,0,0,0,0,"-155,000",0,0,0,0,"155,000","-155,000","-155,000"
"=""061744""",矽力兆豐46購01  ,0,0,0,0,0,0,0,0,0,"-155,000",0,0,0,0,"155,000","-155,000","-155,000"
"=""046583""",興富發凱基43購05,0,0,0,0,0,0,0,0,0,"-155,000",0,0,0,"11,000","166,000","-155,000","-155,000"
"=""047437""",潤隆凱基43購04  ,0,0,0,0,0,0,0,0,0,"-155,000",0,0,0,0,"155,000","-155,000","-155,000"
"=""053484""",南亞科元富44購01,0,0,0,0,0,0,0,0,0,"-155,000",0,0,0,"161,000","316,000","-155,000","-155,000"
"=""059977""",正崴元大45購08  ,0,0,0,0,0,0,0,0,0,"-155,000",0,0,0,0,"155,000","-155,000","-155,000"
"=""048564""",皇昌元大44購03  ,0,0,0,0,0,0,0,0,0,"-155,000",0,0,0,0,"155,000","-155,000","-155,000"
1711,永光            ,"144,000","297,000","-153,000",0,0,0,0,0,0,"-2,451",0,0,0,"10,000","12,451","-2,451","-155,451"
"=""048807""",奇鋐凱基44購04  ,0,0,0,0,0,0,0,0,0,"-156,000",0,0,0,"8,000","164,000","-156,000","-156,000"
"=""050291""",智原國票44購03  ,0,0,0,0,0,0,0,0,0,"-156,000",0,0,0,"50,000","206,000","-156,000","-156,000"
9942,茂順            ,"64,000","220,000","-156,000",0,0,0,0,0,0,0,0,0,0,0,0,0,"-156,000"
"=""064425""",神達凱基46購08  ,0,0,0,0,0,0,0,0,0,"-156,000",0,0,0,0,"156,000","-156,000","-156,000"
"=""058657""",啟�硈肭�45購01  ,0,0,0,0,0,0,0,0,0,"-156,000",0,0,0,0,"156,000","-156,000","-156,000"
"=""067298""",京鼎群益48購01  ,0,0,0,0,0,0,0,0,0,"-156,000",0,0,0,"2,000","158,000","-156,000","-156,000"
"=""046284""",欣興凱基44購01  ,0,0,0,0,0,0,0,0,0,"-156,000",0,0,0,0,"156,000","-156,000","-156,000"
"=""069457""",道瓊銀元大4B購01,0,0,0,0,0,0,0,0,0,"-156,000",0,0,0,0,"156,000","-156,000","-156,000"
"=""061624""",川湖元大49購01  ,0,"156,000","-156,000",0,0,0,0,0,0,0,0,0,0,0,0,0,"-156,000"
2476,鉅祥            ,"1,125,047","1,536,000","-410,953",0,0,0,0,0,0,"254,461","60,812","1,973","58,839","238,000","42,378","195,622","-156,492"
"=""061223""",華航元大46購02  ,0,0,0,0,0,0,0,0,0,"-157,000",0,0,0,"62,000","219,000","-157,000","-157,000"
"=""068648""",立隆電統一5A購01,0,0,0,0,0,0,0,0,0,"-157,000",0,0,0,"70,000","227,000","-157,000","-157,000"
"=""060791""",台塑元富46購01  ,0,0,0,0,0,0,0,0,0,"-157,000",0,0,0,"150,000","307,000","-157,000","-157,000"
"=""062669""",緯穎凱基46購10  ,0,0,0,0,0,0,0,0,0,"-157,000",0,0,0,0,"157,000","-157,000","-157,000"
"=""062184""",金像電永豐47購01,0,0,0,0,0,0,0,0,0,"-157,000",0,0,0,0,"157,000","-157,000","-157,000"
"=""054364""",中砂統一4A購03  ,0,0,0,0,0,0,0,0,0,"-157,000",0,0,0,0,"157,000","-157,000","-157,000"
"=""058107""",建漢元大45購01  ,0,0,0,0,0,0,0,0,0,"-157,000",0,0,0,0,"157,000","-157,000","-157,000"
"=""067223""",元債2X永豐59購01,"5,000","162,000","-157,000",0,0,0,0,0,0,0,0,0,0,0,0,0,"-157,000"
"=""060098""",中砂富邦48購01  ,0,0,0,0,0,0,0,0,0,"-158,000",0,0,0,"44,000","202,000","-158,000","-158,000"
"=""067857""",矽力凱基47購04  ,0,0,0,0,0,0,0,0,0,"-158,000",0,0,0,"200,000","358,000","-158,000","-158,000"
"=""058165""",康舒群益47購01  ,0,0,0,0,0,0,0,0,0,"-158,000",0,0,0,"3,000","161,000","-158,000","-158,000"
"=""062084""",聯發科元大46購04,0,0,0,0,0,0,0,0,0,"-158,000",0,0,0,"1,000","159,000","-158,000","-158,000"
"=""061802""",鴻準凱基47購04  ,0,0,0,0,0,0,0,0,0,"-158,000",0,0,0,"32,000","190,000","-158,000","-158,000"
1616,億泰            ,"668,000","912,000","-244,000",0,0,0,0,0,0,"86,000","86,000",0,"86,000",0,0,0,"-158,000"
"=""055574""",康普元富44購01  ,0,0,0,0,0,0,0,0,0,"-158,000",0,0,0,"10,000","168,000","-158,000","-158,000"
"=""051952""",陽明永豐45購03  ,0,0,0,0,0,0,0,0,0,"-158,000",0,0,0,0,"158,000","-158,000","-158,000"
"=""056445""",世芯統一53購01  ,0,0,0,0,0,0,0,0,0,"-158,000",0,0,0,"50,000","208,000","-158,000","-158,000"
"=""064521""",穎崴統一3A購01  ,0,0,0,0,0,0,0,0,0,"-158,000",0,0,0,0,"158,000","-158,000","-158,000"
"=""068651""",聯詠統一51購02  ,0,0,0,0,0,0,0,0,0,"-159,000",0,0,0,0,"159,000","-159,000","-159,000"
"=""068633""",力積電元大48購04,0,0,0,0,0,0,0,0,0,"-159,000",0,0,0,0,"159,000","-159,000","-159,000"
"=""04648T""",智原永豐35售03  ,0,0,0,0,0,0,0,0,0,"-159,000",0,0,0,"240,000","399,000","-159,000","-159,000"
"=""068097""",台積電元富48購11,0,0,0,0,0,0,0,0,0,"-159,000",0,0,0,0,"159,000","-159,000","-159,000"
"=""0061""",元大寶滬深      ,"10,000","172,000","-162,000",0,0,0,0,0,0,"2,769",0,0,0,"132,453","129,684","2,769","-159,231"
"=""066027""",怡利電群益47購01,0,0,0,0,0,0,0,0,0,"-160,000",0,0,0,0,"160,000","-160,000","-160,000"
"=""059772""",保瑞元大45購14  ,0,0,0,0,0,0,0,0,0,"-160,000",0,0,0,"40,000","200,000","-160,000","-160,000"
"=""052124""",迎廣統一4C購01  ,0,0,0,0,0,0,0,0,0,"-160,000",0,0,0,"7,000","167,000","-160,000","-160,000"
"=""03387T""",定穎控群益33售07,0,0,0,0,0,0,0,0,0,"-160,000",0,0,0,0,"160,000","-160,000","-160,000"
"=""057855""",長榮航凱基45購06,0,0,0,0,0,0,0,0,0,"-160,000",0,0,0,0,"160,000","-160,000","-160,000"
"=""062859""",世芯永豐4B購03  ,0,0,0,0,0,0,0,0,0,"-160,000",0,0,0,"32,000","192,000","-160,000","-160,000"
"=""055029""",台灣50凱基45購07,0,0,0,0,0,0,0,0,0,"-160,000",0,0,0,0,"160,000","-160,000","-160,000"
"=""068908""",陽明元大49購03  ,0,0,0,0,0,0,0,0,0,"-160,000",0,0,0,"58,000","218,000","-160,000","-160,000"
"=""064667""",上銀元大46購08  ,0,0,0,0,0,0,0,0,0,"-160,000",0,0,0,0,"160,000","-160,000","-160,000"
"=""051189""",富邦金群益43購05,0,0,0,0,0,0,0,0,0,"-160,000",0,0,0,0,"160,000","-160,000","-160,000"
"=""051217""",台塑元大43購07  ,0,0,0,0,0,0,0,0,0,"-160,000",0,0,0,"100,000","260,000","-160,000","-160,000"
"=""04466T""",群光凱基35售03  ,0,0,0,0,0,0,0,0,0,"-160,000",0,0,0,"20,000","180,000","-160,000","-160,000"
"=""059205""",臺股指元大48購08,0,0,0,0,0,0,0,0,0,"-161,000",0,0,0,0,"161,000","-161,000","-161,000"
"=""051600""",元日2X國票49購01,0,0,0,0,0,0,0,0,0,"-161,000",0,0,0,"30,000","191,000","-161,000","-161,000"
"=""063706""",矽創永豐48購01  ,0,0,0,0,0,0,0,0,0,"-161,000",0,0,0,"5,000","166,000","-161,000","-161,000"
"=""060941""",辛耘凱基46購03  ,0,0,0,0,0,0,0,0,0,"-161,000",0,0,0,"10,000","171,000","-161,000","-161,000"
"=""061919""",振樺電台新46購01,0,0,0,0,0,0,0,0,0,"-161,000",0,0,0,"605,000","766,000","-161,000","-161,000"
"=""057283""",川湖台新45購02  ,0,0,0,0,0,0,0,0,0,"-161,000",0,0,0,"69,000","230,000","-161,000","-161,000"
"=""068226""",大立光群益48購03,0,0,0,0,0,0,0,0,0,"-161,000",0,0,0,0,"161,000","-161,000","-161,000"
1304,台聚            ,"40,000","193,000","-153,000",0,0,0,0,0,0,"-8,633","4,000","12,633","-8,633",0,0,0,"-161,633"
"=""061912""",達發元大46購06  ,0,0,0,0,0,0,0,0,0,"-162,000",0,0,0,"82,000","244,000","-162,000","-162,000"
"=""068912""",大立光元大48購07,0,0,0,0,0,0,0,0,0,"-162,000",0,0,0,"48,000","210,000","-162,000","-162,000"
"=""061070""",緯穎統一4B購02  ,0,0,0,0,0,0,0,0,0,"-162,000",0,0,0,"101,000","263,000","-162,000","-162,000"
"=""060115""",創意富邦48購01  ,0,0,0,0,0,0,0,0,0,"-162,000",0,0,0,"3,000","165,000","-162,000","-162,000"
"=""058772""",技嘉元大4B購02  ,0,0,0,0,0,0,0,0,0,"-162,000",0,0,0,"14,000","176,000","-162,000","-162,000"
"=""065944""",臺股指元富47購02,0,"162,000","-162,000",0,0,0,0,0,0,0,0,0,0,0,0,0,"-162,000"
"=""063910""",國巨統一4C購01  ,0,0,0,0,0,0,0,0,0,"-162,000",0,0,0,0,"162,000","-162,000","-162,000"
"=""063395""",漢唐群益48購02  ,0,0,0,0,0,0,0,0,0,"-162,000",0,0,0,"30,000","192,000","-162,000","-162,000"
4763,材料*-KY        ,"388,000","521,100","-133,100",0,0,0,0,"29,000","-29,000",-617,"9,338","9,734",-396,"6,748","6,969",-221,"-162,717"
"=""066591""",微星國票4A購01  ,0,0,0,0,0,0,0,0,0,"-163,000",0,0,0,0,"163,000","-163,000","-163,000"
"=""065380""",華新科統一41購02,0,0,0,0,0,0,0,0,0,"-163,000",0,0,0,"10,000","173,000","-163,000","-163,000"
"=""065370""",台積電統一3B購01,0,0,0,0,0,0,0,0,0,"-163,000",0,0,0,"54,000","217,000","-163,000","-163,000"
"=""059624""",永崴控元富45購04,0,0,0,0,0,0,0,0,0,"-163,000",0,0,0,"103,000","266,000","-163,000","-163,000"
"=""051457""",迎廣凱基43購01  ,0,0,0,0,0,0,0,0,0,"-164,000",0,0,0,"92,000","256,000","-164,000","-164,000"
"=""053898""",鴻海元大47購04  ,0,0,0,0,0,0,0,0,0,"-164,000",0,0,0,0,"164,000","-164,000","-164,000"
"=""047842""",A50正2凱基37購01,0,0,0,0,0,0,0,0,0,"-164,000",0,0,0,"2,000","166,000","-164,000","-164,000"
"=""063265""",聯發科台新47購01,0,0,0,0,0,0,0,0,0,"-165,000",0,0,0,"34,000","199,000","-165,000","-165,000"
"=""064267""",上銀元大46購05  ,0,"165,000","-165,000",0,0,0,0,0,0,0,0,0,0,0,0,0,"-165,000"
"=""063866""",台塑元大4A購01  ,0,0,0,0,0,0,0,0,0,"-165,000",0,0,0,"15,000","180,000","-165,000","-165,000"
"=""059845""",晶碩凱基45購01  ,0,0,0,0,0,0,0,0,0,"-165,000",0,0,0,0,"165,000","-165,000","-165,000"
"=""068708""",碩天凱基48購03  ,0,0,0,0,0,0,0,0,0,"-165,000",0,0,0,"156,000","321,000","-165,000","-165,000"
"=""056867""",貿聯凱基45購02  ,0,0,0,0,0,0,0,0,0,"-165,000",0,0,0,"109,000","274,000","-165,000","-165,000"
"=""061547""",祥碩永豐48購01  ,0,0,0,0,0,0,0,0,0,"-165,000",0,0,0,0,"165,000","-165,000","-165,000"
3209,全科            ,"87,000","251,000","-164,000",0,0,0,0,0,0,"-1,632",0,"1,000","-1,000",0,632,-632,"-165,632"
"=""069143""",精銳群益48購04  ,0,0,0,0,0,0,0,0,0,"-166,000",0,0,0,0,"166,000","-166,000","-166,000"
"=""068476""",大立光群益49購04,0,0,0,0,0,0,0,0,0,"-166,000",0,0,0,"6,000","172,000","-166,000","-166,000"
"=""067662""",滬深2X凱基4C購01,0,0,0,0,0,0,0,0,0,"-166,000",0,0,0,"3,000","169,000","-166,000","-166,000"
"=""067653""",大立光永豐48購02,0,0,0,0,0,0,0,0,0,"-166,000",0,0,0,"284,000","450,000","-166,000","-166,000"
2357,華碩            ,"2,114,505","2,279,145","-164,640",0,0,0,"23,000",703,"22,297","-24,341","32,079","19,000","13,079","20,374","57,794","-37,420","-166,684"
"=""055654""",台光電群益46購01,0,0,0,0,0,0,0,0,0,"-167,000",0,0,0,0,"167,000","-167,000","-167,000"
"=""044667""",jpp群益56購02   ,0,0,0,0,0,0,0,0,0,"-167,000",0,0,0,0,"167,000","-167,000","-167,000"
"=""059984""",裕民元大45購04  ,0,0,0,0,0,0,0,0,0,"-167,000",0,0,0,0,"167,000","-167,000","-167,000"
"=""060353""",長榮元大46購04  ,0,0,0,0,0,0,0,0,0,"-167,000",0,0,0,"5,000","172,000","-167,000","-167,000"
"=""068711""",迅得凱基48購03  ,0,0,0,0,0,0,0,0,0,"-167,000",0,0,0,0,"167,000","-167,000","-167,000"
"=""068727""",台達電群益48購02,0,0,0,0,0,0,0,0,0,"-167,000",0,0,0,"43,000","210,000","-167,000","-167,000"
8215,明基材          ,"38,000","205,000","-167,000",0,0,0,0,0,0,-76,0,4,-4,0,72,-72,"-167,076"
"=""049037""",貿聯群益44購02  ,0,0,0,0,0,0,0,0,0,"-168,000",0,0,0,"35,000","203,000","-168,000","-168,000"
"=""061047""",牧德元大46購03  ,0,0,0,0,0,0,0,0,0,"-168,000",0,0,0,"11,000","179,000","-168,000","-168,000"
"=""069658""",宇隆元大48購03  ,0,0,0,0,0,0,0,0,0,"-168,000",0,0,0,0,"168,000","-168,000","-168,000"
"=""059960""",中華元大45購08  ,0,0,0,0,0,0,0,0,0,"-168,000",0,0,0,0,"168,000","-168,000","-168,000"
"=""067609""",台塑化元富4A購01,0,0,0,0,0,0,0,0,0,"-168,000",0,0,0,"6,000","174,000","-168,000","-168,000"
"=""059429""",宏致群益45購01  ,0,0,0,0,0,0,0,0,0,"-168,000",0,0,0,0,"168,000","-168,000","-168,000"
"=""058598""",緯創群益45購14  ,0,0,0,0,0,0,0,0,0,"-168,000",0,0,0,0,"168,000","-168,000","-168,000"
"=""065294""",聯電統一4C購02  ,0,0,0,0,0,0,0,0,0,"-168,000",0,0,0,"34,000","202,000","-168,000","-168,000"
"=""060097""",和大富邦48購01  ,0,0,0,0,0,0,0,0,0,"-169,000",0,0,0,0,"169,000","-169,000","-169,000"
"=""057655""",道瓊銀元富45購01,0,0,0,0,0,0,0,0,0,"-169,000",0,0,0,"6,000","175,000","-169,000","-169,000"
"=""054773""",台化凱基44購01  ,0,0,0,0,0,0,0,0,0,"-169,000",0,0,0,0,"169,000","-169,000","-169,000"
6442,光聖            ,"335,000","505,000","-170,000",0,0,0,0,0,0,"1,000","2,000","1,000","1,000",0,0,0,"-169,000"
"=""059366""",偉訓元大45購02  ,0,0,0,0,0,0,0,0,0,"-170,000",0,0,0,0,"170,000","-170,000","-170,000"
"=""054223""",長榮凱基45購06  ,0,0,0,0,0,0,0,0,0,"-170,000",0,0,0,0,"170,000","-170,000","-170,000"
"=""067667""",台化凱基48購03  ,0,0,0,0,0,0,0,0,0,"-170,000",0,0,0,0,"170,000","-170,000","-170,000"
"=""068070""",神基群益3B購01  ,0,0,0,0,0,0,0,0,0,"-170,000",0,0,0,"5,000","175,000","-170,000","-170,000"
"=""066844""",迅得凱基49購01  ,0,0,0,0,0,0,0,0,0,"-170,000",0,0,0,0,"170,000","-170,000","-170,000"
"=""066029""",凱基金群益47購01,0,0,0,0,0,0,0,0,0,"-170,000",0,0,0,"834,000","1,004,000","-170,000","-170,000"
"=""066018""",勤誠統一45購01  ,0,0,0,0,0,0,0,0,0,"-170,000",0,0,0,0,"170,000","-170,000","-170,000"
"=""00652""",富邦印度        ,"20,035","12,000","8,035",0,0,0,0,0,0,"-178,150",0,0,0,"76,012","254,162","-178,150","-170,115"
"=""066252""",和椿國票48購01  ,0,0,0,0,0,0,0,0,0,"-171,000",0,0,0,0,"171,000","-171,000","-171,000"
"=""057584""",奇鋐群益45購10  ,0,0,0,0,0,0,0,0,0,"-171,000",0,0,0,"69,000","240,000","-171,000","-171,000"
5471,松翰            ,"126,000","305,000","-179,000",0,0,0,0,0,0,"7,396","10,000","1,604","8,396",0,"1,000","-1,000","-171,604"
"=""050746""",陽明群益45購02  ,0,0,0,0,0,0,0,0,0,"-172,000",0,0,0,"60,000","232,000","-172,000","-172,000"
"=""065069""",復盛元大47購01  ,0,0,0,0,0,0,0,0,0,"-172,000",0,0,0,"20,000","192,000","-172,000","-172,000"
"=""07875U""",創意元富33售04  ,0,0,0,0,0,0,0,0,0,"-172,000",0,0,0,"8,000","180,000","-172,000","-172,000"
"=""062151""",力積電富邦46購01,0,0,0,0,0,0,0,0,0,"-173,000",0,0,0,0,"173,000","-173,000","-173,000"
"=""061673""",台積電群益46購22,0,0,0,0,0,0,0,0,0,"-173,000",0,0,0,"614,000","787,000","-173,000","-173,000"
"=""066198""",台灣50群益47購04,0,0,0,0,0,0,0,0,0,"-173,000",0,0,0,"6,000","179,000","-173,000","-173,000"
"=""064706""",上銀群益4A購01  ,0,0,0,0,0,0,0,0,0,"-173,000",0,0,0,0,"173,000","-173,000","-173,000"
"=""050759""",元油反元大44購01,0,0,0,0,0,0,0,0,0,"-174,000",0,0,0,"10,000","184,000","-174,000","-174,000"
"=""068509""",大立光元大48購04,0,0,0,0,0,0,0,0,0,"-174,000",0,0,0,"18,000","192,000","-174,000","-174,000"
"=""060401""",保瑞兆豐48購01  ,0,0,0,0,0,0,0,0,0,"-175,000",0,0,0,0,"175,000","-175,000","-175,000"
"=""057697""",T50正2富邦4B購01,0,0,0,0,0,0,0,0,0,"-175,000",0,0,0,"56,000","231,000","-175,000","-175,000"
"=""057923""",鴻準元大45購07  ,"25,000","200,000","-175,000",0,0,0,0,0,0,0,0,0,0,0,0,0,"-175,000"
"=""057977""",健策群益45購02  ,0,0,0,0,0,0,0,0,0,"-175,000",0,0,0,"371,000","546,000","-175,000","-175,000"
"=""065378""",聯發科統一45購02,0,0,0,0,0,0,0,0,0,"-175,000",0,0,0,0,"175,000","-175,000","-175,000"
"=""03593T""",至上凱基35售03  ,"55,000",0,"55,000",0,0,0,0,0,0,"-230,000",0,0,0,0,"230,000","-230,000","-175,000"
"=""066794""",奇鋐永豐4C購01  ,0,0,0,0,0,0,0,0,0,"-176,000",0,0,0,"24,000","200,000","-176,000","-176,000"
"=""065758""",材料元大47購07  ,0,0,0,0,0,0,0,0,0,"-176,000",0,0,0,0,"176,000","-176,000","-176,000"
"=""03260T""",萬海元大34售02  ,0,0,0,0,0,0,0,0,0,"-176,000",0,0,0,"260,000","436,000","-176,000","-176,000"
"=""068646""",藍天統一52購01  ,0,0,0,0,0,0,0,0,0,"-176,000",0,0,0,"151,000","327,000","-176,000","-176,000"
"=""062119""",瑞昱國泰48購02  ,0,0,0,0,0,0,0,0,0,"-176,000",0,0,0,"37,000","213,000","-176,000","-176,000"
"=""069552""",漢唐群益48購03  ,0,0,0,0,0,0,0,0,0,"-177,000",0,0,0,"5,000","182,000","-177,000","-177,000"
"=""033714""",宏致元富52購04  ,0,0,0,0,0,0,0,0,0,"-177,000",0,0,0,"529,000","706,000","-177,000","-177,000"
"=""065584""",滬深2X國票49購01,0,0,0,0,0,0,0,0,0,"-177,000",0,0,0,0,"177,000","-177,000","-177,000"
6789,采鈺            ,"664,000","864,000","-200,000",0,0,0,0,"9,000","-9,000","31,097","15,160","3,224","11,936","20,161","1,000","19,161","-177,903"
"=""063857""",精銳群益48購02  ,0,0,0,0,0,0,0,0,0,"-178,000",0,0,0,"2,000","180,000","-178,000","-178,000"
2349,錸德            ,"28,000","197,000","-169,000",0,0,0,0,0,0,"-9,000",0,"9,000","-9,000",0,0,0,"-178,000"
"=""048689""",大立光凱基44購02,0,0,0,0,0,0,0,0,0,"-178,000",0,0,0,"5,000","183,000","-178,000","-178,000"
"=""045324""",國企2X元富55購02,0,0,0,0,0,0,0,0,0,"-178,000",0,0,0,0,"178,000","-178,000","-178,000"
2428,興勤            ,"95,000","281,000","-186,000",0,0,0,0,0,0,"7,836",0,291,-291,"21,000","12,873","8,127","-178,164"
"=""048582""",欣興永豐42購05  ,0,0,0,0,0,0,0,0,0,"-179,000",0,0,0,"578,000","757,000","-179,000","-179,000"
6541,泰福-KY         ,"99,000","281,000","-182,000",0,0,0,0,0,0,"3,000","3,000",0,"3,000",0,0,0,"-179,000"
"=""065704""",華通元大47購03  ,0,0,0,0,0,0,0,0,0,"-179,000",0,0,0,"114,000","293,000","-179,000","-179,000"
"=""060300""",鴻海群益46購09  ,0,0,0,0,0,0,0,0,0,"-179,000",0,0,0,0,"179,000","-179,000","-179,000"
2634,漢翔            ,"767,000","916,000","-149,000",0,0,0,0,0,0,"-30,561","4,000","6,616","-2,616","26,000","53,945","-27,945","-179,561"
3714,富采            ,"37,000","229,000","-192,000",0,0,0,0,0,0,"12,258","22,000","9,742","12,258",0,0,0,"-179,742"
6533,晶心科          ,"641,000","804,000","-163,000",0,0,0,0,"2,000","-2,000","-14,786","6,082","26,000","-19,918","33,835","28,703","5,132","-179,786"
"=""054275""",宏達電元大47購02,0,0,0,0,0,0,0,0,0,"-180,000",0,0,0,0,"180,000","-180,000","-180,000"
"=""054279""",奇鋐元大44購03  ,0,0,0,0,0,0,0,0,0,"-180,000",0,0,0,0,"180,000","-180,000","-180,000"
"=""048109""",潤隆國票44購01  ,0,0,0,0,0,0,0,0,0,"-180,000",0,0,0,"225,000","405,000","-180,000","-180,000"
"=""068550""",創意兆豐48購02  ,0,0,0,0,0,0,0,0,0,"-180,000",0,0,0,"80,000","260,000","-180,000","-180,000"
"=""062062""",十銓群益46購02  ,0,0,0,0,0,0,0,0,0,"-180,000",0,0,0,0,"180,000","-180,000","-180,000"
"=""057330""",華通群益45購02  ,0,0,0,0,0,0,0,0,0,"-180,000",0,0,0,0,"180,000","-180,000","-180,000"
"=""055904""",華航元富44購02  ,0,"180,000","-180,000",0,0,0,0,0,0,0,0,0,0,0,0,0,"-180,000"
"=""065743""",敦泰元大47購03  ,0,0,0,0,0,0,0,0,0,"-180,000",0,0,0,"35,000","215,000","-180,000","-180,000"
"=""065732""",偉訓元大4B購01  ,0,0,0,0,0,0,0,0,0,"-180,000",0,0,0,"109,000","289,000","-180,000","-180,000"
"=""04152T""",台灣50凱基38售02,0,0,0,0,0,0,0,0,0,"-180,000",0,0,0,"20,000","200,000","-180,000","-180,000"
"=""053485""",世芯元富44購07  ,0,0,0,0,0,0,0,0,0,"-180,000",0,0,0,"58,000","238,000","-180,000","-180,000"
5225,東科-KY         ,"138,000","333,000","-195,000",0,0,0,0,0,0,"14,032","19,000","4,968","14,032",0,0,0,"-180,968"
"=""058339""",保瑞群益47購01  ,0,0,0,0,0,0,0,0,0,"-181,000",0,0,0,0,"181,000","-181,000","-181,000"
"=""045084""",一詮凱基55購01  ,0,0,0,0,0,0,0,0,0,"-181,000",0,0,0,"17,000","198,000","-181,000","-181,000"
"=""069573""",上銀統一52購02  ,0,0,0,0,0,0,0,0,0,"-181,000",0,0,0,0,"181,000","-181,000","-181,000"
"=""060998""",長榮航群益48購01,0,0,0,0,0,0,0,0,0,"-182,000",0,0,0,0,"182,000","-182,000","-182,000"
"=""066236""",直得國票49購01  ,0,0,0,0,0,0,0,0,0,"-182,000",0,0,0,"19,000","201,000","-182,000","-182,000"
"=""059324""",欣興群益4B購01  ,0,0,0,0,0,0,0,0,0,"-182,000",0,0,0,"2,000","184,000","-182,000","-182,000"
8926,台汽電          ,"121,000","303,000","-182,000",0,0,0,0,0,0,-969,"5,000","5,969",-969,"2,000","2,000",0,"-182,969"
"=""064239""",宇隆群益49購02  ,0,0,0,0,0,0,0,0,0,"-183,000",0,0,0,"94,000","277,000","-183,000","-183,000"
"=""064848""",宏全永豐4A購01  ,0,0,0,0,0,0,0,0,0,"-183,000",0,0,0,"172,000","355,000","-183,000","-183,000"
"=""065159""",拓凱群益48購01  ,0,0,0,0,0,0,0,0,0,"-183,000",0,0,0,0,"183,000","-183,000","-183,000"
"=""055305""",全新元大47購02  ,0,0,0,0,0,0,0,0,0,"-183,000",0,0,0,0,"183,000","-183,000","-183,000"
"=""067038""",京元電永豐51購01,0,0,0,0,0,0,0,0,0,"-184,000",0,0,0,"1,000","185,000","-184,000","-184,000"
"=""067065""",聯發科群益4B購02,0,0,0,0,0,0,0,0,0,"-185,000",0,0,0,"101,000","286,000","-185,000","-185,000"
"=""066130""",直得統一61購01  ,0,0,0,0,0,0,0,0,0,"-185,000",0,0,0,"13,000","198,000","-185,000","-185,000"
"=""066038""",玉晶光群益47購04,0,"500,000","-500,000",0,0,0,0,0,0,"315,000",0,0,0,"711,000","396,000","315,000","-185,000"
"=""068522""",穎崴元大48購02  ,0,0,0,0,0,0,0,0,0,"-185,000",0,0,0,"24,000","209,000","-185,000","-185,000"
"=""069548""",鴻海群益49購06  ,0,0,0,0,0,0,0,0,0,"-185,000",0,0,0,0,"185,000","-185,000","-185,000"
"=""061804""",台光電凱基46購05,0,0,0,0,0,0,0,0,0,"-185,000",0,0,0,0,"185,000","-185,000","-185,000"
"=""051975""",萬海元大44購01  ,0,0,0,0,0,0,0,0,0,"-185,000",0,0,0,"23,000","208,000","-185,000","-185,000"
"=""048120""",台積電國泰44購06,0,0,0,0,0,0,0,0,0,"-185,000",0,0,0,"37,000","222,000","-185,000","-185,000"
"=""049069""",T50反1元大46購04,0,0,0,0,0,0,0,0,0,"-185,000",0,0,0,"28,000","213,000","-185,000","-185,000"
"=""056140""",緯創元富44購07  ,0,0,0,0,0,0,0,0,0,"-186,000",0,0,0,0,"186,000","-186,000","-186,000"
"=""051018""",蔚華科富邦45購01,0,0,0,0,0,0,0,0,0,"-186,000",0,0,0,"670,000","856,000","-186,000","-186,000"
"=""054725""",台積電台新45購01,0,0,0,0,0,0,0,0,0,"-186,000",0,0,0,"11,000","197,000","-186,000","-186,000"
"=""065994""",華城統一3B購06  ,0,0,0,0,0,0,0,0,0,"-186,000",0,0,0,"44,000","230,000","-186,000","-186,000"
"=""066889""",愛普元富47購01  ,0,0,0,0,0,0,0,0,0,"-186,000",0,0,0,0,"186,000","-186,000","-186,000"
"=""041247""",川湖群益54購12  ,0,0,0,0,0,0,0,0,0,"-186,000",0,0,0,"19,000","205,000","-186,000","-186,000"
"=""067956""",玉晶光永豐4B購02,0,0,0,0,0,0,0,0,0,"-187,000",0,0,0,"5,000","192,000","-187,000","-187,000"
"=""047421""",華通國泰44購02  ,0,0,0,0,0,0,0,0,0,"-187,000",0,0,0,0,"187,000","-187,000","-187,000"
"=""056388""",世芯元大45購05  ,0,0,0,0,0,0,0,0,0,"-187,000",0,0,0,"260,000","447,000","-187,000","-187,000"
2453,凌群            ,"160,000","438,000","-278,000",0,0,0,0,0,0,"90,494","92,000","1,506","90,494",0,0,0,"-187,506"
"=""063313""",臻鼎永豐47購01  ,0,0,0,0,0,0,0,0,0,"-188,000",0,0,0,0,"188,000","-188,000","-188,000"
"=""052813""",遠雄群益47購01  ,0,0,0,0,0,0,0,0,0,"-188,000",0,0,0,"2,000","190,000","-188,000","-188,000"
"=""060769""",長榮航元大46購05,0,0,0,0,0,0,0,0,0,"-188,000",0,0,0,"44,000","232,000","-188,000","-188,000"
"=""058430""",景碩統一4B購01  ,0,"188,000","-188,000",0,0,0,0,0,0,0,0,0,0,0,0,0,"-188,000"
"=""067008""",大立光凱基49購02,0,0,0,0,0,0,0,0,0,"-188,000",0,0,0,"3,000","191,000","-188,000","-188,000"
"=""04538T""",創意凱基36售13  ,0,0,0,0,0,0,0,0,0,"-188,000",0,0,0,"112,000","300,000","-188,000","-188,000"
"=""058809""",台灣50兆豐4B購01,0,0,0,0,0,0,0,0,0,"-189,000",0,0,0,"1,000","190,000","-189,000","-189,000"
"=""052494""",中鋼永豐46購01  ,"1,000",0,"1,000",0,0,0,0,0,0,"-190,000",0,0,0,0,"190,000","-190,000","-189,000"
"=""064523""",世芯群益46購24  ,0,0,0,0,0,0,0,0,0,"-189,000",0,0,0,0,"189,000","-189,000","-189,000"
2748,雲品            ,"147,000","71,000","76,000",0,0,0,0,"270,000","-270,000","4,522","6,000","1,478","4,522",0,0,0,"-189,478"
"=""050644""",元債2X中信49購01,0,0,0,0,0,0,0,0,0,"-190,000",0,0,0,"5,000","195,000","-190,000","-190,000"
"=""051596""",京鼎統一49購02  ,0,0,0,0,0,0,0,0,0,"-190,000",0,0,0,"10,000","200,000","-190,000","-190,000"
"=""064080""",日月光元大46購01,0,0,0,0,0,0,0,0,0,"-190,000",0,0,0,"10,000","200,000","-190,000","-190,000"
"=""066750""",台積電元大47購26,0,0,0,0,0,0,0,0,0,"-190,000",0,0,0,"88,000","278,000","-190,000","-190,000"
"=""046755""",台積電凱基44購05,0,0,0,0,0,0,0,0,0,"-190,000",0,0,0,"10,000","200,000","-190,000","-190,000"
"=""056619""",崇越富邦46購01  ,0,0,0,0,0,0,0,0,0,"-192,000",0,0,0,0,"192,000","-192,000","-192,000"
"=""03810T""",緯穎國票35售02  ,0,0,0,0,0,0,0,0,0,"-192,000",0,0,0,"164,000","356,000","-192,000","-192,000"
"=""065546""",大立光國泰51購01,0,0,0,0,0,0,0,0,0,"-192,000",0,0,0,"3,000","195,000","-192,000","-192,000"
"=""039038""",富鼎統一6A購01  ,0,0,0,0,0,0,0,0,0,"-192,000",0,0,0,"60,000","252,000","-192,000","-192,000"
"=""068206""",緯創國泰49購01  ,0,0,0,0,0,0,0,0,0,"-192,000",0,0,0,"9,000","201,000","-192,000","-192,000"
"=""058798""",東哥元大45購01  ,0,0,0,0,0,0,0,0,0,"-193,000",0,0,0,"14,000","207,000","-193,000","-193,000"
"=""051173""",技嘉國泰45購03  ,0,0,0,0,0,0,0,0,0,"-193,000",0,0,0,"84,000","277,000","-193,000","-193,000"
1589,永冠-KY         ,"23,000","217,000","-194,000",0,0,0,0,0,0,284,"2,000","1,118",882,0,598,-598,"-193,716"
"=""055996""",未來車元富4A購01,0,0,0,0,0,0,0,0,0,"-194,000",0,0,0,0,"194,000","-194,000","-194,000"
"=""051361""",臺股指凱基44購29,0,0,0,0,0,0,0,0,0,"-194,000",0,0,0,"3,000","197,000","-194,000","-194,000"
"=""057651""",牧德兆豐47購01  ,0,0,0,0,0,0,0,0,0,"-194,000",0,0,0,"100,000","294,000","-194,000","-194,000"
"=""065845""",泓德統一55購01  ,0,0,0,0,0,0,0,0,0,"-194,000",0,0,0,"9,000","203,000","-194,000","-194,000"
"=""060619""",S&P正2國票49購01,0,0,0,0,0,0,0,0,0,"-194,000",0,0,0,0,"194,000","-194,000","-194,000"
"=""065647""",精成科群益49購01,0,0,0,0,0,0,0,0,0,"-195,000",0,0,0,"16,000","211,000","-195,000","-195,000"
"=""067030""",永道統一53購03  ,0,0,0,0,0,0,0,0,0,"-195,000",0,0,0,"145,000","340,000","-195,000","-195,000"
"=""062210""",T50反1元富49購01,0,0,0,0,0,0,0,0,0,"-196,000",0,0,0,0,"196,000","-196,000","-196,000"
1721,三晃            ,"233,000","429,000","-196,000",0,0,0,0,0,0,0,0,0,0,0,0,0,"-196,000"
"=""050454""",嘉澤群益46購02  ,0,0,0,0,0,0,0,0,0,"-196,000",0,0,0,"30,000","226,000","-196,000","-196,000"
"=""049848""",晶技統一37購01  ,0,0,0,0,0,0,0,0,0,"-196,000",0,0,0,"4,000","200,000","-196,000","-196,000"
"=""047959""",智原群益42購09  ,0,0,0,0,0,0,0,0,0,"-196,000",0,0,0,0,"196,000","-196,000","-196,000"
"=""057939""",世芯元大45購18  ,0,0,0,0,0,0,0,0,0,"-197,000",0,0,0,"10,000","207,000","-197,000","-197,000"
"=""058109""",緯創元大45購26  ,0,0,0,0,0,0,0,0,0,"-197,000",0,0,0,"3,000","200,000","-197,000","-197,000"
"=""067009""",聯詠凱基47購03  ,0,0,0,0,0,0,0,0,0,"-197,000",0,0,0,"150,000","347,000","-197,000","-197,000"
"=""059493""",大同永豐47購01  ,0,0,0,0,0,0,0,0,0,"-197,000",0,0,0,"20,000","217,000","-197,000","-197,000"
"=""067947""",國巨永豐4B購01  ,0,0,0,0,0,0,0,0,0,"-197,000",0,0,0,"131,000","328,000","-197,000","-197,000"
"=""066373""",直得國泰48購01  ,0,0,0,0,0,0,0,0,0,"-197,000",0,0,0,0,"197,000","-197,000","-197,000"
"=""066219""",健策群益48購01  ,0,0,0,0,0,0,0,0,0,"-197,000",0,0,0,"3,000","200,000","-197,000","-197,000"
2727,王品            ,"201,000","398,000","-197,000",0,0,0,0,0,0,-467,0,324,-324,0,143,-143,"-197,467"
"=""048475""",台積電元富58購01,0,0,0,0,0,0,0,0,0,"-198,000",0,0,0,"9,000","207,000","-198,000","-198,000"
"=""03780T""",萬海元大34售05  ,0,0,0,0,0,0,0,0,0,"-198,000",0,0,0,"2,000","200,000","-198,000","-198,000"
"=""042859""",士電統一49購02  ,0,0,0,0,0,0,0,0,0,"-198,000",0,0,0,"80,000","278,000","-198,000","-198,000"
"=""03652T""",啟�痐舅j34售09  ,0,0,0,0,0,0,0,0,0,"-198,000",0,0,0,0,"198,000","-198,000","-198,000"
"=""042258""",國巨永豐57購01  ,0,0,0,0,0,0,0,0,0,"-198,000",0,0,0,"58,000","256,000","-198,000","-198,000"
"=""060213""",台泥凱基47購02  ,0,0,0,0,0,0,0,0,0,"-198,000",0,0,0,"125,000","323,000","-198,000","-198,000"
"=""068180""",皇昌永豐49購02  ,0,0,0,0,0,0,0,0,0,"-198,000",0,0,0,"20,000","218,000","-198,000","-198,000"
"=""059552""",台玻元大45購01  ,0,0,0,0,0,0,0,0,0,"-198,000",0,0,0,"147,000","345,000","-198,000","-198,000"
"=""058375""",奇鋐國票46購02  ,0,0,0,0,0,0,0,0,0,"-198,000",0,0,0,0,"198,000","-198,000","-198,000"
"=""07849U""",台灣50元大34售05,0,0,0,0,0,0,0,0,0,"-198,000",0,0,0,"18,000","216,000","-198,000","-198,000"
"=""055113""",世芯元大44購18  ,0,0,0,0,0,0,0,0,0,"-198,000",0,0,0,0,"198,000","-198,000","-198,000"
"=""056779""",上銀國票46購02  ,0,0,0,0,0,0,0,0,0,"-198,000",0,0,0,"37,000","235,000","-198,000","-198,000"
"=""062204""",台塑化永豐46購01,0,0,0,0,0,0,0,0,0,"-198,000",0,0,0,0,"198,000","-198,000","-198,000"
"=""061917""",臺股指元大46購36,0,0,0,0,0,0,0,0,0,"-198,000",0,0,0,"346,000","544,000","-198,000","-198,000"
"=""062954""",鴻海元大46購22  ,0,0,0,0,0,0,0,0,0,"-199,000",0,0,0,"1,000","200,000","-199,000","-199,000"
"=""057656""",亞泥元富45購01  ,0,0,0,0,0,0,0,0,0,"-199,000",0,0,0,"99,000","298,000","-199,000","-199,000"
"=""067910""",聯發科元大47購21,0,0,0,0,0,0,0,0,0,"-199,000",0,0,0,0,"199,000","-199,000","-199,000"
"=""038523""",南電元大56購07  ,0,0,0,0,0,0,0,0,0,"-199,000",0,0,0,"6,000","205,000","-199,000","-199,000"
"=""065821""",南亞統一51購01  ,0,0,0,0,0,0,0,0,0,"-199,000",0,0,0,"10,000","209,000","-199,000","-199,000"
"=""04286T""",台積電元大35售18,0,0,0,0,0,0,0,0,0,"-200,000",0,0,0,0,"200,000","-200,000","-200,000"
"=""058826""",健鼎永豐45購01  ,0,0,0,0,0,0,0,0,0,"-200,000",0,0,0,0,"200,000","-200,000","-200,000"
"=""067295""",信邦群益47購03  ,0,0,0,0,0,0,0,0,0,"-200,000",0,0,0,0,"200,000","-200,000","-200,000"
"=""066961""",京元電元大47購04,0,0,0,0,0,0,0,0,0,"-200,000",0,0,0,0,"200,000","-200,000","-200,000"
"=""047243""",士電統一51購01  ,0,0,0,0,0,0,0,0,0,"-200,000",0,0,0,0,"200,000","-200,000","-200,000"
"=""04746T""",華孚元大35售07  ,0,0,0,0,0,0,0,0,0,"-200,000",0,0,0,0,"200,000","-200,000","-200,000"
"=""074568""",東鹼元大49購03  ,0,0,0,0,0,0,0,0,0,"-200,000",0,0,0,0,"200,000","-200,000","-200,000"
"=""056778""",台玻國票46購03  ,0,0,0,0,0,0,0,0,0,"-200,000",0,0,0,"21,000","221,000","-200,000","-200,000"
"=""046570""",玉晶光兆豐44購01,0,0,0,0,0,0,0,0,0,"-200,000",0,0,0,0,"200,000","-200,000","-200,000"
"=""061859""",聯茂群益46購02  ,0,0,0,0,0,0,0,0,0,"-200,000",0,0,0,0,"200,000","-200,000","-200,000"
"=""069133""",精成科中信3C購01,0,0,0,0,0,0,0,0,0,"-200,000",0,0,0,0,"200,000","-200,000","-200,000"
"=""069274""",滬深2X元富48購05,0,0,0,0,0,0,0,0,0,"-200,000",0,0,0,"100,000","300,000","-200,000","-200,000"
"=""069679""",材料元大48購11  ,0,0,0,0,0,0,0,0,0,"-200,000",0,0,0,0,"200,000","-200,000","-200,000"
"=""060470""",鴻海中信4C購01  ,0,0,0,0,0,0,0,0,0,"-200,000",0,0,0,0,"200,000","-200,000","-200,000"
"=""061482""",臻鼎元大46購10  ,0,0,0,0,0,0,0,0,0,"-200,000",0,0,0,0,"200,000","-200,000","-200,000"
"=""047840""",大銀群益43購01  ,0,0,0,0,0,0,0,0,0,"-200,000",0,0,0,0,"200,000","-200,000","-200,000"
"=""04814T""",大立光元大36售03,0,0,0,0,0,0,0,0,0,"-200,000",0,0,0,0,"200,000","-200,000","-200,000"
"=""063529""",鈞興國票47購02  ,0,0,0,0,0,0,0,0,0,"-200,000",0,0,0,0,"200,000","-200,000","-200,000"
"=""050805""",所羅門永豐43購01,0,0,0,0,0,0,0,0,0,"-200,000",0,0,0,0,"200,000","-200,000","-200,000"
"=""055670""",信邦群益4A購01  ,0,0,0,0,0,0,0,0,0,"-200,000",0,0,0,0,"200,000","-200,000","-200,000"
"=""052297""",世芯國票44購03  ,0,0,0,0,0,0,0,0,0,"-200,000",0,0,0,0,"200,000","-200,000","-200,000"
"=""053195""",元油反元富44購01,0,0,0,0,0,0,0,0,0,"-200,000",0,0,0,"499,000","699,000","-200,000","-200,000"
"=""059132""",保瑞凱基46購03  ,0,0,0,0,0,0,0,0,0,"-200,000",0,0,0,0,"200,000","-200,000","-200,000"
"=""059316""",漢唐群益45購02  ,0,0,0,0,0,0,0,0,0,"-200,000",0,0,0,"1,000","201,000","-200,000","-200,000"
"=""054257""",滬深2X元大44購16,0,0,0,0,0,0,0,0,0,"-200,000",0,0,0,0,"200,000","-200,000","-200,000"
"=""053891""",T50正2元大48購01,0,0,0,0,0,0,0,0,0,"-200,000",0,0,0,0,"200,000","-200,000","-200,000"
"=""04075T""",元債2X元大37售03,0,0,0,0,0,0,0,0,0,"-200,000",0,0,0,0,"200,000","-200,000","-200,000"
"=""064138""",緯穎群益48購11  ,0,0,0,0,0,0,0,0,0,"-201,000",0,0,0,"889,000","1,090,000","-201,000","-201,000"
"=""060883""",台積電中信46購02,0,0,0,0,0,0,0,0,0,"-201,000",0,0,0,"680,000","881,000","-201,000","-201,000"
"=""060782""",保瑞元大46購06  ,0,0,0,0,0,0,0,0,0,"-201,000",0,0,0,"10,000","211,000","-201,000","-201,000"
"=""069206""",立積統一54購01  ,0,0,0,0,0,0,0,0,0,"-201,000",0,0,0,0,"201,000","-201,000","-201,000"
"=""062618""",世芯兆豐46購02  ,0,0,0,0,0,0,0,0,0,"-201,000",0,0,0,0,"201,000","-201,000","-201,000"
"=""056843""",鴻海永豐47購07  ,0,0,0,0,0,0,0,0,0,"-201,000",0,0,0,"3,000","204,000","-201,000","-201,000"
5269,祥碩            ,"133,000","330,022","-197,022",0,0,0,"13,000",123,"12,877","-17,210","4,000","8,000","-4,000","2,583","15,793","-13,210","-201,355"
"=""051875""",祥碩富邦45購01  ,0,0,0,0,0,0,0,0,0,"-202,000",0,0,0,0,"202,000","-202,000","-202,000"
"=""063422""",矽創群益46購01  ,0,0,0,0,0,0,0,0,0,"-202,000",0,0,0,0,"202,000","-202,000","-202,000"
"=""055863""",穎崴凱基44購02  ,0,0,0,0,0,0,0,0,0,"-202,000",0,0,0,"13,000","215,000","-202,000","-202,000"
"=""07835U""",S&P正2國票33售01,0,0,0,0,0,0,0,0,0,"-202,000",0,0,0,0,"202,000","-202,000","-202,000"
"=""043437""",日月光元富55購01,0,0,0,0,0,0,0,0,0,"-202,000",0,0,0,"118,000","320,000","-202,000","-202,000"
"=""03724T""",亞翔元富34售02  ,0,0,0,0,0,0,0,0,0,"-202,000",0,0,0,0,"202,000","-202,000","-202,000"
"=""059539""",緯穎凱基48購02  ,0,0,0,0,0,0,0,0,0,"-203,000",0,0,0,0,"203,000","-203,000","-203,000"
"=""057744""",上証2X群益49購01,0,0,0,0,0,0,0,0,0,"-203,000",0,0,0,"154,000","357,000","-203,000","-203,000"
"=""04692T""",勤誠元大36售03  ,0,0,0,0,0,0,0,0,0,"-204,000",0,0,0,0,"204,000","-204,000","-204,000"
"=""069842""",怡利電群益4A購01,0,0,0,0,0,0,0,0,0,"-204,000",0,0,0,0,"204,000","-204,000","-204,000"
"=""060322""",台灣50元大4A購04,0,0,0,0,0,0,0,0,0,"-204,000",0,0,0,"25,000","229,000","-204,000","-204,000"
4306,炎洲            ,"1,162,553","1,394,000","-231,447",0,0,0,0,0,0,"27,000","27,000",0,"27,000",0,0,0,"-204,447"
"=""00631L""",元大台灣50正2   ,0,"169,000","-169,000",0,0,0,0,0,0,"-35,550","1,000",0,"1,000","322,983","359,533","-36,550","-204,550"
"=""04480T""",高力群益35售06  ,0,0,0,0,0,0,0,0,0,"-205,000",0,0,0,"5,000","210,000","-205,000","-205,000"
"=""067239""",長榮元富51購03  ,0,0,0,0,0,0,0,0,0,"-205,000",0,0,0,"8,000","213,000","-205,000","-205,000"
"=""067404""",惠特元富51購01  ,0,0,0,0,0,0,0,0,0,"-205,000",0,0,0,"5,000","210,000","-205,000","-205,000"
"=""064983""",楠梓電元富4A購01,0,0,0,0,0,0,0,0,0,"-205,000",0,0,0,"56,000","261,000","-205,000","-205,000"
3607,谷崧            ,"556,000","755,000","-199,000",0,0,0,0,0,0,"-7,000","13,000","20,000","-7,000",0,0,0,"-206,000"
6177,達麗            ,"54,000","262,000","-208,000",0,0,0,0,0,0,"2,000","2,000",0,"2,000",0,0,0,"-206,000"
"=""064331""",昆盈凱基4A購01  ,0,0,0,0,0,0,0,0,0,"-206,000",0,0,0,"16,000","222,000","-206,000","-206,000"
"=""058131""",台積電群益4B購04,0,0,0,0,0,0,0,0,0,"-206,000",0,0,0,0,"206,000","-206,000","-206,000"
"=""055336""",志聖兆豐46購01  ,0,0,0,0,0,0,0,0,0,"-206,000",0,0,0,0,"206,000","-206,000","-206,000"
"=""00708L""",期元大S&P黃金正2,"67,000","69,000","-2,000",0,0,0,0,0,0,"-204,500",0,"55,000","-55,000","472,000","621,500","-149,500","-206,500"
"=""058221""",保瑞元富4A購01  ,0,0,0,0,0,0,0,0,0,"-207,000",0,0,0,"304,000","511,000","-207,000","-207,000"
"=""047225""",臺股指中信43購05,0,0,0,0,0,0,0,0,0,"-207,000",0,0,0,0,"207,000","-207,000","-207,000"
"=""00635U""",期元大S&P黃金   ,0,"9,019","-9,019",0,0,0,0,0,0,"-198,839",0,0,0,0,"198,839","-198,839","-207,858"
"=""03367T""",聯詠元富33售02  ,0,0,0,0,0,0,0,0,0,"-208,000",0,0,0,0,"208,000","-208,000","-208,000"
"=""062830""",達發元大4A購01  ,0,0,0,0,0,0,0,0,0,"-208,000",0,0,0,"4,000","212,000","-208,000","-208,000"
"=""068733""",台積電群益48購16,0,0,0,0,0,0,0,0,0,"-208,000",0,0,0,"110,000","318,000","-208,000","-208,000"
"=""069249""",川湖富邦4A購01  ,0,0,0,0,0,0,0,0,0,"-208,000",0,0,0,"12,000","220,000","-208,000","-208,000"
"=""049308""",大立光永豐44購01,0,0,0,0,0,0,0,0,0,"-208,000",0,0,0,"582,000","790,000","-208,000","-208,000"
"=""063041""",臺股指法興46購14,0,0,0,0,0,0,0,0,0,"-208,000",0,0,0,"60,000","268,000","-208,000","-208,000"
"=""059167""",大成鋼元大45購01,0,0,0,0,0,0,0,0,0,"-209,000",0,0,0,"120,000","329,000","-209,000","-209,000"
"=""061558""",鴻準凱基46購05  ,0,0,0,0,0,0,0,0,0,"-209,000",0,0,0,"1,000","210,000","-209,000","-209,000"
"=""066645""",華碩統一59購01  ,0,0,0,0,0,0,0,0,0,"-209,000",0,0,0,0,"209,000","-209,000","-209,000"
"=""041606""",京元電統一5C購01,0,0,0,0,0,0,0,0,0,"-210,000",0,0,0,0,"210,000","-210,000","-210,000"
"=""03607T""",萬海國票35售01  ,0,0,0,0,0,0,0,0,0,"-210,000",0,0,0,"140,000","350,000","-210,000","-210,000"
"=""067172""",材料元大4B購02  ,0,0,0,0,0,0,0,0,0,"-210,000",0,0,0,"84,000","294,000","-210,000","-210,000"
"=""059691""",永崴控凱基46購02,0,0,0,0,0,0,0,0,0,"-210,000",0,0,0,"292,000","502,000","-210,000","-210,000"
"=""067888""",巨大群益51購01  ,0,0,0,0,0,0,0,0,0,"-210,000",0,0,0,"20,000","230,000","-210,000","-210,000"
"=""057280""",億光富邦47購01  ,0,0,0,0,0,0,0,0,0,"-210,000",0,0,0,0,"210,000","-210,000","-210,000"
"=""057121""",義隆群益47購01  ,0,0,0,0,0,0,0,0,0,"-210,000",0,0,0,0,"210,000","-210,000","-210,000"
"=""060970""",華航元富46購02  ,0,0,0,0,0,0,0,0,0,"-210,000",0,0,0,"80,000","290,000","-210,000","-210,000"
"=""068689""",富世達元富48購01,0,0,0,0,0,0,0,0,0,"-210,000",0,0,0,0,"210,000","-210,000","-210,000"
"=""08094U""",陽明永豐33售01  ,0,0,0,0,0,0,0,0,0,"-210,000",0,0,0,"73,000","283,000","-210,000","-210,000"
"=""046969""",十銓元富42購04  ,0,0,0,0,0,0,0,0,0,"-210,000",0,0,0,0,"210,000","-210,000","-210,000"
"=""04643T""",勤誠群益35售11  ,0,0,0,0,0,0,0,0,0,"-210,000",0,0,0,"51,000","261,000","-210,000","-210,000"
"=""062266""",世紀鋼凱基46購01,0,0,0,0,0,0,0,0,0,"-210,000",0,0,0,0,"210,000","-210,000","-210,000"
"=""057933""",零壹元大45購03  ,0,0,0,0,0,0,0,0,0,"-210,000",0,0,0,0,"210,000","-210,000","-210,000"
"=""053790""",京鼎凱基4A購01  ,0,0,0,0,0,0,0,0,0,"-210,000",0,0,0,0,"210,000","-210,000","-210,000"
"=""056496""",聯發科富邦47購02,0,0,0,0,0,0,0,0,0,"-210,000",0,0,0,"57,000","267,000","-210,000","-210,000"
"=""056012""",天虹第一46購01  ,0,0,0,0,0,0,0,0,0,"-210,000",0,0,0,"19,000","229,000","-210,000","-210,000"
"=""068790""",立積富邦4A購01  ,0,0,0,0,0,0,0,0,0,"-211,000",0,0,0,0,"211,000","-211,000","-211,000"
"=""068809""",聯發科國票4B購01,0,0,0,0,0,0,0,0,0,"-212,000",0,0,0,0,"212,000","-212,000","-212,000"
"=""067730""",矽力元大47購06  ,0,0,0,0,0,0,0,0,0,"-212,000",0,0,0,0,"212,000","-212,000","-212,000"
"=""063994""",辛耘元富46購04  ,0,0,0,0,0,0,0,0,0,"-212,000",0,0,0,"124,000","336,000","-212,000","-212,000"
"=""051757""",欣興元富49購01  ,0,0,0,0,0,0,0,0,0,"-212,000",0,0,0,"8,000","220,000","-212,000","-212,000"
"=""055757""",緯創國泰46購05  ,0,0,0,0,0,0,0,0,0,"-213,000",0,0,0,0,"213,000","-213,000","-213,000"
"=""066900""",中興電群益48購02,0,0,0,0,0,0,0,0,0,"-213,000",0,0,0,"26,000","239,000","-213,000","-213,000"
"=""045571""",力成凱基5A購01  ,0,0,0,0,0,0,0,0,0,"-213,000",0,0,0,"17,000","230,000","-213,000","-213,000"
"=""065182""",金寶凱基4A購01  ,0,0,0,0,0,0,0,0,0,"-213,000",0,0,0,"80,000","293,000","-213,000","-213,000"
"=""069839""",威盛群益48購03  ,0,0,0,0,0,0,0,0,0,"-213,000",0,0,0,0,"213,000","-213,000","-213,000"
"=""062624""",美債2X中信48購01,0,0,0,0,0,0,0,0,0,"-213,000",0,0,0,0,"213,000","-213,000","-213,000"
"=""044771""",康普元大55購01  ,0,0,0,0,0,0,0,0,0,"-214,000",0,0,0,0,"214,000","-214,000","-214,000"
"=""066405""",晟銘電國票4A購02,0,0,0,0,0,0,0,0,0,"-214,000",0,0,0,"20,000","234,000","-214,000","-214,000"
"=""055699""",景碩富邦47購01  ,0,0,0,0,0,0,0,0,0,"-214,000",0,0,0,0,"214,000","-214,000","-214,000"
"=""052303""",台積電凱基43購59,0,0,0,0,0,0,0,0,0,"-214,000",0,0,0,"2,000","216,000","-214,000","-214,000"
6491,晶碩            ,"63,837","249,000","-185,163",0,0,0,0,"23,000","-23,000","-5,966","1,000","7,000","-6,000","8,047","8,013",34,"-214,129"
"=""051703""",中信金永豐45購01,0,0,0,0,0,0,0,0,0,"-215,000",0,0,0,"180,000","395,000","-215,000","-215,000"
"=""064399""",群創國泰47購02  ,0,0,0,0,0,0,0,0,0,"-215,000",0,0,0,"91,000","306,000","-215,000","-215,000"
"=""067651""",南亞科永豐48購02,0,0,0,0,0,0,0,0,0,"-215,000",0,0,0,"50,000","265,000","-215,000","-215,000"
"=""054443""",京元電群益49購01,0,0,0,0,0,0,0,0,0,"-215,000",0,0,0,0,"215,000","-215,000","-215,000"
"=""057928""",技嘉元大45購16  ,"242,000","462,000","-220,000",0,0,0,0,0,0,"4,000",0,0,0,"4,000",0,"4,000","-216,000"
"=""057805""",未來車元富48購01,0,0,0,0,0,0,0,0,0,"-216,000",0,0,0,"9,000","225,000","-216,000","-216,000"
"=""057353""",群創群益45購05  ,0,0,0,0,0,0,0,0,0,"-216,000",0,0,0,0,"216,000","-216,000","-216,000"
"=""060898""",臺指反國票4A購01,0,0,0,0,0,0,0,0,0,"-216,000",0,0,0,"40,000","256,000","-216,000","-216,000"
"=""066774""",玉晶光元大47購17,0,0,0,0,0,0,0,0,0,"-216,000",0,0,0,0,"216,000","-216,000","-216,000"
"=""068764""",立積凱基48購02  ,0,0,0,0,0,0,0,0,0,"-217,000",0,0,0,"334,000","551,000","-217,000","-217,000"
"=""052327""",萬海統一49購07  ,0,0,0,0,0,0,0,0,0,"-217,000",0,0,0,"7,000","224,000","-217,000","-217,000"
"=""055994""",欣巴巴永豐46購01,0,0,0,0,0,0,0,0,0,"-218,000",0,0,0,0,"218,000","-218,000","-218,000"
"=""068619""",欣興元大48購02  ,0,0,0,0,0,0,0,0,0,"-218,000",0,0,0,0,"218,000","-218,000","-218,000"
"=""061693""",世芯群益49購02  ,0,0,0,0,0,0,0,0,0,"-219,000",0,0,0,"1,000","220,000","-219,000","-219,000"
"=""056400""",天虹元大45購03  ,0,0,0,0,0,0,0,0,0,"-219,000",0,0,0,"90,000","309,000","-219,000","-219,000"
"=""054011""",上銀元富44購02  ,0,0,0,0,0,0,0,0,0,"-219,000",0,0,0,"1,000","220,000","-219,000","-219,000"
"=""054039""",台積電元大44購53,0,0,0,0,0,0,0,0,0,"-220,000",0,0,0,"30,000","250,000","-220,000","-220,000"
"=""054097""",皇昌富邦47購02  ,0,0,0,0,0,0,0,0,0,"-220,000",0,0,0,0,"220,000","-220,000","-220,000"
"=""060739""",台塑元大46購03  ,0,0,0,0,0,0,0,0,0,"-220,000",0,0,0,"200,000","420,000","-220,000","-220,000"
"=""046300""",台灣50元大45購03,0,0,0,0,0,0,0,0,0,"-220,000",0,0,0,"20,000","240,000","-220,000","-220,000"
"=""045338""",南亞凱基59購01  ,0,0,0,0,0,0,0,0,0,"-220,000",0,0,0,0,"220,000","-220,000","-220,000"
"=""068047""",富世達元大47購03,0,0,0,0,0,0,0,0,0,"-220,000",0,0,0,0,"220,000","-220,000","-220,000"
"=""054892""",鴻海元富47購02  ,0,0,0,0,0,0,0,0,0,"-221,000",0,0,0,"15,000","236,000","-221,000","-221,000"
"=""043315""",華城群益55購01  ,0,0,0,0,0,0,0,0,0,"-221,000",0,0,0,"20,000","241,000","-221,000","-221,000"
"=""064001""",三陽第一46購01  ,0,0,0,0,0,0,0,0,0,"-221,000",0,0,0,0,"221,000","-221,000","-221,000"
"=""053312""",中租凱基47購01  ,0,0,0,0,0,0,0,0,0,"-222,000",0,0,0,0,"222,000","-222,000","-222,000"
"=""065718""",威盛元富3B購03  ,0,0,0,0,0,0,0,0,0,"-222,000",0,0,0,"98,000","320,000","-222,000","-222,000"
"=""067145""",鴻準元大48購01  ,0,0,0,0,0,0,0,0,0,"-222,000",0,0,0,0,"222,000","-222,000","-222,000"
"=""060061""",緯創凱基48購03  ,0,"222,000","-222,000",0,0,0,0,0,0,0,0,0,0,0,0,0,"-222,000"
"=""047091""",台達電國泰44購01,0,0,0,0,0,0,0,0,0,"-222,000",0,0,0,"1,000","223,000","-222,000","-222,000"
"=""047377""",世芯凱基43購08  ,0,0,0,0,0,0,0,0,0,"-222,000",0,0,0,0,"222,000","-222,000","-222,000"
3406,玉晶光          ,"120,050","341,000","-220,950",0,0,0,"8,000",0,"8,000","-9,225","3,055","7,521","-4,466","1,000","5,759","-4,759","-222,175"
"=""053745""",華城兆豐46購01  ,0,0,0,0,0,0,0,0,0,"-223,000",0,0,0,"116,000","339,000","-223,000","-223,000"
"=""056090""",華邦電元大44購04,0,0,0,0,0,0,0,0,0,"-223,000",0,0,0,"229,000","452,000","-223,000","-223,000"
2472,立隆電          ,"536,000","820,000","-284,000",0,0,0,0,0,0,"60,000",0,"1,000","-1,000","62,000","1,000","61,000","-224,000"
"=""052387""",承業醫群益46購01,0,0,0,0,0,0,0,0,0,"-224,000",0,0,0,0,"224,000","-224,000","-224,000"
"=""062356""",達發元大4C購01  ,0,0,0,0,0,0,0,0,0,"-224,000",0,0,0,"30,000","254,000","-224,000","-224,000"
"=""057531""",金寶元大48購02  ,0,0,0,0,0,0,0,0,0,"-224,000",0,0,0,0,"224,000","-224,000","-224,000"
"=""061366""",明泰國票47購01  ,0,0,0,0,0,0,0,0,0,"-224,000",0,0,0,"46,000","270,000","-224,000","-224,000"
"=""067296""",智原群益47購07  ,0,0,0,0,0,0,0,0,0,"-224,000",0,0,0,"192,000","416,000","-224,000","-224,000"
"=""060063""",緯穎凱基46購04  ,0,"225,000","-225,000",0,0,0,0,0,0,0,0,0,0,0,0,0,"-225,000"
"=""059623""",世芯元富5B購01  ,0,0,0,0,0,0,0,0,0,"-225,000",0,0,0,0,"225,000","-225,000","-225,000"
"=""069618""",上銀凱基4B購01  ,0,0,0,0,0,0,0,0,0,"-225,000",0,0,0,0,"225,000","-225,000","-225,000"
"=""051959""",國企2X元大46購01,0,0,0,0,0,0,0,0,0,"-225,000",0,0,0,"118,000","343,000","-225,000","-225,000"
"=""056347""",威盛凱基45購03  ,0,0,0,0,0,0,0,0,0,"-225,000",0,0,0,"55,000","280,000","-225,000","-225,000"
"=""048203""",京元電凱基43購05,0,0,0,0,0,0,0,0,0,"-225,000",0,0,0,0,"225,000","-225,000","-225,000"
"=""064831""",大立光統一49購05,0,0,0,0,0,0,0,0,0,"-225,000",0,0,0,0,"225,000","-225,000","-225,000"
"=""051459""",迅得凱基43購03  ,0,0,0,0,0,0,0,0,0,"-226,000",0,0,0,0,"226,000","-226,000","-226,000"
"=""041905""",盟立凱基54購03  ,0,0,0,0,0,0,0,0,0,"-226,000",0,0,0,0,"226,000","-226,000","-226,000"
"=""041347""",和碩國票55購01  ,0,0,0,0,0,0,0,0,0,"-226,000",0,0,0,0,"226,000","-226,000","-226,000"
"=""065840""",精成科統一51購01,0,0,0,0,0,0,0,0,0,"-226,000",0,0,0,"2,000","228,000","-226,000","-226,000"
"=""058452""",中租永豐46購01  ,0,0,0,0,0,0,0,0,0,"-227,000",0,0,0,0,"227,000","-227,000","-227,000"
"=""058638""",中華凱基46購01  ,0,0,0,0,0,0,0,0,0,"-227,000",0,0,0,"21,000","248,000","-227,000","-227,000"
"=""057640""",世芯凱基45購12  ,0,0,0,0,0,0,0,0,0,"-227,000",0,0,0,0,"227,000","-227,000","-227,000"
"=""064320""",士電凱基46購02  ,0,0,0,0,0,0,0,0,0,"-227,000",0,0,0,0,"227,000","-227,000","-227,000"
"=""050954""",材料群益47購01  ,0,0,0,0,0,0,0,0,0,"-227,000",0,0,0,"75,000","302,000","-227,000","-227,000"
"=""059125""",欣興凱基4B購01  ,0,0,0,0,0,0,0,0,0,"-228,000",0,0,0,"160,000","388,000","-228,000","-228,000"
"=""062355""",達發元大49購01  ,0,0,0,0,0,0,0,0,0,"-228,000",0,0,0,"147,000","375,000","-228,000","-228,000"
"=""062514""",精誠元富4C購01  ,0,0,0,0,0,0,0,0,0,"-229,000",0,0,0,0,"229,000","-229,000","-229,000"
"=""065501""",聯發科永豐4C購01,0,0,0,0,0,0,0,0,0,"-229,000",0,0,0,"13,000","242,000","-229,000","-229,000"
"=""052667""",望隼永豐45購01  ,0,0,0,0,0,0,0,0,0,"-229,000",0,0,0,"1,000","230,000","-229,000","-229,000"
"=""055770""",世紀鋼富邦44購01,0,0,0,0,0,0,0,0,0,"-229,000",0,0,0,"56,000","285,000","-229,000","-229,000"
"=""04058T""",亞翔國票35售05  ,0,0,0,0,0,0,0,0,0,"-229,000",0,0,0,0,"229,000","-229,000","-229,000"
2413,環科            ,"129,000","364,000","-235,000",0,0,0,0,0,0,"5,000","5,000",0,"5,000",0,0,0,"-230,000"
"=""065839""",辛耘統一51購02  ,0,0,0,0,0,0,0,0,0,"-230,000",0,0,0,"5,000","235,000","-230,000","-230,000"
"=""04744T""",日本2X元大37售01,0,0,0,0,0,0,0,0,0,"-230,000",0,0,0,0,"230,000","-230,000","-230,000"
"=""08570U""",創意國泰34售04  ,0,0,0,0,0,0,0,0,0,"-230,000",0,0,0,0,"230,000","-230,000","-230,000"
"=""061049""",世芯元大46購14  ,0,0,0,0,0,0,0,0,0,"-230,000",0,0,0,"63,000","293,000","-230,000","-230,000"
"=""060798""",台積電元富46購09,0,0,0,0,0,0,0,0,0,"-230,000",0,0,0,"206,000","436,000","-230,000","-230,000"
"=""068353""",力積電永豐4C購01,0,0,0,0,0,0,0,0,0,"-231,000",0,0,0,"18,000","249,000","-231,000","-231,000"
"=""061001""",亞光群益47購02  ,0,0,0,0,0,0,0,0,0,"-231,000",0,0,0,"20,000","251,000","-231,000","-231,000"
"=""056067""",奇鋐群益46購07  ,0,0,0,0,0,0,0,0,0,"-231,000",0,0,0,"35,000","266,000","-231,000","-231,000"
"=""056454""",建準國泰47購01  ,0,0,0,0,0,0,0,0,0,"-231,000",0,0,0,"633,000","864,000","-231,000","-231,000"
"=""052389""",致伸群益46購01  ,0,0,0,0,0,0,0,0,0,"-232,000",0,0,0,"31,000","263,000","-232,000","-232,000"
"=""042368""",華新科元大54購11,0,0,0,0,0,0,0,0,0,"-232,000",0,0,0,"20,000","252,000","-232,000","-232,000"
2540,愛山林          ,"127,550","360,200","-232,650",0,0,0,0,0,0,0,"3,000","3,000",0,0,0,0,"-232,650"
"=""050545""",京元電凱基43購06,0,0,0,0,0,0,0,0,0,"-233,000",0,0,0,"60,000","293,000","-233,000","-233,000"
"=""054977""",大銀元富44購01  ,0,0,0,0,0,0,0,0,0,"-233,000",0,0,0,0,"233,000","-233,000","-233,000"
"=""067115""",華通統一3B購01  ,0,0,0,0,0,0,0,0,0,"-234,000",0,0,0,"20,000","254,000","-234,000","-234,000"
"=""054863""",全新元大44購02  ,0,0,0,0,0,0,0,0,0,"-234,000",0,0,0,"183,000","417,000","-234,000","-234,000"
"=""065057""",世芯元大47購07  ,0,0,0,0,0,0,0,0,0,"-234,000",0,0,0,"26,000","260,000","-234,000","-234,000"
"=""052956""",宇隆群益45購01  ,0,0,0,0,0,0,0,0,0,"-235,000",0,0,0,0,"235,000","-235,000","-235,000"
"=""059288""",寶成永豐45購02  ,0,0,0,0,0,0,0,0,0,"-235,000",0,0,0,"39,000","274,000","-235,000","-235,000"
"=""067229""",景碩永豐51購02  ,0,"235,000","-235,000",0,0,0,0,0,0,0,0,0,0,0,0,0,"-235,000"
"=""060342""",智邦元大46購03  ,0,0,0,0,0,0,0,0,0,"-235,000",0,0,0,"22,000","257,000","-235,000","-235,000"
1305,華夏            ,"88,000","307,000","-219,000",0,0,0,0,"6,512","-6,512","-10,199","1,000","2,832","-1,832","10,000","18,367","-8,367","-235,711"
"=""047666""",世紀鋼群益43購05,0,0,0,0,0,0,0,0,0,"-236,000",0,0,0,"90,000","326,000","-236,000","-236,000"
"=""045502""",智原國票56購01  ,0,0,0,0,0,0,0,0,0,"-236,000",0,0,0,"34,000","270,000","-236,000","-236,000"
4916,事欣科          ,"121,000","374,000","-253,000",0,0,0,0,0,0,"17,000","17,000",0,"17,000",0,0,0,"-236,000"
"=""051369""",智邦元大46購02  ,0,0,0,0,0,0,0,0,0,"-237,000",0,0,0,0,"237,000","-237,000","-237,000"
"=""064317""",元債2X凱基47購03,0,0,0,0,0,0,0,0,0,"-237,000",0,0,0,0,"237,000","-237,000","-237,000"
"=""054130""",群創群益44購03  ,0,0,0,0,0,0,0,0,0,"-237,000",0,0,0,"272,000","509,000","-237,000","-237,000"
"=""063626""",智易群益48購01  ,0,0,0,0,0,0,0,0,0,"-237,000",0,0,0,"101,000","338,000","-237,000","-237,000"
"=""065385""",穎崴群益47購02  ,0,0,0,0,0,0,0,0,0,"-237,000",0,0,0,"3,000","240,000","-237,000","-237,000"
"=""069038""",立積永豐52購01  ,0,0,0,0,0,0,0,0,0,"-238,000",0,0,0,0,"238,000","-238,000","-238,000"
"=""049371""",盟立凱基46購02  ,0,0,0,0,0,0,0,0,0,"-238,000",0,0,0,"82,000","320,000","-238,000","-238,000"
"=""051656""",鉅祥群益45購02  ,0,0,0,0,0,0,0,0,0,"-239,000",0,0,0,0,"239,000","-239,000","-239,000"
"=""060359""",長榮航元大46購03,0,0,0,0,0,0,0,0,0,"-239,000",0,0,0,"59,000","298,000","-239,000","-239,000"
"=""03778T""",聯發科元大34售22,0,0,0,0,0,0,0,0,0,"-240,000",0,0,0,"15,000","255,000","-240,000","-240,000"
"=""038157""",中砂永豐55購02  ,0,0,0,0,0,0,0,0,0,"-240,000",0,0,0,"446,000","686,000","-240,000","-240,000"
"=""047155""",台達電凱基48購01,0,0,0,0,0,0,0,0,0,"-241,000",0,0,0,0,"241,000","-241,000","-241,000"
"=""064765""",滬深2X元富47購01,0,0,0,0,0,0,0,0,0,"-241,000",0,0,0,"884,000","1,125,000","-241,000","-241,000"
"=""056113""",佳必琪元大44購04,0,0,0,0,0,0,0,0,0,"-242,000",0,0,0,"14,000","256,000","-242,000","-242,000"
"=""062596""",上緯控元大46購02,0,0,0,0,0,0,0,0,0,"-242,000",0,0,0,0,"242,000","-242,000","-242,000"
"=""060420""",穎崴永豐47購01  ,0,0,0,0,0,0,0,0,0,"-242,000",0,0,0,0,"242,000","-242,000","-242,000"
"=""066809""",群光統一51購01  ,0,0,0,0,0,0,0,0,0,"-243,000",0,0,0,"20,000","263,000","-243,000","-243,000"
"=""067176""",力智元大47購03  ,0,0,0,0,0,0,0,0,0,"-243,000",0,0,0,"1,000","244,000","-243,000","-243,000"
"=""054281""",奇鋐元大48購01  ,0,0,0,0,0,0,0,0,0,"-243,000",0,0,0,0,"243,000","-243,000","-243,000"
"=""044122""",鴻海元大5B購01  ,0,0,0,0,0,0,0,0,0,"-244,000",0,0,0,"6,000","250,000","-244,000","-244,000"
"=""067793""",長榮航元富47購03,0,0,0,0,0,0,0,0,0,"-244,000",0,0,0,"33,000","277,000","-244,000","-244,000"
"=""03126T""",臺股指元大34售45,0,0,0,0,0,0,0,0,0,"-244,000",0,0,0,0,"244,000","-244,000","-244,000"
"=""061710""",萬海中信47購01  ,0,0,0,0,0,0,0,0,0,"-244,000",0,0,0,"13,000","257,000","-244,000","-244,000"
"=""062275""",T50反1群益4A購01,0,0,0,0,0,0,0,0,0,"-244,000",0,0,0,"57,000","301,000","-244,000","-244,000"
2610,華航            ,"7,211,325","7,113,495","97,830",0,0,0,0,0,0,"-342,000","241,000","132,000","109,000","50,000","501,000","-451,000","-244,170"
"=""063941""",晟銘電國票47購01,0,0,0,0,0,0,0,0,0,"-245,000",0,0,0,"145,000","390,000","-245,000","-245,000"
"=""064420""",陽明凱基49購02  ,0,0,0,0,0,0,0,0,0,"-245,000",0,0,0,"105,000","350,000","-245,000","-245,000"
"=""066500""",國巨群益48購01  ,0,0,0,0,0,0,0,0,0,"-245,000",0,0,0,0,"245,000","-245,000","-245,000"
"=""061846""",長榮群益48購04  ,0,0,0,0,0,0,0,0,0,"-246,000",0,0,0,0,"246,000","-246,000","-246,000"
2025,千興            ,"73,000","319,000","-246,000",0,0,0,0,0,0,0,0,0,0,0,0,0,"-246,000"
2838,聯邦銀          ,"115,000","361,000","-246,000",0,0,0,0,0,0,-351,"1,000","1,351",-351,0,0,0,"-246,351"
3029,零壹            ,"98,000","335,000","-237,000",0,0,0,0,0,0,"-9,737","6,000","14,737","-8,737",0,"1,000","-1,000","-246,737"
"=""049322""",定穎控元富43購01,0,0,0,0,0,0,0,0,0,"-247,000",0,0,0,"3,000","250,000","-247,000","-247,000"
"=""064553""",華通國票47購03  ,0,0,0,0,0,0,0,0,0,"-247,000",0,0,0,"5,000","252,000","-247,000","-247,000"
"=""08303U""",臺股指凱基34售28,0,0,0,0,0,0,0,0,0,"-247,000",0,0,0,"50,000","297,000","-247,000","-247,000"
"=""059453""",美時元富45購01  ,0,0,0,0,0,0,0,0,0,"-247,000",0,0,0,"17,000","264,000","-247,000","-247,000"
"=""062589""",奇鋐元大47購02  ,0,0,0,0,0,0,0,0,0,"-248,000",0,0,0,"15,000","263,000","-248,000","-248,000"
"=""064663""",元債2X元大53購02,0,0,0,0,0,0,0,0,0,"-248,000",0,0,0,"40,000","288,000","-248,000","-248,000"
"=""048101""",元債2X國票44購03,0,0,0,0,0,0,0,0,0,"-249,000",0,0,0,"32,000","281,000","-249,000","-249,000"
"=""058016""",華城凱基49購02  ,0,0,0,0,0,0,0,0,0,"-249,000",0,0,0,0,"249,000","-249,000","-249,000"
"=""043668""",上緯控統一6B購01,0,0,0,0,0,0,0,0,0,"-249,000",0,0,0,0,"249,000","-249,000","-249,000"
"=""057482""",材料國票46購01  ,0,0,0,0,0,0,0,0,0,"-250,000",0,0,0,0,"250,000","-250,000","-250,000"
"=""062248""",凌陽凱基47購01  ,0,0,0,0,0,0,0,0,0,"-250,000",0,0,0,"30,000","280,000","-250,000","-250,000"
"=""047306""",美時元大44購03  ,0,0,0,0,0,0,0,0,0,"-250,000",0,0,0,"50,000","300,000","-250,000","-250,000"
"=""061120""",A50正2元富4C購02,0,0,0,0,0,0,0,0,0,"-250,000",0,0,0,0,"250,000","-250,000","-250,000"
"=""063524""",玉晶光國票46購03,0,0,0,0,0,0,0,0,0,"-250,000",0,0,0,0,"250,000","-250,000","-250,000"
"=""052575""",盛群凱基45購01  ,0,0,0,0,0,0,0,0,0,"-250,000",0,0,0,0,"250,000","-250,000","-250,000"
"=""051273""",台積電永豐43購26,0,0,0,0,0,0,0,0,0,"-250,000",0,0,0,0,"250,000","-250,000","-250,000"
"=""063110""",愛普中信46購01  ,0,0,0,0,0,0,0,0,0,"-251,000",0,0,0,"1,000","252,000","-251,000","-251,000"
"=""064413""",台積電凱基47購18,0,0,0,0,0,0,0,0,0,"-252,000",0,0,0,0,"252,000","-252,000","-252,000"
"=""057277""",台達電富邦45購01,0,0,0,0,0,0,0,0,0,"-252,000",0,0,0,0,"252,000","-252,000","-252,000"
"=""058279""",仁寶元大45購04  ,0,0,0,0,0,0,0,0,0,"-253,000",0,0,0,"78,000","331,000","-253,000","-253,000"
"=""049472""",聯茂永豐43購02  ,0,0,0,0,0,0,0,0,0,"-253,000",0,0,0,"35,000","288,000","-253,000","-253,000"
"=""00692""",富邦公司治理    ,"1,050","7,000","-5,950",0,0,0,0,0,0,"-247,152",0,0,0,"397,253","644,405","-247,152","-253,102"
"=""058504""",技嘉凱基46購03  ,0,0,0,0,0,0,0,0,0,"-254,000",0,0,0,"71,000","325,000","-254,000","-254,000"
"=""062770""",亞光群益46購03  ,0,0,0,0,0,0,0,0,0,"-254,000",0,0,0,"6,000","260,000","-254,000","-254,000"
2328,廣宇            ,"87,000","340,000","-253,000",0,0,0,0,0,0,"-1,636","2,000","3,462","-1,462",0,174,-174,"-254,636"
"=""00850""",元大臺灣ESG永續 ,"10,150","26,000","-15,850",0,0,0,0,0,0,"-238,872",0,0,0,"760,000","998,872","-238,872","-254,722"
"=""054791""",大立光凱基44購05,0,0,0,0,0,0,0,0,0,"-255,000",0,0,0,0,"255,000","-255,000","-255,000"
"=""049417""",長華元大43購04  ,0,0,0,0,0,0,0,0,0,"-255,000",0,0,0,"9,000","264,000","-255,000","-255,000"
910861,神州-DR         ,"15,000","271,000","-256,000",0,0,0,0,0,0,0,0,0,0,0,0,0,"-256,000"
"=""051385""",矽力元大43購02  ,0,0,0,0,0,0,0,0,0,"-257,000",0,0,0,"59,000","316,000","-257,000","-257,000"
"=""052704""",滬深2X國票45購07,0,0,0,0,0,0,0,0,0,"-259,000",0,0,0,"1,000","260,000","-259,000","-259,000"
"=""065568""",圓剛元富47購02  ,0,0,0,0,0,0,0,0,0,"-259,000",0,0,0,0,"259,000","-259,000","-259,000"
"=""042601""",金像電凱基55購04,0,0,0,0,0,0,0,0,0,"-259,000",0,0,0,0,"259,000","-259,000","-259,000"
"=""068305""",佳能元大48購01  ,0,0,0,0,0,0,0,0,0,"-260,000",0,0,0,"8,000","268,000","-260,000","-260,000"
"=""068976""",保瑞台新48購01  ,"10,000",0,"10,000",0,0,0,0,0,0,"-271,000",0,0,0,"103,000","374,000","-271,000","-261,000"
2313,華通            ,"4,602,000","7,532,000","-2,930,000",0,0,0,"1,013,000",0,"1,013,000","1,654,383","1,372,072","335,689","1,036,383","716,000","98,000","618,000","-262,617"
"=""068179""",立隆電永豐49購01,0,0,0,0,0,0,0,0,0,"-263,000",0,0,0,"37,000","300,000","-263,000","-263,000"
"=""058602""",材料群益45購08  ,0,0,0,0,0,0,0,0,0,"-263,000",0,0,0,"215,000","478,000","-263,000","-263,000"
2465,麗臺            ,"393,000","657,000","-264,000",0,0,0,0,0,0,0,0,0,0,0,0,0,"-264,000"
"=""064327""",友訊凱基4C購01  ,0,0,0,0,0,0,0,0,0,"-265,000",0,0,0,"249,000","514,000","-265,000","-265,000"
"=""067510""",元債2X元富45購01,0,0,0,0,0,0,0,0,0,"-265,000",0,0,0,"20,000","285,000","-265,000","-265,000"
"=""059974""",技嘉元大45購22  ,0,0,0,0,0,0,0,0,0,"-265,000",0,0,0,"66,000","331,000","-265,000","-265,000"
"=""06997U""",華新科統一55售02,0,0,0,0,0,0,0,0,0,"-265,000",0,0,0,0,"265,000","-265,000","-265,000"
2543,皇昌            ,"1,617,000","2,169,440","-552,440",0,0,0,0,0,0,"286,000","6,000","7,000","-1,000","287,000",0,"287,000","-266,440"
"=""050763""",川湖元大43購06  ,0,0,0,0,0,0,0,0,0,"-268,000",0,0,0,"340,000","608,000","-268,000","-268,000"
"=""066085""",台積電富邦51購03,0,0,0,0,0,0,0,0,0,"-268,000",0,0,0,0,"268,000","-268,000","-268,000"
6196,帆宣            ,"28,000","296,207","-268,207",0,0,0,0,0,0,0,0,0,0,0,0,0,"-268,207"
"=""063704""",緯穎永豐46購12  ,0,0,0,0,0,0,0,0,0,"-269,000",0,0,0,"44,000","313,000","-269,000","-269,000"
"=""063354""",長榮凱基46購14  ,0,0,0,0,0,0,0,0,0,"-269,000",0,0,0,"30,000","299,000","-269,000","-269,000"
"=""056709""",智易元大45購01  ,0,0,0,0,0,0,0,0,0,"-269,000",0,0,0,"38,000","307,000","-269,000","-269,000"
"=""056953""",凱基金富邦47購01,0,0,0,0,0,0,0,0,0,"-270,000",0,0,0,"560,000","830,000","-270,000","-270,000"
"=""069514""",緯創永豐49購02  ,0,0,0,0,0,0,0,0,0,"-270,000",0,0,0,0,"270,000","-270,000","-270,000"
"=""061469""",陽明元大46購11  ,0,0,0,0,0,0,0,0,0,"-270,000",0,0,0,0,"270,000","-270,000","-270,000"
"=""046862""",台灣50永豐44購01,0,0,0,0,0,0,0,0,0,"-270,000",0,0,0,"7,000","277,000","-270,000","-270,000"
"=""066515""",世芯群益48購15  ,0,0,0,0,0,0,0,0,0,"-271,000",0,0,0,0,"271,000","-271,000","-271,000"
"=""050942""",所羅門群益43購02,0,0,0,0,0,0,0,0,0,"-271,000",0,0,0,"235,000","506,000","-271,000","-271,000"
"=""044783""",力積電元大55購05,0,0,0,0,0,0,0,0,0,"-272,000",0,0,0,"185,000","457,000","-272,000","-272,000"
"=""062515""",達發元富46購02  ,0,0,0,0,0,0,0,0,0,"-272,000",0,0,0,0,"272,000","-272,000","-272,000"
"=""057936""",華擎元大45購01  ,0,0,0,0,0,0,0,0,0,"-272,000",0,0,0,"18,000","290,000","-272,000","-272,000"
2630,亞航            ,"320,000","581,000","-261,000",0,0,0,0,0,0,"-11,932",0,0,0,"1,000","12,932","-11,932","-272,932"
"=""068770""",昇陽半凱基48購02,0,0,0,0,0,0,0,0,0,"-273,000",0,0,0,0,"273,000","-273,000","-273,000"
"=""060170""",漢唐元大46購01  ,0,0,0,0,0,0,0,0,0,"-273,000",0,0,0,"6,000","279,000","-273,000","-273,000"
"=""060094""",祥碩國票47購01  ,0,0,0,0,0,0,0,0,0,"-273,000",0,0,0,"80,000","353,000","-273,000","-273,000"
"=""058123""",T50正2群益47購01,0,0,0,0,0,0,0,0,0,"-274,000",0,0,0,"1,000","275,000","-274,000","-274,000"
"=""059387""",智易兆豐45購01  ,0,0,0,0,0,0,0,0,0,"-274,000",0,0,0,"27,000","301,000","-274,000","-274,000"
"=""064507""",奇鋐群益46購15  ,0,0,0,0,0,0,0,0,0,"-274,000",0,0,0,0,"274,000","-274,000","-274,000"
2023,燁輝            ,"181,000","481,000","-300,000",0,0,0,0,0,0,"25,000","25,000",0,"25,000",0,0,0,"-275,000"
"=""08023U""",緯穎元富31售06  ,0,0,0,0,0,0,0,0,0,"-275,000",0,0,0,0,"275,000","-275,000","-275,000"
"=""062033""",威盛國泰48購02  ,0,0,0,0,0,0,0,0,0,"-276,000",0,0,0,0,"276,000","-276,000","-276,000"
"=""051593""",弘憶股統一59購01,0,0,0,0,0,0,0,0,0,"-276,000",0,0,0,"572,000","848,000","-276,000","-276,000"
"=""046261""",滬深2X凱基48購01,0,0,0,0,0,0,0,0,0,"-277,000",0,0,0,"121,000","398,000","-277,000","-277,000"
"=""065195""",智原凱基47購03  ,0,0,0,0,0,0,0,0,0,"-277,000",0,0,0,"247,000","524,000","-277,000","-277,000"
"=""065505""",美食永豐49購01  ,0,0,0,0,0,0,0,0,0,"-277,000",0,0,0,"12,000","289,000","-277,000","-277,000"
"=""038348""",台達電凱基54購08,0,0,0,0,0,0,0,0,0,"-278,000",0,0,0,"614,000","892,000","-278,000","-278,000"
"=""046770""",川湖群益42購09  ,0,0,0,0,0,0,0,0,0,"-278,000",0,0,0,0,"278,000","-278,000","-278,000"
"=""052648""",滬深2X永豐46購02,0,0,0,0,0,0,0,0,0,"-278,000",0,0,0,"54,000","332,000","-278,000","-278,000"
"=""064373""",道瓊銀元富4C購01,0,0,0,0,0,0,0,0,0,"-278,000",0,0,0,"40,000","318,000","-278,000","-278,000"
"=""064860""",緯穎國泰4C購01  ,0,0,0,0,0,0,0,0,0,"-279,000",0,0,0,"55,000","334,000","-279,000","-279,000"
"=""057219""",正崴統一4C購01  ,0,0,0,0,0,0,0,0,0,"-279,000",0,0,0,"50,000","329,000","-279,000","-279,000"
"=""061208""",川湖元大46購06  ,0,0,0,0,0,0,0,0,0,"-280,000",0,0,0,0,"280,000","-280,000","-280,000"
"=""065686""",志強凱基47購01  ,0,0,0,0,0,0,0,0,0,"-280,000",0,0,0,0,"280,000","-280,000","-280,000"
"=""066112""",健策凱基47購02  ,0,0,0,0,0,0,0,0,0,"-280,000",0,0,0,0,"280,000","-280,000","-280,000"
"=""059448""",保瑞富邦48購03  ,0,0,0,0,0,0,0,0,0,"-280,000",0,0,0,0,"280,000","-280,000","-280,000"
"=""058442""",美律永豐46購01  ,0,0,0,0,0,0,0,0,0,"-280,000",0,0,0,"376,000","656,000","-280,000","-280,000"
"=""067627""",鴻海統一51購06  ,0,0,0,0,0,0,0,0,0,"-280,000",0,0,0,"10,000","290,000","-280,000","-280,000"
"=""059807""",大立光永豐45購05,0,0,0,0,0,0,0,0,0,"-281,000",0,0,0,0,"281,000","-281,000","-281,000"
"=""068951""",羅昇元大48購01  ,0,0,0,0,0,0,0,0,0,"-281,000",0,0,0,0,"281,000","-281,000","-281,000"
"=""055871""",香港2X國票48購01,0,0,0,0,0,0,0,0,0,"-281,000",0,0,0,"56,000","337,000","-281,000","-281,000"
"=""047239""",辛耘永豐45購01  ,0,0,0,0,0,0,0,0,0,"-281,000",0,0,0,"299,000","580,000","-281,000","-281,000"
"=""050701""",台塑凱基43購02  ,0,0,0,0,0,0,0,0,0,"-281,000",0,0,0,"29,000","310,000","-281,000","-281,000"
3034,聯詠            ,"1,207,547","1,263,437","-55,890",0,0,0,"47,000","316,347","-269,347","43,341","31,000","26,000","5,000","66,988","28,647","38,341","-281,896"
"=""054134""",天鈺群益46購02  ,0,0,0,0,0,0,0,0,0,"-282,000",0,0,0,"138,000","420,000","-282,000","-282,000"
1313,聯成            ,"162,000","425,500","-263,500",0,0,0,0,0,0,"-19,000","6,000","25,000","-19,000",0,0,0,"-282,500"
"=""068777""",立積國泰49購01  ,0,0,0,0,0,0,0,0,0,"-283,000",0,0,0,"6,000","289,000","-283,000","-283,000"
"=""048388""",美費半國票43購01,0,0,0,0,0,0,0,0,0,"-283,000",0,0,0,0,"283,000","-283,000","-283,000"
"=""062626""",聯電中信48購01  ,0,0,0,0,0,0,0,0,0,"-284,000",0,0,0,"10,000","294,000","-284,000","-284,000"
5608,四維航          ,"1,360,000","1,627,475","-267,475",0,0,0,0,0,0,"-17,006","1,000","8,000","-7,000",0,"10,006","-10,006","-284,481"
"=""051747""",FBNQ2X元富43購02,0,0,0,0,0,0,0,0,0,"-285,000",0,0,0,0,"285,000","-285,000","-285,000"
"=""065982""",時碩元大47購01  ,0,0,0,0,0,0,0,0,0,"-285,000",0,0,0,0,"285,000","-285,000","-285,000"
"=""059191""",奇鋐元大45購16  ,0,0,0,0,0,0,0,0,0,"-286,000",0,0,0,"226,000","512,000","-286,000","-286,000"
"=""04807T""",台積電凱基36售30,0,"400,000","-400,000",0,0,0,0,0,0,"114,000",0,0,0,"462,000","348,000","114,000","-286,000"
4532,瑞智            ,"393,000","644,000","-251,000",0,0,0,0,0,0,"-35,154",0,"35,154","-35,154",0,0,0,"-286,154"
"=""052454""",滬深2X元富4A購01,0,0,0,0,0,0,0,0,0,"-287,000",0,0,0,"100,000","387,000","-287,000","-287,000"
"=""065186""",智邦凱基49購02  ,0,0,0,0,0,0,0,0,0,"-287,000",0,0,0,"2,000","289,000","-287,000","-287,000"
"=""03567T""",技嘉國泰35售03  ,0,0,0,0,0,0,0,0,0,"-287,000",0,0,0,0,"287,000","-287,000","-287,000"
"=""067240""",神基元富47購03  ,0,0,0,0,0,0,0,0,0,"-287,000",0,0,0,"224,000","511,000","-287,000","-287,000"
"=""061395""",聯發科群益46購03,0,0,0,0,0,0,0,0,0,"-287,000",0,0,0,"34,000","321,000","-287,000","-287,000"
"=""069533""",台積電國泰49購02,0,0,0,0,0,0,0,0,0,"-288,000",0,0,0,0,"288,000","-288,000","-288,000"
"=""063424""",A50正2元大47購02,0,0,0,0,0,0,0,0,0,"-288,000",0,0,0,"46,000","334,000","-288,000","-288,000"
"=""060402""",元日2X永豐4C購01,0,0,0,0,0,0,0,0,0,"-289,000",0,0,0,"121,000","410,000","-289,000","-289,000"
"=""074413""",精元第一49購01  ,0,0,0,0,0,0,0,0,0,"-289,000",0,0,0,"120,000","409,000","-289,000","-289,000"
"=""055806""",華新群益44購03  ,0,0,0,0,0,0,0,0,0,"-289,000",0,0,0,"10,000","299,000","-289,000","-289,000"
"=""062051""",長榮群益46購11  ,0,0,0,0,0,0,0,0,0,"-290,000",0,0,0,"431,000","721,000","-290,000","-290,000"
"=""048328""",和大兆豐44購01  ,0,0,0,0,0,0,0,0,0,"-290,000",0,0,0,"20,000","310,000","-290,000","-290,000"
"=""040730""",臻鼎凱基54購09  ,0,0,0,0,0,0,0,0,0,"-290,000",0,0,0,"410,000","700,000","-290,000","-290,000"
"=""069302""",緯穎元富48購04  ,0,0,0,0,0,0,0,0,0,"-291,000",0,0,0,0,"291,000","-291,000","-291,000"
"=""056780""",川湖國票46購02  ,0,0,0,0,0,0,0,0,0,"-291,000",0,0,0,"10,000","301,000","-291,000","-291,000"
"=""062877""",聯電元富47購06  ,0,0,0,0,0,0,0,0,0,"-291,000",0,0,0,0,"291,000","-291,000","-291,000"
"=""066894""",道瓊反群益53購01,0,0,0,0,0,0,0,0,0,"-291,000",0,0,0,"89,000","380,000","-291,000","-291,000"
"=""063227""",台積電元大46購26,0,0,0,0,0,0,0,0,0,"-292,000",0,0,0,"373,000","665,000","-292,000","-292,000"
"=""059862""",和大元富48購02  ,0,0,0,0,0,0,0,0,0,"-294,000",0,0,0,"1,000","295,000","-294,000","-294,000"
"=""03777T""",創意國泰36售02  ,0,0,0,0,0,0,0,0,0,"-294,000",0,0,0,"6,000","300,000","-294,000","-294,000"
"=""060967""",飛宏元富46購01  ,0,0,0,0,0,0,0,0,0,"-294,000",0,0,0,"10,000","304,000","-294,000","-294,000"
"=""08174U""",長榮富邦36售01  ,0,0,0,0,0,0,0,0,0,"-295,000",0,0,0,"10,000","305,000","-295,000","-295,000"
"=""058477""",日電貿國票45購02,0,0,0,0,0,0,0,0,0,"-295,000",0,0,0,0,"295,000","-295,000","-295,000"
"=""04471T""",穎崴凱基35售03  ,0,0,0,0,0,0,0,0,0,"-296,000",0,0,0,"12,000","308,000","-296,000","-296,000"
"=""056369""",上銀元大45購01  ,0,0,0,0,0,0,0,0,0,"-296,000",0,0,0,"90,000","386,000","-296,000","-296,000"
"=""056751""",台玻凱基46購03  ,0,0,0,0,0,0,0,0,0,"-297,000",0,0,0,0,"297,000","-297,000","-297,000"
"=""062723""",大同元富4C購01  ,0,0,0,0,0,0,0,0,0,"-297,000",0,0,0,"454,000","751,000","-297,000","-297,000"
"=""066898""",台泥群益48購01  ,0,0,0,0,0,0,0,0,0,"-298,000",0,0,0,"20,000","318,000","-298,000","-298,000"
"=""048516""",長榮航統一48購01,0,0,0,0,0,0,0,0,0,"-298,000",0,0,0,0,"298,000","-298,000","-298,000"
"=""047737""",元債2X元富3C購01,0,0,0,0,0,0,0,0,0,"-298,000",0,0,0,"54,000","352,000","-298,000","-298,000"
"=""065708""",廣宇元大49購01  ,0,0,0,0,0,0,0,0,0,"-299,000",0,0,0,0,"299,000","-299,000","-299,000"
"=""065403""",T50反1元大49購06,0,0,0,0,0,0,0,0,0,"-300,000",0,0,0,0,"300,000","-300,000","-300,000"
"=""04368T""",鴻海凱基36售05  ,0,0,0,0,0,0,0,0,0,"-300,000",0,0,0,0,"300,000","-300,000","-300,000"
"=""067562""",電子類群益47購01,0,0,0,0,0,0,0,0,0,"-300,000",0,0,0,0,"300,000","-300,000","-300,000"
"=""055316""",奇鋐元大44購10  ,0,0,0,0,0,0,0,0,0,"-300,000",0,0,0,0,"300,000","-300,000","-300,000"
"=""055517""",華泰國票45購02  ,0,0,0,0,0,0,0,0,0,"-300,000",0,0,0,0,"300,000","-300,000","-300,000"
"=""055504""",佳必琪元大48購01,0,0,0,0,0,0,0,0,0,"-300,000",0,0,0,0,"300,000","-300,000","-300,000"
"=""061194""",貿聯群益48購01  ,0,0,0,0,0,0,0,0,0,"-300,000",0,0,0,0,"300,000","-300,000","-300,000"
"=""062086""",聯發科元大4B購01,0,0,0,0,0,0,0,0,0,"-300,000",0,0,0,0,"300,000","-300,000","-300,000"
"=""052318""",天鈺凱基43購03  ,0,0,0,0,0,0,0,0,0,"-300,000",0,0,0,0,"300,000","-300,000","-300,000"
"=""063845""",盟立群益47購01  ,0,0,0,0,0,0,0,0,0,"-300,000",0,0,0,0,"300,000","-300,000","-300,000"
"=""00878""",國泰永續高股息  ,"6,443,372","2,018,128","4,425,244",0,0,0,0,0,0,"-4,726,176",0,"10,000","-10,000","7,112,996","11,829,172","-4,716,176","-300,932"
"=""067236""",鴻海元富47購09  ,0,0,0,0,0,0,0,0,0,"-301,000",0,0,0,"159,000","460,000","-301,000","-301,000"
"=""067312""",臺股指群益4A購10,0,0,0,0,0,0,0,0,0,"-301,000",0,0,0,"17,000","318,000","-301,000","-301,000"
"=""054925""",矽統國泰46購02  ,0,0,0,0,0,0,0,0,0,"-301,000",0,0,0,0,"301,000","-301,000","-301,000"
"=""058886""",光寶科元大45購02,0,0,0,0,0,0,0,0,0,"-301,000",0,0,0,0,"301,000","-301,000","-301,000"
"=""047881""",電子類國票42購02,0,0,0,0,0,0,0,0,0,"-301,000",0,0,0,0,"301,000","-301,000","-301,000"
"=""063096""",南亞中信46購02  ,0,0,0,0,0,0,0,0,0,"-301,000",0,0,0,"99,000","400,000","-301,000","-301,000"
"=""065643""",jpp群益48購02   ,0,0,0,0,0,0,0,0,0,"-302,000",0,0,0,"100,000","402,000","-302,000","-302,000"
"=""035467""",宏�皏藕�55購01  ,0,0,0,0,0,0,0,0,0,"-303,000",0,0,0,0,"303,000","-303,000","-303,000"
"=""042358""",鴻海元大54購82  ,0,0,0,0,0,0,0,0,0,"-303,000",0,0,0,"390,000","693,000","-303,000","-303,000"
"=""067672""",台積電凱基48購12,0,0,0,0,0,0,0,0,0,"-303,000",0,0,0,0,"303,000","-303,000","-303,000"
"=""069188""",辛耘統一52購01  ,0,0,0,0,0,0,0,0,0,"-303,000",0,0,0,"8,000","311,000","-303,000","-303,000"
"=""057837""",A50正2凱基47購02,0,0,0,0,0,0,0,0,0,"-303,000",0,0,0,0,"303,000","-303,000","-303,000"
"=""069254""",瑞昱第一48購01  ,0,0,0,0,0,0,0,0,0,"-304,000",0,0,0,0,"304,000","-304,000","-304,000"
"=""061868""",T50正2元大46購05,0,0,0,0,0,0,0,0,0,"-305,000",0,0,0,"151,000","456,000","-305,000","-305,000"
"=""069104""",精銳元大48購02  ,0,0,0,0,0,0,0,0,0,"-305,000",0,0,0,"55,000","360,000","-305,000","-305,000"
"=""061132""",藍天元富46購01  ,0,0,0,0,0,0,0,0,0,"-305,000",0,0,0,"294,000","599,000","-305,000","-305,000"
"=""062227""",創意元富46購07  ,0,0,0,0,0,0,0,0,0,"-305,000",0,0,0,0,"305,000","-305,000","-305,000"
"=""066625""",材料富邦48購01  ,0,0,0,0,0,0,0,0,0,"-305,000",0,0,0,0,"305,000","-305,000","-305,000"
"=""066503""",台積電群益4A購17,0,0,0,0,0,0,0,0,0,"-305,000",0,0,0,"223,000","528,000","-305,000","-305,000"
"=""058878""",國企2X元大46購03,0,0,0,0,0,0,0,0,0,"-306,000",0,0,0,0,"306,000","-306,000","-306,000"
"=""054057""",南寶元大44購02  ,0,0,0,0,0,0,0,0,0,"-306,000",0,0,0,"100,000","406,000","-306,000","-306,000"
"=""057979""",貿聯群益47購03  ,0,0,0,0,0,0,0,0,0,"-307,000",0,0,0,0,"307,000","-307,000","-307,000"
"=""056548""",台灣50元大4A購03,0,0,0,0,0,0,0,0,0,"-307,000",0,0,0,"10,000","317,000","-307,000","-307,000"
4961,天鈺            ,"799,000","234,031","564,969",0,0,0,"21,000","902,055","-881,055","8,120","41,000","33,000","8,000","11,848","11,728",120,"-307,966"
"=""052717""",京城銀國票45購01,0,0,0,0,0,0,0,0,0,"-308,000",0,0,0,"153,000","461,000","-308,000","-308,000"
"=""061210""",聯電元大46購11  ,0,0,0,0,0,0,0,0,0,"-308,000",0,0,0,0,"308,000","-308,000","-308,000"
"=""046555""",樺漢凱基43購01  ,0,0,0,0,0,0,0,0,0,"-308,000",0,0,0,"31,000","339,000","-308,000","-308,000"
"=""055243""",群創凱基44購02  ,"5,000","313,000","-308,000",0,0,0,0,0,0,0,0,0,0,0,0,0,"-308,000"
"=""055230""",台積電凱基45購18,0,0,0,0,0,0,0,0,0,"-309,000",0,0,0,"40,000","349,000","-309,000","-309,000"
"=""069194""",日月光統一52購02,0,0,0,0,0,0,0,0,0,"-309,000",0,0,0,0,"309,000","-309,000","-309,000"
"=""050152""",中石化國票44購02,0,0,0,0,0,0,0,0,0,"-309,000",0,0,0,0,"309,000","-309,000","-309,000"
6805,富世達          ,"96,000","408,000","-312,000",0,0,0,0,0,0,"2,000","16,000","14,000","2,000",0,0,0,"-310,000"
"=""069482""",緯創元大48購05  ,0,0,0,0,0,0,0,0,0,"-310,000",0,0,0,0,"310,000","-310,000","-310,000"
"=""062592""",嘉澤元大49購01  ,0,0,0,0,0,0,0,0,0,"-310,000",0,0,0,0,"310,000","-310,000","-310,000"
"=""057688""",精金國票5B購01  ,0,0,0,0,0,0,0,0,0,"-310,000",0,0,0,0,"310,000","-310,000","-310,000"
"=""067502""",華通元大47購13  ,0,0,0,0,0,0,0,0,0,"-310,000",0,0,0,"41,000","351,000","-310,000","-310,000"
"=""065152""",大立光群益47購06,0,0,0,0,0,0,0,0,0,"-310,000",0,0,0,0,"310,000","-310,000","-310,000"
"=""051601""",南港國票44購01  ,0,0,0,0,0,0,0,0,0,"-311,000",0,0,0,0,"311,000","-311,000","-311,000"
"=""051470""",萬海元大43購18  ,0,0,0,0,0,0,0,0,0,"-312,000",0,0,0,"65,000","377,000","-312,000","-312,000"
2612,中航            ,"1,097,000","1,401,000","-304,000",0,0,0,0,0,0,"-8,966",0,"5,000","-5,000",0,"3,966","-3,966","-312,966"
"=""049334""",玉晶光群益45購01,0,0,0,0,0,0,0,0,0,"-313,000",0,0,0,"50,000","363,000","-313,000","-313,000"
"=""063960""",聯詠永豐4A購01  ,0,0,0,0,0,0,0,0,0,"-313,000",0,0,0,0,"313,000","-313,000","-313,000"
"=""052125""",長華統一49購01  ,0,0,0,0,0,0,0,0,0,"-313,000",0,0,0,"16,000","329,000","-313,000","-313,000"
"=""062664""",精誠凱基46購04  ,0,0,0,0,0,0,0,0,0,"-313,000",0,0,0,"70,000","383,000","-313,000","-313,000"
"=""04277T""",鴻海國票36售03  ,0,0,0,0,0,0,0,0,0,"-314,000",0,0,0,0,"314,000","-314,000","-314,000"
"=""066298""",愛普元大47購09  ,0,0,0,0,0,0,0,0,0,"-314,000",0,0,0,"25,000","339,000","-314,000","-314,000"
"=""04305T""",威盛元富35售05  ,0,0,0,0,0,0,0,0,0,"-315,000",0,0,0,"86,000","401,000","-315,000","-315,000"
"=""042597""",旺宏凱基57購01  ,0,0,0,0,0,0,0,0,0,"-315,000",0,0,0,"1,000","316,000","-315,000","-315,000"
"=""047955""",新美齊群益43購01,0,0,0,0,0,0,0,0,0,"-315,000",0,0,0,"202,000","517,000","-315,000","-315,000"
"=""063511""",世芯中信47購02  ,0,0,0,0,0,0,0,0,0,"-315,000",0,0,0,"100,000","415,000","-315,000","-315,000"
2912,統一超          ,"314,667","634,903","-320,236",0,0,0,0,0,0,"5,084","6,000","2,000","4,000","4,000","2,916","1,084","-315,152"
"=""067308""",力積電群益47購02,0,0,0,0,0,0,0,0,0,"-316,000",0,0,0,"30,000","346,000","-316,000","-316,000"
"=""068157""",立隆電統一52購01,0,0,0,0,0,0,0,0,0,"-317,000",0,0,0,0,"317,000","-317,000","-317,000"
"=""03123T""",臺股指元大32售21,0,0,0,0,0,0,0,0,0,"-317,000",0,0,0,"283,000","600,000","-317,000","-317,000"
"=""051454""",海華凱基43購01  ,0,0,0,0,0,0,0,0,0,"-317,000",0,0,0,"233,000","550,000","-317,000","-317,000"
"=""064123""",奇鋐群益46購14  ,0,0,0,0,0,0,0,0,0,"-318,000",0,0,0,"18,000","336,000","-318,000","-318,000"
"=""054509""",國泰金國票45購01,0,0,0,0,0,0,0,0,0,"-319,000",0,0,0,"22,000","341,000","-319,000","-319,000"
"=""068593""",台虹群益48購01  ,0,0,0,0,0,0,0,0,0,"-320,000",0,0,0,0,"320,000","-320,000","-320,000"
"=""068034""",大立光元大47購21,0,0,0,0,0,0,0,0,0,"-320,000",0,0,0,0,"320,000","-320,000","-320,000"
"=""058503""",矽統凱基45購02  ,0,0,0,0,0,0,0,0,0,"-320,000",0,0,0,"93,000","413,000","-320,000","-320,000"
"=""051966""",智邦元大43購07  ,0,0,0,0,0,0,0,0,0,"-320,000",0,0,0,0,"320,000","-320,000","-320,000"
"=""052937""",台塑化凱基44購01,0,0,0,0,0,0,0,0,0,"-320,000",0,0,0,0,"320,000","-320,000","-320,000"
"=""051553""",世紀鋼群益45購02,0,0,0,0,0,0,0,0,0,"-321,000",0,0,0,"99,000","420,000","-321,000","-321,000"
"=""067140""",華通元大47購11  ,0,0,0,0,0,0,0,0,0,"-321,000",0,0,0,0,"321,000","-321,000","-321,000"
6592,和潤企業        ,"45,000","313,000","-268,000",0,0,0,0,"54,000","-54,000",851,"7,000","8,149","-1,149","2,000",0,"2,000","-321,149"
"=""055091""",元債2X凱基3B購01,0,0,0,0,0,0,0,0,0,"-322,000",0,0,0,"15,000","337,000","-322,000","-322,000"
"=""063235""",台光電元大46購12,0,0,0,0,0,0,0,0,0,"-323,000",0,0,0,"274,000","597,000","-323,000","-323,000"
"=""063016""",創意群益47購03  ,0,0,0,0,0,0,0,0,0,"-324,000",0,0,0,"124,000","448,000","-324,000","-324,000"
2913,農林            ,"1,492,000","1,896,000","-404,000",0,0,0,0,0,0,"80,000","67,000",0,"67,000","13,000",0,"13,000","-324,000"
8011,台通            ,"767,000","1,088,000","-321,000",0,0,0,0,0,0,"-3,000",0,"3,000","-3,000",0,0,0,"-324,000"
"=""057522""",台灣50元大46購04,0,0,0,0,0,0,0,0,0,"-324,000",0,0,0,"116,000","440,000","-324,000","-324,000"
"=""068432""",美食國票4B購01  ,0,0,0,0,0,0,0,0,0,"-324,000",0,0,0,"17,000","341,000","-324,000","-324,000"
"=""043586""",漢唐國票56購01  ,0,0,0,0,0,0,0,0,0,"-325,000",0,0,0,"287,000","612,000","-325,000","-325,000"
"=""053068""",元債2X富邦51購01,0,0,0,0,0,0,0,0,0,"-325,000",0,0,0,"25,000","350,000","-325,000","-325,000"
"=""044367""",來億元大55購01  ,0,0,0,0,0,0,0,0,0,"-325,000",0,0,0,"320,000","645,000","-325,000","-325,000"
"=""044219""",富邦金元富55購01,0,0,0,0,0,0,0,0,0,"-325,000",0,0,0,0,"325,000","-325,000","-325,000"
"=""051852""",正崴元大45購02  ,0,0,0,0,0,0,0,0,0,"-326,000",0,0,0,0,"326,000","-326,000","-326,000"
"=""050478""",川湖元大43購04  ,0,0,0,0,0,0,0,0,0,"-326,000",0,0,0,"40,000","366,000","-326,000","-326,000"
"=""058361""",精元國票45購01  ,0,0,0,0,0,0,0,0,0,"-326,000",0,0,0,"8,000","334,000","-326,000","-326,000"
"=""049460""",台積電永豐46購10,0,0,0,0,0,0,0,0,0,"-328,000",0,0,0,"2,000","330,000","-328,000","-328,000"
"=""063239""",聯發科元大46購16,0,0,0,0,0,0,0,0,0,"-328,000",0,0,0,0,"328,000","-328,000","-328,000"
"=""055482""",威盛元大49購03  ,0,0,0,0,0,0,0,0,0,"-329,000",0,0,0,"275,000","604,000","-329,000","-329,000"
"=""066443""",T50反1元大47購11,0,0,0,0,0,0,0,0,0,"-330,000",0,0,0,0,"330,000","-330,000","-330,000"
"=""049193""",華通中信43購01  ,0,0,0,0,0,0,0,0,0,"-330,000",0,0,0,0,"330,000","-330,000","-330,000"
2495,普安            ,"148,000","477,000","-329,000",0,0,0,0,0,0,"-1,000","5,000","6,000","-1,000",0,0,0,"-330,000"
"=""053728""",愛普群益44購04  ,0,0,0,0,0,0,0,0,0,"-330,000",0,0,0,0,"330,000","-330,000","-330,000"
2520,冠德            ,"561,000","594,000","-33,000",0,0,0,0,0,0,"-297,910","88,000","326,910","-238,910",0,"59,000","-59,000","-330,910"
"=""051036""",達興凱基44購02  ,0,0,0,0,0,0,0,0,0,"-331,000",0,0,0,"70,000","401,000","-331,000","-331,000"
"=""060443""",台積電群益4C購02,0,0,0,0,0,0,0,0,0,"-331,000",0,0,0,0,"331,000","-331,000","-331,000"
2903,遠百            ,"64,000","374,000","-310,000",0,0,0,0,0,0,"-21,330","1,000","22,330","-21,330",0,0,0,"-331,330"
2314,台揚            ,"201,000","533,000","-332,000",0,0,0,0,0,0,0,0,0,0,0,0,0,"-332,000"
"=""062189""",可成永豐47購01  ,0,0,0,0,0,0,0,0,0,"-332,000",0,0,0,0,"332,000","-332,000","-332,000"
"=""044517""",智邦凱基59購03  ,0,0,0,0,0,0,0,0,0,"-333,000",0,0,0,"206,000","539,000","-333,000","-333,000"
1795,美時            ,"449,000","943,000","-494,000",0,0,0,"176,000","40,000","136,000","23,780","41,910","26,130","15,780","23,000","15,000","8,000","-334,220"
"=""061009""",臻鼎群益46購02  ,0,0,0,0,0,0,0,0,0,"-335,000",0,0,0,0,"335,000","-335,000","-335,000"
"=""065474""",融程電國票48購01,0,0,0,0,0,0,0,0,0,"-335,000",0,0,0,"992,000","1,327,000","-335,000","-335,000"
"=""066510""",元債2X中信3B購01,0,0,0,0,0,0,0,0,0,"-336,000",0,0,0,0,"336,000","-336,000","-336,000"
"=""058287""",技嘉元大45購18  ,0,0,0,0,0,0,0,0,0,"-336,000",0,0,0,"24,000","360,000","-336,000","-336,000"
"=""058257""",新唐凱基46購02  ,0,0,0,0,0,0,0,0,0,"-336,000",0,0,0,"62,000","398,000","-336,000","-336,000"
"=""057176""",志聖凱基4B購01  ,0,0,0,0,0,0,0,0,0,"-336,000",0,0,0,0,"336,000","-336,000","-336,000"
"=""053113""",上証2X凱基46購04,0,0,0,0,0,0,0,0,0,"-336,000",0,0,0,"25,000","361,000","-336,000","-336,000"
"=""064501""",聯電統一3A購03  ,0,0,0,0,0,0,0,0,0,"-336,000",0,0,0,"136,000","472,000","-336,000","-336,000"
"=""062231""",世芯元富47購04  ,0,0,0,0,0,0,0,0,0,"-337,000",0,0,0,"1,000","338,000","-337,000","-337,000"
2486,一詮            ,"153,000","400,000","-247,000",0,0,0,0,0,0,"-90,685","1,004",343,661,0,"91,346","-91,346","-337,685"
6757,台灣虎航        ,"40,000","179,000","-139,000",0,0,0,0,0,0,"-200,000",0,0,0,"227,000","427,000","-200,000","-339,000"
"=""065366""",智原群益47購04  ,0,0,0,0,0,0,0,0,0,"-340,000",0,0,0,0,"340,000","-340,000","-340,000"
"=""047638""",滬深2X國泰44購01,0,0,0,0,0,0,0,0,0,"-341,000",0,0,0,"474,000","815,000","-341,000","-341,000"
3044,健鼎            ,"1,837,911","2,366,000","-528,089",0,0,0,"315,000","233,000","82,000","105,000","207,000","73,400","133,600","31,000","59,600","-28,600","-341,089"
"=""051512""",潤泰新國票44購02,0,0,0,0,0,0,0,0,0,"-342,000",0,0,0,"50,000","392,000","-342,000","-342,000"
"=""056124""",華擎兆豐46購01  ,0,0,0,0,0,0,0,0,0,"-342,000",0,0,0,0,"342,000","-342,000","-342,000"
"=""04142T""",創意元大34售27  ,0,0,0,0,0,0,0,0,0,"-342,000",0,0,0,0,"342,000","-342,000","-342,000"
"=""067626""",神基兆豐3B購01  ,0,0,0,0,0,0,0,0,0,"-343,000",0,0,0,"6,000","349,000","-343,000","-343,000"
"=""059548""",美債2X元大4B購02,0,0,0,0,0,0,0,0,0,"-344,000",0,0,0,"46,000","390,000","-344,000","-344,000"
"=""067297""",玉晶光群益47購08,0,0,0,0,0,0,0,0,0,"-345,000",0,0,0,0,"345,000","-345,000","-345,000"
"=""058263""",臺股指凱基48購02,0,0,0,0,0,0,0,0,0,"-348,000",0,0,0,0,"348,000","-348,000","-348,000"
"=""057595""",力成群益47購01  ,0,0,0,0,0,0,0,0,0,"-348,000",0,0,0,"32,000","380,000","-348,000","-348,000"
"=""057709""",上銀元大4B購02  ,0,0,0,0,0,0,0,0,0,"-348,000",0,0,0,0,"348,000","-348,000","-348,000"
"=""068474""",亞航群益48購02  ,0,0,0,0,0,0,0,0,0,"-348,000",0,0,0,"6,000","354,000","-348,000","-348,000"
"=""051917""",潤隆群益47購01  ,0,0,0,0,0,0,0,0,0,"-348,000",0,0,0,"2,000","350,000","-348,000","-348,000"
"=""052228""",長榮凱基44購05  ,0,0,0,0,0,0,0,0,0,"-349,000",0,0,0,"30,000","379,000","-349,000","-349,000"
"=""051022""",T50反1凱基49購01,0,0,0,0,0,0,0,0,0,"-349,000",0,0,0,0,"349,000","-349,000","-349,000"
"=""062594""",神達元大47購04  ,0,0,0,0,0,0,0,0,0,"-349,000",0,0,0,"10,000","359,000","-349,000","-349,000"
"=""03597B""",臺股指凱基33熊01,0,0,0,0,0,0,0,0,0,"-349,000",0,0,0,"185,000","534,000","-349,000","-349,000"
"=""068297""",中興電元大4B購02,0,0,0,0,0,0,0,0,0,"-350,000",0,0,0,"15,000","365,000","-350,000","-350,000"
"=""058531""",鴻準元大45購16  ,0,"350,000","-350,000",0,0,0,0,0,0,0,0,0,0,0,0,0,"-350,000"
2425,承啟            ,"1,331,000","1,676,000","-345,000",0,0,0,0,0,0,"-5,000",0,"5,000","-5,000",0,0,0,"-350,000"
"=""055874""",中興電國票45購02,0,0,0,0,0,0,0,0,0,"-351,000",0,0,0,"4,000","355,000","-351,000","-351,000"
"=""060800""",智邦元富47購02  ,0,0,0,0,0,0,0,0,0,"-351,000",0,0,0,"70,000","421,000","-351,000","-351,000"
"=""063503""",台積電統一5C購01,0,0,0,0,0,0,0,0,0,"-352,000",0,0,0,"10,000","362,000","-352,000","-352,000"
9921,巨大            ,"348,000","678,040","-330,040",0,0,0,0,"5,000","-5,000","-17,601",0,"3,081","-3,081","13,000","27,520","-14,520","-352,641"
6799,來頡            ,"467,000","957,000","-490,000",0,0,0,"120,000",0,"120,000","17,036","20,000","2,964","17,036",0,0,0,"-352,964"
"=""060934""",鉅祥凱基4B購01  ,0,0,0,0,0,0,0,0,0,"-353,000",0,0,0,0,"353,000","-353,000","-353,000"
"=""060024""",T50正2元富51購02,0,0,0,0,0,0,0,0,0,"-353,000",0,0,0,"96,000","449,000","-353,000","-353,000"
"=""067290""",技嘉群益47購02  ,0,0,0,0,0,0,0,0,0,"-354,000",0,0,0,"59,000","413,000","-354,000","-354,000"
"=""050522""",景碩兆豐44購01  ,0,"20,000","-20,000",0,0,0,0,0,0,"-334,000",0,0,0,"64,000","398,000","-334,000","-354,000"
"=""064661""",元債2X元大4A購02,0,0,0,0,0,0,0,0,0,"-354,000",0,0,0,"30,000","384,000","-354,000","-354,000"
"=""054196""",奇鋐元富44購06  ,0,0,0,0,0,0,0,0,0,"-355,000",0,0,0,0,"355,000","-355,000","-355,000"
"=""057835""",台灣50凱基4A購04,0,0,0,0,0,0,0,0,0,"-355,000",0,0,0,"19,000","374,000","-355,000","-355,000"
"=""047686""",元債2X元大47購03,0,0,0,0,0,0,0,0,0,"-355,000",0,0,0,0,"355,000","-355,000","-355,000"
"=""046581""",聯發科凱基43購08,0,0,0,0,0,0,0,0,0,"-356,000",0,0,0,"300,000","656,000","-356,000","-356,000"
"=""062536""",亞光國票48購01  ,0,0,0,0,0,0,0,0,0,"-356,000",0,0,0,"5,000","361,000","-356,000","-356,000"
1532,勤美            ,"127,000","508,000","-381,000",0,0,0,0,0,0,"23,762","26,000","2,238","23,762",0,0,0,"-357,238"
"=""058117""",神達元大4B購02  ,0,0,0,0,0,0,0,0,0,"-358,000",0,0,0,0,"358,000","-358,000","-358,000"
"=""068496""",廣宇元大48購01  ,0,0,0,0,0,0,0,0,0,"-358,000",0,0,0,0,"358,000","-358,000","-358,000"
"=""08971U""",臺股指凱基32售31,0,0,0,0,0,0,0,0,0,"-360,000",0,0,0,0,"360,000","-360,000","-360,000"
"=""065695""",訊芯台新47購01  ,0,0,0,0,0,0,0,0,0,"-360,000",0,0,0,"127,000","487,000","-360,000","-360,000"
"=""064145""",可成富邦48購01  ,0,0,0,0,0,0,0,0,0,"-360,000",0,0,0,0,"360,000","-360,000","-360,000"
"=""052276""",晶相光元富49購01,"104,000","473,000","-369,000",0,0,0,0,0,0,"8,000",0,0,0,"14,000","6,000","8,000","-361,000"
"=""03523T""",嘉澤國票34售03  ,0,0,0,0,0,0,0,0,0,"-361,000",0,0,0,"100,000","461,000","-361,000","-361,000"
3051,力特            ,"2,762,000","3,122,000","-360,000",0,0,0,0,0,0,"-2,000",0,"2,000","-2,000",0,0,0,"-362,000"
"=""064495""",全新群益48購01  ,0,0,0,0,0,0,0,0,0,"-363,000",0,0,0,"110,000","473,000","-363,000","-363,000"
"=""052052""",富邦媒凱基43購01,0,0,0,0,0,0,0,0,0,"-363,000",0,0,0,"68,000","431,000","-363,000","-363,000"
"=""069313""",智易國票4A購01  ,0,0,0,0,0,0,0,0,0,"-364,000",0,0,0,"252,000","616,000","-364,000","-364,000"
"=""051146""",中石化永豐44購01,0,0,0,0,0,0,0,0,0,"-367,000",0,0,0,0,"367,000","-367,000","-367,000"
"=""053343""",晶心科群益46購01,0,0,0,0,0,0,0,0,0,"-368,000",0,0,0,0,"368,000","-368,000","-368,000"
"=""055986""",盟立國泰46購02  ,0,0,0,0,0,0,0,0,0,"-368,000",0,0,0,"25,000","393,000","-368,000","-368,000"
"=""069276""",鴻海元富48購07  ,0,0,0,0,0,0,0,0,0,"-370,000",0,0,0,"24,000","394,000","-370,000","-370,000"
"=""061292""",欣興永豐46購03  ,0,0,0,0,0,0,0,0,0,"-370,000",0,0,0,"500,000","870,000","-370,000","-370,000"
"=""064578""",廣宇元富46購02  ,0,0,0,0,0,0,0,0,0,"-370,000",0,0,0,"30,000","400,000","-370,000","-370,000"
"=""063853""",東台群益48購01  ,0,0,0,0,0,0,0,0,0,"-371,000",0,0,0,"103,000","474,000","-371,000","-371,000"
"=""065106""",S&P500中信48購01,0,0,0,0,0,0,0,0,0,"-371,000",0,0,0,0,"371,000","-371,000","-371,000"
6443,元晶            ,"714,000","1,081,600","-367,600",0,0,0,0,0,0,"-4,181","9,000","3,181","5,819","4,000","14,000","-10,000","-371,781"
"=""054693""",深中小凱基4A購01,0,0,0,0,0,0,0,0,0,"-372,000",0,0,0,"50,000","422,000","-372,000","-372,000"
"=""08085U""",長榮元富34售03  ,0,0,0,0,0,0,0,0,0,"-372,000",0,0,0,"8,000","380,000","-372,000","-372,000"
"=""057634""",正崴凱基46購03  ,0,0,0,0,0,0,0,0,0,"-374,000",0,0,0,0,"374,000","-374,000","-374,000"
"=""059788""",臻鼎國泰47購02  ,0,0,0,0,0,0,0,0,0,"-377,000",0,0,0,"10,000","387,000","-377,000","-377,000"
"=""07609U""",臺股指元大34售10,0,0,0,0,0,0,0,0,0,"-378,000",0,0,0,"394,000","772,000","-378,000","-378,000"
"=""060050""",台積電凱基47購13,0,0,0,0,0,0,0,0,0,"-379,000",0,0,0,"184,000","563,000","-379,000","-379,000"
"=""048117""",中興電國泰44購02,0,0,0,0,0,0,0,0,0,"-380,000",0,0,0,"10,000","390,000","-380,000","-380,000"
"=""052384""",揚明光群益46購01,0,0,0,0,0,0,0,0,0,"-380,000",0,0,0,0,"380,000","-380,000","-380,000"
"=""057695""",立積國票49購01  ,0,0,0,0,0,0,0,0,0,"-381,000",0,0,0,0,"381,000","-381,000","-381,000"
"=""071387""",矽格元大48購02  ,0,0,0,0,0,0,0,0,0,"-381,000",0,0,0,"108,000","489,000","-381,000","-381,000"
"=""068399""",達興統一54購01  ,0,0,0,0,0,0,0,0,0,"-382,000",0,0,0,0,"382,000","-382,000","-382,000"
2358,廷鑫            ,"1,030,000","1,425,000","-395,000",0,0,0,0,0,0,"13,000",0,"7,000","-7,000","20,000",0,"20,000","-382,000"
"=""00661""",元大日經225     ,"14,000","32,000","-18,000",0,0,0,0,0,0,"-364,833","50,000",0,"50,000","1,103,716","1,518,549","-414,833","-382,833"
"=""062658""",亞光凱基46購06  ,0,0,0,0,0,0,0,0,0,"-383,000",0,0,0,"50,000","433,000","-383,000","-383,000"
"=""046079""",滬深2X群益47購01,0,0,0,0,0,0,0,0,0,"-383,000",0,0,0,0,"383,000","-383,000","-383,000"
3653,健策            ,"224,000","517,000","-293,000",0,0,0,"22,000","117,000","-95,000","4,440","27,445","4,434","23,011",0,"18,571","-18,571","-383,560"
"=""057710""",金寶元大49購01  ,0,0,0,0,0,0,0,0,0,"-384,000",0,0,0,0,"384,000","-384,000","-384,000"
"=""057521""",正崴台新45購01  ,0,0,0,0,0,0,0,0,0,"-385,000",0,0,0,0,"385,000","-385,000","-385,000"
"=""04365T""",勤誠永豐35售01  ,0,0,0,0,0,0,0,0,0,"-388,000",0,0,0,"101,000","489,000","-388,000","-388,000"
"=""059279""",嘉澤永豐47購01  ,0,"1,000","-1,000",0,0,0,0,0,0,"-387,000",0,0,0,"102,000","489,000","-387,000","-388,000"
"=""039301""",威健群益54購01  ,0,0,0,0,0,0,0,0,0,"-388,000",0,0,0,"8,000","396,000","-388,000","-388,000"
"=""047920""",緯穎凱基44購03  ,0,0,0,0,0,0,0,0,0,"-388,000",0,0,0,"21,000","409,000","-388,000","-388,000"
"=""063145""",緯穎凱基49購04  ,0,0,0,0,0,0,0,0,0,"-388,000",0,0,0,"252,000","640,000","-388,000","-388,000"
"=""063203""",精銳群益48購01  ,0,0,0,0,0,0,0,0,0,"-388,000",0,0,0,"157,000","545,000","-388,000","-388,000"
"=""059961""",中華元大45購09  ,0,0,0,0,0,0,0,0,0,"-390,000",0,0,0,"30,000","420,000","-390,000","-390,000"
"=""056767""",訊芯凱基46購02  ,0,0,0,0,0,0,0,0,0,"-390,000",0,0,0,"59,000","449,000","-390,000","-390,000"
"=""069606""",鈺邦統一52購02  ,0,0,0,0,0,0,0,0,0,"-391,000",0,0,0,0,"391,000","-391,000","-391,000"
"=""050265""",嘉澤凱基43購03  ,0,0,0,0,0,0,0,0,0,"-391,000",0,0,0,"20,000","411,000","-391,000","-391,000"
"=""054267""",台積電元大49購01,0,0,0,0,0,0,0,0,0,"-393,000",0,0,0,0,"393,000","-393,000","-393,000"
"=""055492""",國泰金元大44購03,0,0,0,0,0,0,0,0,0,"-393,000",0,0,0,0,"393,000","-393,000","-393,000"
"=""062032""",智邦國泰48購02  ,0,0,0,0,0,0,0,0,0,"-394,000",0,0,0,"3,000","397,000","-394,000","-394,000"
3515,華擎            ,"822,000","1,202,000","-380,000",0,0,0,0,0,0,"-15,192","2,209","4,000","-1,791","22,875","36,276","-13,401","-395,192"
"=""061256""",旺宏凱基49購01  ,0,0,0,0,0,0,0,0,0,"-396,000",0,0,0,0,"396,000","-396,000","-396,000"
5876,上海商銀        ,"1,229,000","1,632,233","-403,233",0,0,0,0,0,0,"6,788",0,"10,260","-10,260","17,278",230,"17,048","-396,445"
9958,世紀鋼          ,"1,130,000","1,587,747","-457,747",0,0,0,0,0,0,"61,254","293,000","69,746","223,254","45,000","207,000","-162,000","-396,493"
"=""056702""",晶技元大45購01  ,0,0,0,0,0,0,0,0,0,"-398,000",0,0,0,0,"398,000","-398,000","-398,000"
"=""04608T""",台灣50凱基35售12,0,0,0,0,0,0,0,0,0,"-398,000",0,0,0,"2,000","400,000","-398,000","-398,000"
"=""062672""",T50反1國票46購06,0,0,0,0,0,0,0,0,0,"-398,000",0,0,0,"1,000","399,000","-398,000","-398,000"
"=""078940""",神達元大4A購07  ,0,0,0,0,0,0,0,0,0,"-399,000",0,0,0,0,"399,000","-399,000","-399,000"
"=""056981""",世芯元富48購06  ,0,0,0,0,0,0,0,0,0,"-399,000",0,0,0,0,"399,000","-399,000","-399,000"
"=""060290""",和碩富邦48購01  ,0,0,0,0,0,0,0,0,0,"-399,000",0,0,0,0,"399,000","-399,000","-399,000"
"=""03295T""",大眾控群益33售01,0,0,0,0,0,0,0,0,0,"-399,000",0,0,0,0,"399,000","-399,000","-399,000"
"=""058536""",大同元大45購01  ,0,0,0,0,0,0,0,0,0,"-399,000",0,0,0,"1,000","400,000","-399,000","-399,000"
"=""066178""",高力統一43購01  ,0,0,0,0,0,0,0,0,0,"-399,000",0,0,0,"4,000","403,000","-399,000","-399,000"
"=""054006""",元上證元富4A購01,0,0,0,0,0,0,0,0,0,"-399,000",0,0,0,0,"399,000","-399,000","-399,000"
"=""064868""",台積電群益47購27,0,0,0,0,0,0,0,0,0,"-399,000",0,0,0,"1,000","400,000","-399,000","-399,000"
"=""048852""",貿聯群益44購01  ,0,0,0,0,0,0,0,0,0,"-400,000",0,0,0,0,"400,000","-400,000","-400,000"
"=""058188""",長榮航永豐45購03,0,0,0,0,0,0,0,0,0,"-400,000",0,0,0,0,"400,000","-400,000","-400,000"
"=""059942""",威強電國票45購01,0,0,0,0,0,0,0,0,0,"-400,000",0,0,0,0,"400,000","-400,000","-400,000"
"=""061381""",矽統國泰48購01  ,0,0,0,0,0,0,0,0,0,"-400,000",0,0,0,"9,000","409,000","-400,000","-400,000"
"=""071393""",上銀富邦48購04  ,0,0,0,0,0,0,0,0,0,"-400,000",0,0,0,0,"400,000","-400,000","-400,000"
"=""066843""",矽力凱基48購02  ,"10,000",0,"10,000",0,0,0,0,0,0,"-411,000",0,0,0,"20,000","431,000","-411,000","-401,000"
"=""036341""",宏達電國票53購05,0,0,0,0,0,0,0,0,0,"-401,000",0,0,0,0,"401,000","-401,000","-401,000"
"=""057420""",南電元富45購02  ,0,0,0,0,0,0,0,0,0,"-402,000",0,0,0,"52,000","454,000","-402,000","-402,000"
"=""049088""",皇昌元大43購07  ,0,0,0,0,0,0,0,0,0,"-402,000",0,0,0,"346,000","748,000","-402,000","-402,000"
"=""059791""",T50正2永豐48購01,0,0,0,0,0,0,0,0,0,"-405,000",0,0,0,"52,000","457,000","-405,000","-405,000"
"=""068067""",鉅祥群益3B購01  ,0,0,0,0,0,0,0,0,0,"-406,000",0,0,0,"167,000","573,000","-406,000","-406,000"
1324,地球            ,"983,000","1,390,000","-407,000",0,0,0,0,0,0,"1,000","5,000","4,000","1,000",0,0,0,"-406,000"
"=""048999""",臺股指元富43購16,0,0,0,0,0,0,0,0,0,"-407,000",0,0,0,"364,000","771,000","-407,000","-407,000"
"=""040232""",仁寶兆豐55購01  ,0,0,0,0,0,0,0,0,0,"-407,000",0,0,0,0,"407,000","-407,000","-407,000"
"=""054303""",上銀統一4A購02  ,0,0,0,0,0,0,0,0,0,"-410,000",0,0,0,0,"410,000","-410,000","-410,000"
"=""068385""",南亞科統一52購02,0,0,0,0,0,0,0,0,0,"-410,000",0,0,0,"18,000","428,000","-410,000","-410,000"
6770,力積電          ,"2,682,000","3,080,382","-398,382",0,0,0,"215,000","139,752","75,248","-88,010","12,000","15,010","-3,010","25,000","110,000","-85,000","-411,144"
"=""059139""",元日2X群益53購02,0,0,0,0,0,0,0,0,0,"-413,000",0,0,0,"50,000","463,000","-413,000","-413,000"
"=""048205""",新日興凱基43購07,0,0,0,0,0,0,0,0,0,"-413,000",0,0,0,"101,000","514,000","-413,000","-413,000"
"=""055317""",奇鋐元大44購11  ,0,0,0,0,0,0,0,0,0,"-414,000",0,0,0,0,"414,000","-414,000","-414,000"
1434,福懋            ,"27,000","441,000","-414,000",0,0,0,0,0,0,-648,"4,000","4,648",-648,"1,000","1,000",0,"-414,648"
"=""060306""",友訊群益54購01  ,0,0,0,0,0,0,0,0,0,"-416,000",0,0,0,"292,000","708,000","-416,000","-416,000"
"=""056948""",川湖富邦48購01  ,0,0,0,0,0,0,0,0,0,"-418,000",0,0,0,"157,000","575,000","-418,000","-418,000"
"=""061577""",緯穎凱基48購04  ,0,0,0,0,0,0,0,0,0,"-419,000",0,0,0,"800,000","1,219,000","-419,000","-419,000"
"=""060880""",華城中信47購01  ,0,0,0,0,0,0,0,0,0,"-419,000",0,0,0,0,"419,000","-419,000","-419,000"
"=""045967""",全新統一48購02  ,0,0,0,0,0,0,0,0,0,"-419,000",0,0,0,"80,000","499,000","-419,000","-419,000"
"=""067434""",來億永豐48購01  ,0,0,0,0,0,0,0,0,0,"-419,000",0,0,0,"57,000","476,000","-419,000","-419,000"
"=""062702""",定穎控永豐46購02,0,0,0,0,0,0,0,0,0,"-420,000",0,0,0,"170,000","590,000","-420,000","-420,000"
"=""051034""",景碩凱基43購10  ,0,0,0,0,0,0,0,0,0,"-420,000",0,0,0,"10,000","430,000","-420,000","-420,000"
"=""056216""",華邦電群益49購01,0,0,0,0,0,0,0,0,0,"-420,000",0,0,0,"400,000","820,000","-420,000","-420,000"
"=""059877""",中興電群益45購03,0,0,0,0,0,0,0,0,0,"-421,000",0,0,0,"215,000","636,000","-421,000","-421,000"
"=""065675""",群創凱基47購02  ,0,0,0,0,0,0,0,0,0,"-421,000",0,0,0,"321,000","742,000","-421,000","-421,000"
"=""066615""",同欣電國泰48購01,0,0,0,0,0,0,0,0,0,"-422,000",0,0,0,"10,000","432,000","-422,000","-422,000"
"=""065481""",精成科國票4A購01,0,0,0,0,0,0,0,0,0,"-425,000",0,0,0,0,"425,000","-425,000","-425,000"
1316,上曜            ,"493,000","919,000","-426,000",0,0,0,0,0,0,0,0,0,0,0,0,0,"-426,000"
1402,遠東新          ,"3,095,000","3,580,205","-485,205",0,0,0,0,"8,813","-8,813","67,580","96,000","6,420","89,580","15,000","37,000","-22,000","-426,438"
"=""048476""",海悅元富42購01  ,0,0,0,0,0,0,0,0,0,"-427,000",0,0,0,"5,000","432,000","-427,000","-427,000"
"=""047439""",台積電凱基58購07,0,0,0,0,0,0,0,0,0,"-430,000",0,0,0,0,"430,000","-430,000","-430,000"
"=""08124U""",長榮中信32售04  ,0,0,0,0,0,0,0,0,0,"-431,000",0,0,0,0,"431,000","-431,000","-431,000"
"=""04462T""",高力元大35售11  ,0,0,0,0,0,0,0,0,0,"-431,000",0,0,0,"40,000","471,000","-431,000","-431,000"
5519,隆大            ,"223,000","654,000","-431,000",0,0,0,0,0,0,0,0,0,0,0,0,0,"-431,000"
"=""048110""",辛耘國票42購01  ,0,0,0,0,0,0,0,0,0,"-434,000",0,0,0,"58,000","492,000","-434,000","-434,000"
"=""047512""",中興電國票43購01,0,0,0,0,0,0,0,0,0,"-434,000",0,0,0,0,"434,000","-434,000","-434,000"
2375,凱美            ,"178,000","594,000","-416,000",0,0,0,0,0,0,"-18,330","3,001","21,331","-18,330",0,0,0,"-434,330"
"=""046904""",日月光統一48購01,0,0,0,0,0,0,0,0,0,"-435,000",0,0,0,0,"435,000","-435,000","-435,000"
"=""062806""",瑞昱元大46購04  ,0,0,0,0,0,0,0,0,0,"-437,000",0,0,0,"4,000","441,000","-437,000","-437,000"
"=""059572""",奇鋐元大45購17  ,0,0,0,0,0,0,0,0,0,"-438,000",0,0,0,"307,000","745,000","-438,000","-438,000"
"=""062790""",臺股指群益4C購03,0,0,0,0,0,0,0,0,0,"-439,000",0,0,0,"157,000","596,000","-439,000","-439,000"
"=""00896""",中信綠能及電動車,0,"231,000","-231,000",0,0,0,0,0,0,"-210,236",0,0,0,"941,000","1,151,236","-210,236","-441,236"
"=""068261""",鈺齊國票48購02  ,0,0,0,0,0,0,0,0,0,"-446,000",0,0,0,"4,000","450,000","-446,000","-446,000"
6213,聯茂            ,"1,391,000","1,976,000","-585,000",0,0,0,"103,000",0,"103,000","35,504","118,000","89,496","28,504","21,000","14,000","7,000","-446,496"
"=""063201""",世芯群益4C購03  ,0,0,0,0,0,0,0,0,0,"-447,000",0,0,0,"41,000","488,000","-447,000","-447,000"
"=""057175""",京元電凱基45購02,0,0,0,0,0,0,0,0,0,"-447,000",0,0,0,0,"447,000","-447,000","-447,000"
"=""054359""",台積電中信47購05,0,0,0,0,0,0,0,0,0,"-449,000",0,0,0,"30,000","479,000","-449,000","-449,000"
"=""061960""",群高息凱基47購01,0,0,0,0,0,0,0,0,0,"-450,000",0,0,0,0,"450,000","-450,000","-450,000"
"=""054712""",美利達凱基45購01,0,0,0,0,0,0,0,0,0,"-451,000",0,0,0,"41,000","492,000","-451,000","-451,000"
"=""061532""",緯創中信46購03  ,0,0,0,0,0,0,0,0,0,"-452,000",0,0,0,0,"452,000","-452,000","-452,000"
"=""03290T""",台灣50群益33售06,0,0,0,0,0,0,0,0,0,"-452,000",0,0,0,"8,000","460,000","-452,000","-452,000"
"=""03394T""",啟�硈肭�33售06  ,0,0,0,0,0,0,0,0,0,"-453,000",0,0,0,"6,000","459,000","-453,000","-453,000"
"=""064773""",華城元富47購02  ,0,0,0,0,0,0,0,0,0,"-453,000",0,0,0,"1,000","454,000","-453,000","-453,000"
"=""046433""",台積電統一52購04,0,0,0,0,0,0,0,0,0,"-454,000",0,0,0,0,"454,000","-454,000","-454,000"
2845,遠東銀          ,"336,000","755,000","-419,000",0,0,0,0,0,0,"-35,001",999,"1,000",-1,0,"35,000","-35,000","-454,001"
"=""061444""",台灣50元大48購05,0,0,0,0,0,0,0,0,0,"-458,000",0,0,0,"53,000","511,000","-458,000","-458,000"
"=""059601""",大同統一4B購01  ,0,0,0,0,0,0,0,0,0,"-459,000",0,0,0,"16,000","475,000","-459,000","-459,000"
"=""067645""",南亞永豐48購01  ,0,0,0,0,0,0,0,0,0,"-460,000",0,0,0,0,"460,000","-460,000","-460,000"
"=""065273""",威盛永豐4A購01  ,0,0,0,0,0,0,0,0,0,"-460,000",0,0,0,"1,000","461,000","-460,000","-460,000"
"=""00646""",元大S&P500      ,"207,477",0,"207,477",0,0,0,0,0,0,"-668,819",0,0,0,"199,784","868,603","-668,819","-461,342"
"=""058997""",寶成國票46購03  ,0,0,0,0,0,0,0,0,0,"-462,000",0,0,0,0,"462,000","-462,000","-462,000"
2383,台光電          ,"776,420","1,056,632","-280,212",0,0,0,"64,000","157,000","-93,000","-91,049","16,000","47,000","-31,000","1,932","61,981","-60,049","-464,261"
"=""056259""",世芯元大47購04  ,0,0,0,0,0,0,0,0,0,"-465,000",0,0,0,"34,000","499,000","-465,000","-465,000"
"=""061936""",鴻海永豐46購12  ,0,0,0,0,0,0,0,0,0,"-465,000",0,0,0,"73,000","538,000","-465,000","-465,000"
"=""03596T""",台積電兆豐38售01,0,0,0,0,0,0,0,0,0,"-467,000",0,0,0,0,"467,000","-467,000","-467,000"
"=""065949""",亞德客元大47購01,"182,000","650,000","-468,000",0,0,0,0,0,0,0,0,0,0,0,0,0,"-468,000"
"=""058047""",玉晶光兆豐46購01,0,0,0,0,0,0,0,0,0,"-468,000",0,0,0,"44,000","512,000","-468,000","-468,000"
4960,誠美材          ,"761,000","1,230,000","-469,000",0,0,0,0,0,0,0,0,0,0,0,0,0,"-469,000"
"=""045840""",創意元大43購06  ,"20,000",0,"20,000",0,0,0,0,0,0,"-490,000",0,0,0,0,"490,000","-490,000","-470,000"
"=""046086""",東鹼群益43購01  ,0,0,0,0,0,0,0,0,0,"-470,000",0,0,0,"2,000","472,000","-470,000","-470,000"
"=""068138""",瑞軒富邦4A購01  ,0,0,0,0,0,0,0,0,0,"-470,000",0,0,0,"10,000","480,000","-470,000","-470,000"
2417,圓剛            ,"810,000","1,287,000","-477,000",0,0,0,0,0,0,"6,900","7,000",100,"6,900",0,0,0,"-470,100"
"=""059199""",保瑞元大45購11  ,0,0,0,0,0,0,0,0,0,"-471,000",0,0,0,"1,000","472,000","-471,000","-471,000"
"=""054547""",長榮中信44購02  ,0,0,0,0,0,0,0,0,0,"-471,000",0,0,0,"6,000","477,000","-471,000","-471,000"
1519,華城            ,"5,960,114","4,563,563","1,396,551",0,0,0,0,"1,846,000","-1,846,000","-23,236","61,220","88,055","-26,835","29,350","25,751","3,599","-472,685"
"=""058328""",新興群益45購01  ,0,0,0,0,0,0,0,0,0,"-473,000",0,0,0,"4,000","477,000","-473,000","-473,000"
4968,立積            ,"506,005","871,200","-365,195",0,0,0,0,0,0,"-111,981",0,0,0,"20,075","132,056","-111,981","-477,176"
"=""046543""",皇翔凱基43購01  ,0,0,0,0,0,0,0,0,0,"-483,000",0,0,0,0,"483,000","-483,000","-483,000"
"=""047382""",視陽凱基43購01  ,0,0,0,0,0,0,0,0,0,"-486,000",0,0,0,"2,000","488,000","-486,000","-486,000"
"=""068586""",世芯群益49購04  ,0,0,0,0,0,0,0,0,0,"-486,000",0,0,0,"94,000","580,000","-486,000","-486,000"
"=""068122""",富世達元富51購01,0,0,0,0,0,0,0,0,0,"-487,000",0,0,0,"39,000","526,000","-487,000","-487,000"
"=""07955U""",穎崴國票32售01  ,0,0,0,0,0,0,0,0,0,"-488,000",0,0,0,"23,000","511,000","-488,000","-488,000"
"=""046748""",T50正2凱基43購11,0,0,0,0,0,0,0,0,0,"-489,000",0,0,0,"10,000","499,000","-489,000","-489,000"
"=""068002""",瑞昱群益49購01  ,0,0,0,0,0,0,0,0,0,"-489,000",0,0,0,0,"489,000","-489,000","-489,000"
"=""059285""",啟�皏藕�45購01  ,0,0,0,0,0,0,0,0,0,"-490,000",0,0,0,"30,000","520,000","-490,000","-490,000"
"=""067331""",矽統元大47購03  ,0,0,0,0,0,0,0,0,0,"-492,000",0,0,0,"10,000","502,000","-492,000","-492,000"
"=""053566""",陽明元大44購12  ,0,0,0,0,0,0,0,0,0,"-493,000",0,0,0,"85,000","578,000","-493,000","-493,000"
"=""006208""",富邦台50        ,"28,461","40,030","-11,569",0,0,0,0,0,0,"-482,752",0,0,0,"360,195","842,947","-482,752","-494,321"
1102,亞泥            ,"1,408,094","2,520,147","-1,112,053",0,0,0,"740,000","77,275","662,725","-47,000","10,000",0,"10,000","8,000","65,000","-57,000","-496,328"
"=""052886""",滬深2X國泰46購02,0,0,0,0,0,0,0,0,0,"-497,000",0,0,0,"4,000","501,000","-497,000","-497,000"
"=""053214""",華城富邦46購01  ,0,0,0,0,0,0,0,0,0,"-498,000",0,0,0,"1,000","499,000","-498,000","-498,000"
"=""050323""",元石油永豐43購01,0,0,0,0,0,0,0,0,0,"-498,000",0,0,0,"22,000","520,000","-498,000","-498,000"
"=""069190""",世芯統一53購02  ,0,0,0,0,0,0,0,0,0,"-498,000",0,0,0,0,"498,000","-498,000","-498,000"
"=""059414""",宇隆群益46購02  ,0,0,0,0,0,0,0,0,0,"-498,000",0,0,0,"1,000","499,000","-498,000","-498,000"
"=""067170""",世芯元大47購23  ,0,0,0,0,0,0,0,0,0,"-499,000",0,0,0,0,"499,000","-499,000","-499,000"
"=""058921""",T50反1凱基3C購01,0,0,0,0,0,0,0,0,0,"-499,000",0,0,0,0,"499,000","-499,000","-499,000"
"=""059895""",金像電群益45購03,0,0,0,0,0,0,0,0,0,"-499,000",0,0,0,0,"499,000","-499,000","-499,000"
"=""066559""",日月光凱基47購03,0,0,0,0,0,0,0,0,0,"-499,000",0,0,0,0,"499,000","-499,000","-499,000"
"=""08132U""",致茂元大31售01  ,0,0,0,0,0,0,0,0,0,"-499,000",0,0,0,0,"499,000","-499,000","-499,000"
"=""046304""",潤隆元大48購01  ,0,0,0,0,0,0,0,0,0,"-499,000",0,0,0,0,"499,000","-499,000","-499,000"
"=""057945""",神達元大47購01  ,0,0,0,0,0,0,0,0,0,"-499,000",0,0,0,0,"499,000","-499,000","-499,000"
"=""063189""",南亞科群益4C購01,0,0,0,0,0,0,0,0,0,"-499,000",0,0,0,"102,000","601,000","-499,000","-499,000"
"=""056217""",威盛群益44購14  ,0,0,0,0,0,0,0,0,0,"-499,000",0,0,0,0,"499,000","-499,000","-499,000"
"=""052260""",世芯兆豐46購01  ,0,0,0,0,0,0,0,0,0,"-499,000",0,0,0,0,"499,000","-499,000","-499,000"
"=""057427""",友達兆豐47購01  ,0,0,0,0,0,0,0,0,0,"-500,000",0,0,0,0,"500,000","-500,000","-500,000"
"=""055141""",香港2X富邦47購01,0,0,0,0,0,0,0,0,0,"-500,000",0,0,0,0,"500,000","-500,000","-500,000"
"=""069429""",台積電群益48購19,0,0,0,0,0,0,0,0,0,"-500,000",0,0,0,"10,000","510,000","-500,000","-500,000"
"=""03921T""",南電元大34售09  ,0,0,0,0,0,0,0,0,0,"-501,000",0,0,0,0,"501,000","-501,000","-501,000"
"=""059594""",臺股指元大4B購03,0,0,0,0,0,0,0,0,0,"-501,000",0,0,0,0,"501,000","-501,000","-501,000"
"=""067182""",元債2X元大3B購01,0,0,0,0,0,0,0,0,0,"-501,000",0,0,0,0,"501,000","-501,000","-501,000"
"=""067181""",聯電富邦4B購02  ,0,0,0,0,0,0,0,0,0,"-502,000",0,0,0,0,"502,000","-502,000","-502,000"
"=""060002""",振樺電元大45購04,0,0,0,0,0,0,0,0,0,"-502,000",0,0,0,0,"502,000","-502,000","-502,000"
"=""069864""",滬深2X凱基4B購04,0,0,0,0,0,0,0,0,0,"-502,000",0,0,0,0,"502,000","-502,000","-502,000"
6120,達運            ,"516,000","1,027,000","-511,000",0,0,0,0,0,0,"7,775","9,000","1,225","7,775",0,0,0,"-503,225"
"=""050257""",威盛凱基43購08  ,0,0,0,0,0,0,0,0,0,"-504,000",0,0,0,0,"504,000","-504,000","-504,000"
6550,北極星藥業-KY   ,"78,000","584,000","-506,000",0,0,0,0,0,0,"1,258","10,000","9,742",258,"1,000",0,"1,000","-504,742"
"=""042655""",大立光國泰56購01,0,0,0,0,0,0,0,0,0,"-507,000",0,0,0,0,"507,000","-507,000","-507,000"
"=""061633""",正崴元大46購12  ,0,0,0,0,0,0,0,0,0,"-508,000",0,0,0,"36,000","544,000","-508,000","-508,000"
"=""054014""",華通元富44購05  ,0,0,0,0,0,0,0,0,0,"-509,000",0,0,0,0,"509,000","-509,000","-509,000"
"=""048867""",台光電兆豐44購02,0,0,0,0,0,0,0,0,0,"-509,000",0,0,0,"195,000","704,000","-509,000","-509,000"
4915,致伸            ,"551,757","1,052,000","-500,243",0,0,0,"11,000","62,083","-51,083","42,022","80,000","31,978","48,022","3,000","9,000","-6,000","-509,304"
"=""050142""",緯創凱基44購03  ,0,0,0,0,0,0,0,0,0,"-518,000",0,0,0,0,"518,000","-518,000","-518,000"
"=""057795""",鴻準統一4B購04  ,0,0,0,0,0,0,0,0,0,"-518,000",0,0,0,"260,000","778,000","-518,000","-518,000"
"=""050010""",中興電國票44購01,0,0,0,0,0,0,0,0,0,"-519,000",0,0,0,0,"519,000","-519,000","-519,000"
"=""049058""",景碩凱基43購07  ,0,0,0,0,0,0,0,0,0,"-519,000",0,0,0,0,"519,000","-519,000","-519,000"
"=""051858""",文曄元大43購01  ,0,0,0,0,0,0,0,0,0,"-519,000",0,0,0,"174,000","693,000","-519,000","-519,000"
"=""03384T""",晶心科元大33售04,0,0,0,0,0,0,0,0,0,"-521,000",0,0,0,0,"521,000","-521,000","-521,000"
3450,聯鈞            ,"3,681,600","3,269,000","412,600",0,0,0,0,0,0,"-934,121","67,038","36,914","30,124","168,000","1,132,245","-964,245","-521,521"
"=""066026""",聯發科群益47購10,0,0,0,0,0,0,0,0,0,"-523,000",0,0,0,0,"523,000","-523,000","-523,000"
"=""056578""",緯創元大45購03  ,0,0,0,0,0,0,0,0,0,"-524,000",0,0,0,0,"524,000","-524,000","-524,000"
"=""057082""",緯創元大45購10  ,0,0,0,0,0,0,0,0,0,"-524,000",0,0,0,"12,000","536,000","-524,000","-524,000"
"=""051019""",正文富邦45購01  ,0,0,0,0,0,0,0,0,0,"-524,000",0,0,0,"104,000","628,000","-524,000","-524,000"
"=""050366""",陽明元大43購14  ,0,0,0,0,0,0,0,0,0,"-526,000",0,0,0,"3,000","529,000","-526,000","-526,000"
"=""056401""",天虹元大49購02  ,0,0,0,0,0,0,0,0,0,"-528,000",0,0,0,"19,000","547,000","-528,000","-528,000"
"=""051130""",建漢凱基47購03  ,0,0,0,0,0,0,0,0,0,"-530,000",0,0,0,"70,000","600,000","-530,000","-530,000"
"=""066302""",菱光元大47購01  ,0,0,0,0,0,0,0,0,0,"-532,000",0,0,0,0,"532,000","-532,000","-532,000"
1810,和成            ,"106,000","625,000","-519,000",0,0,0,0,0,0,"-15,000",0,"15,000","-15,000",0,0,0,"-534,000"
"=""050283""",緯穎元富49購04  ,0,0,0,0,0,0,0,0,0,"-535,000",0,0,0,0,"535,000","-535,000","-535,000"
"=""053164""",群創國泰46購01  ,0,0,0,0,0,0,0,0,0,"-536,000",0,0,0,"216,000","752,000","-536,000","-536,000"
"=""069186""",大立光富邦3C購01,0,0,0,0,0,0,0,0,0,"-538,000",0,0,0,0,"538,000","-538,000","-538,000"
"=""056193""",技嘉群益42購01  ,0,0,0,0,0,0,0,0,0,"-539,000",0,0,0,"10,000","549,000","-539,000","-539,000"
2436,偉詮電          ,"602,000","1,204,000","-602,000",0,0,0,0,0,0,"62,254","26,000","7,237","18,763","46,711","3,220","43,491","-539,746"
"=""058069""",愛普國票47購01  ,0,0,0,0,0,0,0,0,0,"-540,000",0,0,0,"10,000","550,000","-540,000","-540,000"
"=""058008""",東哥永豐45購01  ,0,0,0,0,0,0,0,0,0,"-544,000",0,0,0,"156,000","700,000","-544,000","-544,000"
"=""055597""",景碩凱基46購04  ,0,0,0,0,0,0,0,0,0,"-550,000",0,0,0,"5,000","555,000","-550,000","-550,000"
"=""050652""",滬深2X永豐45購02,0,0,0,0,0,0,0,0,0,"-550,000",0,0,0,"50,000","600,000","-550,000","-550,000"
"=""051398""",南電富邦46購02  ,0,0,0,0,0,0,0,0,0,"-550,000",0,0,0,0,"550,000","-550,000","-550,000"
1319,東陽            ,"1,534,000","2,126,000","-592,000",0,0,0,"55,000",0,"55,000","-15,093","157,513","254,000","-96,487","178,548","97,154","81,394","-552,093"
"=""060715""",鴻準群益4A購02  ,0,0,0,0,0,0,0,0,0,"-553,000",0,0,0,"74,000","627,000","-553,000","-553,000"
"=""00641R""",富邦日本反1     ,0,0,0,0,0,0,0,0,0,"-557,812",0,0,0,"222,000","779,812","-557,812","-557,812"
"=""059466""",緯穎元富4A購02  ,0,0,0,0,0,0,0,0,0,"-564,000",0,0,0,"22,000","586,000","-564,000","-564,000"
6451,訊芯-KY         ,"337,000","947,000","-610,000",0,0,0,0,0,0,"45,390","27,001","7,340","19,661","37,000","11,271","25,729","-564,610"
"=""064664""",元債2X元大54購02,0,0,0,0,0,0,0,0,0,"-565,000",0,0,0,0,"565,000","-565,000","-565,000"
"=""057804""",未來車元富46購01,0,0,0,0,0,0,0,0,0,"-567,000",0,0,0,"26,000","593,000","-567,000","-567,000"
"=""052240""",世紀鋼凱基45購03,0,0,0,0,0,0,0,0,0,"-570,000",0,0,0,0,"570,000","-570,000","-570,000"
"=""051382""",材料元大43購44  ,0,0,0,0,0,0,0,0,0,"-572,000",0,0,0,"34,000","606,000","-572,000","-572,000"
"=""060787""",緯穎元大46購11  ,0,0,0,0,0,0,0,0,0,"-572,000",0,0,0,"20,000","592,000","-572,000","-572,000"
"=""059754""",長榮元大45購30  ,0,0,0,0,0,0,0,0,0,"-574,000",0,0,0,0,"574,000","-574,000","-574,000"
"=""059325""",緯創群益45購16  ,0,0,0,0,0,0,0,0,0,"-576,000",0,0,0,"272,000","848,000","-576,000","-576,000"
3033,威健            ,"418,000","1,002,000","-584,000",0,0,0,0,"1,000","-1,000","5,600","39,037","33,225","5,812",0,212,-212,"-579,400"
"=""055748""",崇越元大44購01  ,0,0,0,0,0,0,0,0,0,"-580,000",0,0,0,0,"580,000","-580,000","-580,000"
"=""056117""",訊芯元大44購12  ,0,0,0,0,0,0,0,0,0,"-580,000",0,0,0,"20,000","600,000","-580,000","-580,000"
"=""061329""",川湖凱基46購05  ,0,0,0,0,0,0,0,0,0,"-580,000",0,0,0,0,"580,000","-580,000","-580,000"
"=""051323""",南港國票43購01  ,0,0,0,0,0,0,0,0,0,"-581,000",0,0,0,"10,000","591,000","-581,000","-581,000"
2723,美食-KY         ,"305,000","886,956","-581,956",0,0,0,0,0,0,74,"9,000","8,926",74,"3,000","3,000",0,"-581,882"
"=""052242""",聯電國泰46購02  ,0,0,0,0,0,0,0,0,0,"-583,000",0,0,0,"182,000","765,000","-583,000","-583,000"
"=""060790""",台灣50元富46購11,0,0,0,0,0,0,0,0,0,"-583,000",0,0,0,"239,000","822,000","-583,000","-583,000"
"=""059868""",虹堡元富45購01  ,0,0,0,0,0,0,0,0,0,"-587,000",0,0,0,0,"587,000","-587,000","-587,000"
"=""00700""",富邦�琤肭磪�    ,"29,000","29,000",0,0,0,0,0,0,0,"-590,700",0,0,0,"121,024","711,724","-590,700","-590,700"
"=""085441""",廣宇永豐4C購02  ,0,0,0,0,0,0,0,0,0,"-591,000",0,0,0,"10,000","601,000","-591,000","-591,000"
1560,中砂            ,"230,000","824,000","-594,000",0,0,0,"109,000","3,000","106,000","-103,407","11,000",0,"11,000","29,000","143,407","-114,407","-591,407"
2442,新美齊          ,"189,000","778,000","-589,000",0,0,0,0,0,0,"-5,239","2,001","7,240","-5,239",0,0,0,"-594,239"
"=""059378""",緯穎元大4A購02  ,0,0,0,0,0,0,0,0,0,"-606,000",0,0,0,"499,000","1,105,000","-606,000","-606,000"
"=""059409""",長榮國泰47購01  ,0,0,0,0,0,0,0,0,0,"-606,000",0,0,0,"1,000","607,000","-606,000","-606,000"
"=""00671R""",富邦NASDAQ反1   ,0,0,0,0,0,0,0,0,0,"-607,000",0,0,0,"1,272,000","1,879,000","-607,000","-607,000"
"=""066965""",國產元大47購02  ,0,0,0,0,0,0,0,0,0,"-608,000",0,0,0,0,"608,000","-608,000","-608,000"
"=""08705U""",嘉澤凱基33售02  ,0,0,0,0,0,0,0,0,0,"-610,000",0,0,0,0,"610,000","-610,000","-610,000"
"=""056277""",緯穎國泰47購01  ,0,0,0,0,0,0,0,0,0,"-610,000",0,0,0,0,"610,000","-610,000","-610,000"
"=""063361""",世芯凱基48購06  ,0,0,0,0,0,0,0,0,0,"-612,000",0,0,0,0,"612,000","-612,000","-612,000"
"=""052508""",瑞祺永豐46購01  ,0,0,0,0,0,0,0,0,0,"-612,000",0,0,0,"258,000","870,000","-612,000","-612,000"
"=""060722""",一詮群益46購05  ,0,0,0,0,0,0,0,0,0,"-618,000",0,0,0,"82,000","700,000","-618,000","-618,000"
"=""068390""",陽明統一52購01  ,0,0,0,0,0,0,0,0,0,"-619,000",0,0,0,"25,000","644,000","-619,000","-619,000"
"=""067726""",世芯元大47購26  ,0,0,0,0,0,0,0,0,0,"-621,000",0,0,0,"157,000","778,000","-621,000","-621,000"
"=""049666""",美債2X元大46購03,0,0,0,0,0,0,0,0,0,"-627,000",0,0,0,"494,000","1,121,000","-627,000","-627,000"
2458,義隆            ,"648,000","1,202,000","-554,000",0,0,0,"85,000","6,223","78,777","-158,196","13,875","40,071","-26,196","35,000","167,000","-132,000","-633,419"
"=""064660""",元債2X元大46購07,0,0,0,0,0,0,0,0,0,"-634,000",0,0,0,"7,000","641,000","-634,000","-634,000"
"=""069581""",威盛統一52購03  ,0,0,0,0,0,0,0,0,0,"-635,000",0,0,0,0,"635,000","-635,000","-635,000"
"=""066269""",威盛元大47購09  ,0,0,0,0,0,0,0,0,0,"-638,000",0,0,0,"324,000","962,000","-638,000","-638,000"
"=""073669""",群創元大4C購01  ,0,0,0,0,0,0,0,0,0,"-641,000",0,0,0,"16,000","657,000","-641,000","-641,000"
"=""065897""",智邦凱基48購05  ,0,0,0,0,0,0,0,0,0,"-646,000",0,0,0,"793,000","1,439,000","-646,000","-646,000"
"=""049969""",長榮凱基43購14  ,0,0,0,0,0,0,0,0,0,"-650,000",0,0,0,0,"650,000","-650,000","-650,000"
"=""04921T""",亞力國票37售03  ,0,0,0,0,0,0,0,0,0,"-652,000",0,0,0,"42,000","694,000","-652,000","-652,000"
"=""065360""",佳世達群益4B購01,0,0,0,0,0,0,0,0,0,"-656,000",0,0,0,0,"656,000","-656,000","-656,000"
"=""066629""",南電富邦4A購01  ,0,0,0,0,0,0,0,0,0,"-659,000",0,0,0,"25,000","684,000","-659,000","-659,000"
"=""058836""",智原統一4B購04  ,0,0,0,0,0,0,0,0,0,"-659,000",0,0,0,"11,000","670,000","-659,000","-659,000"
"=""057831""",辛耘永豐45購05  ,0,0,0,0,0,0,0,0,0,"-659,000",0,0,0,0,"659,000","-659,000","-659,000"
"=""053761""",崇越永豐46購01  ,0,0,0,0,0,0,0,0,0,"-663,000",0,0,0,"10,000","673,000","-663,000","-663,000"
"=""052654""",中鴻永豐46購02  ,0,0,0,0,0,0,0,0,0,"-665,000",0,0,0,0,"665,000","-665,000","-665,000"
"=""061682""",可成群益46購01  ,0,0,0,0,0,0,0,0,0,"-675,000",0,0,0,"131,000","806,000","-675,000","-675,000"
"=""066168""",緯穎統一41購01  ,0,0,0,0,0,0,0,0,0,"-675,000",0,0,0,"24,000","699,000","-675,000","-675,000"
2401,凌陽            ,"2,449,000","2,654,000","-205,000",0,0,0,0,0,0,"-474,000","26,000","304,000","-278,000","25,000","221,000","-196,000","-679,000"
2488,漢平            ,"126,000","789,000","-663,000",0,0,0,0,0,0,"-17,220",0,"17,000","-17,000","6,000","6,220",-220,"-680,220"
"=""063844""",聯發科群益46購12,0,0,0,0,0,0,0,0,0,"-690,000",0,0,0,"10,000","700,000","-690,000","-690,000"
"=""054624""",全科國票44購01  ,0,0,0,0,0,0,0,0,0,"-691,000",0,0,0,"10,000","701,000","-691,000","-691,000"
1802,台玻            ,"453,000","1,133,000","-680,000",0,0,0,0,0,0,"-12,197","1,000","23,182","-22,182","27,000","17,015","9,985","-692,197"
"=""00642U""",期元大S&P石油   ,"244,000","37,000","207,000",0,0,0,0,0,0,"-901,428",0,0,0,"445,000","1,346,428","-901,428","-694,428"
"=""050682""",台塑元富43購02  ,0,0,0,0,0,0,0,0,0,"-695,000",0,0,0,"209,000","904,000","-695,000","-695,000"
"=""058192""",日電貿永豐47購01,0,0,0,0,0,0,0,0,0,"-697,000",0,0,0,"6,000","703,000","-697,000","-697,000"
9945,潤泰新          ,"1,381,030","2,085,640","-704,610",0,0,0,0,0,0,"5,330","10,000","7,670","2,330","4,000","1,000","3,000","-699,280"
"=""047634""",樺漢國票43購03  ,0,0,0,0,0,0,0,0,0,"-700,000",0,0,0,0,"700,000","-700,000","-700,000"
"=""052428""",偉詮電富邦46購01,0,0,0,0,0,0,0,0,0,"-711,000",0,0,0,"8,000","719,000","-711,000","-711,000"
6415,矽力*-KY        ,"1,009,103","1,705,792","-696,689",0,0,0,0,"4,000","-4,000","-11,728","3,470","8,607","-5,137","5,000","11,591","-6,591","-712,417"
"=""00636""",國泰中國A50     ,"68,000","44,000","24,000",0,0,0,0,0,0,"-737,572",0,0,0,"386,006","1,123,578","-737,572","-713,572"
"=""03809T""",承業醫國票34售01,0,0,0,0,0,0,0,0,0,"-717,000",0,0,0,"3,000","720,000","-717,000","-717,000"
"=""061158""",康舒元富4C購01  ,0,0,0,0,0,0,0,0,0,"-717,000",0,0,0,"24,000","741,000","-717,000","-717,000"
"=""063339""",FANG+凱基46購01 ,0,0,0,0,0,0,0,0,0,"-722,000",0,0,0,"49,000","771,000","-722,000","-722,000"
"=""055082""",大銀群益44購02  ,0,0,0,0,0,0,0,0,0,"-723,000",0,0,0,"85,000","808,000","-723,000","-723,000"
"=""063167""",世芯元富46購12  ,0,0,0,0,0,0,0,0,0,"-726,000",0,0,0,"111,000","837,000","-726,000","-726,000"
"=""063943""",華晶科國票47購02,0,0,0,0,0,0,0,0,0,"-734,000",0,0,0,"199,000","933,000","-734,000","-734,000"
"=""061100""",達發永豐47購01  ,0,0,0,0,0,0,0,0,0,"-735,000",0,0,0,"295,000","1,030,000","-735,000","-735,000"
8210,勤誠            ,"2,811,000","3,585,100","-774,100",0,0,0,"384,000","252,000","132,000","-97,510","127,001","73,815","53,186","38,707","189,403","-150,696","-739,610"
"=""068494""",鴻海元大48購06  ,0,0,0,0,0,0,0,0,0,"-750,000",0,0,0,"99,000","849,000","-750,000","-750,000"
6235,華孚            ,"355,100","1,026,509","-671,409",0,0,0,0,"43,000","-43,000","-36,157","24,000","27,757","-3,757","6,600","39,000","-32,400","-750,566"
2360,致茂            ,"1,588,000","1,922,000","-334,000",0,0,0,"1,000","401,196","-400,196","-16,704","5,000","15,000","-10,000","5,000","11,704","-6,704","-750,900"
"=""066608""",川湖兆豐47購01  ,0,0,0,0,0,0,0,0,0,"-751,000",0,0,0,"373,000","1,124,000","-751,000","-751,000"
"=""00935""",野村臺灣新科技50,0,0,0,0,0,0,0,0,0,"-754,407",0,0,0,"3,858,000","4,612,407","-754,407","-754,407"
"=""047574""",冠德統一46購02  ,0,0,0,0,0,0,0,0,0,"-766,000",0,0,0,"777,000","1,543,000","-766,000","-766,000"
"=""063000""",矽統群益46購01  ,0,0,0,0,0,0,0,0,0,"-767,000",0,0,0,"1,000","768,000","-767,000","-767,000"
"=""061342""",新日興凱基47購01,0,0,0,0,0,0,0,0,0,"-769,000",0,0,0,0,"769,000","-769,000","-769,000"
"=""059875""",東陽群益45購02  ,0,0,0,0,0,0,0,0,0,"-772,000",0,0,0,"115,000","887,000","-772,000","-772,000"
"=""064006""",元債2X國泰48購01,0,0,0,0,0,0,0,0,0,"-772,000",0,0,0,0,"772,000","-772,000","-772,000"
"=""053729""",滬深2X統一52購03,0,0,0,0,0,0,0,0,0,"-774,000",0,0,0,"945,000","1,719,000","-774,000","-774,000"
"=""052350""",萬海永豐44購04  ,0,0,0,0,0,0,0,0,0,"-780,000",0,0,0,"5,000","785,000","-780,000","-780,000"
"=""042600""",致茂凱基56購01  ,0,0,0,0,0,0,0,0,0,"-784,000",0,0,0,"412,000","1,196,000","-784,000","-784,000"
"=""063893""",世芯元大46購33  ,0,0,0,0,0,0,0,0,0,"-786,000",0,0,0,"1,000","787,000","-786,000","-786,000"
"=""068335""",滬深2X永豐48購06,0,0,0,0,0,0,0,0,0,"-797,000",0,0,0,"10,000","807,000","-797,000","-797,000"
"=""065542""",國巨國泰48購02  ,0,0,0,0,0,0,0,0,0,"-800,000",0,0,0,"8,000","808,000","-800,000","-800,000"
"=""061759""",凌陽元富46購01  ,0,0,0,0,0,0,0,0,0,"-800,000",0,0,0,0,"800,000","-800,000","-800,000"
"=""054329""",凱基金群益44購03,0,0,0,0,0,0,0,0,0,"-800,000",0,0,0,"90,000","890,000","-800,000","-800,000"
"=""043881""",崇越凱基55購03  ,0,0,0,0,0,0,0,0,0,"-803,000",0,0,0,"56,000","859,000","-803,000","-803,000"
"=""051651""",台光電群益43購12,0,0,0,0,0,0,0,0,0,"-810,000",0,0,0,"152,000","962,000","-810,000","-810,000"
2332,友訊            ,"642,000","1,452,000","-810,000",0,0,0,0,0,0,"-5,000","1,000","5,000","-4,000",0,"1,000","-1,000","-815,000"
"=""068542""",力積電富邦4A購02,0,0,0,0,0,0,0,0,0,"-816,000",0,0,0,"59,000","875,000","-816,000","-816,000"
"=""03719T""",亞翔元大34售09  ,0,0,0,0,0,0,0,0,0,"-820,000",0,0,0,"10,000","830,000","-820,000","-820,000"
2454,聯發科          ,"3,391,110","3,937,669","-546,559",0,0,0,"331,000","596,409","-265,409","-12,304","68,000","32,000","36,000","29,840","78,144","-48,304","-824,272"
2489,瑞軒            ,"267,000","1,068,000","-801,000",0,0,0,0,0,0,"-24,000","4,000","28,000","-24,000",0,0,0,"-825,000"
"=""0050""",元大台灣50      ,"641,419","1,411,100","-769,681",0,0,0,0,0,0,"-56,768","14,000","5,000","9,000","289,836","355,604","-65,768","-826,449"
"=""03591B""",臺股指元大32熊02,0,0,0,0,0,0,0,0,0,"-831,000",0,0,0,"205,000","1,036,000","-831,000","-831,000"
2457,飛宏            ,"977,000","1,577,000","-600,000",0,0,0,0,"436,000","-436,000","200,156","20,000","19,829",171,"300,145","100,160","199,985","-835,844"
"=""051077""",台化永豐44購02  ,0,0,0,0,0,0,0,0,0,"-842,000",0,0,0,"190,000","1,032,000","-842,000","-842,000"
"=""051386""",迅得元大43購02  ,0,0,0,0,0,0,0,0,0,"-844,000",0,0,0,0,"844,000","-844,000","-844,000"
3576,聯合再生        ,"298,000","1,176,000","-878,000",0,0,0,0,0,0,"28,083","35,000","6,917","28,083",0,0,0,"-849,917"
"=""03287T""",至上元大34售01  ,0,0,0,0,0,0,0,0,0,"-851,000",0,0,0,0,"851,000","-851,000","-851,000"
"=""062491""",神達統一5C購01  ,0,0,0,0,0,0,0,0,0,"-852,000",0,0,0,0,"852,000","-852,000","-852,000"
1905,華紙            ,"1,657,000","2,674,000","-1,017,000",0,0,0,0,0,0,"149,610","51,610","14,000","37,610","129,000","17,000","112,000","-867,390"
"=""059201""",富鼎元大45購04  ,0,0,0,0,0,0,0,0,0,"-871,000",0,0,0,"86,000","957,000","-871,000","-871,000"
"=""068878""",昇陽半永豐4A購01,0,0,0,0,0,0,0,0,0,"-871,000",0,0,0,"100,000","971,000","-871,000","-871,000"
"=""062742""",智邦富邦48購02  ,0,0,0,0,0,0,0,0,0,"-875,000",0,0,0,"270,000","1,145,000","-875,000","-875,000"
"=""069378""",精銳永豐52購01  ,0,0,0,0,0,0,0,0,0,"-877,000",0,0,0,0,"877,000","-877,000","-877,000"
"=""056983""",S&P正2國票47購01,0,0,0,0,0,0,0,0,0,"-877,000",0,0,0,"29,000","906,000","-877,000","-877,000"
"=""057981""",材料群益45購05  ,0,0,0,0,0,0,0,0,0,"-878,000",0,0,0,0,"878,000","-878,000","-878,000"
"=""062943""",美費半元大47購01,0,0,0,0,0,0,0,0,0,"-883,000",0,0,0,0,"883,000","-883,000","-883,000"
2308,台達電          ,"3,258,844","4,118,031","-859,187",0,0,0,"2,000","5,958","-3,958","-20,191","18,000","21,009","-3,009","30,000","47,182","-17,182","-883,336"
3583,辛耘            ,"182,000","423,000","-241,000",0,0,0,0,"622,000","-622,000","-31,576","3,000","12,010","-9,010","41,000","63,566","-22,566","-894,576"
"=""046935""",大立光國泰44購02,0,0,0,0,0,0,0,0,0,"-899,000",0,0,0,0,"899,000","-899,000","-899,000"
"=""064883""",新日興群益47購03,0,0,0,0,0,0,0,0,0,"-900,000",0,0,0,0,"900,000","-900,000","-900,000"
"=""059908""",全漢群益45購01  ,0,0,0,0,0,0,0,0,0,"-901,000",0,0,0,"73,000","974,000","-901,000","-901,000"
4142,國光生          ,"378,000","1,304,000","-926,000",0,0,0,0,0,0,"7,614","15,000","1,386","13,614",0,"6,000","-6,000","-918,386"
"=""052220""",國企2X凱基45購04,0,0,0,0,0,0,0,0,0,"-928,000",0,0,0,"625,000","1,553,000","-928,000","-928,000"
2421,建準            ,"301,100","1,184,000","-882,900",0,0,0,0,0,0,"-50,053","7,000","4,053","2,947","6,000","59,000","-53,000","-932,953"
"=""050482""",台光電元大49購02,0,0,0,0,0,0,0,0,0,"-935,000",0,0,0,"70,000","1,005,000","-935,000","-935,000"
"=""062490""",神達統一58購01  ,0,0,0,0,0,0,0,0,0,"-948,000",0,0,0,0,"948,000","-948,000","-948,000"
"=""045283""",台積電統一4C購05,0,0,0,0,0,0,0,0,0,"-953,000",0,0,0,"2,000","955,000","-953,000","-953,000"
"=""057524""",台玻元大48購01  ,0,0,0,0,0,0,0,0,0,"-960,000",0,0,0,"8,000","968,000","-960,000","-960,000"
"=""053255""",中租元大47購02  ,0,0,0,0,0,0,0,0,0,"-980,000",0,0,0,0,"980,000","-980,000","-980,000"
"=""048440""",京鼎元大43購01  ,0,0,0,0,0,0,0,0,0,"-998,000",0,0,0,0,"998,000","-998,000","-998,000"
"=""050110""",台達電國泰45購01,0,0,0,0,0,0,0,0,0,"-998,000",0,0,0,0,"998,000","-998,000","-998,000"
"=""069564""",材料群益4C購01  ,0,0,0,0,0,0,0,0,0,"-1,000,000",0,0,0,0,"1,000,000","-1,000,000","-1,000,000"
"=""059937""",威盛國票46購05  ,0,0,0,0,0,0,0,0,0,"-1,002,000",0,0,0,0,"1,002,000","-1,002,000","-1,002,000"
"=""049225""",東科群益45購01  ,0,0,0,0,0,0,0,0,0,"-1,003,000",0,0,0,0,"1,003,000","-1,003,000","-1,003,000"
3041,揚智            ,"1,668,000","2,677,000","-1,009,000",0,0,0,0,0,0,"-1,000",0,"1,000","-1,000",0,0,0,"-1,010,000"
2867,三商壽          ,"64,000","1,078,000","-1,014,000",0,0,0,0,0,0,-168,0,0,0,"1,000","1,168",-168,"-1,014,168"
1609,大亞            ,"6,562,000","8,103,311","-1,541,311",0,0,0,0,0,0,"516,521","243,999","245,866","-1,867","722,388","204,000","518,388","-1,024,790"
"=""057098""",天虹元大45購05  ,0,0,0,0,0,0,0,0,0,"-1,025,000",0,0,0,"26,000","1,051,000","-1,025,000","-1,025,000"
2382,廣達            ,"6,421,751","8,379,877","-1,958,126",0,0,0,"1,041,000","30,717","1,010,283","-82,900","337,851","448,742","-110,891","52,991","25,000","27,991","-1,030,743"
"=""061102""",大立光富邦3A購01,0,0,0,0,0,0,0,0,0,"-1,031,000",0,0,0,0,"1,031,000","-1,031,000","-1,031,000"
2542,興富發          ,"508,300","1,452,000","-943,700",0,0,0,0,0,0,"-100,531","5,000","28,294","-23,294","4,000","81,237","-77,237","-1,044,231"
"=""056276""",奇鋐國泰47購01  ,0,0,0,0,0,0,0,0,0,"-1,045,000",0,0,0,"18,000","1,063,000","-1,045,000","-1,045,000"
"=""04789T""",高力國票35售04  ,0,0,0,0,0,0,0,0,0,"-1,049,000",0,0,0,"15,000","1,064,000","-1,049,000","-1,049,000"
2891,中信金          ,"13,145,800","13,549,656","-403,856",0,0,0,0,"334,937","-334,937","-332,155","14,000","219,351","-205,351","156,000","282,804","-126,804","-1,070,948"
"=""067934""",佳能富邦49購01  ,0,0,0,0,0,0,0,0,0,"-1,072,000",0,0,0,"408,000","1,480,000","-1,072,000","-1,072,000"
"=""00738U""",期元大道瓊白銀  ,"12,000","69,000","-57,000",0,0,0,0,0,0,"-1,016,451",0,0,0,"7,000","1,023,451","-1,016,451","-1,073,451"
2606,裕民            ,"4,968,000","3,035,533","1,932,467",0,0,0,"1,000","3,272,204","-3,271,204","264,280","571,000","262,720","308,280","33,000","77,000","-44,000","-1,074,457"
"=""058716""",臺股指國票45購10,0,0,0,0,0,0,0,0,0,"-1,077,000",0,0,0,"159,000","1,236,000","-1,077,000","-1,077,000"
"=""067588""",台灣50元富47購15,0,0,0,0,0,0,0,0,0,"-1,096,000",0,0,0,"1,000","1,097,000","-1,096,000","-1,096,000"
"=""048452""",臺股指元大42購24,0,0,0,0,0,0,0,0,0,"-1,098,000",0,0,0,0,"1,098,000","-1,098,000","-1,098,000"
"=""03545T""",晶心科元大33售07,0,0,0,0,0,0,0,0,0,"-1,099,000",0,0,0,0,"1,099,000","-1,099,000","-1,099,000"
"=""050803""",中砂永豐44購01  ,0,0,0,0,0,0,0,0,0,"-1,104,000",0,0,0,"200,000","1,304,000","-1,104,000","-1,104,000"
"=""067642""",世紀鋼統一51購02,0,0,0,0,0,0,0,0,0,"-1,105,000",0,0,0,"50,000","1,155,000","-1,105,000","-1,105,000"
"=""057840""",華城凱基45購01  ,0,0,0,0,0,0,0,0,0,"-1,121,000",0,0,0,"97,000","1,218,000","-1,121,000","-1,121,000"
"=""062035""",緯創國泰48購02  ,0,0,0,0,0,0,0,0,0,"-1,126,000",0,0,0,"60,000","1,186,000","-1,126,000","-1,126,000"
"=""067169""",創意群益3B購01  ,0,0,0,0,0,0,0,0,0,"-1,128,000",0,0,0,"169,000","1,297,000","-1,128,000","-1,128,000"
3032,偉訓            ,"235,000","1,299,000","-1,064,000",0,0,0,0,0,0,"-81,011",0,"61,637","-61,637",0,"19,374","-19,374","-1,145,011"
6806,森崴能源        ,"485,000","1,143,000","-658,000",0,0,0,0,"400,000","-400,000","-87,353","22,000","109,353","-87,353",0,0,0,"-1,145,353"
"=""049708""",美債2X元富4B購01,0,0,0,0,0,0,0,0,0,"-1,157,000",0,0,0,"125,000","1,282,000","-1,157,000","-1,157,000"
"=""056615""",聯電富邦47購01  ,0,0,0,0,0,0,0,0,0,"-1,184,000",0,0,0,"15,000","1,199,000","-1,184,000","-1,184,000"
2354,鴻準            ,"351,000","1,508,000","-1,157,000",0,0,0,0,0,0,"-87,259","31,000","46,264","-15,264","2,000","73,995","-71,995","-1,244,259"
2609,陽明            ,"4,775,000","5,959,666","-1,184,666",0,0,0,"238,000",0,"238,000","-326,194","250,000","545,000","-295,000","206,525","237,719","-31,194","-1,272,860"
"=""056095""",威盛元大44購24  ,0,0,0,0,0,0,0,0,0,"-1,279,000",0,0,0,0,"1,279,000","-1,279,000","-1,279,000"
"=""055577""",訊芯元富44購04  ,0,0,0,0,0,0,0,0,0,"-1,283,000",0,0,0,0,"1,283,000","-1,283,000","-1,283,000"
"=""054165""",世紀鋼永豐48購02,0,0,0,0,0,0,0,0,0,"-1,293,000",0,0,0,"5,000","1,298,000","-1,293,000","-1,293,000"
"=""03491T""",大同元富33售02  ,0,0,0,0,0,0,0,0,0,"-1,311,000",0,0,0,"80,000","1,391,000","-1,311,000","-1,311,000"
"=""066332""",國巨兆豐47購02  ,0,"5,000","-5,000",0,0,0,0,0,0,"-1,307,000",0,0,0,"24,000","1,331,000","-1,307,000","-1,312,000"
"=""051216""",元債2X元大4C購03,0,0,0,0,0,0,0,0,0,"-1,317,000",0,0,0,"1,035,000","2,352,000","-1,317,000","-1,317,000"
"=""067815""",川湖永豐4A購01  ,0,0,0,0,0,0,0,0,0,"-1,319,000",0,0,0,"26,000","1,345,000","-1,319,000","-1,319,000"
6531,愛普*           ,"1,020,000","2,369,000","-1,349,000",0,0,0,"30,000","67,067","-37,067","60,451","57,000","14,621","42,379","107,000","88,928","18,072","-1,325,616"
6005,群益證          ,"301,000","1,627,000","-1,326,000",0,0,0,0,0,0,0,0,0,0,0,0,0,"-1,326,000"
"=""00752""",中信中國50      ,"142,083","746,200","-604,117",0,0,0,0,0,0,"-723,397",0,0,0,"853,438","1,576,835","-723,397","-1,327,514"
"=""050071""",滬深2X凱基39購01,0,0,0,0,0,0,0,0,0,"-1,328,000",0,0,0,0,"1,328,000","-1,328,000","-1,328,000"
3346,麗清            ,"399,000","1,721,000","-1,322,000",0,0,0,0,0,0,"-20,000","1,000","21,000","-20,000",0,0,0,"-1,342,000"
1603,華電            ,"605,000","1,936,000","-1,331,000",0,0,0,0,0,0,"-14,000",0,"14,000","-14,000",0,0,0,"-1,345,000"
"=""055481""",威盛元大44購20  ,0,0,0,0,0,0,0,0,0,"-1,357,000",0,0,0,"47,000","1,404,000","-1,357,000","-1,357,000"
"=""054091""",台積電富邦44購05,0,0,0,0,0,0,0,0,0,"-1,358,000",0,0,0,"110,000","1,468,000","-1,358,000","-1,358,000"
"=""067283""",上銀群益47購02  ,0,0,0,0,0,0,0,0,0,"-1,380,000",0,0,0,0,"1,380,000","-1,380,000","-1,380,000"
3013,晟銘電          ,"1,745,000","2,636,000","-891,000",0,0,0,0,0,0,"-490,787","27,108","66,197","-39,089","57,000","508,698","-451,698","-1,381,787"
"=""00655L""",國泰中國A50正2  ,"396,000","716,000","-320,000",0,0,0,0,0,0,"-1,082,238",0,0,0,"3,902,244","4,984,482","-1,082,238","-1,402,238"
"=""065549""",台灣50元富47購03,0,0,0,0,0,0,0,0,0,"-1,418,000",0,0,0,"366,000","1,784,000","-1,418,000","-1,418,000"
"=""046912""",美費半凱基44購03,0,0,0,0,0,0,0,0,0,"-1,424,000",0,0,0,"9,000","1,433,000","-1,424,000","-1,424,000"
1101,台泥            ,"2,438,145","3,719,806","-1,281,661",0,0,0,0,"13,000","-13,000","-151,247","20,000",0,"20,000","53,000","224,247","-171,247","-1,445,908"
3062,建漢            ,"303,000","1,760,000","-1,457,000",0,0,0,0,0,0,"-1,924","7,000","8,000","-1,000","2,000","2,924",-924,"-1,458,924"
"=""03324T""",台積電群益34售07,0,0,0,0,0,0,0,0,0,"-1,459,000",0,0,0,0,"1,459,000","-1,459,000","-1,459,000"
"=""045730""",新日興統一48購01,0,0,0,0,0,0,0,0,0,"-1,462,000",0,0,0,"400,000","1,862,000","-1,462,000","-1,462,000"
2516,新建            ,"1,380,000","2,853,000","-1,473,000",0,0,0,0,0,0,0,0,0,0,0,0,0,"-1,473,000"
3694,海華            ,"1,227,000","2,720,000","-1,493,000",0,0,0,0,0,0,"-2,674","6,326","9,000","-2,674",0,0,0,"-1,495,674"
"=""00664R""",國泰臺灣加權反1 ,0,"13,000","-13,000",0,0,0,0,0,0,"-1,489,702",0,0,0,"512,298","2,002,000","-1,489,702","-1,502,702"
"=""03383T""",啟�痐舅j33售11  ,0,0,0,0,0,0,0,0,0,"-1,520,000",0,0,0,"11,000","1,531,000","-1,520,000","-1,520,000"
"=""050964""",元日2X元富49購02,0,0,0,0,0,0,0,0,0,"-1,548,000",0,0,0,"8,000","1,556,000","-1,548,000","-1,548,000"
"=""060542""",上銀富邦46購02  ,0,"1,563,000","-1,563,000",0,0,0,0,0,0,0,0,0,0,0,0,0,"-1,563,000"
2892,第一金          ,"2,358,000","3,895,876","-1,537,876",0,0,0,0,"42,955","-42,955","-4,451","25,000","22,451","2,549",0,"7,000","-7,000","-1,585,282"
"=""063174""",世芯元富5C購01  ,0,0,0,0,0,0,0,0,0,"-1,603,000",0,0,0,0,"1,603,000","-1,603,000","-1,603,000"
"=""057914""",SGBR2X元大47購03,0,0,0,0,0,0,0,0,0,"-1,660,000",0,0,0,"66,000","1,726,000","-1,660,000","-1,660,000"
2492,華新科          ,"2,200,928","4,226,999","-2,026,071",0,0,0,"1,000",0,"1,000","344,262","240,000","100,238","139,762","239,500","35,000","204,500","-1,680,809"
"=""052229""",萬海凱基44購02  ,0,0,0,0,0,0,0,0,0,"-1,743,000",0,0,0,"100,000","1,843,000","-1,743,000","-1,743,000"
2615,萬海            ,"3,804,713","6,057,643","-2,252,930",0,0,0,"314,000",0,"314,000","153,553","339,100","267,000","72,100","300,453","219,000","81,453","-1,785,377"
2889,國票金          ,"134,000","2,073,776","-1,939,776",0,0,0,0,0,0,"73,272",0,0,0,"73,272",0,"73,272","-1,866,504"
"=""00680L""",元大美債20正2   ,"2,521,000","2,459,000","62,000",0,0,0,0,0,0,"-1,961,649","2,925,000","904,000","2,021,000","3,079,000","7,061,649","-3,982,649","-1,899,649"
1312,國喬            ,"284,000","2,205,000","-1,921,000",0,0,0,0,0,0,"3,572","46,000","42,428","3,572",0,0,0,"-1,917,428"
"=""062753""",保瑞富邦48購05  ,0,0,0,0,0,0,0,0,0,"-1,918,000",0,0,0,"330,000","2,248,000","-1,918,000","-1,918,000"
"=""048567""",嘉澤元大44購01  ,0,0,0,0,0,0,0,0,0,"-1,987,000",0,0,0,"512,000","2,499,000","-1,987,000","-1,987,000"
1314,中石化          ,"446,000","2,380,000","-1,934,000",0,0,0,0,0,0,"-74,000","16,000","54,000","-38,000",0,"36,000","-36,000","-2,008,000"
2885,元大金          ,"5,104,888","7,027,155","-1,922,267",0,0,0,0,"30,839","-30,839","-57,000","4,000",0,"4,000",0,"61,000","-61,000","-2,010,106"
"=""052116""",順德統一48購01  ,0,"2,023,000","-2,023,000",0,0,0,0,0,0,0,0,0,0,0,0,0,"-2,023,000"
3715,定穎投控        ,"3,078,000","4,834,000","-1,756,000",0,0,0,0,"353,000","-353,000","61,265","25,000","63,402","-38,402","164,033","64,366","99,667","-2,047,735"
2317,鴻海            ,"11,142,305","13,318,252","-2,175,947",0,0,0,"147,000","1,568","145,432","-47,005","4,000","57,000","-53,000","54,995","49,000","5,995","-2,077,520"
5871,中租-KY         ,"2,579,302","4,711,065","-2,131,763",0,0,0,0,0,0,"3,169","4,000","2,040","1,960","45,000","43,791","1,209","-2,128,594"
"=""045752""",旺宏群益42購02  ,0,0,0,0,0,0,0,0,0,"-2,199,000",0,0,0,"5,000","2,204,000","-2,199,000","-2,199,000"
"=""052748""",邁達特統一51購01,0,0,0,0,0,0,0,0,0,"-2,306,000",0,0,0,0,"2,306,000","-2,306,000","-2,306,000"
"=""00713""",元大台灣高息低波,"2,196","1,199,000","-1,196,804",0,0,0,0,0,0,"-1,152,398","24,000",0,"24,000","692,000","1,868,398","-1,176,398","-2,349,202"
3035,智原            ,"2,046,500","4,703,063","-2,656,563",0,0,0,"48,000","50,107","-2,107","205,868","541,283","328,952","212,331","84,883","91,346","-6,463","-2,452,802"
"=""055920""",美債2X元大45購03,0,0,0,0,0,0,0,0,0,"-2,492,000",0,0,0,"427,000","2,919,000","-2,492,000","-2,492,000"
2329,華泰            ,"5,106,050","5,398,362","-292,312",0,0,0,0,"2,210,000","-2,210,000","-14,067","37,051","105,839","-68,788","134,721","80,000","54,721","-2,516,379"
2412,中華電          ,"1,297,210","3,824,417","-2,527,207",0,0,0,0,"16,017","-16,017","-16,939","8,000","24,000","-16,000","1,000","1,939",-939,"-2,560,163"
2881,富邦金          ,"3,868,115","5,066,325","-1,198,210",0,0,0,0,"1,507,944","-1,507,944","-24,119","37,000","38,119","-1,119","5,000","28,000","-23,000","-2,730,273"
2886,兆豐金          ,"4,699,764","7,276,359","-2,576,595",0,0,0,0,"131,104","-131,104","-36,208","51,000","16,635","34,365","33,000","103,573","-70,573","-2,743,907"
"=""00633L""",富邦上証正2     ,"800,000","602,000","198,000",0,0,0,0,0,0,"-3,333,471",0,0,0,"4,002,362","7,335,833","-3,333,471","-3,135,471"
2365,昆盈            ,"3,158,000","6,420,000","-3,262,000",0,0,0,0,0,0,"-9,000","25,000","34,000","-9,000",0,0,0,"-3,271,000"
"=""04907T""",大同永豐36售02  ,0,0,0,0,0,0,0,0,0,"-3,399,000",0,0,0,0,"3,399,000","-3,399,000","-3,399,000"
"=""067004""",元日2X元大3B購01,0,0,0,0,0,0,0,0,0,"-3,409,000",0,0,0,0,"3,409,000","-3,409,000","-3,409,000"
"=""055720""",元債2X元富42購01,0,0,0,0,0,0,0,0,0,"-3,535,000",0,0,0,"24,000","3,559,000","-3,535,000","-3,535,000"
2368,金像電          ,"2,820,100","5,751,054","-2,930,954",0,0,0,0,"1,044,000","-1,044,000","97,758","453,000","291,546","161,454","143,000","206,696","-63,696","-3,877,196"
2883,凱基金          ,"7,203,000","12,630,032","-5,427,032",0,0,0,0,0,0,"1,327,013","13,000","22,987","-9,987","1,552,000","215,000","1,337,000","-4,100,019"
1605,華新            ,"4,210,000","8,493,292","-4,283,292",0,0,0,0,0,0,"-45,729","184,000","205,681","-21,681","117,000","141,048","-24,048","-4,329,021"
6282,康舒            ,"2,452,000","6,744,000","-4,292,000",0,0,0,"501,000",0,"501,000","-567,488","372,505","344,212","28,293","97,000","692,781","-595,781","-4,358,488"
"=""00650L""",復華香港正2     ,"1,471,000","1,121,000","350,000",0,0,0,0,0,0,"-4,764,244",0,0,0,"6,207,273","10,971,517","-4,764,244","-4,414,244"
3231,緯創            ,"11,625,960","15,263,941","-3,637,981",0,0,0,"596,000","1,632,000","-1,036,000","200,961","527,000","140,889","386,111","64,000","249,150","-185,150","-4,473,020"
"=""057704""",神達台新45購01  ,0,0,0,0,0,0,0,0,0,"-4,854,000",0,0,0,"220,000","5,074,000","-4,854,000","-4,854,000"
1515,力山            ,"2,141,000","7,300,000","-5,159,000",0,0,0,0,0,0,"119,144","142,045","28,382","113,663","6,000",519,"5,481","-5,039,856"
"=""00915""",凱基優選高股息30,424,"443,000","-442,576",0,0,0,0,0,0,"-4,680,544",0,0,0,"2,294,000","6,974,544","-4,680,544","-5,123,120"
2376,技嘉            ,"4,505,830","9,414,372","-4,908,542",0,0,0,0,"500,000","-500,000","-38,790","427,232","305,000","122,232","127,571","288,593","-161,022","-5,447,332"
2882,國泰金          ,"4,236,510","9,676,846","-5,440,336",0,0,0,0,"37,726","-37,726","-103,912","66,000","250,000","-184,000","83,000","2,912","80,088","-5,581,974"
"=""00934""",中信成長高股息  ,"76,560","217,000","-140,440",0,0,0,0,0,0,"-5,712,665",0,0,0,"1,638,995","7,351,660","-5,712,665","-5,853,105"
2301,光寶科          ,"7,183,000","12,981,776","-5,798,776",0,0,0,"65,000","34,690","30,310","-444,425","69,999","195,000","-125,001","67,455","386,879","-319,424","-6,212,891"
4906,正文            ,"350,000","6,822,000","-6,472,000",0,0,0,0,"4,172","-4,172","-92,862","132,000","4,443","127,557","15,000","235,419","-220,419","-6,569,034"
"=""00665L""",富邦�琤肭磪囓�2 ,"5,790,000","7,783,000","-1,993,000",0,0,0,0,0,0,"-5,437,790","422,000","422,000",0,"23,854,545","29,292,335","-5,437,790","-7,430,790"
2323,中環            ,"410,000","8,285,000","-7,875,000",0,0,0,0,0,0,"-140,219","4,000","106,212","-102,212","3,000","41,007","-38,007","-8,015,219"
"=""00715L""",期街口布蘭特正2 ,"2,064,000","1,759,000","305,000",0,0,0,0,0,0,"-8,475,653","59,000",0,"59,000","5,032,507","13,567,160","-8,534,653","-8,170,653"
"=""00632R""",元大台灣50反1   ,0,"4,675,000","-4,675,000",0,0,0,0,0,0,"-4,165,201","50,000",0,"50,000","18,345,000","22,560,201","-4,215,201","-8,840,201"
2605,新興            ,"7,910,000","18,090,000","-10,180,000",0,0,0,0,0,0,"1,160,121","1,445,381","30,871","1,414,510","26,000","280,389","-254,389","-9,019,879"
2002,中鋼            ,"8,502,663","18,133,356","-9,630,693",0,0,0,0,"150,132","-150,132","151,543","235,000","79,527","155,473","153,000","156,930","-3,930","-9,629,282"
"=""00753L""",中信中國50正2   ,"3,695,000","5,524,000","-1,829,000",0,0,0,0,0,0,"-7,936,477","30,000",0,"30,000","4,242,045","12,208,522","-7,966,477","-9,765,477"
"=""00706L""",期元大S&P日圓正2,"48,000","1,225,000","-1,177,000",0,0,0,0,0,0,"-9,412,376",0,"495,000","-495,000","249,000","9,166,376","-8,917,376","-10,589,376"
"=""00637L""",元大滬深300正2  ,"8,644,000","1,252,000","7,392,000",0,0,0,0,0,0,"-21,925,916","35,000","832,000","-797,000","35,949,337","57,078,253","-21,128,916","-14,533,916"
2388,威盛            ,"6,262,225","20,864,422","-14,602,197",0,0,0,0,"130,000","-130,000","175,123","1,178,895","841,770","337,125","110,000","272,002","-162,002","-14,557,074"
"=""00918""",大華優利高填息30,"891,457","397,100","494,357",0,0,0,0,0,0,"-15,883,477",0,0,0,"2,452,000","18,335,477","-15,883,477","-15,389,120"
2888,新光金          ,"4,946,833","21,857,083","-16,910,250",0,0,0,0,0,0,"-1,279,219","543,000","16,285","526,715",0,"1,805,934","-1,805,934","-18,189,469"
"=""00929""",復華台灣科技優息,"999,095","10,947,060","-9,947,965",0,0,0,0,0,0,"-14,611,992",0,0,0,"8,497,999","23,109,991","-14,611,992","-24,559,957"
"=""00688L""",國泰20年美債正2 ,"1,339,000","1,778,000","-439,000",0,0,0,0,0,0,"-25,575,771",0,"400,000","-400,000","4,523,000","29,698,771","-25,175,771","-26,014,771"
"=""00882""",中信中國高股息  ,"1,186,100","4,185,000","-2,998,900",0,0,0,0,0,0,"-23,605,098",0,0,0,"2,440,000","26,045,098","-23,605,098","-26,603,998"
2618,長榮航          ,"7,506,970","31,047,173","-23,540,203",0,0,0,0,0,0,"-3,662,340","149,000","1,449,756","-1,300,756","612,000","2,973,584","-2,361,584","-27,202,543"
"=""00919""",群益台灣精選高息,"1,158,726","18,295,000","-17,136,274",0,0,0,0,0,0,"-102,930,544",0,0,0,"6,942,995","109,873,539","-102,930,544","-120,066,818"
說明:,,,,,,,,,,,,,,,,,,
自營商表示證券自營商專戶。,,,,,,,,,,,,,,,,,,
投信表示本國投資信託基金。,,,,,,,,,,,,,,,,,,
外資及陸資表示依「華僑及外國人投資證券管理辦法」及「大陸地區投資人來臺從事證券投資及期貨交易管理辦法」辦理登記等投資人。,,,,,,,,,,,,,,,,,,
本統計資訊含一般、零股、盤後定價、鉅額，不含拍賣、標購。,,,,,,,,,,,,,,,,,,
本資訊以當日原始成交情形統計，不以證券商申報錯帳、更正帳號等調整後資料統計。,,,,,,,,,,,,,,,,,,
ETF證券代號第六碼為K、M、S、C者，表示該ETF以外幣交易。,,,,,,,,,,,,,,,,,,
