106年03月30日 個股日本益比、殖利率及股價淨值比,106年03月30日 個股日本益比、殖利率及股價淨值比,106年03月30日 個股日本益比、殖利率及股價淨值比,106年03月30日 個股日本益比、殖利率及股價淨值比,106年03月30日 個股日本益比、殖利率及股價淨值比
證券代號,證券名稱,本益比,殖利率(%),股價淨值比
1101,台泥,21.42,3.93,1.27
1102,亞泥,25.64,3.0,0.82
1103,嘉泥,14.10,0.91,0.5
1104,環泥,9.93,5.64,1.04
1108,幸福,12.78,6.02,0.85
1109,信大,24.52,0.97,0.72
1110,東泥,86.58,0.61,1.1
1201,味全,-,0.0,1.81
1203,味王,22.76,4.18,1.34
1210,大成,9.57,5.21,1.33
1213,大飲,66.67,5.56,1.47
1215,卜蜂,11.51,3.69,2.27
1216,統一,22.27,3.68,3.43
1217,愛之味,35.10,0.0,0.68
1218,泰山,15.85,0.0,1.38
1219,福壽,33.98,1.5,1.38
1220,台榮,11.99,5.83,0.88
1225,福懋油,14.87,2.5,3.5
1227,佳格,26.57,2.63,4.87
1229,聯華,10.72,8.27,1.05
1231,聯華食,11.24,6.38,1.76
1232,大統益,16.34,5.48,3.88
1233,天仁,19.97,4.28,2.38
1234,黑松,12.24,5.94,0.76
1235,興泰,7.34,0.0,0.59
1236,宏亞,26.38,1.65,1.08
1256,鮮活果汁-KY,17.96,2.8,4.42
1262,綠悅-KY,13.06,3.12,2.31
1301,台塑,14.80,5.02,1.86
1303,南亞,11.77,6.21,1.7
1304,台聚,13.11,4.49,0.92
1305,華夏,9.50,6.97,1.86
1307,三芳,12.06,5.83,1.69
1308,亞聚,13.94,4.89,0.97
1309,台達化,27.03,0.0,0.97
1310,台苯,9.29,8.87,1.82
1312,國喬,7.99,4.8,1.05
1313,聯成,13.70,6.46,0.81
1314,中石化,-,0.0,0.53
1315,達新,16.48,4.2,0.69
1316,上曜,-,0.0,2.18
1319,東陽,13.16,3.95,1.65
1321,大洋,-,0.0,1.18
1323,永裕,10.64,5.39,1.71
1324,地球,15.12,3.08,0.98
1325,恆大,16.45,3.71,1.07
1326,台化,12.41,6.02,1.7
1337,再生-KY,10.46,3.13,0.43
1338,廣華-KY,11.76,4.16,1.29
1339,昭輝,13.20,4.9,1.05
1340,勝悅-KY,7.23,1.8,1.07
1402,遠東新,29.83,2.98,0.76
1409,新纖,30.91,2.53,0.64
1410,南染,15.95,5.58,1.54
1413,宏洲,-,0.0,1.01
1414,東和,-,3.09,0.47
1416,廣豐,4.96,4.45,1.17
1417,嘉裕,-,0.0,0.54
1418,東華,-,0.0,2.56
1419,新紡,99.27,1.13,1.68
1423,利華,248.00,0.0,0.5
1432,大魯閣,-,0.0,1.18
1434,福懋,15.92,4.55,0.83
1435,中福,-,0.0,0.79
1436,華友聯,68.25,2.57,1.29
1437,勤益控,8.34,2.72,0.71
1438,三地開發,-,0.0,0.9
1439,雋揚,73.57,2.43,0.96
1440,南紡,44.14,2.07,1.02
1441,大東,-,0.0,1.06
1442,名軒,9.85,9.9,1.03
1443,立益物流,-,0.0,0.77
1444,力麗,-,6.02,0.74
1445,大宇,20.31,3.28,0.66
1446,宏和,47.23,1.35,1.7
1447,力鵬,-,0.0,0.7
1449,佳和,-,0.0,0.99
1451,年興,14.64,5.6,1.09
1452,宏益,14.30,5.59,1.18
1453,大將,-,2.5,0.72
1454,台富,21.15,3.55,0.68
1455,集盛,30.15,2.93,0.83
1456,怡華,25.40,0.0,1.06
1457,宜進,43.27,4.44,0.77
1459,聯發,-,2.33,0.85
1460,宏遠,14.04,4.75,1.52
1463,強盛新,6.16,13.55,1.61
1464,得力,20.83,7.53,1.87
1465,偉全,18.13,4.98,0.77
1466,聚隆,-,0.0,0.75
1467,南緯,65.29,0.0,1.06
1468,昶和,-,0.0,1.54
1469,理隆,-,0.0,0.95
1470,大統新創,35.09,2.85,1.75
1471,首利,-,0.0,0.65
1472,三洋實業,12.36,0.0,2.07
1473,台南,17.75,4.42,0.99
1474,弘裕,12.23,5.22,0.81
1475,業旺,-,0.0,1.7
1476,儒鴻,22.76,3.46,5.51
1477,聚陽,16.96,5.38,3.01
1503,士電,15.69,2.94,1.0
1504,東元,17.78,2.81,1.25
1506,正道,191.67,0.0,2.27
1507,永大,12.96,4.53,1.87
1512,瑞利,-,0.0,1.17
1513,中興電,16.02,5.12,1.1
1514,亞力,20.98,4.67,0.79
1515,力山,30.69,2.81,1.4
1516,川飛,24.27,3.72,1.69
1517,利奇,192.50,4.33,0.79
1519,華城,17.66,4.72,1.36
1521,大億,14.46,6.42,3.57
1522,堤維西,10.41,6.06,1.63
1524,耿鼎,10.93,3.72,1.15
1525,江申,14.50,2.1,2.32
1526,日馳,14.35,5.16,1.23
1527,鑽全,13.67,3.5,3.51
1528,恩德,176.67,0.94,0.82
1529,樂事綠能,-,0.0,4.09
1530,亞崴,22.75,2.17,1.17
1531,高林股,32.29,3.15,0.92
1532,勤美,11.16,5.5,1.01
1533,車王電,50.00,0.47,1.87
1535,中宇,23.15,3.89,1.79
1536,和大,26.57,2.76,7.19
1537,廣隆,13.95,5.71,3.57
1538,正峰,-,0.0,0.91
1539,巨庭,8.95,4.55,1.56
1540,喬福,32.13,6.62,0.92
1541,錩泰,13.71,5.51,3.69
1558,伸興,12.10,6.09,2.19
1560,中砂,19.82,4.93,2.8
1568,倉佑,17.30,3.9,2.07
1582,信錦,10.92,8.51,1.78
1583,程泰,29.91,1.49,1.91
1589,永冠-KY,12.96,2.95,1.34
1590,亞德客-KY,27.52,1.86,4.96
1592,英瑞-KY,13.20,4.31,1.64
1598,岱宇,12.96,5.0,1.75
1603,華電,7.77,1.98,0.76
1604,聲寶,11.36,7.29,1.27
1605,華新,10.07,5.07,0.72
1608,華榮,40.00,0.0,0.57
1609,大亞,-,0.0,0.59
1611,中電,-,0.0,0.65
1612,宏泰,32.80,2.85,0.69
1613,台一,-,0.0,0.7
1614,三洋電,21.07,4.09,1.29
1615,大山,14.05,2.54,0.87
1616,億泰,58.45,0.0,0.7
1617,榮星,14.38,4.63,0.78
1618,合機,12.03,3.99,0.53
1626,艾美特-KY,12.58,3.44,1.32
1701,中化,18.10,3.16,1.03
1702,南僑,12.63,4.48,2.84
1704,榮化,9.50,6.8,1.41
1707,葡萄王,19.97,3.34,5.39
1708,東鹼,9.55,3.51,1.02
1709,和益,10.29,8.14,1.24
1710,東聯,-,0.86,1.51
1711,永光,21.30,4.69,1.5
1712,興農,9.44,6.19,1.04
1713,國化,25.15,3.55,1.09
1714,和桐,107.63,3.48,0.76
1715,萬洲,-,4.57,0.74
1717,長興,13.78,6.1,1.75
1718,中纖,-,7.19,0.47
1720,生達,17.63,4.48,1.61
1721,三晃,16.76,4.44,1.44
1722,台肥,25.49,5.05,0.8
1723,中碳,26.74,3.78,4.24
1724,台硝,12.22,5.76,1.11
1725,元禎,12.43,5.59,0.98
1726,永記,12.50,4.91,1.59
1727,中華化,15.74,4.33,1.06
1729,必翔,-,0.0,4.35
1730,花仙子,13.29,5.5,2.03
1731,美吾華,20.51,3.94,1.07
1732,毛寶,-,0.0,1.35
1733,五鼎,1306.67,3.83,2.26
1734,杏輝,242.50,0.41,1.32
1735,日勝化,17.30,3.91,0.89
1736,喬山,18.86,2.25,1.57
1737,臺鹽,17.22,4.95,1.01
1762,中化生,34.68,1.85,1.18
1773,勝一,12.29,6.22,2.27
1776,展宇,12.18,6.62,1.35
1783,和康生,-,0.0,2.01
1786,科妍,-,0.98,2.94
1789,神隆,49.43,1.63,3.2
1802,台玻,-,0.0,1.12
1805,寶徠,7.75,5.0,1.04
1806,冠軍,-,0.0,0.49
1808,潤隆,10.96,10.46,2.18
1809,中釉,18.31,2.41,0.63
1810,和成,11.89,2.08,0.63
1817,凱撒衛,11.37,5.69,1.77
1902,台紙,-,0.0,0.97
1903,士紙,-,0.0,3.14
1904,正隆,12.69,4.04,0.84
1905,華紙,30.86,3.24,0.76
1906,寶隆,3.87,5.91,0.91
1907,永豐餘,141.88,2.64,0.59
1909,榮成,10.54,5.95,1.37
2002,中鋼,24.52,3.33,1.3
2006,東和鋼鐵,15.84,5.51,1.0
2007,燁興,-,0.0,1.02
2008,高興昌,-,0.0,0.81
2009,第一銅,-,0.0,1.2
2010,春源,12.16,5.65,0.75
2012,春雨,14.68,5.38,1.07
2013,中鋼構,57.97,1.21,0.97
2014,中鴻,8.12,0.0,1.65
2015,豐興,16.57,5.8,1.81
2017,官田鋼,17.23,3.56,0.82
2020,美亞,8.49,5.67,1.08
2022,聚亨,-,0.0,0.78
2023,燁輝,9.59,0.0,0.87
2024,志聯,9.25,6.3,0.81
2025,千興,10.94,0.0,0.83
2027,大成鋼,29.83,4.55,1.26
2028,威致,167.75,0.0,1.97
2029,盛餘,9.71,6.39,1.36
2030,彰源,11.14,2.45,1.02
2031,新光鋼,9.30,7.74,1.25
2032,新鋼,18.93,3.77,0.83
2033,佳大,16.75,0.0,0.79
2034,允強,13.15,7.02,1.4
2038,海光,12.85,5.99,0.44
2049,上銀,39.65,0.94,3.73
2059,川湖,26.29,2.33,4.77
2062,橋椿,9.07,2.42,1.23
2069,運錩,13.08,2.08,1.37
2101,南港,23.23,3.73,2.08
2102,泰豐,-,0.68,0.68
2103,台橡,29.08,2.87,1.88
2104,國際中橡,13.47,6.78,0.97
2105,正新,15.38,4.77,2.33
2106,建大,14.24,3.97,2.05
2107,厚生,22.21,3.22,0.65
2108,南帝,14.44,6.07,1.67
2109,華豐,85.77,3.59,0.93
2114,鑫永銓,14.72,6.54,2.31
2115,六暉-KY,13.11,3.57,2.04
2201,裕隆,15.11,1.78,0.62
2204,中華,11.14,5.86,0.76
2206,三陽工業,-,4.6,1.29
2207,和泰車,18.06,3.38,4.5
2208,台船,-,3.48,0.88
2227,裕日車,14.87,5.95,3.11
2228,劍麟,19.16,2.73,3.6
2231,為升,21.60,3.63,8.4
2236,百達-KY,17.91,3.65,1.76
2239,英利-KY,13.50,2.6,1.93
2301,光寶科,12.96,5.56,1.61
2302,麗正,59.55,0.31,0.65
2303,聯電,17.94,4.1,0.69
2305,全友,-,0.0,0.87
2308,台達電,22.58,3.06,3.42
2311,日月光,14.08,4.03,1.94
2312,金寶,13.95,2.5,1.01
2313,華通,16.47,2.68,1.32
2314,台揚,43.25,0.36,3.05
2316,楠梓電,106.76,24.79,0.64
2317,鴻海,11.92,5.47,1.6
2321,東訊,74.50,0.0,6.48
2323,中環,-,0.0,0.34
2324,仁寶,11.04,6.11,0.85
2325,矽品,15.60,3.52,2.34
2327,國巨*,11.03,3.59,1.77
2328,廣宇,14.03,1.18,1.5
2329,華泰,16.43,0.0,1.29
2330,台積電,14.86,3.66,3.57
2331,精英,-,9.48,1.02
2332,友訊,-,2.16,0.94
2337,旺宏,-,0.0,2.58
2338,光罩,-,2.03,0.98
2340,台亞,11.53,6.63,1.25
2342,茂矽,-,0.0,2.13
2344,華邦電,20.80,3.56,1.37
2345,智邦,19.48,4.59,4.17
2347,聯強,11.16,3.07,1.28
2348,海悅,144.58,0.0,1.35
2349,錸德,-,0.0,0.7
2351,順德,12.00,5.21,1.71
2352,佳世達,11.81,7.35,1.27
2353,宏碁,41.29,3.46,0.7
2354,鴻準,11.19,3.33,1.37
2355,敬鵬,9.97,5.13,1.54
2356,英業達,14.39,6.19,1.48
2357,華碩,11.51,5.71,1.22
2358,廷鑫,-,0.0,1.84
2359,所羅門,17.16,6.13,0.63
2360,致茂,20.72,3.59,3.36
2362,藍天,30.27,2.49,0.42
2363,矽統,-,0.0,0.62
2364,倫飛,-,0.0,0.64
2365,昆盈,-,1.88,0.66
2367,燿華,-,6.09,0.78
2368,金像電,42.41,0.0,0.87
2369,菱生,22.58,3.57,0.85
2371,大同,-,0.0,0.9
2373,震旦行,14.79,5.43,2.64
2374,佳能,13.80,7.94,0.64
2375,凱美,-,0.0,0.88
2376,技嘉,11.59,5.92,1.16
2377,微星,12.35,4.9,2.25
2379,瑞昱,17.86,3.72,2.38
2380,虹光,-,0.0,0.53
2382,廣達,15.75,5.65,1.8
2383,台光電,13.81,3.92,3.64
2385,群光,14.88,5.51,2.17
2387,精元,8.48,2.02,0.67
2388,威盛,27.20,0.0,1.5
2390,云辰,227.14,0.38,1.32
2392,正崴,39.31,5.04,0.88
2393,億光,11.33,6.14,1.26
2395,研華,28.04,2.91,6.3
2397,友通,12.00,8.17,1.97
2399,映泰,-,0.0,0.74
2401,凌陽,24.12,4.07,0.8
2402,毅嘉,-,0.0,1.11
2404,漢唐,12.05,8.96,2.57
2405,輔信,-,1.3,0.84
2406,國碩,227.50,0.0,1.21
2408,南亞科,5.64,3.08,1.56
2409,友達,14.69,4.71,0.63
2412,中華電,20.16,4.75,2.21
2413,環科,18.28,4.27,0.75
2414,精技,12.99,6.95,1.19
2415,錩新,14.22,2.67,1.82
2417,圓剛,-,0.97,0.68
2419,仲琦,11.86,7.63,1.58
2420,新巨,10.65,7.59,2.03
2421,建準,13.25,6.62,1.88
2423,固緯,11.53,5.91,1.36
2424,隴華,-,0.0,2.12
2425,承啟,22.32,1.6,1.14
2426,鼎元,15.16,6.52,1.15
2427,三商電,32.74,2.26,0.78
2428,興勤,9.46,4.96,1.74
2429,銘旺科,62.95,0.0,1.45
2430,燦坤,11.32,6.87,1.03
2431,聯昌,16.99,5.15,0.98
2433,互盛電,13.93,6.51,1.69
2434,統懋,-,0.0,0.92
2436,偉詮電,38.05,2.05,1.86
2437,旺詮,10.68,5.52,1.14
2438,翔耀,-,0.0,1.32
2439,美律,14.80,5.88,4.29
2440,太空梭,-,0.0,1.32
2441,超豐,10.56,6.61,1.62
2442,新美齊,55.62,0.55,0.64
2443,昶虹,-,0.0,0.58
2444,兆勁,24.60,3.28,1.38
2448,晶電,-,0.0,0.68
2449,京元電子,11.02,6.41,1.38
2450,神腦,13.08,5.7,2.21
2451,創見,14.80,6.06,2.1
2453,凌群,19.09,3.97,0.73
2454,聯發科,14.52,5.03,1.41
2455,全新,22.46,4.4,3.79
2456,奇力新,14.82,5.1,2.67
2457,飛宏,-,0.0,0.84
2458,義隆,24.90,4.02,2.36
2459,敦吉,11.12,6.29,1.01
2460,建通,42.04,0.0,0.69
2461,光群雷,14.96,2.93,0.93
2462,良得電,21.10,2.71,1.17
2464,盟立,16.33,4.8,2.27
2465,麗臺,-,0.0,1.65
2466,冠西電,-,0.0,3.08
2467,志聖,-,2.31,1.65
2468,華經,15.00,4.39,0.72
2471,資通,9.36,8.0,1.07
2472,立隆電,11.58,6.23,1.71
2474,可成,10.13,3.45,1.82
2475,華映,-,0.0,0.93
2476,鉅祥,10.19,6.42,1.08
2477,美隆電,12.82,7.33,1.37
2478,大毅,16.46,0.93,0.86
2480,敦陽科,14.11,6.61,1.54
2481,強茂,10.70,5.7,0.96
2482,連宇,47.33,2.25,1.05
2483,百容,11.58,6.97,0.86
2484,希華,13.95,5.85,1.11
2485,兆赫,20.12,4.17,1.48
2486,一詮,-,0.0,0.52
2488,漢平,8.12,7.64,1.82
2489,瑞軒,10.99,7.66,1.25
2491,吉祥全,-,0.0,1.07
2492,華新科,11.16,1.61,1.67
2493,揚博,9.98,8.08,1.46
2495,普安,15.79,5.33,1.11
2496,卓越,-,0.0,2.99
2497,怡利電,340.00,1.47,2.21
2498,宏達電,-,0.0,1.23
2499,東貝,84.38,2.22,0.7
2501,國建,8.42,0.0,1.1
2504,國產,-,1.19,0.56
2505,國揚,1305.00,3.07,1.06
2506,太設,21.05,0.83,0.68
2509,全坤建,-,8.86,0.82
2511,太子,12.02,8.4,0.79
2514,龍邦,8.21,2.15,1.0
2515,中工,39.00,2.87,0.52
2516,新建,82.33,3.37,0.58
2520,冠德,8.23,5.05,0.94
2524,京城,33.54,0.0,0.85
2527,宏璟,24.20,5.16,0.75
2528,皇普,-,0.0,0.85
2530,華建,9.68,5.26,1.15
2534,宏盛,13.15,5.21,1.18
2535,達欣工,6.46,8.19,0.85
2536,宏普,8.01,10.12,0.74
2537,聯上發,8.52,15.02,0.73
2538,基泰,-,11.26,0.63
2539,櫻花建,9.98,9.17,1.8
2540,愛山林,13.82,0.0,0.89
2542,興富發,9.44,9.51,1.73
2543,皇昌,23.46,3.39,0.85
2545,皇翔,7.63,9.84,1.3
2546,根基,11.32,7.75,0.97
2547,日勝生,-,0.0,1.1
2548,華固,7.98,7.89,1.29
2597,潤弘,9.67,9.2,1.47
2601,益航,-,0.0,0.46
2603,長榮,-,0.0,0.96
2605,新興,22.55,2.93,0.81
2606,裕民,-,2.29,1.13
2607,榮運,19.33,2.41,0.73
2608,嘉里大榮,15.62,3.99,2.55
2609,陽明,-,0.0,1.31
2610,華航,23.22,4.4,0.99
2611,志信,-,4.21,0.51
2612,中航,131.46,0.63,0.6
2613,中櫃,32.09,1.96,0.5
2614,東森,-,0.0,1.3
2615,萬海,600.00,6.67,1.21
2616,山隆,10.98,6.68,1.21
2617,台航,-,1.63,0.59
2618,長榮航,12.78,3.11,1.19
2633,台灣高鐵,28.92,2.8,1.97
2634,漢翔,16.81,3.56,2.83
2636,台驊控股,18.30,3.9,1.06
2637,慧洋-KY,13.10,7.58,0.64
2642,宅配通,28.39,1.82,1.45
2701,萬企,16.40,5.32,0.86
2702,華園,25.89,3.43,1.28
2704,國賓,20.26,2.98,0.92
2705,六福,-,3.77,0.63
2706,第一店,15.77,5.71,0.97
2707,晶華,20.85,5.2,5.4
2712,遠雄來,43.47,3.31,2.11
2722,夏都,29.34,2.49,2.42
2723,美食-KY,24.77,1.72,5.02
2727,王品,33.45,2.49,3.09
2731,雄獅,25.65,4.41,3.06
2739,寒舍,14.43,6.03,2.06
2748,雲品,19.01,4.49,3.26
2801,彰銀,13.74,5.12,1.21
2809,京城銀,7.12,5.05,1.04
2812,台中銀,9.00,7.34,0.77
2816,旺旺保,16.44,0.7,0.85
2820,華票,11.39,6.04,0.83
2823,中壽,10.99,3.33,1.29
2832,台產,14.15,4.71,0.88
2834,臺企銀,9.60,4.79,0.7
2836,高雄銀,12.41,5.61,0.65
2838,聯邦銀,8.32,4.88,0.66
2841,台開,33.33,2.36,0.46
2845,遠東銀,9.08,6.82,0.73
2849,安泰銀,21.67,4.4,0.75
2850,新產,7.61,5.92,0.94
2851,中再保,10.66,3.45,0.86
2852,第一保,8.52,4.8,0.76
2855,統一證,21.69,3.05,0.78
2856,元富證,34.46,1.12,0.67
2867,三商壽,9.33,5.54,0.89
2880,華南金,12.78,7.35,1.14
2881,富邦金,11.81,4.0,1.16
2882,國泰金,14.71,4.08,1.25
2883,凱基金,17.72,6.0,0.76
2884,玉山金,12.23,7.25,1.25
2885,元大金,14.23,3.47,0.76
2886,兆豐金,13.28,5.75,1.15
2887,台新新光金,11.45,9.6,0.88
2888,新光金,18.33,0.0,0.73
2889,國票金,11.92,7.53,0.81
2890,永豐金,11.40,7.29,0.76
2891,中信金,13.11,8.59,1.29
2892,第一金,12.83,7.53,1.18
2901,欣欣,59.65,1.48,2.17
2903,遠百,17.18,4.33,0.8
2904,匯僑,15.79,8.33,1.78
2905,三商,10.29,4.38,1.17
2906,高林,25.98,3.35,0.82
2908,特力,15.00,5.41,1.37
2910,統領,127.14,1.87,2.07
2911,麗嬰房,-,0.0,0.82
2912,統一超,26.32,3.21,9.04
2913,農林,42.00,2.98,0.81
2915,潤泰全,5.89,0.0,2.27
2923,鼎固-KY,15.11,1.73,0.71
2929,淘帝-KY,9.80,7.25,1.92
2936,客思達-KY,9.87,8.89,1.05
3002,歐格,19.41,4.37,0.9
3003,健和興,17.23,3.5,1.57
3004,豐達科,11.93,2.99,1.85
3005,神基,16.43,6.89,1.92
3006,晶豪科,15.27,4.22,1.31
3008,大立光,27.67,1.35,8.19
3010,華立,10.85,5.3,1.15
3011,今皓,314.00,0.0,0.82
3013,晟銘電,19.57,1.37,1.74
3014,聯陽,14.96,8.5,1.44
3015,全漢,15.31,6.09,0.58
3016,嘉晶,350.00,0.0,2.53
3017,奇鋐,10.80,4.57,1.1
3018,隆銘綠能,105.00,0.0,2.42
3019,亞光,43.17,1.93,1.3
3021,鴻名,11.70,5.34,1.09
3022,威強電,13.26,6.36,2.07
3023,信邦,14.37,5.0,2.9
3024,憶聲,-,0.0,1.32
3025,星通,28.75,2.35,1.05
3026,禾伸堂,17.06,6.49,1.05
3027,盛達,58.91,1.18,0.85
3028,增你強,12.57,8.17,0.84
3029,零壹,10.51,5.14,1.17
3030,德律,23.57,6.99,1.98
3031,佰鴻,19.84,4.29,1.3
3032,偉訓,12.11,5.56,2.28
3033,威健,14.67,8.45,1.09
3034,聯詠,14.29,7.66,2.56
3035,智原,33.13,5.25,1.92
3036,文曄,12.51,7.55,1.26
3037,欣興,129.23,1.79,0.6
3038,全台,10.14,3.65,0.97
3040,遠見,17.21,7.14,1.75
3041,揚智,-,0.0,1.0
3042,晶技,14.13,5.69,1.39
3043,科風,-,0.0,11.05
3044,健鼎,12.71,3.76,1.54
3045,台灣大,19.80,5.02,5.02
3046,建碁,-,0.0,1.11
3047,訊舟,25.00,4.44,0.92
3048,益登,15.09,3.1,1.12
3049,精金,-,0.0,1.23
3050,鈺德,11.74,7.17,0.73
3051,力特,-,0.0,0.8
3052,夆典,39.55,3.45,0.61
3054,立萬利,40.19,0.52,1.66
3055,蔚華科,12.57,4.75,0.65
3056,富華新,4.86,9.5,1.01
3057,喬鼎,-,2.1,1.22
3058,立德,18.53,4.65,0.69
3059,華晶科,120.50,3.32,0.73
3060,銘異,28.01,4.35,1.31
3062,建漢,18.82,4.83,1.21
3090,日電貿,11.36,7.6,1.51
3094,聯傑,26.28,4.87,1.54
3130,一零四,12.56,7.18,3.2
3149,正達,-,0.0,2.27
3164,景岳,-,0.0,1.53
3167,大量,15.47,4.37,1.79
3189,景碩,16.03,3.74,1.24
3209,全科,14.31,6.21,1.66
3229,晟鈦,-,0.0,1.12
3231,緯創,23.59,5.43,1.04
3257,虹冠電,19.42,3.54,1.49
3266,昇陽,96.67,0.0,0.81
3296,勝德,28.66,6.25,1.16
3305,昇貿,15.74,6.96,0.99
3308,聯德,-,0.0,0.69
3311,閎暉,-,3.62,0.74
3312,弘憶股,-,0.0,0.68
3315,宣昶,12.45,5.62,0.76
3321,同泰,-,12.27,1.03
3338,泰碩,12.29,6.61,2.08
3346,麗清,82.24,2.4,7.6
3356,奇偶,23.89,3.49,1.89
3376,新日興,14.13,4.62,1.31
3380,明泰,16.71,2.14,1.19
3383,新世紀,-,0.0,0.64
3406,玉晶光,-,0.0,4.99
3413,京鼎,13.26,3.96,3.02
3416,融程電,18.33,5.35,2.08
3419,譁裕,27.41,1.89,1.59
3432,台端,114.09,0.8,0.59
3437,榮創,62.44,5.86,1.11
3443,創意,24.94,3.41,3.74
3450,聯鈞,12.80,5.86,4.52
3454,晶睿,13.11,5.56,2.48
3481,群創,65.79,1.6,0.55
3494,誠研,-,0.0,0.95
3501,維熹,8.96,7.52,1.12
3504,揚明光,-,1.55,1.15
3514,昱晶,-,0.0,0.72
3515,華擎,29.32,4.91,0.83
3518,柏騰,-,2.24,0.76
3519,綠能,-,0.0,1.42
3528,安馳,12.26,7.5,1.58
3532,台勝科,131.91,0.54,4.81
3533,嘉澤,12.62,4.3,1.1
3535,晶彩科,146.00,0.0,1.22
3536,誠創,107.05,0.0,4.29
3545,敦泰,56.81,1.56,1.05
3550,聯穎,14.52,8.2,0.76
3557,嘉威,-,0.0,1.02
3559,全智科,15.06,5.88,1.4
3561,昇陽光電,-,0.0,0.77
3576,聯合再生,-,0.0,0.79
3579,尚志,-,0.0,0.57
3583,辛耘,15.89,3.5,2.17
3588,通嘉,14.72,4.67,1.21
3591,艾笛森,-,1.75,0.69
3593,力銘,-,0.0,1.46
3596,智易,8.36,2.67,1.3
3605,宏致,22.26,1.56,0.79
3607,谷崧,-,4.77,0.65
3617,碩天,12.25,4.56,2.06
3622,洋華,-,0.0,0.49
3645,達邁,24.60,2.77,2.51
3653,健策,28.38,3.08,1.59
3661,世芯-KY,-,1.02,1.09
3665,貿聯-KY,19.63,4.03,3.35
3669,圓展,15.11,4.28,0.77
3673,TPK-KY,-,0.0,1.28
3679,新至陞,11.04,4.77,1.39
3682,亞太電,-,0.0,1.23
3686,達能,-,0.0,0.68
3694,海華,24.08,0.0,1.19
3698,隆達,-,3.83,0.76
3701,大眾控,-,0.0,1.35
3702,大聯大,12.37,6.3,1.32
3703,欣陸,17.27,4.52,0.41
3704,合勤控,25.08,1.23,0.82
3705,永信,13.90,3.33,2.06
3706,神達,9.82,7.44,0.77
3708,上緯投控,123.79,1.39,1.63
4104,佳醫,15.10,5.43,0.9
4106,雃博,21.36,2.55,1.68
4108,懷特,-,0.0,2.67
4119,旭富,14.29,5.6,1.94
4133,亞諾法,38.52,2.0,1.75
4137,麗豐-KY,15.71,4.48,3.23
4141,龍燈-KY,7.45,0.0,0.83
4142,國光生,-,0.0,1.71
4144,康聯-KY,13.98,2.21,1.55
4164,承業醫,36.89,2.38,1.18
4190,佐登-KY,18.92,4.16,3.5
4306,炎洲,67.75,3.69,0.85
4414,如興,-,0.0,2.1
4426,利勤,12.80,3.75,3.41
4438,廣越,24.48,3.75,2.61
4526,東台,94.78,2.29,1.02
4532,瑞智,12.12,6.93,2.03
4536,拓凱,12.35,5.66,2.03
4545,銘鈺,15.27,4.98,1.75
4551,智伸科,20.84,3.71,3.76
4552,力達-KY,11.11,4.76,2.33
4555,氣立,29.13,3.32,1.54
4557,永新-KY,13.53,5.15,2.59
4720,德淵,17.50,4.08,1.18
4722,國精化,9.67,7.16,1.45
4725,信昌化,-,0.0,1.9
4737,華廣,25.18,5.35,1.74
4746,台耀,16.24,3.39,1.91
4755,三福化,10.16,4.98,1.06
4763,材料*-KY,25.45,3.18,5.52
4904,遠傳,21.46,4.99,3.45
4906,正文,14.36,5.59,0.96
4912,聯德控股-KY,68.42,3.42,3.31
4915,致伸,11.26,5.08,1.98
4916,事欣科,19.15,5.25,2.2
4919,新唐,14.63,5.56,2.65
4927,泰鼎-KY,13.32,3.7,0.92
4930,燦星網,52.68,2.03,0.45
4934,太極,47.26,3.62,0.94
4935,茂林-KY,7.57,6.58,1.12
4938,和碩,11.76,5.66,1.53
4942,嘉彰,11.11,4.44,0.54
4943,康控-KY,91.18,1.21,5.51
4952,凌通,10.83,7.78,2.07
4956,光鋐,338.57,0.0,1.19
4958,臻鼎-KY,16.44,3.11,1.49
4960,誠美材,-,3.82,0.63
4968,立積,29.93,2.05,4.76
4976,佳凌,-,0.0,2.36
4977,眾達-KY,14.58,5.96,3.18
4984,科納-KY,8.48,7.75,1.42
4994,傳奇,-,0.39,4.57
4999,鑫禾,8.99,5.62,1.35
5007,三星,14.46,4.67,2.75
5203,訊連,19.10,6.05,1.38
5215,科嘉-KY,16.67,8.96,0.96
5225,東科-KY,15.00,3.36,1.37
5234,達興材料,11.16,7.11,1.85
5243,乙盛-KY,21.79,3.16,1.39
5258,虹堡,9.88,4.96,1.91
5259,奕智博,-,0.0,2.87
5264,鎧勝-KY,12.12,4.0,1.18
5269,祥碩,53.02,1.54,11.92
5284,jpp-KY,14.81,4.14,1.78
5285,界霖,18.36,4.34,1.78
5288,豐祥-KY,11.52,4.83,2.1
5305,敦南,28.66,4.32,1.11
5388,中磊,12.72,5.48,2.53
5434,崇越,13.45,5.13,2.53
5469,瀚宇博,8.71,3.28,0.66
5471,松翰,19.70,5.47,1.84
5484,慧友,42.64,0.0,0.69
5515,建國,-,5.53,0.62
5519,隆大,9.69,4.8,0.75
5521,工信,52.50,0.0,1.12
5522,遠雄,5.61,8.4,0.78
5525,順天,61.04,2.05,0.91
5531,鄉林,20.00,0.0,0.91
5533,皇鼎,16.91,4.09,0.63
5534,長虹,7.72,3.82,1.74
5538,東明-KY,10.65,6.76,1.41
5607,遠雄港,13.32,0.0,0.74
5608,四維航,-,0.0,0.62
5706,鳳凰,13.44,5.33,2.26
5871,中租-KY,11.15,4.8,2.05
5880,合庫金,13.06,6.93,0.92
5906,台南-KY,-,0.0,1.16
5907,大洋-KY,19.13,2.36,0.43
6005,群益證,18.18,3.7,0.74
6108,競國,8.27,0.0,1.36
6112,邁達特,11.88,6.79,1.46
6115,鎰勝,12.14,8.11,1.72
6116,彩晶,6.66,6.01,0.73
6117,迎廣,-,0.0,0.94
6120,達運,38.78,1.46,0.8
6128,上福,9.88,6.59,2.09
6131,鈞泰,-,0.0,1.62
6133,金橋,91.80,2.18,0.69
6136,富爾特,12.40,7.98,0.96
6139,亞翔,12.79,4.09,1.07
6141,柏承,-,1.94,1.21
6142,友勁,16.28,5.73,0.8
6145,勁永,1405.00,2.14,0.97
6152,百一,-,0.0,0.79
6153,嘉聯益,84.57,2.57,0.81
6155,鈞寶,18.80,4.71,1.11
6164,華興,11.31,5.96,1.07
6165,浪凡,-,0.0,4.66
6166,凌華,35.71,2.55,3.29
6168,宏齊,-,0.0,0.89
6172,互億,44.68,0.0,1.39
6176,瑞儀,9.37,7.05,1.29
6177,達麗,5.96,12.86,1.37
6183,關貿,20.44,4.36,2.07
6184,大豐電,-,1.47,1.28
6189,豐藝,13.48,7.11,1.79
6191,精成科,13.11,2.88,0.63
6192,巨路,12.33,3.74,1.49
6196,帆宣,11.99,5.88,1.34
6197,佳必琪,13.92,3.59,1.58
6201,亞弘電,10.32,8.57,1.27
6202,盛群,15.50,6.51,3.07
6205,詮欣,11.54,5.19,1.72
6206,飛捷,16.69,4.98,3.25
6209,今國光,1372.50,1.82,1.17
6213,聯茂,13.92,5.72,1.92
6214,精誠,13.24,7.69,1.28
6215,和椿,22.81,3.85,0.95
6216,居易,11.23,7.96,1.92
6224,聚鼎,12.07,7.43,2.36
6225,天瀚,-,0.0,44.29
6226,光鼎,17.74,1.25,0.89
6230,尼得科超眾,12.92,5.3,3.23
6235,華孚,22.08,9.43,2.49
6239,力成,14.25,4.52,1.93
6243,迅杰,-,0.0,1.45
6251,定穎,235.00,0.0,0.62
6257,矽格,12.53,6.07,1.22
6269,台郡,12.53,4.4,1.84
6271,同欣電,21.46,4.44,2.17
6277,宏正,12.89,6.82,2.81
6278,台表科,14.03,5.48,0.69
6281,全國電,12.77,6.76,2.66
6282,康舒,23.95,5.85,1.51
6283,淳安,61.21,0.0,3.86
6285,啟碁,14.57,4.75,2.26
6289,華上,-,0.0,3.44
6405,悅城,457.50,0.0,0.64
6409,旭隼,22.42,4.91,7.47
6412,群電,13.20,5.75,2.49
6414,樺漢,32.39,2.3,5.55
6415,矽力*-KY,32.19,0.89,5.77
6422,君耀-KY,9.63,6.28,1.98
6431,光麗-KY,-,0.0,0.66
6442,光聖,11.01,6.83,1.4
6443,元晶,361.67,0.0,1.01
6449,鈺邦,12.07,4.57,1.88
6451,訊芯-KY,11.35,5.22,1.83
6452,康友-KY,33.74,1.96,5.74
6456,GIS-KY,15.78,2.68,3.72
6464,台數科,20.10,5.32,2.29
6477,安集,-,1.13,1.11
6504,南六,19.45,3.08,4.16
6505,台塑化,13.46,5.61,3.3
6525,捷敏-KY,12.46,5.69,2.49
6531,愛普*,14.31,5.46,2.28
6533,晶心科,-,0.0,7.99
6552,易華電,20.00,2.48,1.79
6605,帝寶,11.56,3.01,1.17
8011,台通,68.89,2.42,1.06
8016,矽創,11.50,6.04,2.56
8021,尖點,17.31,3.37,0.97
8033,雷虎,-,0.0,1.37
8039,台虹,13.17,5.41,1.14
8046,南電,-,3.92,0.49
8070,長華*,13.58,5.99,2.04
8072,陞泰,71.61,2.25,0.83
8081,致新,15.27,7.01,1.53
8101,華冠,-,0.0,0.69
8103,瀚荃,11.38,5.27,1.15
8105,凌巨,12.20,1.15,0.96
8110,華東,16.34,1.38,0.89
8112,至上,8.17,7.88,1.33
8114,振樺電,19.04,4.72,4.74
8131,福懋科,11.21,7.72,1.11
8150,南茂,15.39,3.63,1.45
8163,達方,14.07,8.51,0.79
8201,無敵,-,0.0,0.93
8210,勤誠,11.12,5.39,2.33
8213,志超,9.58,6.33,0.84
8215,明基材,-,8.33,1.28
8222,寶一,26.06,2.95,2.04
8249,菱光,11.35,6.94,0.86
8261,富鼎,33.13,2.4,1.81
8271,宇瞻,11.04,6.28,1.59
8341,日友,26.68,3.06,6.7
8374,羅昇,54.39,0.56,1.17
8404,百和興業-KY,20.03,2.55,2.22
8411,福貞-KY,13.39,4.21,0.93
8422,可寧衛,13.15,6.61,3.58
8427,基勝-KY,7.54,6.5,1.38
8429,金麗-KY,6.23,9.77,0.96
8442,威宏-KY,10.05,4.01,2.17
8443,阿瘦,73.91,1.76,0.7
8454,富邦媒,24.38,3.4,4.99
8463,潤泰材,16.69,5.19,1.32
8464,億豐,22.16,3.58,7.08
8466,美吉吉-KY,14.08,5.76,3.06
8467,波力-KY,20.99,3.82,1.35
8473,山林水,16.48,4.93,1.45
8480,泰昇-KY,15.72,4.1,4.49
8481,政伸,15.16,5.02,2.71
8488,吉源-KY,12.47,4.45,1.05
8926,台汽電,14.53,5.13,1.18
8940,新天地,30.53,0.0,1.19
8996,高力,15.06,4.77,2.33
9802,鈺齊-KY,13.20,4.91,1.64
9902,台火,265.00,1.89,0.9
9904,寶成,9.44,3.59,1.63
9905,大華,13.55,5.74,1.14
9906,欣巴巴,30.65,3.07,1.82
9907,統一實,22.94,2.44,1.36
9908,大台北,17.54,4.02,1.21
9910,豐泰,18.44,4.23,5.93
9911,櫻花,11.31,6.91,1.99
9912,偉聯,-,0.0,0.75
9914,美利達,24.92,3.44,3.8
9917,中保科,64.36,3.88,4.17
9918,欣天然,25.60,3.59,2.0
9919,康那香,-,1.83,0.88
9921,巨大,21.91,2.79,3.36
9924,福興,9.68,6.65,1.55
9925,新保,15.38,4.98,1.76
9926,新海,24.41,3.86,2.67
9927,泰銘,10.05,6.54,1.64
9928,中視,-,0.0,1.32
9929,秋雨,14.69,0.0,1.78
9930,中聯資源,20.44,5.05,2.97
9931,欣高,17.13,3.87,1.88
9933,中鼎,17.77,5.01,2.31
9934,成霖,-,6.1,1.04
9935,慶豐富,23.36,0.0,1.28
9937,全國,17.50,5.01,2.63
9938,百和,21.40,2.8,4.07
9939,宏全,14.50,4.29,1.45
9940,信義,23.97,3.74,2.38
9941,裕融,13.80,5.52,2.47
9942,茂順,13.72,4.98,2.42
9943,好樂迪,11.38,7.45,2.11
9944,新麗,32.31,1.39,0.79
9945,潤泰新,6.35,5.51,1.56
9946,三發地產,8.15,7.97,0.69
9955,佳龍,-,0.0,0.8
9958,世紀鋼,24.97,4.11,0.77
