106年03月31日 個股日本益比、殖利率及股價淨值比,106年03月31日 個股日本益比、殖利率及股價淨值比,106年03月31日 個股日本益比、殖利率及股價淨值比,106年03月31日 個股日本益比、殖利率及股價淨值比,106年03月31日 個股日本益比、殖利率及股價淨值比
證券代號,證券名稱,本益比,殖利率(%),股價淨值比
1101,台泥,21.10,3.99,1.26
1102,亞泥,26.15,2.94,0.84
1103,嘉泥,276.25,0.9,0.5
1104,環泥,9.96,5.62,1.04
1108,幸福,12.76,6.03,0.84
1109,信大,24.52,0.97,0.72
1110,東泥,86.05,0.61,1.1
1201,味全,-,0.0,1.97
1203,味王,13.46,4.18,1.3
1210,大成,9.57,5.21,1.33
1213,大飲,66.30,0.0,1.46
1215,卜蜂,11.51,3.69,2.27
1216,統一,22.23,3.69,3.43
1217,愛之味,35.90,0.0,0.7
1218,泰山,41.39,0.0,1.46
1219,福壽,33.88,1.51,1.37
1220,台榮,11.99,5.83,0.88
1225,福懋油,28.41,2.5,3.38
1227,佳格,25.30,2.65,4.63
1229,聯華,10.74,8.25,1.05
1231,聯華食,11.32,6.33,1.77
1232,大統益,16.34,5.48,3.88
1233,天仁,20.03,4.27,2.39
1234,黑松,12.24,5.94,0.76
1235,興泰,7.24,0.0,0.59
1236,宏亞,26.30,1.65,1.07
1256,鮮活果汁-KY,17.72,2.84,4.37
1262,綠悅-KY,13.47,3.02,2.38
1301,台塑,14.62,5.08,1.84
1303,南亞,11.67,6.26,1.68
1304,台聚,13.74,4.43,0.92
1305,華夏,9.34,7.09,1.83
1307,三芳,12.04,5.84,1.68
1308,亞聚,13.98,4.88,0.98
1309,台達化,27.03,0.0,0.97
1310,台苯,9.29,8.87,1.82
1312,國喬,8.08,4.74,1.06
1313,聯成,13.70,6.46,0.81
1314,中石化,-,0.0,0.53
1315,達新,16.51,4.19,0.69
1316,上曜,-,0.0,2.16
1319,東陽,12.92,4.02,1.62
1321,大洋,-,0.0,1.18
1323,永裕,10.64,5.39,1.71
1324,地球,15.23,3.05,0.98
1325,恆大,16.41,3.72,1.06
1326,台化,12.59,5.93,1.72
1337,再生-KY,10.52,3.11,0.43
1338,廣華-KY,12.08,4.05,1.33
1339,昭輝,10.86,4.46,1.1
1340,勝悅-KY,7.24,1.8,1.07
1402,遠東新,22.29,3.04,0.74
1409,新纖,21.37,2.54,0.62
1410,南染,15.86,5.61,1.54
1413,宏洲,-,0.0,1.02
1414,東和,-,3.08,0.47
1416,廣豐,5.44,4.34,1.23
1417,嘉裕,-,0.0,0.54
1418,東華,-,0.0,2.57
1419,新紡,76.98,1.13,1.56
1423,利華,247.00,0.0,0.5
1432,大魯閣,-,0.0,1.22
1434,福懋,15.65,4.63,0.82
1435,中福,-,0.0,0.79
1436,華友聯,67.72,2.59,1.28
1437,勤益控,8.43,2.7,0.72
1438,三地開發,-,0.0,0.93
1439,雋揚,73.57,2.43,0.96
1440,南紡,43.29,2.11,1.0
1441,大東,-,0.0,1.11
1442,名軒,9.88,9.88,1.03
1443,立益物流,-,0.0,0.74
1444,力麗,118.71,6.02,0.73
1445,大宇,20.47,3.26,0.67
1446,宏和,48.51,1.32,1.75
1447,力鵬,-,0.0,0.69
1449,佳和,-,0.0,0.96
1451,年興,14.75,5.56,1.1
1452,宏益,14.43,5.54,1.19
1453,大將,-,0.0,0.72
1454,台富,21.15,3.55,0.68
1455,集盛,30.29,2.91,0.83
1456,怡華,25.10,0.0,1.04
1457,宜進,42.88,4.48,0.76
1459,聯發,-,0.0,0.82
1460,宏遠,13.96,4.78,1.51
1463,強盛新,6.24,13.39,1.63
1464,得力,20.76,7.56,1.87
1465,偉全,18.13,4.98,0.77
1466,聚隆,-,0.0,0.75
1467,南緯,157.86,0.0,1.01
1468,昶和,-,0.0,1.54
1469,理隆,-,0.0,0.95
1470,大統新創,35.18,2.84,1.75
1471,首利,-,0.0,0.65
1472,三洋實業,12.47,0.0,2.09
1473,台南,17.65,4.44,0.98
1474,弘裕,12.18,5.24,0.8
1475,業旺,-,0.0,1.88
1476,儒鴻,22.35,3.52,5.42
1477,聚陽,16.89,5.4,3.0
1503,士電,17.11,2.93,1.0
1504,東元,17.53,2.85,1.23
1506,正道,135.29,0.0,2.3
1507,永大,13.81,4.56,1.83
1512,瑞利,-,0.0,1.19
1513,中興電,16.23,5.05,1.11
1514,亞力,20.88,4.69,0.79
1515,力山,32.93,2.62,1.5
1516,川飛,24.27,3.72,1.69
1517,利奇,192.50,4.33,0.79
1519,華城,17.71,4.71,1.36
1521,大億,12.41,6.43,3.33
1522,堤維西,10.44,6.04,1.64
1524,耿鼎,10.69,3.8,1.12
1525,江申,14.77,2.16,2.2
1526,日馳,8.61,5.16,1.16
1527,鑽全,13.38,3.58,3.44
1528,恩德,18.84,0.95,0.81
1529,樂事綠能,-,0.0,5.0
1530,亞崴,22.92,2.15,1.18
1531,高林股,32.46,3.13,0.93
1532,勤美,11.21,5.48,1.02
1533,車王電,50.18,0.47,1.87
1535,中宇,23.25,3.87,1.79
1536,和大,26.57,2.76,7.19
1537,廣隆,13.95,5.71,3.57
1538,正峰,-,0.0,0.9
1539,巨庭,8.88,4.58,1.55
1540,喬福,32.55,6.54,0.93
1541,錩泰,13.68,5.52,3.69
1558,伸興,11.09,6.09,2.07
1560,中砂,19.45,4.07,2.75
1568,倉佑,17.36,3.88,2.07
1582,信錦,11.04,8.42,1.8
1583,程泰,31.25,1.43,2.0
1589,永冠-KY,12.49,3.07,1.29
1590,亞德客-KY,27.85,1.84,5.02
1592,英瑞-KY,11.96,4.19,1.66
1598,岱宇,12.81,5.06,1.73
1603,華電,13.72,1.94,0.86
1604,聲寶,11.39,7.27,1.27
1605,華新,10.15,5.04,0.73
1608,華榮,40.00,0.0,0.57
1609,大亞,136.20,0.0,0.6
1611,中電,-,0.0,0.78
1612,宏泰,32.77,2.85,0.69
1613,台一,-,0.0,0.71
1614,三洋電,21.39,4.02,1.31
1615,大山,14.17,2.52,0.88
1616,億泰,58.55,0.0,0.7
1617,榮星,14.32,4.66,0.78
1618,合機,39.91,3.99,0.53
1626,艾美特-KY,12.55,3.45,1.32
1701,中化,18.10,3.16,1.04
1702,南僑,12.74,4.52,2.76
1704,榮化,9.59,6.74,1.43
1707,葡萄王,19.92,3.35,5.37
1708,東鹼,9.85,3.41,1.05
1709,和益,10.55,7.94,1.27
1710,東聯,-,0.85,1.53
1711,永光,23.90,2.43,1.47
1712,興農,10.32,6.21,1.0
1713,國化,25.15,3.55,1.09
1714,和桐,20.62,4.04,0.76
1715,萬洲,-,1.8,0.76
1717,長興,13.87,6.06,1.76
1718,中纖,-,0.0,0.47
1720,生達,17.66,4.47,1.61
1721,三晃,16.76,4.44,1.44
1722,台肥,-,5.0,0.81
1723,中碳,26.52,3.81,4.21
1724,台硝,12.18,5.78,1.1
1725,元禎,12.48,5.57,0.98
1726,永記,12.35,4.97,1.57
1727,中華化,15.85,4.3,1.06
1729,必翔,-,0.0,4.21
1730,花仙子,13.24,5.52,2.03
1731,美吾華,20.51,3.94,1.07
1732,毛寶,-,0.0,1.33
1733,五鼎,1301.67,3.84,2.25
1734,杏輝,242.50,0.41,1.32
1735,日勝化,17.43,3.88,0.9
1736,喬山,19.05,2.22,1.58
1737,臺鹽,17.24,4.94,1.01
1762,中化生,34.74,1.85,1.19
1773,勝一,12.39,6.17,2.29
1776,展宇,14.74,6.56,1.33
1783,和康生,-,0.0,2.0
1786,科妍,-,0.0,2.92
1789,神隆,49.77,1.62,3.22
1802,台玻,-,0.0,1.15
1805,寶徠,-,0.0,1.08
1806,冠軍,102.63,0.0,0.49
1808,潤隆,11.02,10.41,2.19
1809,中釉,18.24,2.42,0.63
1810,和成,11.94,2.07,0.63
1817,凱撒衛,11.41,5.67,1.78
1902,台紙,-,0.0,0.96
1903,士紙,-,0.0,3.11
1904,正隆,12.99,3.95,0.86
1905,華紙,31.43,3.18,0.77
1906,寶隆,3.90,5.86,0.92
1907,永豐餘,144.38,0.0,0.6
1909,榮成,10.94,5.74,1.42
2002,中鋼,24.33,3.36,1.29
2006,東和鋼鐵,15.87,5.5,1.01
2007,燁興,-,0.0,1.04
2008,高興昌,-,0.0,0.81
2009,第一銅,-,0.0,1.19
2010,春源,12.21,5.62,0.76
2012,春雨,14.53,5.43,1.06
2013,中鋼構,57.84,1.21,0.97
2014,中鴻,8.23,0.0,1.67
2015,豐興,16.60,5.79,1.82
2017,官田鋼,17.16,3.58,0.82
2020,美亞,8.40,5.73,1.07
2022,聚亨,-,0.0,0.78
2023,燁輝,9.52,0.0,0.87
2024,志聯,9.34,6.24,0.82
2025,千興,10.94,0.0,0.83
2027,大成鋼,30.25,4.48,1.28
2028,威致,171.25,0.0,2.01
2029,盛餘,9.68,6.41,1.35
2030,彰源,11.23,2.43,1.03
2031,新光鋼,9.30,7.74,1.25
2032,新鋼,19.11,3.74,0.83
2033,佳大,16.77,0.0,0.79
2034,允強,13.05,7.07,1.39
2038,海光,12.74,6.04,0.43
2049,上銀,39.44,0.94,3.71
2059,川湖,26.38,2.32,4.79
2062,橋椿,9.01,2.43,1.22
2069,運錩,12.96,2.09,1.36
2101,南港,23.35,3.71,2.09
2102,泰豐,-,0.68,0.69
2103,台橡,29.13,2.86,1.88
2104,國際中橡,13.45,6.79,0.97
2105,正新,15.33,4.78,2.32
2106,建大,14.24,3.97,2.05
2107,厚生,22.01,3.24,0.65
2108,南帝,14.27,6.15,1.65
2109,華豐,84.62,0.0,0.92
2114,鑫永銓,14.84,6.49,2.33
2115,六暉-KY,13.19,3.55,2.05
2201,裕隆,15.19,1.77,0.62
2204,中華,12.09,5.76,0.78
2206,三陽工業,-,4.66,1.27
2207,和泰車,18.08,3.38,4.5
2208,台船,-,0.0,0.87
2227,裕日車,13.70,5.91,2.94
2228,劍麟,19.22,2.72,3.61
2231,為升,21.48,3.65,8.35
2236,百達-KY,18.40,3.55,1.81
2239,英利-KY,13.63,2.57,1.95
2301,光寶科,12.91,5.58,1.6
2302,麗正,82.00,0.0,0.65
2303,聯電,17.94,4.1,0.69
2305,全友,94.25,0.0,0.88
2308,台達電,22.44,3.08,3.4
2311,日月光,13.74,3.61,1.89
2312,金寶,13.78,2.53,0.99
2313,華通,16.14,2.73,1.29
2314,台揚,42.01,0.37,2.97
2316,楠梓電,105.88,0.0,0.64
2317,鴻海,10.61,5.49,1.46
2321,東訊,37.50,0.0,7.14
2323,中環,-,0.0,0.36
2324,仁寶,10.65,6.06,0.82
2325,矽品,15.52,3.54,2.33
2327,國巨*,10.91,3.63,1.75
2328,廣宇,14.06,1.17,1.51
2329,華泰,16.51,0.0,1.29
2330,台積電,14.66,3.7,3.53
2331,精英,-,0.0,1.03
2332,友訊,-,2.11,0.96
2337,旺宏,-,0.0,2.5
2338,光罩,-,0.0,0.97
2340,台亞,11.43,6.69,1.24
2342,茂矽,-,0.0,2.16
2344,華邦電,20.99,3.53,1.38
2345,智邦,19.28,4.63,4.12
2347,聯強,11.18,3.06,1.28
2348,海悅,141.67,0.0,1.32
2349,錸德,-,0.0,0.75
2351,順德,11.99,5.21,1.71
2352,佳世達,7.96,7.5,1.17
2353,宏碁,-,3.47,0.76
2354,鴻準,12.20,3.35,1.23
2355,敬鵬,9.86,5.19,1.52
2356,英業達,14.49,6.15,1.49
2357,華碩,11.61,5.67,1.23
2358,廷鑫,-,0.0,1.83
2359,所羅門,17.37,6.06,0.63
2360,致茂,20.74,3.59,3.36
2362,藍天,30.32,2.48,0.42
2363,矽統,-,0.0,0.61
2364,倫飛,-,0.0,0.75
2365,昆盈,-,0.0,0.66
2367,燿華,-,0.0,0.79
2368,金像電,43.70,0.0,0.89
2369,菱生,22.34,3.61,0.84
2371,大同,-,0.0,0.99
2373,震旦行,14.79,5.43,2.64
2374,佳能,13.69,8.0,0.64
2375,凱美,-,0.0,0.87
2376,技嘉,11.51,5.97,1.16
2377,微星,12.19,4.96,2.22
2379,瑞昱,18.02,3.69,2.4
2380,虹光,-,0.0,0.53
2382,廣達,15.70,5.67,1.79
2383,台光電,13.58,3.98,3.58
2385,群光,14.74,5.56,2.15
2387,精元,8.48,2.02,0.67
2388,威盛,27.44,0.0,1.52
2390,云辰,224.29,0.38,1.31
2392,正崴,25.35,5.09,0.85
2393,億光,11.82,6.17,1.23
2395,研華,28.38,2.87,6.38
2397,友通,12.16,8.06,1.99
2399,映泰,-,0.0,0.74
2401,凌陽,61.00,4.1,0.8
2402,毅嘉,221.00,0.0,1.08
2404,漢唐,10.25,8.98,2.4
2405,輔信,-,1.28,0.85
2406,國碩,226.50,0.0,1.2
2408,南亞科,5.61,3.1,1.55
2409,友達,14.63,4.73,0.63
2412,中華電,19.96,4.8,2.19
2413,環科,68.82,0.0,0.77
2414,精技,12.95,6.97,1.19
2415,錩新,13.95,2.72,1.79
2417,圓剛,-,0.97,0.68
2419,仲琦,11.81,7.66,1.57
2420,新巨,10.70,7.56,2.04
2421,建準,13.18,6.66,1.87
2423,固緯,11.56,5.9,1.36
2424,隴華,-,0.0,2.11
2425,承啟,22.38,1.6,1.14
2426,鼎元,15.11,6.55,1.15
2427,三商電,33.15,2.23,0.79
2428,興勤,9.53,4.93,1.75
2429,銘旺科,62.05,0.0,1.43
2430,燦坤,10.02,6.91,1.0
2431,聯昌,17.22,5.08,1.0
2433,互盛電,13.88,6.53,1.69
2434,統懋,-,0.0,0.92
2436,偉詮電,37.66,2.07,1.84
2437,旺詮,10.66,5.53,1.14
2438,翔耀,-,0.0,1.33
2439,美律,14.94,5.83,4.33
2440,太空梭,152.86,0.0,1.31
2441,超豐,10.56,6.61,1.62
2442,新美齊,56.77,0.54,0.66
2443,昶虹,-,0.0,0.62
2444,兆勁,25.40,3.17,1.42
2448,晶電,-,0.0,0.69
2449,京元電子,10.98,6.43,1.38
2450,神腦,13.21,5.65,2.23
2451,創見,14.86,6.04,2.11
2453,凌群,19.39,3.91,0.74
2454,聯發科,14.29,5.12,1.38
2455,全新,22.27,4.44,3.76
2456,奇力新,14.71,5.14,2.65
2457,飛宏,-,0.0,0.84
2458,義隆,24.65,4.06,2.34
2459,敦吉,11.17,6.26,1.01
2460,建通,44.07,0.0,0.72
2461,光群雷,10.00,5.06,0.87
2462,良得電,21.05,2.71,1.17
2464,盟立,16.25,4.83,2.26
2465,麗臺,-,0.0,1.65
2466,冠西電,-,0.0,3.08
2467,志聖,15.25,2.33,1.62
2468,華經,17.69,4.35,0.72
2471,資通,9.92,7.55,1.13
2472,立隆電,11.56,6.23,1.71
2474,可成,10.50,3.33,1.88
2475,華映,-,0.0,0.92
2476,鉅祥,10.21,6.4,1.08
2477,美隆電,13.02,7.22,1.39
2478,大毅,16.15,0.95,0.84
2480,敦陽科,14.11,6.61,1.54
2481,強茂,10.82,5.63,0.97
2482,連宇,48.50,2.2,1.08
2483,百容,11.71,6.9,0.87
2484,希華,13.98,5.84,1.11
2485,兆赫,20.27,4.14,1.49
2486,一詮,-,0.0,0.53
2488,漢平,8.07,7.69,1.8
2489,瑞軒,10.94,7.69,1.25
2491,吉祥全,-,0.0,1.07
2492,華新科,10.73,2.68,1.6
2493,揚博,10.04,8.04,1.47
2495,普安,15.84,5.31,1.11
2496,卓越,-,0.0,2.99
2497,怡利電,337.00,1.48,2.19
2498,宏達電,-,0.0,1.23
2499,東貝,-,0.0,0.79
2501,國建,8.31,0.0,1.09
2504,國產,-,0.0,0.69
2505,國揚,1300.00,3.08,1.06
2506,太設,36.67,0.83,0.7
2509,全坤建,-,8.86,0.82
2511,太子,12.02,8.4,0.79
2514,龍邦,20.90,2.15,0.97
2515,中工,39.06,2.86,0.52
2516,新建,82.78,3.36,0.58
2520,冠德,14.66,5.03,0.93
2524,京城,16.31,0.0,0.83
2527,宏璟,89.58,3.72,0.81
2528,皇普,-,0.0,0.83
2530,華建,9.55,5.33,1.14
2534,宏盛,12.98,5.28,1.17
2535,達欣工,6.49,8.15,0.86
2536,宏普,8.04,10.08,0.74
2537,聯上發,8.56,14.95,0.74
2538,基泰,-,11.3,0.63
2539,櫻花建,9.98,9.17,1.8
2540,愛山林,13.99,0.0,0.9
2542,興富發,9.57,9.38,1.76
2543,皇昌,19.06,3.28,0.85
2545,皇翔,7.62,9.85,1.3
2546,根基,10.00,7.77,0.92
2547,日勝生,-,0.0,1.11
2548,華固,8.01,7.87,1.3
2597,潤弘,9.74,9.12,1.48
2601,益航,-,0.0,0.47
2603,長榮,-,0.0,0.98
2605,新興,22.36,2.95,0.8
2606,裕民,-,2.3,1.12
2607,榮運,18.82,2.45,0.7
2608,嘉里大榮,15.53,4.01,2.53
2609,陽明,-,0.0,1.33
2610,華航,105.50,0.0,1.03
2611,志信,-,0.0,0.53
2612,中航,129.17,0.65,0.59
2613,中櫃,32.21,1.95,0.5
2614,東森,27.23,0.0,1.35
2615,萬海,34.51,6.82,1.14
2616,山隆,11.09,6.61,1.22
2617,台航,-,0.0,0.58
2618,長榮航,18.72,3.11,1.22
2633,台灣高鐵,28.85,2.81,1.97
2634,漢翔,16.77,3.57,2.82
2636,台驊控股,18.26,3.91,1.06
2637,慧洋-KY,13.10,7.58,0.64
2642,宅配通,28.33,1.83,1.45
2701,萬企,16.40,5.32,0.86
2702,華園,25.81,3.44,1.28
2704,國賓,20.26,2.98,0.92
2705,六福,-,0.0,0.63
2706,第一店,15.77,5.71,0.97
2707,晶華,20.78,5.22,5.38
2712,遠雄來,44.07,3.27,2.13
2722,夏都,29.49,2.48,2.43
2723,美食-KY,24.43,1.74,4.95
2727,王品,33.33,2.5,3.08
2731,雄獅,25.65,4.41,3.06
2739,寒舍,14.64,5.94,2.09
2748,雲品,19.32,4.42,3.31
2801,彰銀,13.70,5.14,1.21
2809,京城銀,7.23,4.98,1.05
2812,台中銀,9.04,7.31,0.77
2816,旺旺保,14.08,0.0,0.86
2820,華票,11.39,6.04,0.83
2823,中壽,10.99,5.67,1.29
2832,台產,14.11,4.72,0.88
2834,臺企銀,9.66,4.76,0.71
2836,高雄銀,12.47,5.58,0.65
2838,聯邦銀,9.17,4.86,0.67
2841,台開,33.94,2.32,0.47
2845,遠東銀,9.19,6.8,0.73
2849,安泰銀,21.43,4.44,0.74
2850,新產,7.64,5.9,0.95
2851,中再保,10.66,3.45,0.86
2852,第一保,8.52,4.8,0.76
2855,統一證,21.53,3.07,0.77
2856,元富證,34.15,1.13,0.67
2867,三商壽,9.33,5.54,0.89
2880,華南金,12.65,7.37,1.12
2881,富邦金,11.07,4.04,1.26
2882,國泰金,13.72,4.11,1.25
2883,凱基金,20.83,6.0,0.75
2884,玉山金,12.30,7.21,1.26
2885,元大金,11.33,3.52,0.75
2886,兆豐金,14.85,5.8,1.14
2887,台新新光金,11.50,9.57,0.88
2888,新光金,18.44,0.0,0.73
2889,國票金,11.92,7.53,0.81
2890,永豐金,12.14,7.29,0.76
2891,中信金,13.11,8.59,1.29
2892,第一金,12.76,7.57,1.16
2901,欣欣,58.84,1.5,2.14
2903,遠百,19.94,4.33,0.79
2904,匯僑,15.79,8.33,1.78
2905,三商,8.32,5.53,1.21
2906,高林,26.09,3.33,0.83
2908,特力,14.96,5.43,1.37
2910,統領,127.14,1.87,2.07
2911,麗嬰房,-,0.0,0.78
2912,統一超,26.43,3.2,9.08
2913,農林,41.63,3.0,0.8
2915,潤泰全,5.86,0.0,2.25
2923,鼎固-KY,15.11,1.73,0.71
2929,淘帝-KY,10.04,7.08,1.97
2936,客思達-KY,9.88,8.88,1.05
3002,歐格,19.49,4.35,0.91
3003,健和興,17.51,3.44,1.6
3004,豐達科,11.90,3.0,1.84
3005,神基,11.82,6.88,1.79
3006,晶豪科,15.41,4.18,1.32
3008,大立光,28.21,1.33,8.34
3010,華立,10.80,5.33,1.14
3011,今皓,313.33,0.0,0.81
3013,晟銘電,19.01,1.41,1.69
3014,聯陽,14.98,8.49,1.44
3015,全漢,15.47,6.02,0.59
3016,嘉晶,353.75,0.0,2.56
3017,奇鋐,10.76,4.59,1.1
3018,隆銘綠能,104.62,0.0,2.41
3019,亞光,43.25,1.93,1.31
3021,鴻名,11.65,5.36,1.09
3022,威強電,11.49,6.26,1.99
3023,信邦,14.47,4.97,2.92
3024,憶聲,3.55,0.0,0.96
3025,星通,28.63,2.36,1.04
3026,禾伸堂,17.12,6.46,1.05
3027,盛達,58.91,1.18,0.85
3028,增你強,13.39,8.17,0.83
3029,零壹,10.59,5.1,1.18
3030,德律,23.52,7.01,1.97
3031,佰鴻,19.31,4.41,1.26
3032,偉訓,11.04,5.6,1.95
3033,威健,14.59,8.5,1.08
3034,聯詠,14.29,7.66,2.56
3035,智原,32.61,5.33,1.89
3036,文曄,12.32,7.67,1.24
3037,欣興,1670.00,1.8,0.59
3038,全台,10.19,3.64,0.98
3040,遠見,17.21,7.14,1.75
3041,揚智,-,0.0,1.0
3042,晶技,13.23,5.76,1.38
3043,科風,-,0.0,11.1
3044,健鼎,12.57,3.8,1.52
3045,台灣大,19.80,5.02,5.02
3046,建碁,-,0.0,1.12
3047,訊舟,25.00,4.44,0.92
3048,益登,15.09,3.1,1.12
3049,精金,-,0.0,1.19
3050,鈺德,20.09,6.99,0.77
3051,力特,-,0.0,0.88
3052,夆典,39.55,3.45,0.61
3054,立萬利,40.57,0.51,1.68
3055,蔚華科,12.61,4.73,0.65
3056,富華新,4.87,9.48,1.01
3057,喬鼎,-,0.0,1.21
3058,立德,18.45,4.67,0.68
3059,華晶科,121.00,3.31,0.73
3060,銘異,27.72,4.4,1.3
3062,建漢,18.73,4.85,1.2
3090,日電貿,11.40,7.57,1.52
3094,聯傑,26.10,4.9,1.53
3130,一零四,12.52,7.2,3.19
3149,正達,-,0.0,2.72
3164,景岳,-,0.0,1.48
3167,大量,16.22,4.17,1.87
3189,景碩,16.01,3.74,1.24
3209,全科,14.33,6.2,1.66
3229,晟鈦,-,0.0,1.16
3231,緯創,23.76,5.4,1.04
3257,虹冠電,19.47,3.53,1.5
3266,昇陽,96.25,0.0,0.81
3296,勝德,15.44,6.17,1.12
3305,昇貿,15.49,6.97,0.98
3308,聯德,-,0.0,0.69
3311,閎暉,-,0.0,0.74
3312,弘憶股,15.78,0.0,0.67
3315,宣昶,12.55,0.0,0.76
3321,同泰,-,0.0,1.03
3338,泰碩,12.53,6.48,2.12
3346,麗清,41.50,2.36,6.5
3356,奇偶,24.00,3.47,1.89
3376,新日興,14.00,4.66,1.3
3380,明泰,16.86,2.12,1.2
3383,新世紀,-,0.0,0.68
3406,玉晶光,-,0.0,4.87
3413,京鼎,13.79,3.81,3.13
3416,融程電,18.40,5.33,2.09
3419,譁裕,27.65,1.88,1.61
3432,台端,115.00,0.79,0.59
3437,榮創,68.66,5.33,1.22
3443,創意,24.70,3.45,3.7
3450,聯鈞,14.02,5.63,4.36
3454,晶睿,13.19,5.52,2.49
3481,群創,66.05,1.59,0.55
3494,誠研,-,0.0,0.96
3501,維熹,9.01,7.48,1.12
3504,揚明光,-,1.48,1.2
3514,昱晶,-,0.0,0.72
3515,華擎,29.35,4.9,0.83
3518,柏騰,-,2.22,0.77
3519,綠能,-,0.0,1.41
3528,安馳,12.63,7.55,1.53
3532,台勝科,125.53,0.57,4.58
3533,嘉澤,12.30,4.41,1.07
3535,晶彩科,145.00,0.0,1.22
3536,誠創,109.55,0.0,4.39
3545,敦泰,56.18,1.58,1.04
3550,聯穎,14.44,8.24,0.75
3557,嘉威,-,0.0,1.03
3559,全智科,15.06,0.0,1.4
3561,昇陽光電,-,0.0,0.76
3576,聯合再生,-,0.0,0.79
3579,尚志,-,0.0,0.62
3583,辛耘,15.94,3.48,2.18
3588,通嘉,14.59,4.72,1.2
3591,艾笛森,-,0.0,0.68
3593,力銘,-,0.0,1.66
3596,智易,8.43,2.64,1.31
3605,宏致,16.46,2.32,0.79
3607,谷崧,-,4.78,0.65
3617,碩天,10.84,4.86,1.93
3622,洋華,-,0.0,0.49
3645,達邁,24.94,2.73,2.54
3653,健策,27.82,3.14,1.56
3661,世芯-KY,-,0.0,1.17
3665,貿聯-KY,19.51,4.06,3.33
3669,圓展,15.04,4.3,0.77
3673,TPK-KY,-,0.0,1.25
3679,新至陞,11.12,4.74,1.4
3682,亞太電,-,0.0,1.22
3686,達能,-,0.0,0.68
3694,海華,24.08,0.0,1.19
3698,隆達,-,0.0,0.79
3701,大眾控,20.57,0.0,1.3
3702,大聯大,12.37,6.3,1.32
3703,欣陸,17.27,4.52,0.41
3704,合勤控,25.08,1.23,0.82
3705,永信,18.24,3.33,2.06
3706,神達,9.85,7.42,0.78
3708,上緯投控,124.66,1.38,1.64
4104,佳醫,15.10,5.43,0.9
4106,雃博,21.16,2.57,1.67
4108,懷特,-,0.0,2.7
4119,旭富,14.32,5.59,1.95
4133,亞諾法,39.18,1.96,1.78
4137,麗豐-KY,15.60,4.51,3.2
4141,龍燈-KY,9.84,0.0,0.84
4142,國光生,-,0.0,1.83
4144,康聯-KY,14.03,2.2,1.55
4164,承業醫,37.02,2.37,1.19
4190,佐登-KY,18.90,4.16,3.5
4306,炎洲,-,2.21,0.87
4414,如興,-,0.0,2.28
4426,利勤,12.81,3.74,3.42
4438,廣越,25.30,3.63,2.7
4526,東台,94.78,2.29,1.02
4532,瑞智,12.04,6.97,2.01
4536,拓凱,12.35,5.66,2.03
4545,銘鈺,15.10,5.03,1.73
4551,智伸科,21.18,3.65,3.82
4552,力達-KY,11.35,4.66,2.38
4555,氣立,29.03,3.33,1.54
4557,永新-KY,13.28,5.25,2.54
4720,德淵,16.52,4.08,1.15
4722,國精化,9.65,7.17,1.44
4725,信昌化,-,0.0,1.93
4737,華廣,24.79,5.44,1.71
4746,台耀,16.26,3.39,1.92
4755,三福化,10.09,5.02,1.05
4763,材料*-KY,25.45,3.18,5.52
4904,遠傳,21.29,5.03,3.42
4906,正文,14.39,5.58,0.96
4912,聯德控股-KY,67.54,3.46,3.27
4915,致伸,11.38,5.03,2.0
4916,事欣科,18.84,5.33,2.16
4919,新唐,14.73,5.52,2.67
4927,泰鼎-KY,13.32,3.7,0.92
4930,燦星網,44.24,2.05,0.45
4934,太極,47.10,0.0,0.94
4935,茂林-KY,8.79,6.6,1.09
4938,和碩,11.96,5.57,1.56
4942,嘉彰,11.33,4.35,0.55
4943,康控-KY,100.00,1.1,6.04
4952,凌通,10.82,7.79,2.07
4956,光鋐,342.86,0.0,1.2
4958,臻鼎-KY,16.58,3.09,1.5
4960,誠美材,-,0.0,0.63
4968,立積,29.16,2.1,4.64
4976,佳凌,-,0.0,2.37
4977,眾達-KY,13.20,5.99,2.9
4984,科納-KY,8.44,7.79,1.41
4994,傳奇,-,0.0,4.55
4999,鑫禾,9.04,5.59,1.36
5007,三星,14.35,4.71,2.73
5203,訊連,19.10,6.05,1.38
5215,科嘉-KY,16.57,9.01,0.95
5225,東科-KY,15.00,3.36,1.37
5234,達興材料,11.15,7.12,1.85
5243,乙盛-KY,21.81,3.15,1.39
5258,虹堡,9.93,4.94,1.92
5259,奕智博,-,0.0,2.79
5264,鎧勝-KY,12.24,3.96,1.19
5269,祥碩,52.20,1.57,11.73
5284,jpp-KY,14.57,4.2,1.75
5285,界霖,18.41,4.32,1.78
5288,豐祥-KY,11.61,4.79,2.12
5305,敦南,20.07,4.3,1.14
5388,中磊,12.62,5.53,2.51
5434,崇越,13.66,5.05,2.57
5469,瀚宇博,8.67,3.3,0.66
5471,松翰,19.58,5.5,1.83
5484,慧友,42.64,0.0,0.69
5515,建國,71.38,5.39,0.62
5519,隆大,9.84,4.72,0.77
5521,工信,53.85,0.0,1.15
5522,遠雄,9.80,9.26,0.79
5525,順天,60.21,2.08,0.9
5531,鄉林,19.74,0.0,0.9
5533,皇鼎,16.91,4.09,0.63
5534,長虹,7.72,3.82,1.74
5538,東明-KY,10.72,6.71,1.42
5607,遠雄港,13.27,0.0,0.73
5608,四維航,-,0.0,0.59
5706,鳳凰,13.37,5.36,2.25
5871,中租-KY,11.15,4.8,2.05
5880,合庫金,13.02,6.95,0.92
5906,台南-KY,-,0.0,1.1
5907,大洋-KY,14.24,2.15,0.47
6005,群益證,18.27,3.68,0.74
6108,競國,10.00,0.0,1.33
6112,邁達特,11.96,6.75,1.47
6115,鎰勝,12.23,8.06,1.74
6116,彩晶,6.68,5.99,0.73
6117,迎廣,-,0.0,1.0
6120,達運,38.24,1.48,0.79
6128,上福,9.88,6.59,2.09
6131,鈞泰,-,0.0,1.7
6133,金橋,92.50,2.16,0.7
6136,富爾特,12.50,7.92,0.96
6139,亞翔,12.61,4.14,1.06
6141,柏承,-,1.94,1.21
6142,友勁,16.20,5.76,0.8
6145,勁永,1360.00,0.0,0.93
6152,百一,-,0.0,0.79
6153,嘉聯益,86.30,2.52,0.83
6155,鈞寶,18.96,4.67,1.12
6164,華興,11.35,5.94,1.08
6165,浪凡,-,0.0,4.65
6166,凌華,34.24,2.65,3.15
6168,宏齊,-,0.0,0.91
6172,互億,44.03,0.0,1.37
6176,瑞儀,9.37,7.05,1.29
6177,達麗,13.20,12.89,1.35
6183,關貿,20.58,4.33,2.09
6184,大豐電,-,1.48,1.27
6189,豐藝,12.92,7.12,1.7
6191,精成科,12.74,2.96,0.61
6192,巨路,12.53,3.68,1.52
6196,帆宣,11.55,6.1,1.29
6197,佳必琪,13.56,3.69,1.54
6201,亞弘電,10.43,8.49,1.29
6202,盛群,15.53,6.49,3.07
6205,詮欣,11.24,5.33,1.68
6206,飛捷,16.69,4.98,3.25
6209,今國光,1402.50,1.78,1.2
6213,聯茂,14.32,5.56,1.97
6214,精誠,14.28,7.76,1.24
6215,和椿,22.81,3.85,0.95
6216,居易,11.28,7.92,1.93
6224,聚鼎,12.07,7.43,2.36
6225,天瀚,-,0.0,61.6
6226,光鼎,19.44,1.14,0.97
6230,尼得科超眾,12.83,5.34,3.21
6235,華孚,2.59,9.52,1.39
6239,力成,14.22,4.53,1.92
6243,迅杰,-,0.0,1.47
6251,定穎,235.75,0.0,0.62
6257,矽格,12.76,5.96,1.24
6269,台郡,12.96,4.26,1.9
6271,同欣電,21.30,4.48,2.15
6277,宏正,12.95,6.78,2.83
6278,台表科,14.21,5.42,0.7
6281,全國電,12.83,6.73,2.67
6282,康舒,23.85,5.87,1.51
6283,淳安,65.86,0.0,4.16
6285,啟碁,14.76,4.69,2.29
6289,華上,-,0.0,3.44
6405,悅城,465.00,0.0,0.65
6409,旭隼,22.31,4.94,7.43
6412,群電,13.18,5.76,2.49
6414,樺漢,29.59,2.52,5.07
6415,矽力*-KY,32.02,0.89,5.74
6422,君耀-KY,9.64,6.27,1.99
6431,光麗-KY,-,0.0,0.68
6442,光聖,11.05,6.8,1.41
6443,元晶,361.67,0.0,1.01
6449,鈺邦,12.10,4.56,1.88
6451,訊芯-KY,11.29,5.24,1.82
6452,康友-KY,33.96,1.95,5.77
6456,GIS-KY,15.41,2.75,3.63
6464,台數科,19.94,5.37,2.27
6477,安集,-,1.1,1.14
6504,南六,19.26,3.11,4.12
6505,台塑化,13.33,5.66,3.27
6525,捷敏-KY,12.05,5.88,2.41
6531,愛普*,14.96,5.22,2.38
6533,晶心科,-,0.0,7.64
6552,易華電,20.40,2.44,1.82
6605,帝寶,11.54,3.01,1.17
8011,台通,34.11,2.41,1.04
8016,矽創,11.41,6.09,2.54
8021,尖點,17.37,3.36,0.98
8033,雷虎,-,0.0,1.35
8039,台虹,13.26,5.37,1.15
8046,南電,-,0.0,0.5
8070,長華*,13.25,6.13,1.99
8072,陞泰,71.45,2.26,0.83
8081,致新,15.18,7.05,1.53
8101,華冠,-,0.0,0.86
8103,瀚荃,11.23,5.34,1.13
8105,凌巨,12.10,1.16,0.95
8110,華東,16.45,1.37,0.9
8112,至上,8.17,7.88,1.33
8114,振樺電,19.16,4.69,4.77
8131,福懋科,11.21,7.72,1.11
8150,南茂,15.17,3.68,1.43
8163,達方,14.37,8.33,0.81
8201,無敵,-,0.0,1.06
8210,勤誠,10.98,5.45,2.31
8213,志超,9.58,6.33,0.84
8215,明基材,-,0.0,1.31
8222,寶一,26.35,2.92,2.06
8249,菱光,11.43,6.9,0.86
8261,富鼎,31.93,2.49,1.74
8271,宇瞻,10.91,6.36,1.57
8341,日友,26.50,3.08,6.66
8374,羅昇,54.09,0.56,1.16
8404,百和興業-KY,20.03,2.55,2.22
8411,福貞-KY,11.83,4.23,0.93
8422,可寧衛,13.08,6.65,3.55
8427,基勝-KY,7.55,6.49,1.38
8429,金麗-KY,5.98,9.83,0.93
8442,威宏-KY,24.31,4.02,1.99
8443,阿瘦,74.57,1.75,0.71
8454,富邦媒,25.56,3.7,5.23
8463,潤泰材,16.46,5.26,1.3
8464,億豐,22.48,3.53,7.18
8466,美吉吉-KY,14.02,5.79,3.05
8467,波力-KY,20.99,3.82,1.35
8473,山林水,16.48,4.93,1.45
8480,泰昇-KY,15.88,4.05,4.53
8481,政伸,15.26,4.99,2.72
8488,吉源-KY,11.20,4.45,1.04
8926,台汽電,14.57,5.12,1.18
8940,新天地,30.53,0.0,1.19
8996,高力,14.89,4.83,2.31
9802,鈺齊-KY,13.12,4.94,1.63
9902,台火,262.50,0.0,0.89
9904,寶成,9.48,3.57,1.63
9905,大華,13.52,5.75,1.14
9906,欣巴巴,29.71,3.17,1.76
9907,統一實,23.09,2.42,1.36
9908,大台北,17.61,4.0,1.22
9910,豐泰,18.14,4.3,5.84
9911,櫻花,11.30,6.92,1.99
9912,偉聯,-,0.0,0.74
9914,美利達,25.00,3.43,3.81
9917,中保科,64.29,3.89,4.16
9918,欣天然,25.64,3.59,2.0
9919,康那香,-,1.83,0.88
9921,巨大,21.97,2.79,3.37
9924,福興,9.64,6.67,1.54
9925,新保,15.66,4.99,1.62
9926,新海,24.29,3.87,2.66
9927,泰銘,10.05,6.54,1.64
9928,中視,-,0.0,1.37
9929,秋雨,13.75,0.0,1.67
9930,中聯資源,20.44,5.05,2.97
9931,欣高,17.10,3.88,1.88
9933,中鼎,18.15,4.91,2.36
9934,成霖,-,6.04,1.05
9935,慶豐富,21.62,0.0,1.23
9937,全國,17.50,5.01,2.63
9938,百和,20.80,2.88,3.96
9939,宏全,14.63,4.25,1.46
9940,信義,23.97,3.74,2.38
9941,裕融,13.93,5.47,2.49
9942,茂順,13.74,4.97,2.42
9943,好樂迪,11.38,7.45,2.11
9944,新麗,32.24,1.39,0.79
9945,潤泰新,6.35,5.5,1.56
9946,三發地產,8.08,8.03,0.69
9955,佳龍,-,0.0,0.8
9958,世紀鋼,24.85,4.13,0.77
