113年01月09日 個股日本益比、殖利率及股價淨值比,113年01月09日 個股日本益比、殖利率及股價淨值比,113年01月09日 個股日本益比、殖利率及股價淨值比,113年01月09日 個股日本益比、殖利率及股價淨值比,113年01月09日 個股日本益比、殖利率及股價淨值比,113年01月09日 個股日本益比、殖利率及股價淨值比,113年01月09日 個股日本益比、殖利率及股價淨值比,113年01月09日 個股日本益比、殖利率及股價淨值比
證券代號,證券名稱,收盤價,殖利率(%),股利年度,本益比,股價淨值比,財報年/季
1101,台泥,34.05,1.47,111,28.86,1.12,112/3
1102,亞泥,41.0,5.61,111,14.29,0.86,112/3
1103,嘉泥,18.75,2.67,111,72.12,0.58,112/3
1104,環泥,28.9,6.23,111,8.63,0.88,112/3
1108,幸福,15.5,5.16,111,8.42,1.25,112/3
1109,信大,18.05,4.43,111,10.62,0.77,112/3
1110,東泥,18.9,0.53,111,40.21,1.21,112/3
1201,味全,18.95,1.27,111,67.68,1.3,112/3
1203,味王,57.5,1.91,111,33.43,2.43,112/3
1210,大成,57.1,2.63,111,12.98,2.11,112/3
1213,大飲,7.05,0.0,111,-,1.48,112/3
1215,卜蜂,95.9,3.65,111,13.90,3.06,112/3
1216,統一,72.5,4.34,111,21.32,3.25,112/3
1217,愛之味,11.85,3.38,111,35.91,0.86,112/3
1218,泰山,21.7,2.63,111,2.03,0.88,112/3
1219,福壽,19.25,4.16,111,25.67,1.43,112/3
1220,台榮,14.25,1.4,111,32.39,1.12,112/3
1225,福懋油,53.5,3.74,111,46.93,3.63,112/3
1227,佳格,38.65,3.34,111,29.73,2.02,112/3
1229,聯華,64.5,3.1,111,25.49,2.37,112/3
1231,聯華食,87.1,2.99,111,28.28,4.06,112/3
1232,大統益,142.5,4.21,111,20.30,4.5,112/3
1233,天仁,34.75,2.45,111,30.22,2.16,112/3
1234,黑松,40.25,4.47,111,16.77,0.88,112/3
1235,興泰,78.6,2.8,111,48.82,1.67,112/3
1236,宏亞,23.85,4.19,111,55.47,0.86,112/3
1256,鮮活果汁-KY,241.5,2.69,111,16.38,2.11,112/3
1301,台塑,77.6,5.41,111,172.44,1.41,112/3
1303,南亞,65.1,4.61,111,94.35,1.41,112/3
1304,台聚,19.25,3.64,111,31.56,0.86,112/3
1305,華夏,21.9,1.37,111,39.11,1.32,112/3
1307,三芳,25.35,3.16,111,14.82,1.1,112/3
1308,亞聚,23.35,5.14,111,24.32,1.01,112/3
1309,台達化,16.3,3.07,111,-,0.94,112/3
1310,台苯,15.2,1.32,111,-,1.26,112/3
1312,國喬,14.95,3.34,111,-,0.44,112/3
1313,聯成,14.95,1.34,111,-,0.66,112/3
1314,中石化,9.82,0.0,111,-,0.48,112/3
1315,達新,72.5,8.28,111,16.94,0.66,112/3
1316,上曜,12.8,4.3,111,-,1.09,112/3
1319,東陽,75.0,3.33,111,17.28,1.78,112/3
1321,大洋,37.5,0.0,111,101.35,1.44,112/3
1323,永裕,31.25,3.52,111,22.64,1.15,112/3
1324,地球,16.75,1.19,111,29.39,1.29,112/3
1325,恆大,43.75,1.14,111,112.18,1.34,112/3
1326,台化,60.8,1.56,111,380.00,1.06,112/3
1337,再生-KY,7.41,0.0,111,-,0.43,112/3
1338,廣華-KY,41.4,4.83,111,-,0.56,112/3
1339,昭輝,64.8,4.63,111,14.93,1.26,112/3
1340,勝悅-KY,11.35,0.0,111,-,0.4,112/3
1341,富林-KY,63.2,9.68,111,13.11,2.5,112/3
1342,八貫,117.0,4.59,111,15.46,3.95,112/3
1402,遠東新,31.75,4.25,111,29.67,0.78,112/3
1409,新纖,15.55,6.43,111,36.16,0.7,112/3
1410,南染,38.65,2.07,111,64.42,2.26,112/3
1413,宏洲,8.43,0.0,111,-,1.0,112/3
1414,東和,17.7,1.81,111,252.86,1.26,112/3
1416,廣豐,11.7,4.27,111,19.83,0.61,112/3
1417,嘉裕,12.25,3.02,111,38.28,0.87,112/3
1418,東華,0.0,0.0,111,38.77,0.97,112/3
1419,新紡,47.7,3.14,111,22.08,1.15,112/3
1423,利華,30.85,0.65,111,32.47,1.12,112/3
1432,大魯閣,19.15,0.0,111,26.97,2.17,112/3
1434,福懋,25.1,5.98,111,51.22,0.77,112/3
1435,中福,56.7,0.0,111,-,8.08,112/3
1436,華友聯,83.7,6.14,111,123.09,2.94,112/3
1437,勤益控,30.95,2.58,111,11.01,0.84,112/3
1438,三地開發,34.55,2.89,111,-,1.67,112/3
1439,雋揚,24.4,1.23,111,19.84,0.93,112/3
1440,南紡,15.85,2.21,111,-,0.97,112/3
1441,大東,13.95,0.0,111,-,2.12,112/3
1442,名軒,38.55,4.15,111,18.99,2.47,112/3
1443,立益物流,28.6,0.0,111,21.03,2.04,112/3
1444,力麗,10.2,3.92,111,-,0.92,112/3
1445,大宇,19.75,0.51,111,45.93,1.47,112/3
1446,宏和,37.3,0.54,111,-,3.71,112/3
1447,力鵬,7.8,0.0,111,-,0.7,112/3
1449,佳和,22.4,1.29,111,42.26,1.13,112/3
1451,年興,18.95,10.55,111,-,0.55,112/3
1452,宏益,17.3,4.62,111,123.57,0.87,112/3
1453,大將,15.0,2.0,111,500.00,1.16,112/3
1454,台富,16.3,1.53,111,203.75,1.24,112/3
1455,集盛,10.9,0.92,111,-,0.93,112/3
1456,怡華,16.75,0.0,111,19.94,0.99,112/3
1457,宜進,18.55,5.39,111,84.32,0.84,112/3
1459,聯發,9.85,0.0,111,30.78,1.11,112/3
1460,宏遠,7.37,0.0,111,-,0.76,112/3
1463,強盛新,17.65,2.27,111,22.34,1.28,112/3
1464,得力,13.25,7.55,111,220.83,1.04,112/3
1465,偉全,14.0,6.07,111,21.21,0.86,112/3
1466,聚隆,14.0,0.0,111,-,1.07,112/3
1467,南緯,11.15,0.0,111,-,0.9,112/3
1468,昶和,15.15,0.0,111,-,1.93,112/3
1470,大統新創,18.85,2.39,111,33.07,1.64,112/3
1471,首利,15.7,0.0,111,-,1.62,112/3
1472,三洋實業,60.7,0.0,111,26.28,1.88,112/3
1473,台南,28.75,3.48,111,13.96,1.12,112/3
1474,弘裕,12.2,3.28,111,-,0.8,112/3
1475,業旺,43.1,1.16,111,10.59,2.34,112/3
1476,儒鴻,541.0,3.14,111,32.49,6.05,112/3
1477,聚陽,365.0,3.97,111,22.91,5.83,112/3
1503,士電,118.5,1.69,111,26.57,1.94,112/3
1504,東元,45.4,3.3,111,16.69,1.21,112/3
1506,正道,17.0,0.0,111,50.00,1.89,112/3
1512,瑞利,12.05,0.0,111,-,3.11,112/3
1513,中興電,120.0,2.76,111,38.34,4.02,112/3
1514,亞力,81.1,1.6,111,34.81,4.78,112/3
1515,力山,53.0,0.0,111,353.33,2.64,112/3
1516,川飛,18.35,6.87,111,23.83,1.57,112/3
1517,利奇,15.3,5.88,111,-,0.9,112/3
1519,華城,362.0,0.69,111,48.72,19.15,112/3
1521,大億,43.7,1.6,111,38.67,1.81,112/3
1522,堤維西,39.35,4.57,111,13.76,1.49,112/3
1524,耿鼎,32.25,3.1,111,17.25,2.01,112/3
1525,江申,76.3,2.75,111,14.70,1.17,112/3
1526,日馳,32.65,10.41,111,13.66,1.34,112/3
1527,鑽全,40.6,5.91,111,14.00,1.2,112/3
1528,恩德,11.45,0.87,111,34.70,0.9,112/3
1529,樂事綠能,31.9,1.69,111,50.63,2.81,112/3
1530,亞崴,32.0,5.0,111,13.73,0.94,112/3
1531,高林股,13.55,5.9,111,112.92,0.67,112/3
1532,勤美,41.0,2.93,111,18.14,1.18,112/3
1533,車王電,53.1,0.0,111,-,2.05,112/3
1535,中宇,55.0,5.45,111,14.82,1.93,112/3
1536,和大,56.7,2.82,111,32.03,1.8,112/3
1537,廣隆,132.0,7.58,111,18.78,2.62,112/3
1538,正峰,22.7,0.0,111,-,5.32,112/3
1539,巨庭,23.95,10.44,111,36.85,0.99,112/3
1540,喬福,17.2,3.49,111,16.54,1.04,112/3
1541,錩泰,32.5,3.08,111,-,1.35,112/3
1558,伸興,102.5,5.37,111,30.69,1.26,112/3
1560,中砂,187.0,2.14,111,30.46,4.57,112/3
1568,倉佑,30.85,3.57,111,9.35,1.73,112/3
1582,信錦,76.1,3.94,111,19.31,1.63,112/3
1583,程泰,66.2,4.53,111,11.55,1.36,112/3
1587,吉茂,22.7,4.41,111,26.71,1.11,112/3
1589,永冠-KY,51.5,0.0,111,-,0.67,112/3
1590,亞德客-KY,960.0,1.37,111,29.06,4.62,112/3
1597,直得,63.3,3.16,111,27.64,2.33,112/3
1598,岱宇,35.1,1.42,111,-,1.19,112/3
1603,華電,35.15,1.42,111,13.73,0.9,112/3
1604,聲寶,29.0,5.17,111,15.43,1.3,112/3
1605,華新,36.55,4.92,111,27.48,1.03,112/3
1608,華榮,21.35,1.87,111,10.95,1.23,112/3
1609,大亞,33.65,1.72,111,8.58,1.76,112/3
1611,中電,16.6,1.81,111,39.52,1.25,112/3
1612,宏泰,28.25,5.31,111,15.27,1.23,112/3
1614,三洋電,38.4,2.58,111,31.22,1.81,112/3
1615,大山,44.8,5.58,111,13.96,2.63,112/3
1616,億泰,13.7,0.0,111,14.27,1.46,112/3
1617,榮星,16.8,1.79,111,50.91,1.24,112/3
1618,合機,31.35,1.91,111,19.35,1.27,112/3
1626,艾美特-KY,16.4,6.1,111,-,0.78,112/3
1701,中化,24.15,3.31,111,22.57,0.98,112/3
1702,南僑,50.8,3.94,111,16.44,1.31,112/3
1707,葡萄王,155.5,4.44,111,15.82,2.42,112/3
1708,東鹼,31.6,9.49,111,-,1.21,112/3
1709,和益,20.75,8.67,111,19.04,1.23,112/3
1710,東聯,19.65,1.02,111,17.86,1.39,112/3
1711,永光,19.2,1.82,111,71.11,1.26,112/3
1712,興農,38.1,7.35,111,14.82,1.93,112/3
1713,國化,38.9,2.57,111,15.69,2.11,112/3
1714,和桐,9.03,1.11,111,17.71,0.73,112/3
1717,長興,28.65,4.19,111,23.29,1.35,112/3
1718,中纖,8.04,0.0,111,-,0.51,112/3
1720,生達,66.6,3.75,111,14.02,2.36,112/3
1721,三晃,15.7,0.64,111,-,1.34,112/3
1722,台肥,66.7,3.75,111,15.55,1.19,112/3
1723,中碳,116.0,4.31,111,17.98,3.42,112/3
1725,元禎,21.65,4.62,111,20.05,0.91,112/3
1726,永記,75.6,4.63,111,14.62,1.26,112/3
1727,中華化,28.2,2.59,111,30.99,1.81,112/3
1730,花仙子,57.1,5.25,111,16.22,2.01,112/3
1731,美吾華,22.35,4.92,111,18.32,1.48,112/3
1732,毛寶,33.8,0.0,111,-,2.97,112/3
1733,五鼎,33.7,4.15,111,23.40,1.89,112/3
1734,杏輝,33.65,2.97,111,20.39,1.86,112/3
1735,日勝化,17.2,2.91,111,22.93,1.14,112/3
1736,喬山,69.4,0.86,111,35.59,2.22,112/3
1737,臺鹽,34.3,4.37,111,17.68,1.05,112/3
1752,南光,51.5,4.47,111,13.17,2.16,112/3
1760,寶齡富錦,108.0,1.85,111,-,4.9,112/3
1762,中化生,56.1,2.32,111,15.00,1.31,112/3
1773,勝一,131.5,2.74,111,21.21,3.96,112/3
1776,展宇,16.85,3.56,111,112.33,1.15,112/3
1783,和康生,46.3,2.16,111,21.53,3.01,112/3
1786,科妍,77.8,2.54,111,31.12,3.3,112/3
1789,神隆,26.4,1.36,111,91.03,2.04,112/3
1795,美時,288.0,1.2,111,19.66,4.54,112/3
1802,台玻,18.75,0.0,111,-,1.12,112/3
1805,寶徠,14.65,0.0,111,-,2.02,112/3
1806,冠軍,10.85,0.0,111,-,0.78,112/3
1808,潤隆,106.5,0.56,111,7.30,3.95,112/3
1809,中釉,15.25,1.64,111,-,0.87,112/3
1810,和成,17.7,1.13,111,-,0.81,112/3
1817,凱撒衛,36.9,6.23,111,12.22,1.35,112/3
1903,士紙,55.0,0.0,111,211.54,3.52,112/3
1904,正隆,29.25,3.76,111,41.79,1.15,112/3
1905,華紙,22.45,1.34,111,-,1.63,112/3
1906,寶隆,15.45,3.24,111,81.32,0.54,112/3
1907,永豐餘,31.55,2.85,111,40.97,0.93,112/3
1909,榮成,14.55,1.72,111,-,0.87,112/3
2002,中鋼,26.0,3.85,111,-,1.29,112/3
2006,東和鋼鐵,70.5,4.96,111,12.22,1.73,112/3
2007,燁興,12.6,0.0,111,-,1.1,112/3
2008,高興昌,22.4,2.37,111,9.29,1.32,112/3
2009,第一銅,31.5,1.27,111,286.36,1.93,112/3
2010,春源,17.7,3.39,111,15.66,1.0,112/3
2012,春雨,24.3,6.17,111,29.28,1.6,112/3
2013,中鋼構,54.4,3.13,111,23.05,2.11,112/3
2014,中鴻,25.1,1.39,111,-,2.25,112/3
2015,豐興,67.5,5.93,111,16.11,1.85,112/3
2017,官田鋼,14.6,5.48,111,-,1.18,112/3
2020,美亞,32.55,3.07,111,10.20,1.99,112/3
2022,聚亨,12.05,0.0,111,-,1.15,112/3
2023,燁輝,17.1,1.75,111,-,1.08,112/3
2024,志聯,20.9,1.67,111,-,1.83,112/3
2025,千興,7.2,0.0,111,4.44,1.11,112/3
2027,大成鋼,38.3,11.49,111,15.02,1.24,112/3
2028,威致,25.3,5.14,111,22.19,1.9,112/3
2029,盛餘,28.85,3.57,111,18.03,0.94,112/3
2030,彰源,19.1,7.85,111,61.61,1.08,112/3
2031,新光鋼,55.4,1.81,111,11.97,1.69,112/3
2032,新鋼,18.65,1.07,111,-,1.46,112/3
2033,佳大,17.65,0.0,111,-,1.4,112/3
2034,允強,26.95,5.57,111,-,1.36,112/3
2038,海光,20.7,2.42,111,37.64,1.07,112/3
2049,上銀,225.0,2.44,111,36.82,2.29,112/3
2059,川湖,910.0,2.2,111,30.76,5.45,112/3
2062,橋椿,25.8,3.88,111,22.43,0.7,112/3
2069,運錩,17.2,5.81,111,-,0.75,112/3
2101,南港,45.05,0.0,111,-,3.6,112/3
2102,泰豐,19.15,0.0,111,-,1.11,112/3
2103,台橡,23.95,4.51,111,44.35,1.0,112/3
2104,國際中橡,19.1,0.52,111,-,0.54,112/3
2105,正新,44.75,3.13,111,22.15,1.7,112/3
2106,建大,30.85,3.24,111,-,1.47,112/3
2107,厚生,24.15,4.97,111,13.96,0.61,112/3
2108,南帝,37.0,5.41,111,26.24,1.27,112/3
2109,華豐,14.5,6.21,111,12.83,1.23,112/3
2114,鑫永銓,107.0,4.67,111,18.14,2.82,112/3
2115,六暉-KY,29.85,4.36,111,14.78,0.96,112/3
2201,裕隆,70.9,1.31,111,94.53,1.33,112/3
2204,中華,107.5,3.72,111,47.57,1.74,112/3
2206,三陽工業,71.6,2.51,111,10.45,2.64,112/3
2207,和泰車,683.0,0.32,111,40.92,6.08,112/3
2208,台船,20.45,0.0,111,-,3.06,112/3
2211,長榮鋼,102.5,4.88,111,11.34,1.86,112/3
2227,裕日車,185.0,3.9,111,41.29,3.05,112/3
2228,劍麟,88.0,4.55,111,14.92,1.57,112/3
2231,為升,131.5,2.13,111,29.48,4.36,112/3
2233,宇隆,133.0,4.51,111,16.28,2.29,112/3
2236,百達-KY,64.6,0.42,111,26.69,2.34,112/3
2239,英利-KY,57.6,0.8,111,32.54,0.63,112/3
2241,艾姆勒,29.75,0.0,111,-,2.12,112/3
2243,宏旭-KY,17.8,0.0,111,-,1.59,112/3
2247,汎德永業,295.0,5.08,111,13.26,1.92,112/3
2250,IKKA-KY,84.0,3.56,111,22.58,1.49,112/3
2254,巨鎧精密-創,92.5,2.8,111,-,7.75,112/3
2258,鴻華先進-創,44.7,0.0,111,-,5.86,112/3
2301,光寶科,114.5,3.93,111,17.64,3.15,112/3
2302,麗正,17.75,4.51,111,27.31,1.66,112/3
2303,聯電,50.1,7.19,111,9.36,1.79,112/3
2305,全友,21.55,0.0,111,-,1.97,112/3
2308,台達電,295.5,3.33,111,23.73,3.89,112/3
2312,金寶,15.8,1.9,111,32.24,1.14,112/3
2313,華通,67.9,3.98,111,16.85,2.1,112/3
2314,台揚,36.2,0.0,111,-,4.93,112/3
2316,楠梓電,37.9,1.32,111,49.87,0.84,112/3
2317,鴻海,101.0,5.25,111,10.86,0.94,112/3
2321,東訊,14.8,0.0,111,-,2.22,112/3
2323,中環,10.95,0.0,111,13.19,0.67,112/3
2324,仁寶,36.95,3.25,111,23.09,1.33,112/3
2327,國巨*,565.0,1.77,111,14.03,1.73,112/3
2328,廣宇,34.0,4.12,111,13.60,1.32,112/3
2329,華泰,53.5,1.59,111,26.10,3.69,112/3
2330,台積電,586.0,1.88,111,16.97,4.54,112/3
2331,精英,30.95,2.58,111,26.01,1.45,112/3
2332,友訊,19.2,1.15,111,13.91,1.24,112/3
2337,旺宏,30.25,5.95,111,-,1.14,112/3
2338,光罩,70.1,3.57,111,16.53,3.08,112/3
2340,台亞,44.8,2.23,111,64.93,2.33,112/3
2342,茂矽,33.15,6.03,111,-,2.11,112/3
2344,華邦電,28.1,3.56,111,-,1.29,112/3
2345,智邦,516.0,1.45,111,31.95,12.44,112/3
2347,聯強,69.0,5.07,111,15.16,1.64,112/3
2348,海悅,92.2,5.42,111,12.93,2.23,112/3
2349,錸德,8.04,0.0,111,-,1.0,112/3
2351,順德,108.5,2.95,111,25.17,2.95,112/3
2352,佳世達,46.65,4.29,111,31.31,2.47,112/3
2353,宏碁,47.8,3.14,111,46.41,1.9,112/3
2354,鴻準,51.5,3.11,111,18.07,0.7,112/3
2355,敬鵬,45.85,1.85,111,24.92,1.13,112/3
2356,英業達,50.2,2.99,111,32.60,2.97,112/3
2357,華碩,455.0,3.3,111,41.33,1.45,112/3
2358,廷鑫,8.78,0.0,111,-,0.81,112/3
2359,所羅門,38.75,3.87,111,12.46,1.28,112/3
2360,致茂,216.5,3.7,111,22.69,4.27,112/3
2362,藍天,45.95,3.26,111,27.03,0.63,112/3
2363,矽統,41.6,2.4,111,53.33,1.82,112/3
2364,倫飛,106.5,2.35,111,26.04,6.02,112/3
2365,昆盈,13.85,1.44,111,44.68,1.02,112/3
2367,燿華,19.05,1.57,111,-,1.25,112/3
2368,金像電,195.5,1.79,111,28.33,6.28,112/3
2369,菱生,20.9,1.44,111,-,1.42,112/3
2371,大同,45.2,0.0,111,55.12,1.95,112/3
2373,震旦行,74.9,6.28,111,14.13,2.31,112/3
2374,佳能,25.55,1.76,111,39.31,1.14,112/3
2375,凱美,66.0,2.27,111,21.22,0.79,112/3
2376,技嘉,252.0,2.46,111,34.01,4.44,112/3
2377,微星,189.5,3.48,111,21.81,3.22,112/3
2379,瑞昱,451.5,5.98,111,25.42,5.45,112/3
2380,虹光,6.82,0.0,111,-,1.74,112/3
2382,廣達,216.0,2.78,111,21.69,4.59,112/3
2383,台光電,366.0,2.3,111,25.72,5.03,112/3
2385,群光,184.0,4.08,111,18.74,3.55,112/3
2387,精元,58.5,5.98,111,8.43,1.22,112/3
2388,威盛,149.0,0.1,111,647.83,5.5,112/3
2390,云辰,14.2,0.0,111,-,1.04,112/3
2392,正崴,45.3,4.86,111,15.46,0.86,112/3
2393,億光,48.7,5.13,111,16.91,1.17,112/3
2395,研華,360.0,3.05,111,27.84,6.69,112/3
2397,友通,65.3,6.13,111,18.14,2.41,112/3
2399,映泰,23.6,0.0,111,-,1.85,112/3
2401,凌陽,32.25,1.86,111,-,2.18,112/3
2402,毅嘉,34.2,2.89,111,21.92,1.63,112/3
2404,漢唐,274.0,5.47,111,10.99,4.48,112/3
2405,輔信,17.35,1.15,111,-,1.62,112/3
2406,國碩,16.3,0.0,111,-,1.38,112/3
2408,南亞科,72.6,2.93,111,-,1.31,112/3
2409,友達,18.8,4.26,111,-,0.89,112/3
2412,中華電,120.0,3.92,111,25.10,2.49,112/3
2413,環科,28.2,1.77,111,15.16,1.7,112/3
2414,精技,33.8,7.4,111,14.89,1.85,112/3
2415,錩新,28.5,2.28,111,-,1.6,112/3
2417,圓剛,34.0,0.59,111,-,1.56,112/3
2419,仲琦,33.1,4.53,111,62.45,2.09,112/3
2420,新巨,48.15,7.27,111,12.70,2.05,112/3
2421,建準,97.5,2.67,111,17.79,3.47,112/3
2423,固緯,37.2,5.38,111,13.93,2.05,112/3
2424,隴華,29.45,0.0,111,-,5.81,112/3
2425,承啟,46.0,1.74,111,24.34,2.0,112/3
2426,鼎元,18.3,0.0,111,-,1.43,112/3
2427,三商電,25.6,1.37,111,23.49,1.83,112/3
2428,興勤,159.5,3.39,111,18.35,2.21,112/3
2429,銘旺科,18.75,0.0,111,-,3.61,112/3
2430,燦坤,39.0,10.26,111,13.93,1.02,112/3
2431,聯昌,11.55,0.87,111,-,0.91,112/3
2432,倚天酷碁-創,39.3,4.2,111,20.15,2.13,112/3
2433,互盛電,51.6,6.98,111,14.79,1.99,112/3
2434,統懋,34.95,0.0,111,-,2.76,112/3
2436,偉詮電,68.0,1.76,111,60.18,3.53,112/3
2438,翔耀,23.0,0.0,111,-,2.56,112/3
2439,美律,106.0,4.22,111,19.27,1.88,112/3
2440,太空梭,12.55,0.0,111,-,1.32,112/3
2441,超豐,58.9,6.28,111,18.29,1.63,112/3
2442,新美齊,24.8,0.69,111,25.05,1.55,112/3
2443,昶虹,4.5,0.0,111,3.54,1.34,112/3
2444,兆勁,12.2,0.0,111,27.73,1.24,112/3
2449,京元電子,82.1,4.26,111,17.39,2.69,112/3
2450,神腦,39.4,5.58,111,13.68,1.61,112/3
2451,創見,78.0,7.18,111,22.22,1.79,112/3
2453,凌群,54.5,4.04,111,18.99,2.69,112/3
2454,聯發科,928.0,8.19,111,21.16,3.77,112/3
2455,全新,132.5,1.74,111,81.79,8.39,112/3
2457,飛宏,56.5,0.0,111,66.47,3.01,112/3
2458,義隆,154.5,3.97,111,27.25,5.42,112/3
2459,敦吉,61.9,6.14,111,12.71,1.23,112/3
2460,建通,30.8,0.0,111,-,2.31,112/3
2461,光群雷,23.55,7.56,111,21.22,1.32,112/3
2462,良得電,37.15,1.62,111,14.74,1.83,112/3
2464,盟立,35.8,5.03,111,127.86,1.72,112/3
2465,麗臺,60.4,0.0,111,-,10.17,112/3
2466,冠西電,37.4,0.51,111,-,3.38,112/3
2467,志聖,70.0,5.14,111,21.34,3.31,112/3
2468,華經,29.35,2.04,111,28.50,1.69,112/3
2471,資通,55.1,5.14,111,15.14,2.99,112/3
2472,立隆電,68.8,5.07,111,13.10,1.63,112/3
2474,可成,197.5,5.06,111,13.26,0.83,112/3
2476,鉅祥,70.6,3.26,111,19.67,2.26,112/3
2477,美隆電,22.1,3.62,111,-,0.85,112/3
2478,大毅,46.35,4.31,111,18.32,1.03,112/3
2480,敦陽科,118.0,5.31,111,15.97,4.07,112/3
2481,強茂,63.9,4.69,111,29.58,1.82,112/3
2482,連宇,37.0,4.05,111,11.35,2.16,112/3
2483,百容,23.95,4.18,111,48.88,1.01,112/3
2484,希華,31.85,6.91,111,14.81,1.32,112/3
2485,兆赫,21.2,0.0,111,88.33,1.08,112/3
2486,一詮,45.1,0.89,111,71.59,2.38,112/3
2488,漢平,39.9,6.27,111,9.32,1.3,112/3
2489,瑞軒,13.45,0.0,111,-,0.74,112/3
2491,吉祥全,13.75,0.0,111,47.41,1.41,112/3
2492,華新科,113.0,2.12,111,32.38,1.16,112/3
2493,揚博,80.1,4.99,111,13.09,3.21,112/3
2495,普安,20.6,2.91,111,18.23,1.34,112/3
2496,卓越,60.3,5.47,111,12.75,1.4,112/3
2497,怡利電,62.8,1.11,111,28.29,3.6,112/3
2498,宏達電,54.7,0.0,111,-,1.86,112/3
2501,國建,18.45,2.71,111,11.32,0.86,112/3
2504,國產,27.95,7.16,111,10.88,1.4,112/3
2505,國揚,23.05,0.0,111,79.48,0.89,112/3
2506,太設,10.0,3.0,111,-,0.49,112/3
2509,全坤建,17.75,0.0,111,-,0.96,112/3
2511,太子,11.1,4.5,111,22.65,0.71,112/3
2514,龍邦,15.75,0.0,111,11.50,0.51,112/3
2515,中工,13.3,3.98,111,30.93,0.92,112/3
2516,新建,13.3,0.0,111,-,1.93,112/3
2520,冠德,39.9,4.39,111,9.90,1.14,112/3
2524,京城,31.5,0.0,111,14.13,0.66,112/3
2527,宏璟,27.5,3.64,111,14.03,0.7,112/3
2528,皇普,34.85,1.43,111,37.88,2.52,112/3
2530,華建,36.35,1.13,111,95.66,3.09,112/3
2534,宏盛,20.15,8.68,111,6.48,0.65,112/3
2535,達欣工,44.85,5.57,111,9.15,1.33,112/3
2536,宏普,30.7,1.63,111,-,0.91,112/3
2537,聯上發,9.68,0.0,111,-,0.71,112/3
2538,基泰,16.3,3.07,111,15.23,1.16,112/3
2539,櫻花建,47.55,3.76,111,40.30,3.73,112/3
2540,愛山林,89.1,4.49,111,34.40,4.28,112/3
2542,興富發,40.05,3.75,111,13.67,1.43,112/3
2543,皇昌,26.95,1.11,111,20.11,2.28,112/3
2545,皇翔,42.45,10.84,111,117.92,1.3,112/3
2546,根基,78.9,5.7,111,8.17,2.15,112/3
2547,日勝生,9.66,0.0,111,-,0.79,112/3
2548,華固,95.6,7.85,111,12.88,1.37,112/3
2597,潤弘,122.0,8.2,111,12.86,4.15,112/3
2601,益航,8.74,0.0,111,-,0.69,112/3
2603,長榮,151.5,46.2,111,5.18,0.71,112/3
2605,新興,25.8,1.94,111,26.33,0.9,112/3
2606,裕民,51.7,5.8,111,18.53,1.27,112/3
2607,榮運,33.65,3.71,111,12.19,1.14,112/3
2608,嘉里大榮,38.1,4.33,111,10.44,1.47,112/3
2609,陽明,51.7,38.68,111,8.67,0.64,112/3
2610,華航,21.25,2.16,111,21.04,1.72,112/3
2611,志信,17.4,0.0,111,11.68,1.19,112/3
2612,中航,49.5,4.4,111,19.80,0.81,112/3
2613,中櫃,22.7,4.63,111,42.83,0.99,112/3
2614,東森,22.1,0.0,111,-,1.79,112/3
2615,萬海,52.4,9.54,111,-,0.67,112/3
2616,山隆,30.0,5.33,111,29.13,0.86,112/3
2617,台航,32.65,6.74,111,7.52,0.85,112/3
2618,長榮航,32.7,2.45,111,10.32,1.78,112/3
2630,亞航,36.3,0.99,111,259.29,2.23,112/3
2633,台灣高鐵,30.05,2.23,111,25.47,2.47,112/3
2634,漢翔,51.5,2.1,111,21.91,2.87,112/3
2636,台驊控股,90.0,11.31,111,8.59,1.42,112/3
2637,慧洋-KY,52.5,12.38,111,13.43,0.83,112/3
2642,宅配通,40.95,3.66,111,34.41,1.74,112/3
2645,長榮航太,103.5,3.86,111,22.70,3.03,112/3
2701,萬企,12.85,1.95,111,27.93,0.7,112/3
2702,華園,21.15,3.31,111,9.53,1.0,112/3
2704,國賓,49.2,1.02,111,10.98,0.93,112/3
2705,六福,18.05,0.0,111,-,0.73,112/3
2706,第一店,15.9,2.2,111,30.00,0.81,112/3
2707,晶華,223.5,4.03,111,21.91,6.69,112/3
2712,遠雄來,35.3,0.25,111,58.83,2.94,112/3
2722,夏都,60.6,1.98,111,63.79,3.66,112/3
2723,美食-KY,100.0,2.5,111,20.70,1.61,112/3
2727,王品,260.5,1.86,111,16.29,5.16,112/3
2731,雄獅,141.5,0.0,111,28.19,4.45,112/3
2739,寒舍,62.8,0.0,111,21.58,6.21,112/3
2748,雲品,84.1,1.51,111,29.41,3.26,112/3
2753,八方雲集,167.0,4.49,111,18.83,3.38,112/3
2801,彰銀,17.75,4.51,111,15.17,1.07,112/3
2809,京城銀,40.45,2.72,111,8.01,0.97,112/3
2812,台中銀,15.85,4.54,111,13.10,1.13,112/3
2816,旺旺保,36.75,0.0,111,15.44,1.39,112/3
2820,華票,15.1,3.31,111,16.78,0.87,112/3
2832,台產,26.15,3.82,111,10.54,0.87,112/3
2834,臺企銀,13.55,2.51,111,9.75,0.97,112/3
2836,高雄銀,12.25,0.0,111,18.56,0.9,112/3
2838,聯邦銀,14.25,4.21,111,11.78,0.86,112/3
2845,遠東銀,12.5,3.28,111,11.06,0.88,112/3
2849,安泰銀,14.4,2.78,111,130.91,0.86,112/3
2850,新產,66.2,3.84,111,7.87,1.26,112/3
2851,中再保,22.8,0.0,111,10.65,1.0,112/3
2852,第一保,18.35,3.92,111,10.43,0.7,112/3
2855,統一證,19.5,2.0,111,10.66,0.9,112/3
2867,三商壽,5.02,0.0,111,-,0.6,112/3
2880,華南金,21.95,2.69,111,14.73,1.53,112/3
2881,富邦金,64.0,2.34,111,30.19,1.27,112/3
2882,國泰金,44.75,2.01,111,16.95,1.08,112/3
2883,凱基金,12.3,0.0,111,16.62,0.96,112/3
2884,玉山金,25.5,2.24,111,19.92,1.75,112/3
2885,元大金,26.8,3.54,111,13.40,1.22,112/3
2886,兆豐金,39.45,3.35,111,17.46,1.74,112/3
2887,台新新光金,17.85,5.21,111,12.93,1.16,112/3
2888,新光金,8.72,0.0,111,-,0.6,112/3
2889,國票金,12.25,0.0,111,25.00,1.07,112/3
2890,永豐金,19.4,4.12,111,12.85,1.35,112/3
2891,中信金,28.1,3.56,111,11.86,1.36,112/3
2892,第一金,27.05,4.07,111,15.91,1.52,112/3
2897,王道銀行,9.92,3.83,111,5.48,0.76,112/3
2901,欣欣,27.65,0.76,111,81.32,2.31,112/3
2903,遠百,24.6,4.47,111,12.12,1.08,112/3
2904,匯僑,18.95,3.43,111,17.39,1.22,112/3
2905,三商,13.45,0.0,111,-,0.84,112/3
2906,高林,18.45,3.25,111,52.71,1.18,112/3
2908,特力,20.9,6.12,111,49.76,1.56,112/3
2910,統領,27.3,0.0,111,27.03,1.9,112/3
2911,麗嬰房,6.68,0.0,111,-,1.27,112/3
2912,統一超,269.0,3.35,111,26.95,7.59,112/3
2913,農林,20.7,0.0,111,-,1.27,112/3
2915,潤泰全,63.0,3.17,111,11.60,0.78,112/3
2923,鼎固-KY,26.8,2.24,111,1340.00,0.95,112/3
2929,淘帝-KY,12.15,0.0,111,-,0.46,112/3
2939,永邑-KY,29.8,0.0,111,-,1.49,112/3
2945,三商家購,44.5,1.64,111,30.90,1.66,112/3
3002,歐格,13.85,1.08,111,81.47,1.08,112/3
3003,健和興,69.9,2.86,111,19.42,1.76,112/3
3004,豐達科,91.1,1.12,111,17.52,2.2,112/3
3005,神基,103.5,3.65,111,15.97,2.97,112/3
3006,晶豪科,91.0,1.98,111,-,2.39,112/3
3008,大立光,2575.0,3.32,111,20.26,2.14,112/3
3010,華立,94.7,6.44,111,11.10,1.24,112/3
3011,今皓,33.35,0.0,111,-,3.78,112/3
3013,晟銘電,45.5,0.66,111,38.89,2.83,112/3
3014,聯陽,150.5,3.99,111,16.63,4.02,112/3
3015,全漢,51.8,7.34,111,13.92,0.7,112/3
3016,嘉晶,59.1,3.38,111,83.24,3.52,112/3
3017,奇鋐,315.0,1.59,111,25.61,5.88,112/3
3018,隆銘綠能,16.5,0.0,111,-,13.75,112/3
3019,亞光,66.0,2.88,111,30.28,1.43,112/3
3021,鴻名,19.85,3.53,111,15.15,1.24,112/3
3022,威強電,78.8,4.44,111,9.18,1.39,112/3
3023,信邦,276.5,3.06,111,20.18,4.94,112/3
3024,憶聲,18.45,1.19,111,47.31,1.79,112/3
3025,星通,58.5,1.71,111,29.10,4.44,112/3
3026,禾伸堂,95.3,5.77,111,16.29,1.61,112/3
3027,盛達,40.9,0.64,111,40.50,2.11,112/3
3028,增你強,33.45,8.7,111,13.77,1.32,112/3
3029,零壹,65.4,5.5,111,15.32,2.54,112/3
3030,德律,66.8,6.74,111,15.15,2.28,112/3
3031,佰鴻,18.9,4.5,111,20.32,1.1,112/3
3032,偉訓,75.0,2.69,111,15.00,2.87,112/3
3033,威健,28.45,10.79,111,14.52,1.38,112/3
3034,聯詠,500.0,7.4,111,13.81,4.93,112/3
3035,智原,375.5,1.33,111,52.01,10.38,112/3
3036,文曄,114.5,3.76,111,28.41,1.91,112/3
3037,欣興,162.5,4.92,111,15.07,2.78,112/3
3038,全台,30.05,5.32,111,10.47,1.77,112/3
3040,遠見,30.1,6.64,111,32.72,1.29,112/3
3041,揚智,28.4,0.0,111,-,2.09,112/3
3042,晶技,95.5,7.33,111,16.93,2.52,112/3
3043,科風,36.0,0.0,111,17.56,3.02,112/3
3044,健鼎,186.0,4.01,111,16.56,2.26,112/3
3045,台灣大,99.1,4.34,111,25.03,4.61,112/3
3046,建碁,71.0,2.11,111,23.51,4.09,112/3
3047,訊舟,15.5,6.32,111,81.58,1.3,112/3
3048,益登,23.95,8.35,111,171.07,1.23,112/3
3049,精金,9.41,0.0,111,-,0.82,112/3
3050,鈺德,16.95,2.95,111,18.63,1.03,112/3
3051,力特,32.7,3.67,111,56.38,2.31,112/3
3052,夆典,11.7,5.13,111,10.93,0.73,112/3
3054,立萬利,20.9,0.0,111,-,2.19,112/3
3055,蔚華科,45.75,2.19,111,22.76,2.07,112/3
3056,富華新,27.8,29.5,111,8.27,1.37,112/3
3057,喬鼎,12.5,0.0,111,-,1.41,112/3
3058,立德,19.15,0.0,111,100.79,2.0,112/3
3059,華晶科,35.15,2.84,111,25.66,1.08,112/3
3060,銘異,21.35,1.41,111,-,1.11,112/3
3062,建漢,21.15,0.0,111,-,1.43,112/3
3090,日電貿,56.6,9.72,111,16.31,1.96,112/3
3092,鴻碩,34.5,2.32,111,-,1.62,112/3
3094,聯傑,36.4,2.75,111,52.75,2.91,112/3
3130,一零四,214.0,6.27,111,16.09,4.49,112/3
3138,耀登,149.0,2.35,111,21.16,4.26,112/3
3149,正達,23.85,0.0,111,-,2.42,112/3
3164,景岳,24.3,2.88,111,43.39,1.58,112/3
3167,大量,57.0,4.04,111,-,2.21,112/3
3189,景碩,98.6,6.57,111,51.09,1.42,112/3
3209,全科,35.05,10.21,111,12.84,1.7,112/3
3229,晟鈦,15.35,0.0,111,-,1.57,112/3
3231,緯創,94.0,2.77,111,22.07,2.57,112/3
3257,虹冠電,71.2,1.4,111,29.06,3.53,112/3
3266,昇陽,19.5,2.56,111,17.11,1.21,112/3
3296,勝德,21.0,0.0,111,-,1.72,112/3
3305,昇貿,68.6,2.9,111,54.88,1.9,112/3
3308,聯德,34.95,0.0,111,4.81,2.07,112/3
3311,閎暉,37.6,1.6,111,23.80,0.96,112/3
3312,弘憶股,22.25,8.99,111,9.76,1.36,112/3
3321,同泰,13.55,0.0,111,-,2.1,112/3
3338,泰碩,60.9,3.28,111,23.79,2.87,112/3
3346,麗清,49.85,0.56,111,18.46,1.71,112/3
3356,奇偶,42.6,3.29,111,15.43,1.94,112/3
3376,新日興,123.5,4.86,111,29.55,1.5,112/3
3380,明泰,36.95,4.57,111,27.78,1.97,112/3
3406,玉晶光,390.0,3.08,111,15.91,2.17,112/3
3413,京鼎,209.0,6.6,111,10.67,1.83,112/3
3416,融程電,122.5,3.89,111,17.81,3.14,112/3
3419,譁裕,17.8,1.12,111,-,1.51,112/3
3432,台端,10.6,0.0,111,-,1.59,112/3
3437,榮創,28.75,0.0,111,-,1.67,112/3
3443,創意,1690.0,0.83,111,54.67,25.2,112/3
3447,展達,34.45,6.68,111,19.91,2.2,112/3
3450,聯鈞,56.4,0.89,111,-,2.14,112/3
3454,晶睿,158.5,3.47,111,21.16,3.94,112/3
3481,群創,14.8,0.0,111,-,0.57,112/3
3494,誠研,6.14,0.0,111,-,1.59,112/3
3501,維熹,51.3,7.8,111,11.43,0.92,112/3
3504,揚明光,64.7,0.0,111,-,2.37,112/3
3515,華擎,243.0,3.29,111,48.02,3.69,112/3
3518,柏騰,37.45,1.34,111,74.90,2.45,112/3
3528,安馳,51.1,8.02,111,18.25,1.92,112/3
3530,晶相光,103.0,0.0,111,-,3.23,112/3
3532,台勝科,163.5,4.46,111,16.62,2.56,112/3
3533,嘉澤,974.0,2.59,111,18.74,4.02,112/3
3535,晶彩科,18.2,5.49,111,58.71,1.25,112/3
3543,州巧,24.35,4.11,111,35.29,0.77,112/3
3545,敦泰,103.5,0.48,111,70.89,2.38,112/3
3550,聯穎,14.9,3.36,111,-,0.72,112/3
3557,嘉威,61.5,13.01,111,11.08,2.12,112/3
3563,牧德,211.0,4.74,111,21.98,2.37,112/3
3576,聯合再生,13.85,0.72,111,-,1.52,112/3
3583,辛耘,202.0,1.78,111,26.54,4.22,112/3
3588,通嘉,87.9,1.38,111,-,3.2,112/3
3591,艾笛森,24.3,1.19,111,243.00,1.2,112/3
3592,瑞鼎,401.5,10.21,111,21.38,2.82,112/3
3593,力銘,10.9,0.0,111,-,2.08,112/3
3596,智易,167.5,3.88,111,15.48,2.58,112/3
3605,宏致,31.1,1.77,111,-,0.77,112/3
3607,谷崧,16.15,6.19,111,-,1.05,112/3
3617,碩天,193.5,2.84,111,12.47,2.43,112/3
3622,洋華,45.1,3.33,111,14.98,1.09,112/3
3645,達邁,39.95,1.5,111,-,1.83,112/3
3652,精聯,29.3,2.29,111,43.73,1.21,112/3
3653,健策,702.0,1.66,111,39.31,8.97,112/3
3661,世芯-KY,3590.0,0.36,111,97.79,15.17,112/3
3665,貿聯-KY,254.0,3.93,111,15.18,1.72,112/3
3669,圓展,45.8,3.12,111,18.54,1.41,112/3
3673,TPK-KY,35.8,1.4,111,63.93,0.38,112/3
3679,新至陞,104.5,9.57,111,13.13,1.46,112/3
3686,達能,13.6,0.0,111,-,1.46,112/3
3694,海華,44.1,0.0,111,18.85,2.23,112/3
3701,大眾控,56.0,0.88,111,26.92,3.09,112/3
3702,大聯大,81.8,4.71,111,25.56,1.82,112/3
3703,欣陸,28.1,8.9,111,15.36,0.88,112/3
3704,合勤控,48.25,2.57,111,12.73,1.82,112/3
3705,永信,47.2,4.87,111,17.88,1.75,112/3
3706,神達,41.95,3.1,111,44.16,0.87,112/3
3708,上緯投控,96.2,5.2,111,6.83,1.26,112/3
3711,日月光投控,126.5,6.95,111,14.31,1.84,112/3
3712,永崴投控,37.6,5.32,111,24.42,1.18,112/3
3714,富采,45.25,0.0,111,-,0.65,112/3
3715,定穎投控,81.7,0.98,111,27.05,3.4,112/3
4104,佳醫,87.5,4.74,111,19.02,1.59,112/3
4106,雃博,28.25,3.01,111,19.62,1.23,112/3
4108,懷特,21.7,0.0,111,-,2.24,112/3
4119,旭富,97.3,1.54,111,27.72,2.53,112/3
4133,亞諾法,36.2,2.21,111,48.92,1.71,112/3
4137,麗豐-KY,195.5,3.58,111,16.58,3.06,112/3
4142,國光生,33.0,0.0,111,-,2.36,112/3
4148,全宇生技-KY,47.75,5.24,111,15.71,1.32,112/3
4155,訊映,24.85,9.05,111,124.25,1.46,112/3
4164,承業醫,58.2,3.38,111,31.98,1.55,112/3
4190,佐登-KY,56.6,1.75,111,-,1.61,112/3
4306,炎洲,17.5,5.6,111,13.16,0.93,112/3
4414,如興,3.56,0.0,111,-,0.8,112/3
4426,利勤,21.0,0.0,111,91.30,1.32,112/3
4438,廣越,111.5,6.1,111,15.03,1.4,112/3
4439,冠星-KY,127.5,5.49,111,10.81,1.48,112/3
4440,宜新實業,26.1,11.49,111,27.77,1.38,112/3
4526,東台,18.45,1.08,111,-,0.93,112/3
4532,瑞智,21.2,4.25,111,15.14,1.08,112/3
4536,拓凱,180.5,6.09,111,10.33,2.06,112/3
4540,全球傳動,31.75,4.66,111,48.85,0.89,112/3
4545,銘鈺,29.95,5.01,111,20.94,1.21,112/3
4551,智伸科,120.5,4.98,111,18.15,1.72,112/3
4552,力達-KY,32.05,4.06,111,9.21,0.63,112/3
4555,氣立,61.8,2.46,111,294.29,1.5,112/3
4557,永新-KY,118.0,5.93,111,13.23,2.42,112/3
4560,強信-KY,36.2,6.08,111,23.97,1.41,112/3
4562,穎漢,15.35,0.0,111,-,1.23,112/3
4564,元翎,23.5,0.85,111,-,1.08,112/3
4566,時碩工業,51.8,4.05,111,15.37,1.21,112/3
4569,六方科-KY,91.8,5.99,111,9.71,1.09,112/3
4571,鈞興-KY,85.0,4.24,111,17.78,1.72,112/3
4572,駐龍,158.5,1.33,111,28.10,3.35,112/3
4576,大銀微系統,64.7,1.55,111,150.47,2.05,112/3
4581,光隆精密-KY,65.9,3.79,111,11.90,2.16,112/3
4583,台灣精銳,206.0,4.85,111,16.53,1.7,112/3
4720,德淵,15.45,1.29,111,20.60,1.16,112/3
4722,國精化,37.35,5.09,111,32.76,1.31,112/3
4736,泰博,169.0,11.82,111,12.45,1.86,112/3
4737,華廣,73.6,2.85,111,198.92,2.29,112/3
4739,康普,73.8,4.07,111,-,1.58,112/3
4746,台耀,99.0,1.01,111,44.20,1.61,112/3
4755,三福化,124.0,4.76,111,31.55,2.89,112/3
4763,材料*-KY,865.0,1.16,111,18.05,7.71,112/3
4764,雙鍵,0.0,1.23,111,-,1.56,112/3
4766,南寶,284.0,3.52,111,16.10,2.64,112/3
4770,上品,311.5,3.85,111,13.77,3.49,112/3
4807,日成-KY,18.45,2.44,111,-,0.94,112/3
4904,遠傳,80.0,4.06,111,23.95,4.28,112/3
4906,正文,33.25,4.51,111,12.69,1.01,112/3
4912,聯德控股-KY,79.5,3.16,111,28.70,1.42,112/3
4915,致伸,64.9,6.01,111,11.59,1.76,112/3
4916,事欣科,34.7,1.1,111,19.17,1.6,112/3
4919,新唐,135.0,5.19,111,23.36,3.53,112/3
4927,泰鼎-KY,49.7,4.02,111,-,1.33,112/3
4930,燦星網,32.5,6.15,111,9.62,0.79,112/3
4934,太極,26.15,0.0,111,15.29,2.46,112/3
4935,茂林-KY,51.3,7.8,111,12.42,0.81,112/3
4938,和碩,83.8,4.77,111,14.16,1.17,112/3
4942,嘉彰,42.9,5.83,111,10.94,0.7,112/3
4943,康控-KY,14.4,0.0,111,-,48.0,112/3
4952,凌通,52.6,9.51,111,32.47,2.71,112/3
4956,光鋐,22.05,0.0,111,-,1.23,112/3
4958,臻鼎-KY,106.5,5.63,111,13.62,1.05,112/3
4960,誠美材,13.35,2.25,111,-,0.81,112/3
4961,天鈺,238.0,3.57,111,14.67,1.71,112/3
4967,十銓,78.2,1.28,111,49.18,2.72,112/3
4968,立積,165.5,0.0,111,-,6.71,112/3
4976,佳凌,39.5,0.0,111,-,2.08,112/3
4977,眾達-KY,74.7,3.35,111,10.66,1.52,112/3
4989,榮科,26.4,1.89,111,-,1.61,112/3
4994,傳奇,61.4,0.81,111,29.52,3.5,112/3
4999,鑫禾,35.05,4.99,111,500.71,0.75,112/3
5007,三星,56.1,5.35,111,16.60,2.46,112/3
5203,訊連,92.9,2.48,111,44.66,1.52,112/3
5215,科嘉-KY,55.7,3.59,111,20.63,1.05,112/3
5222,全訊,166.5,1.8,111,30.00,5.86,112/3
5225,東科-KY,68.8,4.43,111,10.00,1.72,112/3
5234,達興材料,100.0,3.3,111,20.45,3.4,112/3
5243,乙盛-KY,58.1,2.75,111,13.42,1.3,112/3
5244,弘凱,44.25,3.39,111,18.44,1.85,112/3
5258,虹堡,114.0,1.14,111,12.45,3.23,112/3
5269,祥碩,1860.0,1.08,111,69.04,7.59,112/3
5283,禾聯碩,112.0,7.14,111,13.79,1.86,112/3
5284,jpp-KY,107.5,2.6,111,11.14,2.25,112/3
5285,界霖,69.4,5.04,111,38.77,2.45,112/3
5288,豐祥-KY,177.5,3.98,111,11.47,2.39,112/3
5292,華懋,124.0,2.42,111,13.52,3.66,112/3
5306,桂盟,126.5,7.11,111,17.33,2.09,112/3
5388,中磊,125.5,3.59,111,14.54,2.92,112/3
5434,崇越,182.5,5.48,111,12.45,2.39,112/3
5469,瀚宇博,54.6,4.4,111,9.96,0.95,112/3
5471,松翰,54.4,4.6,111,55.51,2.56,112/3
5484,慧友,23.55,0.0,111,-,2.54,112/3
5515,建國,17.65,5.67,111,14.01,0.91,112/3
5519,隆大,30.05,6.99,111,12.73,1.35,112/3
5521,工信,14.15,0.0,111,88.44,1.3,112/3
5522,遠雄,57.0,8.77,111,13.51,1.03,112/3
5525,順天,27.85,7.54,111,9.70,1.47,112/3
5531,鄉林,10.65,0.0,111,-,1.0,112/3
5533,皇鼎,23.65,5.07,111,8.30,0.71,112/3
5534,長虹,78.0,7.05,111,16.67,1.22,112/3
5538,東明-KY,35.2,5.68,111,15.93,1.05,112/3
5546,永固-KY,31.0,4.84,111,-,1.04,112/3
5607,遠雄港,56.6,3.89,111,15.26,2.01,112/3
5608,四維航,20.3,7.39,111,-,0.79,112/3
5706,鳳凰,73.6,0.41,111,48.42,4.05,112/3
5871,中租-KY,182.5,3.62,111,12.66,2.14,112/3
5876,上海商銀,46.2,3.9,111,13.47,1.23,112/3
5880,合庫金,26.35,1.9,111,19.38,1.69,112/3
5906,台南-KY,0.0,2.67,111,19.34,3.8,112/3
5907,大洋-KY,11.9,0.0,111,-,0.35,112/3
6005,群益證,16.15,2.41,111,9.12,0.9,112/3
6024,群益期,50.8,5.94,111,10.61,1.53,112/3
6108,競國,21.75,2.3,111,54.38,0.94,112/3
6112,邁達特,69.5,2.88,111,21.52,2.98,112/3
6115,鎰勝,46.4,6.9,111,14.45,1.71,112/3
6116,彩晶,11.95,0.0,111,-,0.79,112/3
6117,迎廣,78.8,0.0,111,1313.33,6.05,112/3
6120,達運,14.8,1.01,111,38.95,1.09,112/3
6128,上福,34.25,6.42,111,9.70,1.04,112/3
6133,金橋,15.1,3.31,111,45.76,1.53,112/3
6136,富爾特,21.2,5.42,111,21.63,0.74,112/3
6139,亞翔,168.0,2.08,111,18.20,3.83,112/3
6141,柏承,17.15,0.0,111,-,0.93,112/3
6142,友勁,10.05,2.19,111,91.36,1.04,112/3
6152,百一,10.75,0.0,111,215.00,1.2,112/3
6153,嘉聯益,21.1,1.14,111,-,0.91,112/3
6155,鈞寶,26.2,5.73,111,23.39,1.5,112/3
6164,華興,14.0,3.93,111,77.78,1.25,112/3
6165,浪凡,36.6,0.0,111,-,2.56,112/3
6166,凌華,60.0,4.17,111,38.22,2.42,112/3
6168,宏齊,25.5,5.88,111,34.93,1.71,112/3
6176,瑞儀,134.0,7.46,111,10.36,1.81,112/3
6177,達麗,35.45,4.23,111,36.55,1.92,112/3
6183,關貿,66.6,3.75,111,22.42,3.95,112/3
6184,大豐電,51.5,5.83,111,14.63,1.75,112/3
6189,豐藝,57.3,5.99,111,13.81,2.28,112/3
6191,精成科,63.2,4.15,111,10.05,1.46,112/3
6192,巨路,88.0,4.55,111,9.97,1.33,112/3
6196,帆宣,142.0,3.97,111,11.89,2.64,112/3
6197,佳必琪,80.2,3.99,111,18.92,3.03,112/3
6201,亞弘電,55.0,5.45,111,12.39,1.82,112/3
6202,盛群,62.6,6.39,111,97.81,3.52,112/3
6205,詮欣,72.7,4.13,111,25.78,2.41,112/3
6206,飛捷,69.0,7.97,111,23.31,2.19,112/3
6209,今國光,26.3,2.66,111,239.09,1.46,112/3
6213,聯茂,86.7,3.46,111,45.87,1.59,112/3
6214,精誠,115.0,4.35,111,18.91,2.03,112/3
6215,和椿,25.4,7.09,111,20.82,1.42,112/3
6216,居易,29.85,5.59,111,22.11,1.63,112/3
6224,聚鼎,56.1,2.67,111,45.24,1.83,112/3
6225,天瀚,11.95,0.0,111,-,3.88,112/3
6226,光鼎,10.6,0.0,111,-,1.07,112/3
6230,尼得科超眾,132.0,0.81,111,14.35,1.96,112/3
6235,華孚,109.5,0.64,111,28.08,5.4,112/3
6239,力成,130.0,5.38,111,18.01,1.9,112/3
6243,迅杰,71.9,1.67,111,41.32,3.92,112/3
6257,矽格,64.4,6.52,111,17.13,1.79,112/3
6269,台郡,87.4,5.72,111,14.23,1.12,112/3
6271,同欣電,148.0,7.28,111,27.46,1.29,112/3
6277,宏正,80.1,7.12,111,14.62,2.08,112/3
6278,台表科,93.4,7.49,111,9.94,1.34,112/3
6281,全國電,84.9,5.89,111,15.96,3.04,112/3
6282,康舒,38.9,0.51,111,-,1.43,112/3
6283,淳安,27.85,0.0,111,-,2.45,112/3
6285,啟碁,151.0,3.21,111,16.47,2.56,112/3
6288,聯嘉,30.55,0.59,111,-,2.1,112/3
6405,悅城,23.6,0.42,111,-,0.62,112/3
6409,旭隼,1605.0,2.71,111,36.64,18.34,112/3
6412,群電,149.5,3.95,111,19.47,4.6,112/3
6414,樺漢,265.5,4.8,111,8.77,1.59,112/3
6415,矽力*-KY,431.5,1.04,111,109.52,5.2,112/3
6416,瑞祺電通,114.0,3.16,111,23.08,2.49,112/3
6426,統新,70.3,2.84,111,-,2.38,112/3
6431,光麗-KY,17.0,0.0,111,-,1.93,112/3
6438,迅得,102.5,5.85,111,11.63,1.96,112/3
6442,光聖,67.2,3.13,111,29.47,2.21,112/3
6443,元晶,28.7,0.35,111,26.57,1.95,112/3
6449,鈺邦,67.4,3.41,111,19.54,2.02,112/3
6451,訊芯-KY,152.0,0.77,111,65.24,2.45,112/3
6456,GIS-KY,63.6,5.5,111,-,0.71,112/3
6464,台數科,86.0,5.81,111,12.46,1.38,112/3
6472,保瑞,659.0,1.67,111,23.20,8.63,112/3
6477,安集,37.35,2.68,111,16.24,1.35,112/3
6491,晶碩,392.0,2.55,111,20.37,3.27,112/3
6504,南六,77.8,1.29,111,58.50,1.57,112/3
6505,台塑化,79.3,1.39,111,71.44,2.29,112/3
6515,穎崴,762.0,2.89,111,32.73,7.77,112/3
6525,捷敏-KY,67.5,8.15,111,15.34,2.1,112/3
6526,達發,539.0,2.78,111,80.81,10.57,112/3
6531,愛普*,485.0,1.44,111,68.89,7.18,112/3
6533,晶心科,477.5,0.31,111,-,4.91,112/3
6534,正瀚-創,80.6,4.81,111,17.60,3.61,112/3
6541,泰福-KY,61.2,0.0,111,-,5.98,112/3
6550,北極星藥業-KY,71.5,0.0,111,-,6.52,112/3
6552,易華電,35.95,1.25,111,-,1.19,112/3
6558,興能高,26.45,0.0,111,-,1.62,112/3
6573,虹揚-KY,13.95,0.0,111,-,1.43,112/3
6579,研揚,162.5,2.87,111,21.64,2.61,112/3
6581,鋼聯,90.1,7.21,111,18.50,2.56,112/3
6582,申豐,55.1,2.72,111,-,1.0,112/3
6585,鼎基,134.5,2.23,111,27.12,3.07,112/3
6591,動力-KY,48.1,8.19,111,12.93,0.96,112/3
6592,和潤企業,125.0,3.6,111,22.40,2.36,112/3
6598,ABC-KY,24.4,0.0,111,-,2.86,112/3
6605,帝寶,145.0,3.45,111,11.56,1.47,112/3
6606,建德工業,23.9,8.37,111,22.98,1.57,112/3
6625,必應,114.5,0.0,111,19.05,6.55,112/3
6641,基士德-KY,44.85,7.8,111,24.24,1.16,112/3
6645,金萬林-創,38.0,2.68,111,-,3.39,112/3
6655,科定,117.0,0.0,111,34.21,4.0,112/3
6657,華安,61.3,0.0,111,-,5.41,112/3
6658,聯策,44.35,4.51,111,17.60,1.42,112/3
6666,羅麗芬-KY,61.3,1.79,111,44.42,1.78,112/3
6668,中揚光,48.25,0.0,111,-,2.38,112/3
6669,緯穎,1715.0,2.92,111,24.03,7.43,112/3
6670,復盛應用,214.0,10.28,111,10.10,2.66,112/3
6671,三能-KY,41.15,4.86,111,13.86,1.49,112/3
6672,騰輝電子-KY,84.5,4.26,111,13.88,1.86,112/3
6674,鋐寶科技,26.95,1.86,111,-,1.43,112/3
6689,伊雲谷,121.0,2.31,111,54.75,2.85,112/3
6691,洋基工程,317.5,7.02,111,15.21,5.28,112/3
6695,芯鼎,76.9,0.0,111,-,4.19,112/3
6698,旭暉應材,29.75,0.0,111,-,1.57,112/3
6706,惠特,67.5,5.19,111,-,1.3,112/3
6715,嘉基,158.5,2.82,111,21.80,3.52,112/3
6719,力智,290.0,3.43,111,414.29,2.89,112/3
6742,澤米,58.9,4.24,111,15.66,3.24,112/3
6743,安普新,50.8,0.98,111,-,2.75,112/3
6753,龍德造船,87.2,1.15,111,20.37,3.37,112/3
6754,匯僑設計,59.7,6.2,111,11.80,1.89,112/3
6756,威鋒電子,261.5,2.86,111,84.63,6.31,112/3
6757,台灣虎航,32.5,0.0,111,15.33,3.89,112/3
6768,志強-KY,66.1,7.56,111,17.86,0.92,112/3
6770,力積電,29.45,3.5,111,49.92,1.26,112/3
6776,展碁國際,57.5,6.09,111,11.36,2.3,112/3
6781,AES-KY,680.0,2.79,111,26.17,4.48,112/3
6782,視陽,237.0,2.32,111,46.75,5.11,112/3
6789,采鈺,268.5,0.74,111,151.69,5.12,112/3
6790,永豐實,42.55,5.41,111,14.83,2.09,112/3
6792,詠業,84.1,5.95,111,16.52,2.37,112/3
6796,晉弘,104.0,1.73,111,48.15,4.63,112/3
6799,來頡,175.5,1.71,111,33.49,5.41,112/3
6805,富世達,437.0,0.92,111,50.35,10.15,112/3
6806,森崴能源,102.0,0.49,111,61.08,2.09,112/3
6807,峰源-KY,37.15,5.09,111,8.95,0.98,112/3
6830,汎銓,135.5,4.06,111,21.24,2.53,112/3
6834,天二科技,24.2,4.55,111,-,1.47,112/3
6835,圓裕,46.3,4.32,111,17.88,1.94,112/3
6854,錼創科技-KY創,98.2,0.0,111,-,4.99,112/3
6861,睿生光電,81.0,1.6,111,23.68,2.54,112/3
6863,永道-KY,139.0,1.42,111,30.48,1.97,112/3
6869,雲豹能源,97.8,2.04,111,10.56,3.04,112/3
6873,泓德能源,129.0,3.1,111,17.13,2.57,112/3
6901,鑽石投資,44.8,4.46,111,-,3.0,112/3
6902,GOGOLOOK,172.0,0.0,111,-,11.27,112/3
6916,華凌,28.6,8.74,111,7.24,1.74,112/3
6933,AMAX-KY,218.5,0.0,111,42.84,5.88,112/3
6937,天虹,196.0,0.51,111,35.70,6.08,112/3
8011,台通,21.6,0.0,111,-,1.23,112/3
8016,矽創,277.5,7.93,111,18.46,3.2,112/3
8021,尖點,27.1,7.38,111,-,0.87,112/3
8028,昇陽半導體,50.5,3.56,111,21.86,2.55,112/3
8033,雷虎,55.2,0.0,111,-,6.45,112/3
8039,台虹,47.0,5.32,111,25.82,1.24,112/3
8046,南電,226.0,7.96,111,14.42,3.08,112/3
8070,長華*,34.25,7.39,111,14.39,1.63,112/3
8072,陞泰,26.9,3.72,111,33.63,0.96,112/3
8081,致新,265.5,5.27,111,16.88,3.33,112/3
8101,華冠,4.15,0.0,111,-,2.41,112/3
8103,瀚荃,43.75,4.57,111,15.51,1.1,112/3
8104,錸寶,34.9,4.3,111,-,1.35,112/3
8105,凌巨,13.2,1.52,111,21.29,0.73,112/3
8110,華東,14.0,1.07,111,-,0.7,112/3
8112,至上,61.3,7.18,111,20.78,1.95,112/3
8114,振樺電,122.0,5.73,111,20.20,2.47,112/3
8131,福懋科,38.5,8.57,111,21.63,1.46,112/3
8150,南茂,41.45,5.55,111,19.28,1.23,112/3
8163,達方,52.1,5.76,111,8.35,1.18,112/3
8201,無敵,16.85,0.0,111,-,1.94,112/3
8210,勤誠,266.5,1.5,111,47.00,6.33,112/3
8213,志超,42.1,5.94,111,10.53,0.77,112/3
8215,明基材,33.95,5.89,111,18.55,1.87,112/3
8222,寶一,46.3,0.0,111,59.36,3.82,112/3
8249,菱光,29.15,6.45,111,16.28,0.76,112/3
8261,富鼎,91.7,5.43,111,31.19,2.07,112/3
8271,宇瞻,56.2,5.87,111,13.38,1.66,112/3
8341,日友,112.5,6.67,111,30.57,2.95,112/3
8367,建新國際,44.95,5.56,111,15.24,1.33,112/3
8374,羅昇,28.15,1.78,111,-,1.59,112/3
8404,百和興業-KY,18.75,3.73,111,-,1.23,112/3
8411,福貞-KY,15.1,0.0,111,45.76,0.57,112/3
8422,可寧衛,180.0,5.55,111,17.00,3.26,112/3
8429,金麗-KY,10.9,0.0,111,-,0.32,112/3
8438,昶昕,26.0,3.85,111,28.26,1.07,112/3
8442,威宏-KY,101.5,4.88,111,9.68,2.29,112/3
8443,阿瘦,12.05,0.0,111,-,0.97,112/3
8454,富邦媒,497.5,3.02,111,34.15,13.39,112/3
8462,柏文,125.5,1.24,111,167.33,5.88,112/3
8463,潤泰材,24.8,0.93,111,31.39,1.69,112/3
8464,億豐,348.0,3.16,111,18.40,4.43,112/3
8466,美吉吉-KY,48.2,3.11,111,-,1.23,112/3
8467,波力-KY,178.5,2.8,111,31.32,4.69,112/3
8473,山林水,29.75,0.0,111,-,0.8,112/3
8476,台境*,55.3,5.06,111,6.08,2.38,112/3
8478,東哥遊艇,376.0,2.66,111,16.95,5.88,112/3
8481,政伸,51.2,7.42,111,24.73,2.12,112/3
8482,商億-KY,67.4,9.23,111,16.16,2.11,112/3
8488,吉源-KY,16.8,0.0,111,-,0.46,112/3
8499,鼎炫-KY,128.0,1.56,111,9.45,0.69,112/3
8926,台汽電,39.65,3.78,111,17.39,1.9,112/3
8940,新天地,30.5,0.0,111,20.89,3.18,112/3
8996,高力,212.5,0.71,111,29.64,7.75,112/3
9802,鈺齊-KY,129.5,5.55,111,12.10,1.87,112/3
9902,台火,12.65,0.0,111,60.24,1.0,112/3
9904,寶成,31.2,4.17,111,11.77,0.76,112/3
9905,大華,24.15,4.97,111,16.21,0.98,112/3
9906,欣巴巴,59.0,7.75,111,9.04,3.22,112/3
9907,統一實,15.85,9.34,111,33.72,1.29,112/3
9908,大台北,32.55,3.38,111,14.73,1.26,112/3
9910,豐泰,173.5,5.13,111,32.07,7.48,112/3
9911,櫻花,69.7,5.31,111,15.39,2.69,112/3
9912,偉聯,11.65,0.0,111,-,1.47,112/3
9914,美利達,180.5,3.88,111,23.47,2.51,112/3
9917,中保科,115.5,4.33,111,19.78,4.31,112/3
9918,欣天然,40.35,2.48,111,22.67,2.33,112/3
9919,康那香,27.9,0.54,111,8.30,1.76,112/3
9921,巨大,182.0,4.29,111,21.41,2.12,112/3
9924,福興,48.1,6.03,111,10.59,1.33,112/3
9925,新保,40.25,4.97,111,16.70,1.44,112/3
9926,新海,0.0,3.66,111,21.16,2.56,112/3
9927,泰銘,70.0,5.71,111,12.03,1.88,112/3
9928,中視,22.85,0.0,111,-,3.6,112/3
9929,秋雨,17.4,0.0,111,56.13,1.84,112/3
9930,中聯資源,57.2,4.37,111,18.57,2.43,112/3
9931,欣高,38.9,3.08,111,30.16,1.85,112/3
9933,中鼎,42.1,4.51,111,19.31,1.92,112/3
9934,成霖,16.0,0.0,111,13.11,1.1,112/3
9935,慶豐富,23.2,3.88,111,37.42,1.74,112/3
9937,全國,69.2,3.03,111,28.02,4.02,112/3
9938,百和,57.8,4.33,111,30.74,1.47,112/3
9939,宏全,127.5,3.76,111,15.84,2.27,112/3
9940,信義,29.75,4.03,111,13.84,1.76,112/3
9941,裕融,185.0,3.57,111,18.23,3.42,112/3
9942,茂順,131.0,4.27,111,11.33,2.88,112/3
9943,好樂迪,90.4,3.65,111,14.08,2.88,112/3
9944,新麗,20.2,5.2,111,6.05,0.6,112/3
9945,潤泰新,37.2,0.0,111,17.88,1.24,112/3
9946,三發地產,20.7,2.08,111,121.76,1.06,112/3
9955,佳龍,23.7,0.0,111,-,1.82,112/3
9958,世紀鋼,186.5,0.26,111,97.64,5.55,112/3
