113年08月06日 個股日本益比、殖利率及股價淨值比,113年08月06日 個股日本益比、殖利率及股價淨值比,113年08月06日 個股日本益比、殖利率及股價淨值比,113年08月06日 個股日本益比、殖利率及股價淨值比,113年08月06日 個股日本益比、殖利率及股價淨值比,113年08月06日 個股日本益比、殖利率及股價淨值比,113年08月06日 個股日本益比、殖利率及股價淨值比,113年08月06日 個股日本益比、殖利率及股價淨值比
證券代號,證券名稱,收盤價,殖利率(%),股利年度,本益比,股價淨值比,財報年/季
1101,台泥,33.8,2.96,112,30.45,1.09,113/1
1102,亞泥,41.7,5.04,112,13.28,0.87,113/1
1103,嘉泥,17.4,2.87,112,580.00,0.55,113/1
1104,環泥,30.4,6.58,112,9.84,0.9,113/1
1108,幸福,15.35,6.51,112,11.90,1.3,113/1
1109,信大,17.25,6.96,112,8.89,0.71,113/1
1110,東泥,21.75,0.92,112,87.00,1.37,113/1
1201,味全,17.6,1.53,112,32.59,1.2,113/1
1203,味王,51.2,2.15,112,24.27,2.06,113/1
1210,大成,52.2,4.25,112,10.61,1.92,113/1
1213,大飲,12.5,0.0,111,-,3.49,113/1
1215,卜蜂,97.1,5.66,112,12.91,2.88,113/1
1216,統一,78.9,3.8,112,23.77,3.34,113/1
1217,愛之味,11.45,2.01,112,26.63,0.8,113/1
1218,泰山,19.55,0.0,112,65.17,0.78,113/1
1219,福壽,17.0,4.71,112,18.89,1.23,113/1
1220,台榮,14.45,2.77,112,13.26,1.08,113/1
1225,福懋油,134.0,1.04,112,82.21,8.57,113/1
1227,佳格,38.5,3.25,112,24.37,1.93,113/1
1229,聯華,60.1,3.49,112,22.77,1.97,113/1
1231,聯華食,96.5,2.69,112,23.20,3.93,113/1
1232,大統益,142.5,4.63,112,17.44,4.51,113/2
1233,天仁,32.05,2.81,112,29.68,2.11,113/1
1234,黑松,41.6,4.57,112,17.93,0.93,113/1
1235,興泰,116.5,0.86,112,44.30,1.85,113/1
1236,宏亞,23.95,2.71,112,99.79,0.9,113/1
1256,鮮活果汁-KY,158.5,4.16,112,12.77,1.38,113/1
1301,台塑,55.2,1.81,112,67.32,1.04,113/1
1303,南亞,46.8,1.5,112,55.71,1.02,113/1
1304,台聚,14.2,2.46,112,-,0.66,113/1
1305,華夏,16.45,2.13,112,126.54,1.0,113/1
1307,三芳,29.1,5.15,112,11.41,1.28,113/1
1308,亞聚,16.45,2.74,112,-,0.75,113/1
1309,台達化,16.05,1.87,112,-,0.97,113/1
1310,台苯,12.6,0.0,112,-,0.95,113/1
1312,國喬,12.95,0.0,112,-,0.44,113/1
1313,聯成,11.2,1.79,112,-,0.48,113/1
1314,中石化,9.68,0.0,112,193.60,0.46,113/1
1315,達新,69.8,7.16,112,18.66,0.65,113/1
1316,上曜,18.05,0.0,112,-,1.55,113/1
1319,東陽,84.7,4.72,112,13.53,1.87,113/1
1321,大洋,34.2,1.17,112,42.22,1.22,113/1
1323,永裕,29.7,3.37,112,33.00,1.11,113/1
1324,地球,12.85,1.56,112,29.20,1.01,113/1
1325,恆大,25.55,2.35,112,67.24,0.78,113/1
1326,台化,47.4,2.64,112,25.62,0.85,113/1
1337,再生-KY,6.48,0.0,112,-,0.4,113/1
1338,廣華-KY,28.4,1.76,112,-,0.38,113/1
1339,昭輝,56.3,5.33,112,8.27,1.08,113/1
1340,勝悅-KY,9.99,0.0,112,-,0.41,113/1
1341,富林-KY,64.0,6.88,112,14.10,2.83,113/1
1342,八貫,88.2,6.8,112,11.48,2.91,113/2
1402,遠東新,34.1,3.96,112,21.86,0.79,113/1
1409,新纖,15.4,3.57,112,22.65,0.7,113/1
1410,南染,35.95,0.83,112,99.86,2.12,113/1
1413,宏洲,9.25,0.0,112,-,1.15,113/2
1414,東和,21.35,1.17,112,79.07,1.5,113/1
1416,廣豐,10.95,4.57,112,16.34,0.54,113/1
1417,嘉裕,10.5,1.9,112,-,0.76,113/1
1418,東華,33.2,0.0,112,65.10,1.46,113/1
1419,新紡,46.0,2.61,112,21.20,1.0,113/1
1423,利華,40.95,1.47,112,95.23,1.38,113/1
1432,大魯閣,16.95,0.0,112,33.90,1.98,113/1
1434,福懋,21.2,2.36,112,66.25,0.71,113/1
1435,中福,46.5,0.0,111,-,4.85,113/1
1436,華友聯,137.0,4.79,112,14.70,4.29,113/1
1437,勤益控,32.8,3.45,112,10.90,0.87,113/1
1438,三地開發,72.3,0.0,112,-,3.57,113/1
1439,雋揚,29.1,1.03,112,14.48,1.01,113/1
1440,南紡,15.9,2.2,112,10.67,0.91,113/1
1441,大東,14.95,0.0,112,-,2.78,113/1
1442,名軒,60.4,5.79,112,10.56,2.87,113/1
1443,立益物流,29.3,0.0,112,16.65,1.97,113/1
1444,力麗,9.26,0.0,112,115.75,0.84,113/1
1445,大宇,15.0,16.67,112,1.97,0.73,113/1
1446,宏和,42.75,1.64,112,14.16,3.25,113/1
1447,力鵬,9.25,0.0,112,-,0.86,113/1
1449,佳和,16.05,0.25,112,17.45,0.83,113/1
1451,年興,19.7,2.54,112,-,0.56,113/2
1452,宏益,16.05,1.87,112,20.58,0.74,113/2
1453,大將,20.85,1.44,112,28.96,1.53,113/1
1454,台富,18.75,1.33,112,55.15,1.44,113/1
1455,集盛,11.4,0.0,112,-,0.95,113/1
1456,怡華,19.9,1.01,112,90.45,1.27,113/1
1457,宜進,19.55,7.67,112,7.91,0.84,113/1
1459,聯發,9.7,0.0,112,88.18,1.1,113/1
1460,宏遠,7.15,0.0,112,-,0.81,113/1
1463,強盛新,23.95,2.09,112,44.35,1.71,113/1
1464,得力,12.5,2.0,112,83.33,0.98,113/1
1465,偉全,14.45,3.46,112,16.06,0.91,113/1
1466,聚隆,11.55,0.0,112,-,0.9,113/1
1467,南緯,10.0,0.0,112,-,0.82,113/1
1468,昶和,13.5,0.0,112,30.68,1.73,113/1
1470,大統新創,20.9,2.78,112,39.43,1.85,113/1
1471,首利,12.9,0.0,112,-,1.34,113/1
1472,三洋實業,53.0,3.77,112,12.44,1.53,113/1
1473,台南,32.85,3.65,112,10.77,1.2,113/1
1474,弘裕,12.35,0.0,112,28.07,0.76,113/1
1475,業旺,61.2,3.27,112,12.34,2.93,113/1
1476,儒鴻,484.0,2.79,112,22.99,5.62,113/1
1477,聚陽,353.5,4.64,112,20.54,6.49,113/1
1503,士電,209.0,1.44,112,39.81,2.75,113/1
1504,東元,43.0,5.12,112,16.93,1.22,113/1
1506,正道,15.25,0.0,112,58.65,1.71,113/1
1512,瑞利,7.3,0.0,112,-,2.07,113/1
1513,中興電,155.0,2.32,112,42.70,4.13,113/1
1514,亞力,120.0,1.5,112,35.93,5.6,113/1
1515,力山,37.55,3.2,112,10.85,1.77,113/1
1516,川飛,20.35,1.52,112,38.40,1.69,113/1
1517,利奇,15.4,1.3,112,-,0.93,113/1
1519,華城,588.0,1.19,112,51.72,30.25,113/1
1521,大億,36.6,1.91,112,38.53,1.56,113/2
1522,堤維西,59.0,3.39,112,13.29,2.04,113/1
1524,耿鼎,27.65,4.7,112,9.57,1.71,113/1
1525,江申,66.5,4.96,112,17.92,1.02,113/2
1526,日馳,26.8,2.24,112,-,1.15,113/1
1527,鑽全,39.5,5.06,112,12.54,1.12,113/1
1528,恩德,12.25,0.82,112,-,1.0,113/1
1529,樂事綠能,30.85,1.94,112,62.96,2.66,113/1
1530,亞崴,30.6,4.9,112,13.91,0.89,113/1
1531,高林股,13.4,1.49,112,46.21,0.67,113/1
1532,勤美,38.55,3.92,112,9.76,1.09,113/1
1533,車王電,37.3,0.0,112,-,1.64,113/1
1535,中宇,55.2,5.98,112,12.72,1.96,113/2
1536,和大,63.3,1.58,112,53.19,2.0,113/1
1537,廣隆,141.0,4.96,112,16.63,2.59,113/1
1538,正峰,17.8,0.0,112,-,4.53,113/1
1539,巨庭,20.5,2.93,112,12.35,0.83,113/1
1540,喬福,41.3,2.66,112,22.82,2.37,113/1
1541,錩泰,28.75,1.74,112,15.71,1.16,113/1
1558,伸興,96.0,3.96,112,19.05,1.16,113/1
1560,中砂,264.5,1.51,112,39.89,6.01,113/2
1563,巧新,61.0,2.95,112,21.48,1.7,113/1
1568,倉佑,25.9,5.17,112,8.22,1.5,113/1
1582,信錦,87.1,4.63,112,14.66,1.7,113/1
1583,程泰,64.8,6.17,112,11.61,1.28,113/1
1587,吉茂,43.65,2.29,112,76.58,2.17,113/1
1589,永冠-KY,38.7,0.0,112,-,0.56,113/1
1590,亞德客-KY,775.0,2.28,112,21.61,3.73,113/1
1597,直得,98.8,0.81,112,89.01,3.71,113/1
1598,岱宇,27.15,0.0,112,181.00,0.91,113/1
1603,華電,36.45,3.57,112,11.25,0.86,113/1
1604,聲寶,27.45,5.46,112,13.01,1.26,113/1
1605,華新,30.95,3.55,112,24.37,0.87,113/2
1608,華榮,31.2,3.21,112,15.00,1.66,113/1
1609,大亞,51.0,3.33,112,30.72,2.53,113/1
1611,中電,16.0,3.13,112,30.77,1.17,113/1
1612,宏泰,32.6,6.13,112,15.75,1.31,113/1
1614,三洋電,38.5,2.78,112,34.38,1.88,113/1
1615,大山,61.1,4.71,112,17.02,3.14,113/1
1616,億泰,19.65,1.88,112,15.72,1.95,113/1
1617,榮星,20.7,1.35,112,345.00,1.6,113/1
1618,合機,41.55,2.41,112,17.68,1.48,113/1
1626,艾美特-KY,14.35,2.09,112,-,0.7,113/1
1701,中化,20.6,2.43,112,18.73,0.82,113/1
1702,南僑,56.2,4.45,112,10.98,1.43,113/1
1707,葡萄王,136.0,5.07,112,14.08,1.96,113/1
1708,東鹼,32.5,4.62,112,26.00,1.27,113/1
1709,和益,22.05,2.72,112,20.61,1.28,113/1
1710,東聯,16.25,1.23,112,-,1.18,113/1
1711,永光,18.2,0.82,112,130.00,1.19,113/1
1712,興農,43.85,6.39,112,17.20,2.4,113/1
1713,國化,55.3,2.53,112,25.96,2.87,113/1
1714,和桐,9.58,3.13,112,12.95,0.76,113/1
1717,長興,28.5,2.81,112,18.51,1.31,113/1
1718,中纖,7.8,0.0,112,-,0.5,113/1
1720,生達,66.2,4.08,112,13.48,2.23,113/1
1721,三晃,13.05,0.0,112,-,1.19,113/1
1722,台肥,61.7,4.21,112,16.19,1.09,113/1
1723,中碳,97.0,4.12,112,18.00,2.9,113/2
1725,元禎,35.75,2.38,112,28.60,1.39,113/1
1726,永記,77.9,4.49,112,14.67,1.24,113/1
1727,中華化,26.4,1.1,112,240.00,1.59,113/1
1730,花仙子,52.9,5.29,112,15.16,1.87,113/2
1731,美吾華,22.25,5.17,112,16.98,1.4,113/1
1732,毛寶,25.1,0.0,112,1255.00,2.2,113/1
1733,五鼎,28.05,3.92,112,25.73,1.63,113/1
1734,杏輝,36.1,4.99,112,14.92,1.88,113/1
1735,日勝化,17.5,2.86,112,20.59,1.13,113/1
1736,喬山,101.5,0.99,112,25.25,3.26,113/1
1737,臺鹽,33.6,3.57,112,18.77,1.04,113/2
1752,南光,41.8,4.78,112,26.46,1.89,113/1
1760,寶齡富錦,82.0,1.83,112,71.30,3.84,113/1
1762,中化生,47.4,1.69,112,29.08,1.09,113/1
1773,勝一,138.0,2.32,112,20.75,3.91,113/2
1776,展宇,17.25,2.9,112,29.74,1.14,113/1
1783,和康生,38.95,2.57,112,23.61,2.61,113/2
1786,科妍,102.0,2.36,112,35.05,4.5,113/1
1789,神隆,24.35,1.23,112,47.75,1.86,113/2
1795,美時,235.5,1.97,112,15.77,3.63,113/1
1802,台玻,15.4,0.0,112,70.00,0.91,113/1
1805,寶徠,19.3,0.0,112,-,2.43,113/1
1806,冠軍,11.05,0.0,112,100.45,0.79,113/1
1808,潤隆,105.5,14.22,112,6.62,3.81,113/1
1809,中釉,20.0,1.0,112,222.22,1.14,113/1
1810,和成,15.75,1.27,112,315.00,0.7,113/1
1817,凱撒衛,39.8,4.52,112,10.64,1.36,113/1
1903,士紙,54.1,0.0,112,128.81,3.63,113/1
1904,正隆,24.15,2.07,112,31.36,0.93,113/1
1905,華紙,18.25,0.0,112,-,1.26,113/1
1906,寶隆,14.45,1.04,112,18.53,0.5,113/1
1907,永豐餘,27.9,3.23,112,21.97,0.76,113/1
1909,榮成,12.7,0.0,112,-,0.76,113/1
2002,中鋼,22.1,1.58,112,110.50,1.08,113/1
2006,東和鋼鐵,73.0,5.75,112,11.20,1.76,113/2
2007,燁興,9.94,0.0,112,-,0.94,113/1
2008,高興昌,26.8,3.73,112,13.74,1.5,113/1
2009,第一銅,40.0,0.0,112,-,1.86,113/1
2010,春源,17.6,5.68,112,13.13,1.0,113/1
2012,春雨,24.2,3.76,112,26.30,1.64,113/1
2013,中鋼構,50.6,3.75,112,17.63,1.95,113/2
2014,中鴻,18.8,0.53,112,-,1.76,113/2
2015,豐興,77.4,4.52,112,18.88,2.2,113/1
2017,官田鋼,12.45,0.0,112,103.75,0.93,113/1
2020,美亞,26.8,14.93,112,4.64,1.46,113/1
2022,聚亨,9.51,2.1,112,55.94,0.9,113/1
2023,燁輝,14.35,2.79,112,-,0.93,113/1
2024,志聯,22.05,0.0,112,-,1.95,113/1
2025,千興,10.95,0.0,112,18.25,1.89,113/1
2027,大成鋼,34.6,3.47,112,16.71,1.11,113/1
2028,威致,22.2,3.6,112,18.66,1.6,113/1
2029,盛餘,24.5,5.1,112,12.63,0.81,113/1
2030,彰源,16.0,3.13,112,-,0.91,113/1
2031,新光鋼,53.6,5.6,112,5.79,1.3,113/2
2032,新鋼,13.8,0.0,112,460.00,1.08,113/1
2033,佳大,14.1,0.0,112,176.25,1.1,113/1
2034,允強,23.35,4.28,112,-,1.15,113/1
2038,海光,16.9,0.0,112,65.00,0.86,113/1
2049,上銀,190.5,1.31,112,33.96,1.95,113/1
2059,川湖,997.0,1.42,112,21.72,5.29,113/2
2062,橋椿,31.95,2.5,112,10.41,0.82,113/2
2069,運錩,14.6,3.42,112,-,0.65,113/1
2101,南港,46.85,0.0,112,203.70,3.7,113/1
2102,泰豐,21.6,0.0,112,-,1.4,113/1
2103,台橡,21.55,2.6,112,25.96,0.9,113/1
2104,國際中橡,15.9,0.0,112,-,0.45,113/1
2105,正新,45.5,4.4,112,18.88,1.79,113/1
2106,建大,31.0,3.23,112,17.42,1.49,113/1
2107,厚生,25.3,5.14,112,13.32,0.59,113/1
2108,南帝,37.7,2.65,112,29.00,1.32,113/1
2109,華豐,18.15,6.61,112,10.37,1.5,113/1
2114,鑫永銓,97.7,5.12,112,16.12,2.39,113/1
2115,六暉-KY,28.9,3.46,112,30.42,0.91,113/1
2201,裕隆,53.1,2.64,112,12.95,0.91,113/1
2204,中華,80.4,7.46,112,8.20,1.31,113/1
2206,三陽工業,72.0,4.17,112,9.01,2.38,113/1
2207,和泰車,607.0,3.29,112,14.28,5.15,113/1
2208,台船,15.55,0.0,112,-,1.74,113/1
2211,長榮鋼,110.0,5.91,112,12.51,1.81,113/1
2227,裕日車,121.5,2.86,112,22.38,1.97,113/2
2228,劍麟,86.7,5.77,112,9.61,1.4,113/1
2231,為升,103.5,2.9,112,35.94,3.34,113/1
2233,宇隆,113.5,4.67,112,11.66,1.79,113/1
2236,百達-KY,104.0,0.69,112,43.51,3.23,113/1
2239,英利-KY,41.2,1.6,112,18.64,0.41,113/1
2241,艾姆勒,28.5,0.0,112,-,1.88,113/1
2243,宏旭-KY,23.9,0.0,112,-,2.3,113/1
2247,汎德永業,284.0,6.34,112,12.70,1.95,113/1
2250,IKKA-KY,83.2,3.85,112,15.61,1.41,113/1
2254,巨鎧精密-創,88.8,0.0,112,-,5.94,113/1
2258,鴻華先進-創,40.4,0.0,112,-,3.78,113/1
2301,光寶科,98.5,4.58,112,16.75,2.59,113/2
2302,麗正,16.0,1.94,112,28.07,1.52,113/1
2303,聯電,51.7,5.8,112,12.14,1.82,113/2
2305,全友,19.2,0.0,112,91.43,1.75,113/1
2308,台達電,373.0,1.72,112,28.45,4.69,113/2
2312,金寶,20.7,1.45,112,32.86,1.43,113/1
2313,華通,65.1,2.3,112,16.15,1.97,113/1
2314,台揚,26.4,0.0,112,-,3.83,113/1
2316,楠梓電,42.35,1.18,112,7.31,0.84,113/1
2317,鴻海,167.5,3.22,112,15.35,1.56,113/1
2321,東訊,14.75,0.0,112,-,2.3,113/1
2323,中環,10.9,6.24,112,14.93,0.65,113/1
2324,仁寶,29.55,4.06,112,15.80,1.07,113/1
2327,國巨*,677.0,3.25,112,15.83,2.08,113/1
2328,廣宇,31.1,4.18,112,14.27,1.22,113/1
2329,華泰,40.15,2.96,112,14.60,2.67,113/2
2330,台積電,880.0,1.48,112,26.63,6.28,113/1
2331,精英,25.15,3.98,112,13.38,1.12,113/1
2332,友訊,16.25,3.32,112,25.79,1.1,113/1
2337,旺宏,26.5,1.89,112,-,1.06,113/2
2338,光罩,60.8,2.47,112,15.59,2.39,113/1
2340,台亞,32.4,1.54,112,462.86,1.77,113/2
2342,茂矽,27.95,0.0,112,-,1.88,113/1
2344,華邦電,23.1,0.0,112,128.33,1.05,113/2
2345,智邦,453.5,2.21,112,27.74,8.35,113/1
2347,聯強,68.3,4.39,112,14.69,1.62,113/1
2348,海悅,247.0,4.02,112,14.17,4.49,113/1
2349,錸德,14.2,0.0,112,-,1.79,113/1
2351,順德,109.5,2.37,112,29.05,2.85,113/1
2352,佳世達,31.05,3.86,112,20.98,1.67,113/1
2353,宏碁,40.0,4.0,112,21.39,1.63,113/1
2354,鴻準,57.6,2.6,112,18.76,0.77,113/1
2355,敬鵬,39.65,3.15,112,15.08,0.95,113/1
2356,英業達,42.95,3.49,112,24.27,2.57,113/1
2357,華碩,435.5,3.9,112,14.03,1.24,113/1
2359,所羅門,138.0,1.23,112,44.66,4.63,113/1
2360,致茂,280.5,2.35,112,29.75,5.83,113/1
2362,藍天,50.8,3.15,112,19.46,0.69,113/1
2363,矽統,0.0,0.45,112,85.51,2.66,113/1
2364,倫飛,77.0,3.9,112,20.16,4.92,113/1
2365,昆盈,52.8,0.57,112,132.00,3.84,113/1
2367,燿華,30.25,0.0,112,61.73,1.96,113/1
2368,金像電,188.5,1.86,112,21.25,5.51,113/1
2369,菱生,17.5,1.71,112,-,1.22,113/1
2371,大同,43.45,0.0,112,34.48,1.81,113/1
2373,震旦行,68.4,5.99,112,14.13,2.28,113/1
2374,佳能,43.25,2.08,112,25.15,1.88,113/1
2375,凱美,58.7,1.36,112,19.12,0.71,113/1
2376,技嘉,227.0,2.8,112,25.14,3.64,113/1
2377,微星,157.0,3.44,112,17.54,2.74,113/1
2379,瑞昱,463.5,3.34,112,22.67,5.0,113/1
2380,虹光,6.45,0.0,112,-,1.72,113/1
2382,廣達,247.0,3.64,112,21.04,5.64,113/1
2383,台光電,426.5,2.34,112,17.45,5.13,113/2
2385,群光,146.0,5.34,112,13.70,2.88,113/1
2387,精元,52.0,5.77,112,6.93,1.03,113/1
2388,威盛,91.6,0.11,112,81.06,3.3,113/1
2390,云辰,11.6,0.0,112,-,0.91,113/1
2392,正崴,60.7,3.29,112,11.37,1.16,113/1
2393,億光,66.2,4.83,112,16.76,1.51,113/1
2395,研華,324.0,2.92,112,31.15,6.1,113/2
2397,友通,60.1,4.99,112,26.13,2.32,113/2
2399,映泰,19.2,0.0,112,-,1.57,113/1
2401,凌陽,28.25,0.0,112,-,1.92,113/1
2402,毅嘉,35.05,3.4,112,20.26,1.7,113/1
2404,漢唐,303.0,6.93,112,11.84,5.94,113/1
2405,輔信,18.7,0.91,112,155.83,1.72,113/1
2406,國碩,20.2,0.0,112,-,1.79,113/1
2408,南亞科,49.9,0.0,112,-,0.92,113/2
2409,友達,14.75,6.1,112,-,0.75,113/1
2412,中華電,122.0,3.9,112,25.79,2.41,113/1
2413,環科,19.7,1.02,112,33.39,1.23,113/1
2414,精技,34.05,6.46,112,14.61,1.76,113/1
2415,錩新,21.75,0.0,112,103.57,1.21,113/1
2417,圓剛,38.45,0.39,112,109.86,1.76,113/1
2419,仲琦,25.6,1.17,112,-,1.66,113/2
2420,新巨,56.5,5.31,112,14.41,2.22,113/1
2421,建準,87.8,3.99,112,17.35,3.13,113/1
2423,固緯,36.6,6.01,112,12.24,2.1,113/1
2424,隴華,28.5,0.0,112,-,5.53,113/1
2425,承啟,28.25,1.59,112,17.02,1.21,113/1
2426,鼎元,16.7,1.2,112,-,1.33,113/1
2427,三商電,24.5,3.67,112,17.38,1.52,113/1
2428,興勤,146.5,3.55,112,13.99,1.89,113/1
2429,銘旺科,33.6,0.0,112,-,6.64,113/1
2430,燦坤,32.55,6.76,112,17.79,0.87,113/2
2431,聯昌,11.2,0.0,112,-,0.93,113/1
2432,倚天酷碁-創,34.7,4.76,112,17.35,1.7,113/1
2433,互盛電,50.5,5.94,112,15.12,2.13,113/1
2434,統懋,31.05,0.0,112,43.73,2.23,113/1
2436,偉詮電,48.3,2.51,112,33.08,2.38,113/1
2438,翔耀,58.3,0.0,112,-,7.55,113/1
2439,美律,112.5,4.18,112,15.12,1.82,113/2
2440,太空梭,13.7,0.0,112,-,1.49,113/1
2441,超豐,56.6,4.42,112,14.04,1.47,113/2
2442,新美齊,31.85,1.04,112,12.20,1.8,113/1
2444,兆勁,12.35,0.0,112,-,1.27,113/1
2449,京元電子,97.4,3.29,112,19.80,2.9,113/1
2450,神腦,34.9,5.73,112,15.86,1.46,113/2
2451,創見,91.6,5.45,112,13.69,2.08,113/2
2453,凌群,48.8,4.92,112,17.49,2.5,113/1
2454,聯發科,1075.0,5.12,112,18.67,4.64,113/1
2455,全新,123.5,1.78,112,31.42,7.47,113/2
2457,飛宏,37.25,0.0,112,56.44,1.65,113/1
2458,義隆,126.5,4.03,112,14.38,4.11,113/1
2459,敦吉,70.7,5.66,112,12.21,1.45,113/1
2460,建通,23.75,0.0,112,-,1.89,113/1
2461,光群雷,20.95,3.1,112,52.38,1.22,113/1
2462,良得電,28.7,4.01,112,14.87,1.36,113/1
2464,盟立,67.4,0.74,112,74.89,3.16,113/1
2465,麗臺,83.1,0.0,112,-,7.47,113/1
2466,冠西電,35.15,0.0,112,-,3.18,113/1
2467,志聖,157.0,1.91,112,44.48,6.76,113/1
2468,華經,21.55,3.71,112,17.81,1.2,113/1
2471,資通,46.7,7.04,112,12.69,2.4,113/1
2472,立隆電,75.2,3.72,112,12.47,1.67,113/1
2474,可成,217.0,4.61,112,11.49,0.89,113/1
2476,鉅祥,86.6,2.89,112,20.92,2.38,113/1
2477,美隆電,22.6,2.21,112,35.87,0.89,113/1
2478,大毅,46.15,3.25,112,15.91,1.0,113/1
2480,敦陽科,112.0,5.93,112,15.11,3.94,113/2
2481,強茂,46.35,2.59,112,20.42,1.34,113/1
2482,連宇,28.65,3.49,112,14.33,1.62,113/1
2483,百容,22.6,1.33,112,64.57,0.97,113/2
2484,希華,27.4,5.47,112,23.62,1.19,113/2
2485,兆赫,16.45,0.0,112,-,0.87,113/1
2486,一詮,89.9,0.72,112,113.80,4.62,113/1
2488,漢平,43.6,6.42,112,8.86,1.41,113/2
2489,瑞軒,18.3,2.95,112,29.52,0.99,113/1
2491,吉祥全,12.8,0.0,112,45.71,1.24,113/1
2492,華新科,101.0,2.13,112,21.04,1.01,113/1
2493,揚博,76.2,6.56,112,12.94,3.36,113/1
2495,普安,25.8,2.71,112,23.89,1.63,113/1
2496,卓越,72.2,6.48,112,11.97,1.73,113/1
2497,怡利電,52.8,1.89,112,22.00,2.92,113/2
2498,宏達電,37.8,0.0,112,-,1.36,113/1
2501,國建,25.95,3.85,112,11.69,1.11,113/1
2504,國產,46.4,4.53,112,15.57,2.15,113/1
2505,國揚,24.5,1.63,112,34.03,0.93,113/1
2506,太設,10.25,2.93,112,-,0.57,113/1
2509,全坤建,21.2,0.0,112,-,1.17,113/1
2511,太子,10.95,3.29,112,52.14,0.71,113/2
2514,龍邦,21.45,0.0,112,5.64,0.68,113/1
2515,中工,13.7,3.8,112,33.41,0.93,113/1
2516,新建,12.25,0.0,112,17.01,1.74,113/1
2520,冠德,46.85,3.84,112,9.50,1.29,113/1
2524,京城,93.6,0.0,112,59.62,1.93,113/1
2527,宏璟,38.25,3.92,112,14.49,0.8,113/1
2528,皇普,40.95,1.22,112,-,3.04,113/1
2530,華建,45.4,1.19,112,53.41,3.74,113/1
2534,宏盛,25.15,3.98,112,54.67,0.81,113/1
2535,達欣工,50.5,5.94,112,11.35,1.54,113/1
2536,宏普,31.4,1.59,112,32.71,0.89,113/1
2537,聯上發,19.45,0.0,112,-,1.43,113/1
2538,基泰,19.2,4.43,112,-,1.37,113/1
2539,櫻花建,68.9,2.9,112,32.05,4.84,113/1
2540,愛山林,167.5,3.28,112,35.41,6.03,113/1
2542,興富發,50.5,2.97,112,46.33,2.0,113/1
2543,皇昌,52.8,3.41,112,21.55,4.01,113/1
2545,皇翔,54.0,4.26,112,12.47,1.47,113/1
2546,根基,78.3,5.36,112,10.01,2.11,113/1
2547,日勝生,10.15,2.46,112,-,0.85,113/1
2548,華固,144.0,5.9,112,17.16,2.14,113/1
2597,潤弘,186.5,5.04,112,16.70,5.25,113/1
2601,益航,7.06,0.0,112,-,0.64,113/1
2603,長榮,165.5,6.02,112,7.41,0.75,113/1
2605,新興,24.9,3.01,112,21.65,0.88,113/1
2606,裕民,48.8,4.92,112,12.74,1.09,113/1
2607,榮運,29.55,3.72,112,11.11,0.95,113/1
2608,嘉里大榮,39.15,6.64,112,10.73,1.44,113/1
2609,陽明,61.1,3.27,112,19.84,0.74,113/1
2610,華航,20.35,3.39,112,14.33,1.59,113/1
2611,志信,23.9,9.62,112,6.69,1.37,113/1
2612,中航,40.5,2.47,112,28.32,0.66,113/1
2613,中櫃,31.95,1.88,112,29.31,1.4,113/1
2614,東森,18.8,0.0,112,-,1.69,113/1
2615,萬海,79.6,1.88,112,234.12,1.03,113/1
2616,山隆,20.95,2.05,112,80.58,0.59,113/1
2617,台航,31.55,5.07,112,6.81,0.76,113/2
2618,長榮航,31.4,5.73,112,7.77,1.7,113/1
2630,亞航,30.9,1.72,112,70.23,1.92,113/1
2633,台灣高鐵,29.05,3.51,112,20.90,2.23,113/1
2634,漢翔,46.0,3.09,112,17.42,2.41,113/1
2636,台驊控股,87.1,7.46,112,8.05,1.37,113/1
2637,慧洋-KY,63.6,4.32,112,9.71,0.98,113/1
2642,宅配通,34.0,2.35,112,29.82,1.46,113/1
2645,長榮航太,96.1,4.68,112,17.63,3.05,113/1
2701,萬企,12.6,2.22,112,23.77,0.68,113/1
2702,華園,16.4,0.0,112,23.43,0.78,113/1
2704,國賓,64.5,1.55,112,12.65,0.64,113/1
2705,六福,17.1,0.0,112,-,0.68,113/1
2706,第一店,14.55,2.41,112,24.66,0.72,113/1
2707,晶華,197.5,5.76,112,17.01,6.94,113/1
2712,遠雄來,26.6,1.58,112,110.83,2.24,113/1
2722,夏都,39.15,1.28,112,55.14,2.34,113/1
2723,美食-KY,75.7,4.62,112,20.35,1.2,113/1
2727,王品,188.5,7.93,112,11.80,4.44,113/1
2731,雄獅,129.5,6.18,112,7.43,2.97,113/1
2739,寒舍,55.6,0.0,112,11.32,4.12,113/1
2748,雲品,54.4,3.68,112,16.79,2.07,113/1
2753,八方雲集,149.0,4.7,112,17.13,3.07,113/1
2762,世界健身-KY,75.0,7.81,112,23.81,2.13,113/1
2801,彰銀,18.15,4.79,112,14.76,1.01,113/1
2809,京城銀,53.1,5.65,112,7.98,1.12,113/1
2812,台中銀,16.8,5.71,112,11.83,1.11,113/1
2816,旺旺保,33.25,0.0,112,5.29,1.14,113/1
2820,華票,14.75,4.95,112,16.21,0.78,113/1
2832,台產,26.6,4.89,112,8.47,0.82,113/1
2834,臺企銀,17.6,7.67,112,14.55,1.17,113/1
2836,高雄銀,12.05,4.98,112,26.20,0.88,113/1
2838,聯邦銀,14.25,6.32,112,12.84,0.79,113/1
2845,遠東銀,14.4,7.01,112,12.86,0.97,113/1
2849,安泰銀,14.55,2.61,112,14.26,0.84,113/1
2850,新產,87.5,5.7,112,8.28,1.5,113/1
2851,中再保,24.9,5.62,112,7.96,0.96,113/1
2852,第一保,21.35,5.29,112,7.88,0.76,113/1
2855,統一證,24.6,5.37,112,8.63,1.05,113/1
2867,三商壽,6.99,0.0,112,-,0.8,113/1
2880,華南金,27.0,4.81,112,16.56,1.69,113/1
2881,富邦金,80.7,3.1,112,14.31,1.32,113/1
2882,國泰金,56.1,3.57,112,11.09,1.06,113/1
2883,凱基金,14.65,3.41,112,11.45,0.93,113/1
2884,玉山金,25.75,5.44,112,18.39,1.64,113/1
2885,元大金,30.7,4.23,112,12.95,1.3,113/1
2886,兆豐金,41.8,4.31,112,17.71,1.66,113/1
2887,台新新光金,17.55,5.7,112,16.40,1.08,113/1
2888,新光金,10.2,0.0,112,34.00,0.62,113/1
2889,國票金,14.4,6.81,112,24.41,1.17,113/1
2890,永豐金,25.1,3.98,112,14.18,1.58,113/1
2891,中信金,32.9,5.47,112,10.35,1.41,113/1
2892,第一金,28.2,4.08,112,16.79,1.48,113/1
2897,王道銀行,9.74,4.52,112,10.82,0.71,113/1
2901,欣欣,27.5,1.31,112,61.11,2.26,113/1
2903,遠百,28.55,5.6,112,15.77,1.25,113/1
2904,匯僑,17.95,3.34,112,21.63,1.16,113/1
2905,三商,18.4,1.09,112,-,1.04,113/1
2906,高林,19.15,3.13,112,31.39,1.2,113/1
2908,特力,20.55,2.82,112,44.67,1.57,113/1
2910,統領,26.85,1.27,112,23.76,1.78,113/1
2911,麗嬰房,7.41,0.0,112,-,1.32,113/1
2912,統一超,278.5,3.23,112,25.09,7.93,113/2
2913,農林,20.1,0.0,112,-,1.25,113/1
2915,潤泰全,72.1,3.47,112,6.51,0.75,113/1
2923,鼎固-KY,29.1,0.69,112,60.63,1.01,113/1
2929,淘帝-KY,8.21,0.0,112,-,0.31,113/1
2939,永邑-KY,24.9,0.0,112,-,1.28,113/1
2945,三商家購,42.3,2.84,112,22.03,1.57,113/2
3002,歐格,13.5,2.37,112,54.00,1.03,113/1
3003,健和興,70.8,2.12,112,19.78,1.78,113/1
3004,豐達科,89.4,2.77,112,12.81,1.97,113/2
3005,神基,96.0,5.2,112,14.39,2.88,113/1
3006,晶豪科,73.3,0.82,112,-,1.99,113/2
3008,大立光,2685.0,2.51,112,16.65,2.06,113/2
3010,華立,125.0,3.96,112,13.89,1.57,113/1
3011,今皓,26.2,0.0,112,-,3.35,113/1
3013,晟銘電,82.8,0.47,112,40.00,4.46,113/2
3014,聯陽,132.0,6.06,112,13.23,3.6,113/2
3015,全漢,50.1,6.39,112,15.96,0.59,113/2
3016,嘉晶,54.4,0.92,112,92.20,3.28,113/1
3017,奇鋐,526.0,1.33,112,34.40,9.38,113/1
3018,隆銘綠能,22.0,0.0,112,-,15.07,113/1
3019,亞光,87.5,2.06,112,24.04,1.81,113/2
3021,鴻名,21.35,1.41,112,15.70,1.3,113/1
3022,威強電,71.5,4.9,112,8.56,1.19,113/1
3023,信邦,278.0,3.45,112,20.07,4.92,113/2
3024,憶聲,20.15,0.5,112,53.03,1.95,113/1
3025,星通,51.9,6.17,112,15.31,3.35,113/1
3026,禾伸堂,84.6,5.91,112,20.19,1.53,113/1
3027,盛達,32.05,1.15,112,29.68,1.65,113/1
3028,增你強,32.1,6.23,112,17.64,1.34,113/1
3029,零壹,88.6,4.51,112,18.12,3.4,113/2
3030,德律,122.0,2.7,112,24.30,3.76,113/1
3031,佰鴻,17.2,4.65,112,17.03,1.03,113/1
3032,偉訓,54.7,6.4,112,9.21,1.9,113/1
3033,威健,30.55,6.19,112,16.60,1.42,113/1
3034,聯詠,499.5,6.41,112,13.83,5.23,113/2
3035,智原,237.5,1.81,112,50.97,4.83,113/2
3036,文曄,90.0,2.0,112,21.38,1.22,113/1
3037,欣興,140.5,2.14,112,22.48,2.33,113/2
3038,全台,24.95,6.41,112,8.32,1.49,113/1
3040,遠見,31.95,3.13,112,30.14,1.35,113/1
3041,揚智,17.8,0.0,112,-,2.34,113/1
3042,晶技,103.5,4.35,112,16.32,2.52,113/1
3043,科風,30.65,0.0,112,-,1.87,113/1
3044,健鼎,179.0,4.19,112,13.92,2.01,113/1
3045,台灣大,110.5,3.89,112,26.69,3.81,113/1
3046,建碁,49.0,4.08,112,15.03,2.9,113/1
3047,訊舟,32.9,0.0,112,-,2.88,113/1
3048,益登,38.35,2.61,112,119.84,1.96,113/1
3049,精金,7.94,0.0,112,-,0.76,113/2
3050,鈺德,20.3,2.46,112,29.42,1.25,113/1
3051,力特,26.8,3.73,112,15.86,1.77,113/1
3052,夆典,12.65,4.74,112,12.05,0.76,113/1
3054,立萬利,20.0,0.0,112,-,2.05,113/2
3055,蔚華科,65.0,1.55,112,-,3.11,113/1
3056,富華新,33.25,2.44,112,46.18,1.7,113/1
3057,喬鼎,11.95,0.0,112,-,1.51,113/1
3058,立德,15.65,0.0,112,-,1.49,113/1
3059,華晶科,33.0,2.12,112,25.38,1.02,113/1
3060,銘異,24.8,1.01,112,-,1.33,113/1
3062,建漢,23.9,0.0,112,-,1.65,113/1
3090,日電貿,59.4,5.72,112,15.51,2.14,113/1
3092,鴻碩,26.95,0.0,112,-,1.33,113/1
3094,聯傑,28.1,2.17,112,61.09,2.35,113/1
3130,一零四,223.0,6.1,112,16.56,4.23,113/1
3138,耀登,98.4,2.64,112,28.94,2.46,113/1
3149,正達,21.3,0.0,112,-,2.25,113/1
3150,鈺寶-創,36.5,2.19,112,-,2.66,113/1
3164,景岳,22.1,2.26,112,32.03,1.45,113/1
3167,大量,58.9,0.85,112,245.42,2.28,113/1
3168,眾福科,54.0,6.57,112,17.53,2.29,113/2
3189,景碩,90.8,1.1,112,313.10,1.31,113/2
3209,全科,31.1,6.75,112,12.24,1.58,113/1
3229,晟鈦,23.3,0.0,112,-,2.41,113/1
3231,緯創,88.7,2.93,112,17.19,2.25,113/1
3257,虹冠電,46.8,6.41,112,13.26,2.52,113/1
3266,昇陽,20.0,3.75,112,8.55,1.14,113/1
3296,勝德,22.95,0.0,112,-,1.89,113/1
3305,昇貿,59.6,3.36,112,26.61,1.62,113/1
3308,聯德,22.5,0.0,112,23.68,1.31,113/1
3311,閎暉,33.7,3.56,112,20.30,0.86,113/2
3312,弘憶股,69.6,1.72,112,31.93,4.0,113/1
3321,同泰,18.4,0.0,112,-,3.03,113/2
3338,泰碩,70.6,2.83,112,21.72,3.1,113/1
3346,麗清,34.15,4.39,112,12.60,1.16,113/1
3356,奇偶,54.2,5.35,112,11.32,2.42,113/1
3376,新日興,183.5,2.18,112,34.56,2.16,113/1
3380,明泰,28.9,3.49,112,33.60,1.56,113/2
3406,玉晶光,453.0,2.65,112,13.02,2.41,113/1
3413,京鼎,270.5,4.18,112,12.39,2.21,113/1
3416,融程電,119.0,4.29,112,18.39,3.08,113/2
3419,譁裕,15.35,0.0,112,-,1.43,113/1
3432,台端,21.7,0.0,112,-,2.98,113/1
3437,榮創,21.1,0.0,112,-,1.24,113/1
3443,創意,942.0,1.49,112,38.20,13.43,113/2
3447,展達,30.2,0.0,112,-,2.19,113/2
3450,聯鈞,104.5,0.0,112,1741.67,3.91,113/1
3454,晶睿,98.4,3.86,112,33.02,2.61,113/2
3481,群創,13.65,0.0,112,-,0.54,113/1
3494,誠研,6.7,0.0,112,-,2.4,113/1
3501,維熹,63.9,4.69,112,12.53,1.16,113/1
3504,揚明光,47.6,0.0,112,-,1.98,113/2
3515,華擎,175.0,3.94,112,17.62,2.63,113/2
3518,柏騰,31.65,0.0,112,-,2.22,113/1
3528,安馳,50.8,2.95,112,29.53,1.93,113/1
3530,晶相光,79.2,0.0,112,-,2.58,113/2
3532,台勝科,140.0,3.57,112,18.35,2.27,113/1
3533,嘉澤,1350.0,1.93,112,23.22,4.91,113/1
3535,晶彩科,61.0,0.0,112,-,4.41,113/1
3543,州巧,20.0,5.0,112,25.32,0.63,113/1
3545,敦泰,70.0,1.43,112,36.08,1.58,113/1
3550,聯穎,14.2,0.0,112,-,0.79,113/1
3557,嘉威,70.4,4.26,112,10.93,2.29,113/1
3563,牧德,278.0,2.52,112,73.74,3.32,113/2
3576,聯合再生,10.9,0.0,112,-,1.41,113/1
3583,辛耘,354.0,1.13,112,39.78,7.05,113/1
3588,通嘉,64.9,0.92,112,68.32,2.3,113/1
3591,艾笛森,22.95,2.18,112,52.16,1.11,113/1
3592,瑞鼎,331.5,4.59,112,12.59,2.25,113/2
3593,力銘,15.25,0.0,112,-,3.05,113/1
3596,智易,131.0,5.34,112,11.28,1.97,113/2
3605,宏致,39.4,0.0,112,-,0.99,113/1
3607,谷崧,16.6,4.22,112,-,1.11,113/1
3617,碩天,230.0,3.44,112,11.93,2.93,113/1
3622,洋華,52.9,3.78,112,11.97,1.17,113/1
3645,達邁,37.8,0.79,112,-,1.76,113/1
3652,精聯,38.5,0.91,112,60.16,1.61,113/1
3653,健策,1085.0,0.91,112,60.75,14.0,113/1
3661,世芯-KY,1980.0,1.17,112,39.34,4.7,113/1
3665,貿聯-KY,356.0,2.47,112,25.63,2.41,113/1
3669,圓展,41.3,3.24,112,13.28,1.12,113/1
3673,TPK-KY,37.65,0.0,112,68.45,0.39,113/1
3679,新至陞,121.0,6.2,112,11.80,1.68,113/2
3686,達能,26.0,0.0,112,-,2.82,113/1
3694,海華,35.35,2.83,112,14.98,1.73,113/1
3701,大眾控,37.4,1.87,112,24.61,2.0,113/1
3702,大聯大,83.1,4.21,112,16.65,1.73,113/1
3703,欣陸,30.8,4.87,112,15.10,0.91,113/2
3704,合勤控,31.55,4.75,112,16.96,1.21,113/2
3705,永信,50.6,4.55,112,14.62,1.92,113/1
3706,神達,38.45,3.38,112,19.92,0.78,113/1
3708,上緯投控,99.8,5.56,112,7.68,1.28,113/1
3711,日月光投控,137.5,3.78,112,18.81,2.04,113/1
3712,永崴投控,50.2,3.98,112,16.30,1.47,113/1
3714,富采,38.15,2.41,112,-,0.61,113/1
3715,定穎投控,47.3,3.17,112,10.15,1.82,113/2
4104,佳醫,86.9,4.95,112,18.53,1.62,113/1
4106,雃博,24.9,3.21,112,17.79,1.08,113/1
4108,懷特,17.5,0.0,112,-,1.76,113/1
4119,旭富,88.9,1.41,112,38.48,2.07,113/1
4133,亞諾法,29.05,2.48,112,29.34,1.38,113/1
4137,麗豐-KY,141.0,7.45,112,15.82,2.09,113/1
4142,國光生,25.35,0.0,112,-,2.01,113/1
4148,全宇生技-KY,45.3,2.21,112,22.76,1.29,113/1
4155,訊映,23.0,1.3,112,164.29,1.4,113/1
4164,承業醫,41.7,4.8,112,20.34,1.13,113/1
4190,佐登-KY,46.2,2.19,112,-,1.45,113/1
4306,炎洲,20.15,4.86,112,13.99,1.05,113/1
4414,如興,3.49,0.0,112,-,0.82,113/1
4426,利勤,14.5,0.0,112,-,0.94,113/1
4438,廣越,106.5,4.88,112,16.59,1.39,113/1
4439,冠星-KY,93.0,4.3,112,11.34,1.06,113/1
4440,宜新實業,25.1,3.98,112,17.93,1.3,113/2
4526,東台,23.3,0.86,112,-,1.17,113/1
4532,瑞智,26.6,3.76,112,14.86,1.36,113/1
4536,拓凱,172.5,4.93,112,10.59,1.82,113/1
4540,全球傳動,37.45,0.0,112,-,1.15,113/1
4545,銘鈺,43.75,2.29,112,25.58,1.75,113/1
4551,智伸科,94.7,2.64,112,20.63,1.36,113/1
4552,力達-KY,24.8,4.44,112,7.82,0.47,113/1
4555,氣立,41.8,1.2,112,-,1.03,113/1
4557,永新-KY,99.0,6.06,112,10.60,1.9,113/1
4560,強信-KY,33.6,2.98,112,26.05,1.28,113/1
4562,穎漢,57.3,0.0,112,-,4.82,113/1
4564,元翎,24.35,0.0,112,-,1.17,113/1
4566,時碩工業,74.6,1.92,112,20.38,1.71,113/1
4569,六方科-KY,92.8,4.85,112,18.16,1.13,113/1
4571,鈞興-KY,107.5,2.88,112,17.15,2.08,113/1
4572,駐龍,144.0,3.47,112,20.40,3.03,113/2
4576,大銀微系統,67.1,0.15,112,-,2.14,113/1
4581,光隆精密-KY,51.0,7.06,112,8.76,1.54,113/1
4583,台灣精銳,300.0,3.33,112,22.26,2.48,113/2
4588,玖鼎電力,87.2,3.44,112,23.83,4.18,113/1
4720,德淵,21.2,2.55,112,16.83,1.59,113/1
4722,國精化,41.35,2.42,112,18.46,1.44,113/1
4736,泰博,156.0,6.41,112,14.54,1.6,113/1
4737,華廣,64.4,3.11,112,585.45,2.06,113/1
4739,康普,53.8,1.49,112,896.67,1.15,113/1
4746,台耀,89.0,2.25,112,193.48,1.43,113/1
4755,三福化,113.5,3.08,112,24.89,2.62,113/1
4763,材料*-KY,769.0,1.61,112,9.78,5.29,113/1
4764,雙鍵,41.5,0.0,112,-,1.64,113/1
4766,南寶,290.0,5.17,112,14.43,2.86,113/1
4770,上品,365.5,3.28,112,17.88,4.15,113/1
4771,望隼,215.0,1.5,112,21.98,3.86,113/1
4807,日成-KY,16.45,0.0,112,-,0.87,113/1
4904,遠傳,88.2,3.68,112,28.00,3.42,113/1
4906,正文,37.75,3.92,112,24.51,1.16,113/1
4912,聯德控股-KY,90.5,1.85,112,18.03,1.58,113/1
4915,致伸,82.0,4.88,112,15.10,2.08,113/1
4916,事欣科,25.75,1.55,112,45.98,1.21,113/1
4919,新唐,81.5,3.68,112,20.17,2.22,113/2
4927,泰鼎-KY,49.05,0.0,112,-,1.44,113/1
4930,燦星網,30.0,7.67,112,7.89,0.75,113/1
4934,太極,18.0,0.0,112,-,1.96,113/1
4935,茂林-KY,54.8,2.74,112,12.63,0.85,113/1
4938,和碩,93.0,4.3,112,15.53,1.31,113/1
4942,嘉彰,39.95,5.76,112,8.70,0.66,113/1
4943,康控-KY,19.5,0.0,112,-,6.46,113/1
4949,有成精密,23.9,10.04,112,7.47,1.02,113/1
4952,凌通,49.85,2.61,112,27.54,2.48,113/1
4956,光鋐,22.3,0.0,112,-,1.31,113/1
4958,臻鼎-KY,123.0,2.67,112,17.45,1.18,113/1
4960,誠美材,13.6,0.0,112,-,0.84,113/1
4961,天鈺,237.0,4.49,112,13.50,1.68,113/2
4967,十銓,115.0,1.74,112,14.34,3.09,113/1
4968,立積,172.0,0.0,112,637.04,6.67,113/2
4976,佳凌,39.65,0.0,112,-,2.19,113/1
4977,眾達-KY,62.1,3.54,112,32.68,1.31,113/1
4989,榮科,19.9,0.0,112,-,1.24,113/1
4994,傳奇,98.3,4.07,112,29.52,6.08,113/2
4999,鑫禾,31.9,3.13,112,29.00,0.7,113/1
5007,三星,57.7,5.2,112,16.12,2.67,113/1
5203,訊連,92.0,3.04,112,25.00,1.6,113/2
5215,科嘉-KY,39.7,3.78,112,12.48,0.76,113/1
5222,全訊,142.5,2.81,112,23.99,4.69,113/2
5225,東科-KY,110.5,5.95,112,12.72,3.0,113/1
5234,達興材料,118.5,3.46,112,22.57,4.3,113/1
5243,乙盛-KY,52.3,3.06,112,16.45,1.12,113/1
5244,弘凱,40.75,2.94,112,16.30,1.62,113/1
5258,虹堡,112.0,1.52,112,13.48,2.98,113/1
5269,祥碩,1380.0,1.35,112,35.13,4.99,113/1
5283,禾聯碩,103.5,7.73,112,16.20,1.96,113/1
5284,jpp-KY,97.5,5.13,112,21.43,2.08,113/1
5285,界霖,58.6,3.41,112,27.13,2.18,113/1
5288,豐祥-KY,199.0,3.92,112,12.55,2.67,113/1
5292,華懋,142.0,3.87,112,15.14,3.56,113/1
5306,桂盟,134.0,2.63,112,26.02,2.14,113/1
5388,中磊,99.6,5.02,112,11.41,1.96,113/2
5434,崇越,252.5,3.96,112,14.80,3.09,113/2
5469,瀚宇博,45.4,3.55,112,9.21,0.75,113/1
5471,松翰,42.05,2.85,112,31.38,1.94,113/1
5484,慧友,66.0,0.0,112,-,7.65,113/1
5515,建國,21.3,4.69,112,11.27,1.04,113/1
5519,隆大,44.25,4.97,112,9.56,1.87,113/1
5521,工信,10.8,0.0,112,108.00,1.0,113/1
5522,遠雄,71.3,4.91,112,18.24,1.27,113/1
5525,順天,36.95,4.87,112,15.46,1.97,113/1
5531,鄉林,9.84,0.0,112,-,0.96,113/1
5533,皇鼎,20.9,5.74,112,10.61,0.64,113/1
5534,長虹,118.5,4.64,112,19.33,1.72,113/1
5538,東明-KY,28.95,3.45,112,25.17,0.86,113/1
5546,永固-KY,29.0,6.9,112,-,1.02,113/1
5607,遠雄港,48.0,3.54,112,19.67,1.59,113/1
5608,四維航,17.0,0.0,112,-,0.67,113/1
5706,鳳凰,57.6,5.21,112,16.00,2.77,113/1
5871,中租-KY,137.5,4.87,112,10.13,1.5,113/1
5876,上海商銀,39.2,4.59,112,12.89,0.99,113/1
5880,合庫金,26.15,3.82,112,21.79,1.56,113/1
5906,台南-KY,61.8,3.24,112,25.86,3.0,113/1
5907,大洋-KY,8.13,0.0,112,-,0.31,113/1
6005,群益證,20.35,6.54,112,10.07,1.06,113/1
6024,群益期,51.8,6.64,112,10.53,1.46,113/1
6108,競國,16.05,3.12,112,21.69,0.7,113/1
6112,邁達特,43.75,6.29,112,20.54,1.94,113/2
6115,鎰勝,50.7,5.92,112,15.60,1.79,113/1
6116,彩晶,8.16,0.0,112,-,0.6,113/2
6117,迎廣,94.2,0.0,112,35.28,6.28,113/1
6120,達運,12.35,0.81,112,35.29,0.89,113/2
6128,上福,33.7,7.42,112,10.24,1.05,113/1
6133,金橋,17.15,0.0,112,71.46,1.78,113/1
6136,富爾特,21.35,5.62,112,23.21,0.59,113/1
6139,亞翔,209.5,4.3,112,13.92,3.75,113/1
6141,柏承,14.35,0.0,112,-,1.05,113/1
6142,友勁,9.58,0.0,112,-,1.03,113/1
6152,百一,14.25,0.0,112,-,1.64,113/1
6153,嘉聯益,20.5,0.0,112,-,0.97,113/1
6155,鈞寶,25.1,3.39,112,26.70,1.42,113/1
6164,華興,13.35,0.0,112,-,1.2,113/1
6165,浪凡,34.95,1.14,112,41.12,1.99,113/1
6166,凌華,64.8,1.54,112,83.08,2.71,113/1
6168,宏齊,19.7,2.54,112,38.63,1.33,113/1
6176,瑞儀,173.5,5.76,112,13.33,2.36,113/2
6177,達麗,55.1,6.35,112,11.72,2.48,113/1
6183,關貿,73.2,3.76,112,22.88,4.04,113/1
6184,大豐電,52.9,5.67,112,15.98,1.8,113/2
6189,豐藝,79.0,4.38,112,14.63,2.82,113/1
6191,精成科,58.8,5.61,112,8.86,1.27,113/1
6192,巨路,104.5,4.78,112,11.60,1.6,113/1
6196,帆宣,131.0,4.58,112,12.02,2.25,113/1
6197,佳必琪,139.0,3.02,112,22.03,5.31,113/1
6201,亞弘電,53.9,7.24,112,11.57,1.85,113/2
6202,盛群,44.65,1.01,112,-,2.76,113/2
6205,詮欣,61.0,2.46,112,39.35,2.02,113/1
6206,飛捷,78.2,5.12,112,16.60,2.28,113/1
6209,今國光,23.8,2.1,112,-,1.35,113/1
6213,聯茂,76.5,1.96,112,30.36,1.37,113/2
6214,精誠,108.0,4.81,112,16.00,1.79,113/1
6215,和椿,52.2,1.92,112,53.27,3.03,113/1
6216,居易,41.2,4.1,112,20.91,2.16,113/1
6224,聚鼎,48.8,3.07,112,32.75,1.64,113/1
6225,天瀚,15.6,0.0,112,40.00,4.5,113/1
6226,光鼎,9.25,0.0,112,-,0.94,113/1
6230,尼得科超眾,211.0,0.5,112,32.92,3.08,113/1
6235,華孚,64.3,2.61,112,15.46,3.11,113/1
6239,力成,131.0,5.34,112,11.36,1.72,113/1
6243,迅杰,45.45,2.64,112,27.55,2.43,113/1
6257,矽格,67.5,3.85,112,12.71,1.72,113/2
6269,台郡,79.9,6.26,112,12.99,1.06,113/1
6271,同欣電,120.5,1.99,112,16.02,1.01,113/2
6277,宏正,77.6,5.54,112,19.11,2.02,113/1
6278,台表科,111.5,4.48,112,11.23,1.63,113/1
6281,全國電,83.2,5.41,112,18.09,3.1,113/2
6282,康舒,30.9,1.62,112,-,1.16,113/1
6283,淳安,24.8,0.0,112,-,2.29,113/1
6285,啟碁,124.5,4.82,112,15.18,1.86,113/1
6288,聯嘉,24.0,0.79,112,88.89,1.59,113/1
6405,悅城,22.3,0.45,112,-,0.6,113/1
6409,旭隼,1730.0,2.17,112,42.27,16.03,113/1
6412,群電,129.5,4.63,112,14.77,3.82,113/2
6414,樺漢,273.5,4.15,112,15.62,1.66,113/1
6415,矽力*-KY,392.5,0.5,112,248.42,4.76,113/1
6416,瑞祺電通,108.5,2.58,112,27.13,2.44,113/1
6423,億而得-創,83.2,1.2,112,69.92,7.4,113/1
6426,統新,52.3,0.96,112,-,1.86,113/1
6431,光麗-KY,16.4,0.0,112,-,2.02,113/1
6438,迅得,105.0,5.1,112,13.04,1.97,113/1
6442,光聖,396.0,0.53,112,105.60,10.86,113/1
6443,元晶,22.95,1.74,112,31.44,1.54,113/1
6446,藥華藥,630.0,0.0,112,473.68,8.56,113/1
6449,鈺邦,123.5,1.86,112,24.75,3.44,113/1
6451,訊芯-KY,172.0,1.43,112,62.09,2.75,113/1
6456,GIS-KY,55.4,0.0,112,-,0.64,113/1
6464,台數科,79.8,5.48,112,14.10,1.26,113/1
6472,保瑞,751.0,1.6,112,28.10,8.75,113/1
6477,安集,31.8,2.52,112,72.27,1.21,113/1
6491,晶碩,405.5,2.47,112,17.31,3.28,113/1
6504,南六,67.6,1.63,112,27.15,1.34,113/1
6505,台塑化,65.0,3.08,112,23.47,1.89,113/2
6515,穎崴,821.0,1.34,112,54.88,8.53,113/1
6525,捷敏-KY,61.0,5.74,112,13.99,1.99,113/1
6526,達發,532.0,0.93,112,70.65,5.49,113/1
6531,愛普*,262.0,2.67,112,25.94,3.85,113/2
6533,晶心科,291.5,0.0,112,-,3.1,113/1
6534,正瀚-創,74.4,5.5,112,15.63,2.9,113/1
6541,泰福-KY,47.0,0.0,112,-,15.51,113/1
6550,北極星藥業-KY,55.2,0.0,112,-,5.64,113/1
6552,易華電,41.9,0.72,112,73.51,1.31,113/1
6558,興能高,20.2,0.0,112,2020.00,1.26,113/1
6573,虹揚-KY,13.25,0.0,112,-,1.64,113/1
6579,研揚,149.0,4.36,112,22.01,2.27,113/1
6581,鋼聯,104.5,4.11,112,21.15,3.09,113/1
6582,申豐,55.0,0.0,112,-,0.95,113/2
6585,鼎基,152.0,2.57,112,19.24,3.24,113/1
6591,動力-KY,44.25,6.15,112,12.94,0.92,113/1
6592,和潤企業,96.0,4.17,112,17.61,1.83,113/1
6598,ABC-KY,21.6,0.0,112,-,2.86,113/1
6605,帝寶,230.5,2.82,112,13.61,2.14,113/1
6606,建德工業,25.3,5.93,112,25.82,1.69,113/1
6625,必應,76.8,5.86,112,10.55,3.73,113/1
6641,基士德-KY,41.1,2.43,112,20.45,1.02,113/1
6645,金萬林-創,31.85,0.0,112,-,2.82,113/1
6655,科定,134.0,6.72,112,38.07,4.3,113/1
6657,華安,48.1,0.0,112,-,4.75,113/1
6658,聯策,56.4,2.13,112,62.67,1.81,113/1
6666,羅麗芬-KY,57.5,2.26,112,31.08,1.65,113/1
6668,中揚光,45.95,0.0,112,-,2.28,113/1
6669,緯穎,1775.0,2.37,112,23.07,6.39,113/1
6670,復盛應用,262.5,4.69,112,13.26,2.82,113/1
6671,三能-KY,42.0,5.95,112,13.82,1.58,113/1
6672,騰輝電子-KY,63.6,5.27,112,10.21,1.43,113/1
6674,鋐寶科技,23.7,0.0,112,-,1.44,113/1
6689,伊雲谷,89.5,2.23,112,31.85,2.05,113/1
6691,洋基工程,294.5,6.11,112,14.80,5.59,113/1
6695,芯鼎,52.5,0.0,112,-,2.98,113/1
6698,旭暉應材,33.2,0.0,112,-,1.82,113/1
6706,惠特,98.5,0.0,112,-,2.03,113/1
6715,嘉基,147.5,2.24,112,24.18,2.78,113/1
6719,力智,220.0,0.9,112,87.65,1.69,113/2
6742,澤米,50.4,2.38,112,193.85,2.4,113/1
6743,安普新,53.2,0.94,112,-,2.95,113/1
6753,龍德造船,113.0,1.42,112,18.05,3.7,113/1
6754,匯僑設計,60.0,5.83,112,13.10,1.98,113/1
6756,威鋒電子,144.5,1.38,112,46.46,3.6,113/1
6757,台灣虎航,50.3,0.0,112,10.00,4.43,113/1
6768,志強-KY,87.5,4.34,112,20.44,1.2,113/1
6770,力積電,20.35,0.0,112,-,0.9,113/1
6771,平和環保-創,63.9,6.26,112,13.42,2.91,113/1
6776,展碁國際,54.9,6.38,112,10.83,2.0,113/1
6781,AES-KY,464.0,2.5,112,21.83,2.88,113/1
6782,視陽,219.0,1.1,112,31.88,4.61,113/1
6789,采鈺,265.0,0.38,112,119.37,4.96,113/2
6790,永豐實,48.95,6.13,112,11.91,2.17,113/1
6792,詠業,63.5,5.67,112,16.58,1.87,113/1
6794,向榮生技-創,80.8,0.0,112,-,7.96,113/1
6796,晉弘,84.0,2.14,112,57.14,3.71,113/1
6799,來頡,103.0,2.96,112,23.09,2.96,113/2
6805,富世達,697.0,0.79,112,61.57,10.62,113/1
6806,森崴能源,131.5,1.14,112,42.69,2.45,113/1
6807,峰源-KY,58.2,4.47,112,9.85,1.5,113/1
6830,汎銓,121.0,3.72,112,26.25,2.2,113/1
6834,天二科技,34.0,0.0,112,-,2.12,113/1
6835,圓裕,42.7,4.68,112,10.78,1.8,113/1
6854,錼創科技-KY創,62.8,0.0,112,-,3.55,113/1
6861,睿生光電,62.7,1.75,112,23.48,1.93,113/1
6863,永道-KY,193.0,1.55,112,26.81,2.56,113/1
6869,雲豹能源,178.0,2.98,112,22.25,5.15,113/1
6873,泓德能源,199.0,2.15,112,25.58,3.8,113/1
6890,來億-KY,260.5,1.69,112,41.55,3.04,113/1
6901,鑽石投資,35.55,0.0,112,-,2.51,113/1
6902,GOGOLOOK,151.5,0.0,112,329.35,10.41,113/1
6906,現觀科,115.5,2.6,112,34.79,4.06,113/1
6914,阜爾運通,132.0,3.45,112,14.51,3.79,113/1
6916,華凌,22.7,4.63,112,26.71,1.3,113/1
6928,攸泰科技,62.5,1.6,112,18.17,3.34,113/1
6933,AMAX-KY,208.5,1.42,112,34.07,4.05,113/1
6937,天虹,218.5,0.92,112,48.02,4.78,113/1
6949,沛爾生醫-創,99.0,0.0,112,-,3.98,113/1
6951,青新-創,48.6,4.84,112,18.62,2.89,113/1
6952,大武山,50.2,1.99,112,42.18,2.29,113/1
6957,裕慶-KY,227.0,5.73,112,12.66,8.55,113/1
8011,台通,24.35,0.0,112,93.65,1.39,113/1
8016,矽創,219.5,5.47,112,13.15,2.59,113/1
8021,尖點,28.95,2.76,112,-,0.94,113/1
8028,昇陽半導體,96.9,1.86,112,53.24,4.18,113/1
8033,雷虎,60.8,0.0,112,760.00,7.02,113/1
8039,台虹,47.2,2.92,112,14.22,1.12,113/2
8046,南電,140.5,3.91,112,27.18,2.02,113/1
8070,長華*,41.25,6.06,112,17.41,1.7,113/1
8072,陞泰,26.15,2.87,112,26.96,0.95,113/1
8081,致新,218.5,6.41,112,11.63,2.92,113/1
8101,華冠,2.86,0.0,112,-,4.61,113/1
8103,瀚荃,56.1,2.19,112,16.50,1.43,113/1
8104,錸寶,32.85,0.0,112,-,1.28,113/1
8105,凌巨,16.4,0.61,112,29.29,0.91,113/1
8110,華東,16.0,1.25,112,76.19,0.78,113/1
8112,至上,72.5,5.57,112,15.90,2.4,113/1
8114,振樺電,170.5,2.76,112,29.30,3.35,113/1
8131,福懋科,35.3,2.55,112,22.34,1.35,113/2
8150,南茂,36.4,4.95,112,12.42,1.05,113/1
8162,微矽電子-創,34.0,1.47,112,-,1.71,113/1
8163,達方,49.3,8.11,112,8.59,1.21,113/2
8201,無敵,15.75,0.0,112,-,1.96,113/1
8210,勤誠,258.5,1.93,112,21.91,5.07,113/1
8213,志超,34.1,2.93,112,8.93,0.61,113/1
8215,明基材,27.5,4.36,112,26.70,1.58,113/2
8222,寶一,32.1,0.93,112,25.89,2.56,113/1
8249,菱光,24.7,4.41,112,15.83,0.63,113/1
8261,富鼎,68.2,3.65,112,18.94,1.54,113/2
8271,宇瞻,48.9,6.44,112,12.26,1.42,113/2
8341,日友,89.0,4.27,112,34.50,2.5,113/1
8367,建新國際,47.6,5.25,112,16.19,1.34,113/1
8374,羅昇,100.0,0.3,112,-,5.73,113/2
8404,百和興業-KY,16.5,0.0,112,-,1.07,113/1
8411,福貞-KY,14.1,0.57,112,61.30,0.53,113/1
8422,可寧衛,179.5,5.57,112,21.12,3.01,113/1
8429,金麗-KY,9.2,0.0,112,-,0.27,113/1
8438,昶昕,35.8,2.51,112,18.65,1.44,113/2
8442,威宏-KY,105.0,5.05,112,9.89,2.24,113/1
8443,阿瘦,11.4,0.0,112,30.81,0.9,113/1
8454,富邦媒,390.5,3.79,112,26.26,11.26,113/2
8462,柏文,106.0,1.99,112,45.89,4.59,113/1
8463,潤泰材,29.8,2.18,112,26.61,1.95,113/1
8464,億豐,383.0,3.13,112,19.39,5.0,113/1
8466,美吉吉-KY,55.2,0.54,112,-,1.44,113/1
8467,波力-KY,199.0,0.0,112,22.98,4.74,113/1
8473,山林水,40.2,0.85,112,34.36,1.07,113/1
8476,台境*,59.4,4.04,112,12.35,2.49,113/1
8478,東哥遊艇,286.5,4.19,112,12.60,3.79,113/1
8481,政伸,47.8,4.18,112,27.31,2.1,113/1
8482,商億-KY,61.0,3.77,112,17.94,1.88,113/1
8487,愛爾達-創,69.8,6.45,112,13.61,2.77,113/1
8488,吉源-KY,15.1,0.0,112,-,0.44,113/1
8499,鼎炫-KY,113.0,3.54,112,10.48,0.59,113/1
8926,台汽電,41.85,4.61,112,34.59,1.94,113/1
8940,新天地,22.3,0.0,112,11.21,1.92,113/1
8996,高力,282.0,1.41,112,43.79,9.89,113/1
9802,鈺齊-KY,110.0,4.55,112,16.06,1.69,113/1
9902,台火,19.3,1.55,112,33.28,1.47,113/1
9904,寶成,33.35,3.3,112,6.88,0.72,113/1
9905,大華,22.8,4.82,112,15.00,0.91,113/2
9906,欣巴巴,177.5,3.16,112,34.53,10.12,113/1
9907,統一實,14.45,2.08,112,42.50,1.17,113/1
9908,大台北,31.1,3.86,112,13.58,1.14,113/1
9910,豐泰,131.5,3.27,112,23.61,5.11,113/1
9911,櫻花,86.3,4.5,112,15.61,3.37,113/1
9912,偉聯,11.4,0.0,112,-,1.3,113/1
9914,美利達,232.0,2.59,112,44.96,3.19,113/1
9917,中保科,130.5,3.98,112,22.23,4.38,113/1
9918,欣天然,40.05,3.75,112,18.46,2.32,113/1
9919,康那香,18.6,1.61,112,5.54,1.28,113/1
9921,巨大,214.5,2.33,112,27.26,2.42,113/1
9924,福興,51.9,5.78,112,8.92,1.46,113/1
9925,新保,40.2,4.98,112,16.41,1.36,113/1
9926,新海,53.3,3.75,112,20.74,2.32,113/1
9927,泰銘,70.6,7.29,112,10.37,2.02,113/1
9928,中視,18.95,0.0,112,65.34,0.54,113/1
9929,秋雨,16.1,0.0,112,-,2.01,113/1
9930,中聯資源,64.3,4.67,112,15.76,2.73,113/2
9931,欣高,34.4,2.91,112,16.23,1.46,113/2
9933,中鼎,46.15,4.44,112,17.68,2.09,113/2
9934,成霖,16.65,7.21,112,9.91,1.08,113/1
9935,慶豐富,26.1,1.92,112,20.39,1.95,113/1
9937,全國,63.4,3.31,112,24.77,3.41,113/1
9938,百和,57.5,1.74,112,22.03,1.44,113/1
9939,宏全,156.5,3.42,112,16.32,2.9,113/1
9940,信義,32.2,4.97,112,13.82,1.79,113/1
9941,裕融,142.5,4.28,112,15.96,2.43,113/1
9942,茂順,122.5,5.71,112,10.65,2.44,113/1
9943,好樂迪,80.3,6.48,112,14.68,2.66,113/2
9944,新麗,21.85,2.75,112,218.50,0.64,113/1
9945,潤泰新,44.8,3.35,112,8.96,1.23,113/1
9946,三發地產,34.55,2.03,112,90.92,1.7,113/1
9955,佳龍,35.55,0.0,112,-,2.86,113/1
9958,世紀鋼,177.0,1.69,112,25.58,3.59,113/1
