Unnamed: 0,Unnamed: 1,自營商(自行買賣),Unnamed: 3,Unnamed: 4,自營商(避險),Unnamed: 6,Unnamed: 7,自營商,Unnamed: 9,Unnamed: 10
證券代號,證券名稱,買進股數,賣出股數,買賣超股數,買進股數,賣出股數,買賣超股數,買進股數,賣出股數,買賣超股數
"=""00715L""",期街口布蘭特正2 ,"92,000",0,"92,000","43,748,292","8,440,000","35,308,292","43,840,292","8,440,000","35,400,292"
"=""00665L""",富邦�琤肭磪囓�2 ,0,0,0,"57,650,050","41,819,635","15,830,415","57,650,050","41,819,635","15,830,415"
2371  ,大同            ,"420,426","78,000","342,426","12,116,919","246,000","11,870,919","12,537,345","324,000","12,213,345"
"=""071340""",達麗統一52購03  ,0,0,0,"9,980,000","157,000","9,823,000","9,980,000","157,000","9,823,000"
"=""00642U""",期元大S&P石油   ,"250,000",0,"250,000","10,279,586","1,293,000","8,986,586","10,529,586","1,293,000","9,236,586"
"=""056872""",緯創台新45購01  ,0,0,0,"8,982,000","31,000","8,951,000","8,982,000","31,000","8,951,000"
"=""049178""",穎崴國泰45購01  ,0,0,0,"6,678,000",0,"6,678,000","6,678,000",0,"6,678,000"
"=""00900 """,富邦特選高股息30,0,0,0,"7,406,360","1,479,000","5,927,360","7,406,360","1,479,000","5,927,360"
2409  ,友達            ,"2,929,429","2,358,417","571,012","6,013,895","1,149,000","4,864,895","8,943,324","3,507,417","5,435,907"
"=""037042""",川湖國票48購01  ,0,0,0,"4,491,000",0,"4,491,000","4,491,000",0,"4,491,000"
"=""00650L""",復華香港正2     ,0,0,0,"22,564,298","18,100,907","4,463,391","22,564,298","18,100,907","4,463,391"
"=""073528""",碩天凱基49購01  ,0,0,0,"4,080,000",0,"4,080,000","4,080,000",0,"4,080,000"
"=""0056  """,元大高股息      ,"117,000","10,000","107,000","4,031,852","290,465","3,741,387","4,148,852","300,465","3,848,387"
"=""00646 """,元大S&P500      ,0,0,0,"5,295,868","1,472,571","3,823,297","5,295,868","1,472,571","3,823,297"
"=""069796""",定穎控統一52購01,0,0,0,"3,610,000","71,000","3,539,000","3,610,000","71,000","3,539,000"
"=""052133""",華紙元大43購01  ,0,0,0,"4,021,000","485,000","3,536,000","4,021,000","485,000","3,536,000"
"=""00891 """,中信關鍵半導體  ,"200,000",0,"200,000","4,766,673","1,440,661","3,326,012","4,966,673","1,440,661","3,526,012"
"=""00753L""",中信中國50正2   ,"50,000",0,"50,000","11,442,437","8,265,483","3,176,954","11,492,437","8,265,483","3,226,954"
"=""051757""",欣興元富49購01  ,0,0,0,"3,065,000","51,000","3,014,000","3,065,000","51,000","3,014,000"
"=""053729""",滬深2X統一52購03,0,0,0,"3,489,000","712,000","2,777,000","3,489,000","712,000","2,777,000"
"=""056873""",創意台新45購01  ,0,0,0,"2,711,000","10,000","2,701,000","2,711,000","10,000","2,701,000"
"=""00892 """,富邦台灣半導體  ,"68,000",0,"68,000","2,864,401","410,610","2,453,791","2,932,401","410,610","2,521,791"
2344  ,華邦電          ,"644,000","498,538","145,462","2,482,560","220,000","2,262,560","3,126,560","718,538","2,408,022"
"=""00631L""",元大台灣50正2   ,"30,000","20,000","10,000","2,422,939","55,200","2,367,739","2,452,939","75,200","2,377,739"
2313  ,華通            ,"1,169,000","117,000","1,052,000","1,241,528","58,000","1,183,528","2,410,528","175,000","2,235,528"
"=""054742""",台耀富邦46購01  ,0,0,0,"2,299,000","65,000","2,234,000","2,299,000","65,000","2,234,000"
"=""063038""",臺股指法興46購11,0,0,0,"2,474,000","256,000","2,218,000","2,474,000","256,000","2,218,000"
"=""00881 """,國泰台灣科技龍頭,"31,000","250,000","-219,000","5,775,975","3,368,344","2,407,631","5,806,975","3,618,344","2,188,631"
"=""00878 """,國泰永續高股息  ,"822,000",0,"822,000","11,105,445","9,973,957","1,131,488","11,927,445","9,973,957","1,953,488"
"=""070420""",皇昌國票49購03  ,0,0,0,"2,316,000","592,000","1,724,000","2,316,000","592,000","1,724,000"
"=""050545""",京元電凱基43購06,0,0,0,"1,927,000","205,000","1,722,000","1,927,000","205,000","1,722,000"
"=""069341""",華碩凱基52購01  ,0,0,0,"2,569,000","878,000","1,691,000","2,569,000","878,000","1,691,000"
"=""048744""",同欣電兆豐44購02,0,0,0,"1,739,000","75,000","1,664,000","1,739,000","75,000","1,664,000"
"=""00922 """,國泰台灣領袖50  ,0,0,0,"2,953,998","1,352,650","1,601,348","2,953,998","1,352,650","1,601,348"
"=""069905""",英業達元大48購03,0,0,0,"1,571,000","1,000","1,570,000","1,571,000","1,000","1,570,000"
"=""068530""",鈺齊第一48購01  ,0,0,0,"1,532,000",0,"1,532,000","1,532,000",0,"1,532,000"
"=""068810""",長榮國票49購02  ,0,0,0,"1,496,000",0,"1,496,000","1,496,000",0,"1,496,000"
"=""070254""",滬深2X元富48購07,0,0,0,"1,587,000","119,000","1,468,000","1,587,000","119,000","1,468,000"
"=""074723""",聯電國票49購02  ,0,0,0,"1,796,000","347,000","1,449,000","1,796,000","347,000","1,449,000"
"=""053456""",滬深2X凱基44購05,0,0,0,"1,390,000",0,"1,390,000","1,390,000",0,"1,390,000"
2303  ,聯電            ,"1,681,000","441,000","1,240,000","355,202","206,000","149,202","2,036,202","647,000","1,389,202"
"=""050478""",川湖元大43購04  ,0,0,0,"1,869,000","494,000","1,375,000","1,869,000","494,000","1,375,000"
"=""062170""",穎崴中信49購01  ,0,0,0,"1,496,000","133,000","1,363,000","1,496,000","133,000","1,363,000"
"=""053722""",欣興群益44購04  ,0,0,0,"1,371,000","10,000","1,361,000","1,371,000","10,000","1,361,000"
"=""060172""",可成元大46購01  ,0,0,0,"1,901,000","555,000","1,346,000","1,901,000","555,000","1,346,000"
"=""063907""",采鈺元大46購05  ,0,0,0,"1,801,000","490,000","1,311,000","1,801,000","490,000","1,311,000"
"=""053557""",台積電元大44購44,0,0,0,"1,320,000","10,000","1,310,000","1,320,000","10,000","1,310,000"
"=""060034""",皇昌台新46購01  ,0,0,0,"1,925,000","631,000","1,294,000","1,925,000","631,000","1,294,000"
"=""056090""",華邦電元大44購04,0,0,0,"1,391,000","126,000","1,265,000","1,391,000","126,000","1,265,000"
"=""068655""",日月光統一51購03,0,0,0,"1,518,000","254,000","1,264,000","1,518,000","254,000","1,264,000"
1319  ,東陽            ,"909,444","58,000","851,444","423,946","12,000","411,946","1,333,390","70,000","1,263,390"
"=""050408""",SGBR2X國票43購03,0,0,0,"1,259,000","36,000","1,223,000","1,259,000","36,000","1,223,000"
"=""006208""",富邦台50        ,0,0,0,"3,123,499","1,902,614","1,220,885","3,123,499","1,902,614","1,220,885"
"=""049710""",智邦元富47購01  ,0,0,0,"1,235,000","20,000","1,215,000","1,235,000","20,000","1,215,000"
"=""055956""",天虹元大47購02  ,0,0,0,"1,213,000","14,000","1,199,000","1,213,000","14,000","1,199,000"
"=""060303""",鴻海群益49購02  ,0,0,0,"1,268,000","71,000","1,197,000","1,268,000","71,000","1,197,000"
"=""064620""",大立光凱基49購01,0,0,0,"1,201,000","5,000","1,196,000","1,201,000","5,000","1,196,000"
"=""04365T""",勤誠永豐35售01  ,0,0,0,"1,667,000","501,000","1,166,000","1,667,000","501,000","1,166,000"
"=""049899""",世紀鋼統一49購05,0,0,0,"1,190,000","34,000","1,156,000","1,190,000","34,000","1,156,000"
"=""040045""",鴻海永豐54購07  ,0,0,0,"1,148,000",0,"1,148,000","1,148,000",0,"1,148,000"
6116  ,彩晶            ,"715,119","102,899","612,220","550,000","18,000","532,000","1,265,119","120,899","1,144,220"
"=""060284""",聯詠富邦4A購01  ,0,0,0,"1,143,000",0,"1,143,000","1,143,000",0,"1,143,000"
"=""047033""",潤隆永豐43購01  ,0,0,0,"1,154,000","22,000","1,132,000","1,154,000","22,000","1,132,000"
"=""065543""",所羅門國泰48購01,0,0,0,"1,135,000","13,000","1,122,000","1,135,000","13,000","1,122,000"
"=""00923 """,群益台ESG低碳50 ,0,0,0,"3,020,879","1,911,923","1,108,956","3,020,879","1,911,923","1,108,956"
"=""052446""",國泰金兆豐45購01,0,0,0,"1,092,000",0,"1,092,000","1,092,000",0,"1,092,000"
"=""063581""",上銀凱基47購01  ,0,0,0,"1,351,000","267,000","1,084,000","1,351,000","267,000","1,084,000"
"=""050108""",中興電國泰45購04,0,0,0,"1,077,000",0,"1,077,000","1,077,000",0,"1,077,000"
"=""036942""",力積電永豐54購01,0,0,0,"1,070,000",0,"1,070,000","1,070,000",0,"1,070,000"
"=""068708""",碩天凱基48購03  ,0,0,0,"1,065,000",0,"1,065,000","1,065,000",0,"1,065,000"
"=""073582""",電子類群益4A購01,0,0,0,"1,064,000",0,"1,064,000","1,064,000",0,"1,064,000"
"=""00692 """,富邦公司治理    ,0,0,0,"2,001,339","938,345","1,062,994","2,001,339","938,345","1,062,994"
"=""061410""",世芯群益48購07  ,0,0,0,"1,344,000","287,000","1,057,000","1,344,000","287,000","1,057,000"
"=""052263""",道瓊銀元富49購02,0,0,0,"1,055,000",0,"1,055,000","1,055,000",0,"1,055,000"
"=""00935 """,野村臺灣新科技50,0,0,0,"3,618,000","2,566,365","1,051,635","3,618,000","2,566,365","1,051,635"
"=""05104T""",滬深2X元富36售04,0,0,0,"1,050,000",0,"1,050,000","1,050,000",0,"1,050,000"
2002  ,中鋼            ,"1,019,000","33,110","985,890","100,000","44,375","55,625","1,119,000","77,485","1,041,515"
"=""04215T""",飛宏國票36售02  ,0,0,0,"1,026,000",0,"1,026,000","1,026,000",0,"1,026,000"
"=""065352""",裕隆群益49購01  ,0,0,0,"1,007,000",0,"1,007,000","1,007,000",0,"1,007,000"
"=""056604""",陽明群益46購05  ,0,0,0,"998,000",0,"998,000","998,000",0,"998,000"
"=""062551""",T50反1元大46購07,0,0,0,"996,000",0,"996,000","996,000",0,"996,000"
"=""049804""",健和興元大43購02,0,0,0,"992,000",0,"992,000","992,000",0,"992,000"
"=""063378""",辛耘國泰48購02  ,0,0,0,"1,106,000","118,000","988,000","1,106,000","118,000","988,000"
"=""073127""",華孚國泰4A購01  ,0,0,0,"984,000",0,"984,000","984,000",0,"984,000"
"=""03126T""",臺股指元大34售45,0,0,0,"978,000",0,"978,000","978,000",0,"978,000"
2867  ,三商壽          ,0,0,0,"988,000","29,000","959,000","988,000","29,000","959,000"
"=""056421""",台光電群益45購06,0,0,0,"1,101,000","148,000","953,000","1,101,000","148,000","953,000"
"=""050677""",致伸國泰45購01  ,0,0,0,"1,124,000","176,000","948,000","1,124,000","176,000","948,000"
"=""075971""",創意群益49購12  ,0,0,0,"1,098,000","167,000","931,000","1,098,000","167,000","931,000"
"=""05887T""",文曄凱基37售07  ,0,0,0,"946,000","16,000","930,000","946,000","16,000","930,000"
2421  ,建準            ,"605,054","155,997","449,057","843,013","364,600","478,413","1,448,067","520,597","927,470"
"=""046292""",隆大凱基43購03  ,0,0,0,"1,176,000","253,000","923,000","1,176,000","253,000","923,000"
"=""059468""",名軒國票46購02  ,0,0,0,"903,000","2,000","901,000","903,000","2,000","901,000"
"=""065695""",訊芯台新47購01  ,0,0,0,"902,000","2,000","900,000","902,000","2,000","900,000"
"=""056315""",鈺邦永豐45購01  ,0,0,0,"896,000",0,"896,000","896,000",0,"896,000"
"=""072847""",台光電凱基49購04,0,0,0,"911,000","30,000","881,000","911,000","30,000","881,000"
"=""050767""",T50反1富邦3A購01,0,0,0,"899,000","20,000","879,000","899,000","20,000","879,000"
"=""065357""",光寶科兆豐3B購01,0,0,0,"1,023,000","156,000","867,000","1,023,000","156,000","867,000"
"=""00905 """,FT臺灣Smart     ,0,0,0,"972,000","112,000","860,000","972,000","112,000","860,000"
"=""063257""",世芯元大46購27  ,0,0,0,"855,000",0,"855,000","855,000",0,"855,000"
"=""066990""",台塑凱基47購03  ,0,0,0,"854,000",0,"854,000","854,000",0,"854,000"
"=""071788""",材料元大48購18  ,0,0,0,"885,000","31,000","854,000","885,000","31,000","854,000"
"=""070806""",亞力國票48購01  ,0,0,0,"869,000","16,000","853,000","869,000","16,000","853,000"
"=""046669""",鴻海元大43購28  ,0,0,0,"1,063,000","217,000","846,000","1,063,000","217,000","846,000"
"=""050323""",元石油永豐43購01,0,0,0,"843,000","1,000","842,000","843,000","1,000","842,000"
"=""052055""",萬海富邦44購02  ,0,0,0,"859,000","20,000","839,000","859,000","20,000","839,000"
"=""071059""",中鴻永豐4C購01  ,0,0,0,"836,000",0,"836,000","836,000",0,"836,000"
"=""00901 """,永豐智能車供應鏈,0,0,0,"2,108,300","1,279,467","828,833","2,108,300","1,279,467","828,833"
"=""076430""",保瑞凱基4A購03  ,0,0,0,"818,000",0,"818,000","818,000",0,"818,000"
"=""069766""",昇陽半國票4A購02,0,0,0,"814,000","1,000","813,000","814,000","1,000","813,000"
2618  ,長榮航          ,"965,000","200,712","764,288","218,000","169,500","48,500","1,183,000","370,212","812,788"
"=""057287""",T50正2元大49購01,0,0,0,"817,000","5,000","812,000","817,000","5,000","812,000"
"=""049399""",台光電元大43購10,0,0,0,"800,000",0,"800,000","800,000",0,"800,000"
"=""061483""",達發元大46購01  ,0,0,0,"800,000",0,"800,000","800,000",0,"800,000"
"=""059473""",宇隆國票46購02  ,0,0,0,"1,515,000","722,000","793,000","1,515,000","722,000","793,000"
"=""074645""",華晶科統一47購01,0,0,0,"798,000","7,000","791,000","798,000","7,000","791,000"
"=""057559""",緯穎元大45購13  ,0,0,0,"804,000","14,000","790,000","804,000","14,000","790,000"
"=""048475""",台積電元富58購01,0,0,0,"878,000","89,000","789,000","878,000","89,000","789,000"
"=""051952""",陽明永豐45購03  ,0,0,0,"789,000","3,000","786,000","789,000","3,000","786,000"
"=""068475""",美食群益4A購01  ,0,0,0,"1,197,000","412,000","785,000","1,197,000","412,000","785,000"
"=""065722""",金像電元大4A購01,0,0,0,"806,000","26,000","780,000","806,000","26,000","780,000"
"=""058858""",大立光凱基48購01,0,0,0,"1,166,000","390,000","776,000","1,166,000","390,000","776,000"
"=""056615""",聯電富邦47購01  ,0,0,0,"775,000",0,"775,000","775,000",0,"775,000"
"=""071469""",大銀統一52購03  ,0,0,0,"775,000",0,"775,000","775,000",0,"775,000"
"=""060892""",創意中信49購01  ,0,0,0,"768,000",0,"768,000","768,000",0,"768,000"
"=""047834""",智原群益44購04  ,0,0,0,"863,000","100,000","763,000","863,000","100,000","763,000"
"=""057702""",材料富邦46購06  ,0,0,0,"805,000","42,000","763,000","805,000","42,000","763,000"
"=""00936 """,台新永續高息中小,0,0,0,"2,366,000","1,605,727","760,273","2,366,000","1,605,727","760,273"
"=""051945""",香港2X永豐43購02,0,0,0,"770,000","10,000","760,000","770,000","10,000","760,000"
"=""057048""",世芯凱基46購10  ,0,0,0,"990,000","232,000","758,000","990,000","232,000","758,000"
"=""066389""",智原統一41購01  ,0,0,0,"766,000","8,000","758,000","766,000","8,000","758,000"
"=""061766""",創意元富4C購05  ,0,0,0,"880,000","125,000","755,000","880,000","125,000","755,000"
"=""076167""",旺宏凱基49購05  ,0,0,0,"1,008,000","253,000","755,000","1,008,000","253,000","755,000"
"=""050279""",京鼎元富49購01  ,0,0,0,"754,000",0,"754,000","754,000",0,"754,000"
"=""064805""",大立光元大47購04,0,0,0,"748,000",0,"748,000","748,000",0,"748,000"
"=""072838""",中鋼凱基49購02  ,0,0,0,"848,000","100,000","748,000","848,000","100,000","748,000"
"=""040406""",國企2X國票56購01,0,0,0,"786,000","42,000","744,000","786,000","42,000","744,000"
"=""062275""",T50反1群益4A購01,0,0,0,"749,000","10,000","739,000","749,000","10,000","739,000"
"=""058068""",康舒國票46購01  ,0,0,0,"738,000","1,000","737,000","738,000","1,000","737,000"
"=""072455""",臺股指凱基51購05,0,0,0,"1,747,000","1,010,000","737,000","1,747,000","1,010,000","737,000"
"=""00636 """,國泰中國A50     ,"120,000","10,000","110,000","1,865,639","1,244,918","620,721","1,985,639","1,254,918","730,721"
"=""061743""",智易兆豐47購01  ,0,0,0,"739,000","10,000","729,000","739,000","10,000","729,000"
"=""048545""",緯穎凱基43購11  ,0,0,0,"728,000","3,000","725,000","728,000","3,000","725,000"
"=""050311""",緯創凱基3A購02  ,0,0,0,"947,000","224,000","723,000","947,000","224,000","723,000"
"=""05665T""",FBNQ2X凱基37售04,0,0,0,"710,000",0,"710,000","710,000",0,"710,000"
"=""048096""",華擎元富48購01  ,0,0,0,"723,000","20,000","703,000","723,000","20,000","703,000"
"=""056619""",崇越富邦46購01  ,0,0,0,"702,000",0,"702,000","702,000",0,"702,000"
"=""072500""",台郡元大48購04  ,0,0,0,"690,000",0,"690,000","690,000",0,"690,000"
"=""074774""",奇鋐永豐4B購02  ,0,0,0,"694,000","10,000","684,000","694,000","10,000","684,000"
2408  ,南亞科          ,"577,407","386,000","191,407","572,065","79,768","492,297","1,149,472","465,768","683,704"
"=""050265""",嘉澤凱基43購03  ,0,0,0,"678,000",0,"678,000","678,000",0,"678,000"
"=""072821""",創意國票4A購03  ,0,0,0,"885,000","211,000","674,000","885,000","211,000","674,000"
"=""045405""",緯穎群益55購10  ,0,0,0,"962,000","291,000","671,000","962,000","291,000","671,000"
"=""062641""",台化凱基46購02  ,0,0,0,"670,000",0,"670,000","670,000",0,"670,000"
"=""064968""",玉晶光國泰48購01,0,0,0,"670,000",0,"670,000","670,000",0,"670,000"
"=""074532""",中502X群益49購03,0,0,0,"671,000","1,000","670,000","671,000","1,000","670,000"
"=""062032""",智邦國泰48購02  ,0,0,0,"692,000","26,000","666,000","692,000","26,000","666,000"
"=""076658""",南寶凱基4B購01  ,0,0,0,"660,000",0,"660,000","660,000",0,"660,000"
"=""052462""",長榮元富54購01  ,0,0,0,"1,327,000","669,000","658,000","1,327,000","669,000","658,000"
"=""052654""",中鴻永豐46購02  ,0,0,0,"658,000",0,"658,000","658,000",0,"658,000"
3545  ,敦泰            ,"13,000","58,000","-45,000","804,802","103,463","701,339","817,802","161,463","656,339"
"=""03077T""",技嘉凱基32售18  ,0,0,0,"661,000","10,000","651,000","661,000","10,000","651,000"
"=""076090""",建準群益4A購03  ,0,0,0,"699,000","55,000","644,000","699,000","55,000","644,000"
"=""065776""",百和元大47購02  ,0,0,0,"811,000","169,000","642,000","811,000","169,000","642,000"
"=""067925""",矽力元大49購01  ,0,0,0,"647,000","10,000","637,000","647,000","10,000","637,000"
"=""051029""",興勤凱基43購01  ,0,0,0,"640,000","5,000","635,000","640,000","5,000","635,000"
"=""055014""",宏�硒I邦46購01  ,0,0,0,"620,000",0,"620,000","620,000",0,"620,000"
"=""056261""",新唐元大44購02  ,0,0,0,"756,000","136,000","620,000","756,000","136,000","620,000"
"=""059961""",中華元大45購09  ,0,0,0,"791,000","171,000","620,000","791,000","171,000","620,000"
"=""069573""",上銀統一52購02  ,0,0,0,"618,000",0,"618,000","618,000",0,"618,000"
"=""070225""",上証2X群益48購02,0,0,0,"618,000",0,"618,000","618,000",0,"618,000"
"=""054799""",雲豹凱基44購01  ,0,0,0,"647,000","30,000","617,000","647,000","30,000","617,000"
"=""00894 """,中信小資高價30  ,0,0,0,"1,162,729","546,700","616,029","1,162,729","546,700","616,029"
"=""069374""",智原永豐48購04  ,0,0,0,"644,000","28,000","616,000","644,000","28,000","616,000"
"=""051925""",大立光群益43購15,0,0,0,"859,000","244,000","615,000","859,000","244,000","615,000"
"=""070249""",亞翔群益48購04  ,0,0,0,"736,000","122,000","614,000","736,000","122,000","614,000"
"=""075612""",東鹼群益49購03  ,0,0,0,"980,000","369,000","611,000","980,000","369,000","611,000"
"=""049708""",美債2X元富4B購01,0,0,0,"608,000",0,"608,000","608,000",0,"608,000"
"=""073658""",新興元大49購02  ,0,0,0,"741,000","133,000","608,000","741,000","133,000","608,000"
"=""067022""",陽明統一51購01  ,0,0,0,"607,000","1,000","606,000","607,000","1,000","606,000"
"=""076255""",台積電群益49購35,0,0,0,"606,000",0,"606,000","606,000",0,"606,000"
"=""069146""",立積群益48購03  ,0,0,0,"622,000","17,000","605,000","622,000","17,000","605,000"
"=""042963""",京鼎元大57購01  ,0,0,0,"605,000","1,000","604,000","605,000","1,000","604,000"
"=""060555""",新唐富邦46購01  ,0,0,0,"609,000","7,000","602,000","609,000","7,000","602,000"
"=""051575""",世芯元富43購10  ,0,0,0,"600,000",0,"600,000","600,000",0,"600,000"
"=""075484""",長榮航富邦49購01,0,0,0,"600,000",0,"600,000","600,000",0,"600,000"
1514  ,亞力            ,"238,590","18,167","220,423","527,031","148,000","379,031","765,621","166,167","599,454"
"=""055757""",緯創國泰46購05  ,0,0,0,"600,000","1,000","599,000","600,000","1,000","599,000"
2356  ,英業達          ,"1,634,999","1,440,998","194,001","1,485,798","1,081,280","404,518","3,120,797","2,522,278","598,519"
"=""00932 """,兆豐永續高息等權,0,0,0,"1,534,000","936,196","597,804","1,534,000","936,196","597,804"
"=""055709""",滬深2X元大44購21,0,0,0,"597,000",0,"597,000","597,000",0,"597,000"
"=""054220""",南亞科凱基44購01,0,0,0,"603,000","10,000","593,000","603,000","10,000","593,000"
"=""069190""",世芯統一53購02  ,0,0,0,"592,000",0,"592,000","592,000",0,"592,000"
"=""061742""",嘉澤國泰48購02  ,0,0,0,"605,000","16,000","589,000","605,000","16,000","589,000"
"=""061944""",FBNQ2X元富41購01,0,0,0,"599,000","10,000","589,000","599,000","10,000","589,000"
"=""064823""",愛普元大47購03  ,0,0,0,"1,789,000","1,200,000","589,000","1,789,000","1,200,000","589,000"
"=""066192""",華晶科永豐49購01,0,0,0,"638,000","50,000","588,000","638,000","50,000","588,000"
"=""075425""",華城元大51購07  ,0,0,0,"667,000","79,000","588,000","667,000","79,000","588,000"
6239  ,力成            ,"540,275","104,679","435,596","177,580","26,000","151,580","717,855","130,679","587,176"
"=""072037""",皇昌元大48購15  ,0,0,0,"1,156,000","569,000","587,000","1,156,000","569,000","587,000"
"=""073839""",廣宇元大49購02  ,0,0,0,"612,000","26,000","586,000","612,000","26,000","586,000"
"=""066148""",華晶科統一54購01,0,0,0,"593,000","10,000","583,000","593,000","10,000","583,000"
"=""074517""",長榮凱基51購03  ,0,0,0,"590,000","8,000","582,000","590,000","8,000","582,000"
"=""052291""",南亞科國票44購03,0,0,0,"581,000","1,000","580,000","581,000","1,000","580,000"
"=""052403""",台積電元大44購28,0,0,0,"577,000",0,"577,000","577,000",0,"577,000"
"=""062033""",威盛國泰48購02  ,0,0,0,"896,000","323,000","573,000","896,000","323,000","573,000"
"=""065478""",乙盛國票48購02  ,0,0,0,"653,000","80,000","573,000","653,000","80,000","573,000"
"=""076525""",中信金元大49購05,0,0,0,"571,000",0,"571,000","571,000",0,"571,000"
"=""073158""",慧洋元大49購02  ,0,0,0,"620,000","50,000","570,000","620,000","50,000","570,000"
"=""055652""",鴻準群益45購01  ,0,0,0,"600,000","31,000","569,000","600,000","31,000","569,000"
"=""050465""",零壹凱基44購01  ,0,0,0,"575,000","10,000","565,000","575,000","10,000","565,000"
"=""049847""",奇鋐統一37購01  ,0,0,0,"787,000","224,000","563,000","787,000","224,000","563,000"
"=""064128""",玉晶光群益46購04,0,0,0,"575,000","13,000","562,000","575,000","13,000","562,000"
"=""059666""",振樺電永豐47購01,0,0,0,"560,000",0,"560,000","560,000",0,"560,000"
"=""064877""",長榮群益48購06  ,0,0,0,"627,000","69,000","558,000","627,000","69,000","558,000"
"=""066500""",國巨群益48購01  ,0,0,0,"558,000",0,"558,000","558,000",0,"558,000"
"=""073259""",鴻海元富49購03  ,0,0,0,"555,000",0,"555,000","555,000",0,"555,000"
"=""046581""",聯發科凱基43購08,0,0,0,"1,234,000","681,000","553,000","1,234,000","681,000","553,000"
"=""060769""",長榮航元大46購05,0,0,0,"585,000","33,000","552,000","585,000","33,000","552,000"
"=""061541""",臺股指中信46購12,0,0,0,"650,000","100,000","550,000","650,000","100,000","550,000"
"=""065137""",菱生群益48購01  ,0,0,0,"550,000",0,"550,000","550,000",0,"550,000"
"=""08296U""",一詮群益33售03  ,0,0,0,"550,000",0,"550,000","550,000",0,"550,000"
"=""051130""",建漢凱基47購03  ,0,0,0,"1,121,000","572,000","549,000","1,121,000","572,000","549,000"
"=""076004""",長榮元大4C購04  ,0,0,0,"613,000","64,000","549,000","613,000","64,000","549,000"
"=""074769""",鴻海永豐4A購07  ,0,0,0,"540,000","1,000","539,000","540,000","1,000","539,000"
"=""063994""",辛耘元富46購04  ,0,0,0,"546,000","8,000","538,000","546,000","8,000","538,000"
"=""063377""",景碩國泰48購02  ,0,0,0,"689,000","153,000","536,000","689,000","153,000","536,000"
"=""036063""",楠梓電群益55購01,0,0,0,"743,000","208,000","535,000","743,000","208,000","535,000"
"=""00675L""",富邦臺灣加權正2 ,0,0,0,"647,550","113,050","534,500","647,550","113,050","534,500"
"=""043536""",至上元大59購01  ,0,0,0,"553,000","21,000","532,000","553,000","21,000","532,000"
"=""052426""",迅得元大46購01  ,0,0,0,"540,000","10,000","530,000","540,000","10,000","530,000"
"=""061381""",矽統國泰48購01  ,0,0,0,"551,000","21,000","530,000","551,000","21,000","530,000"
"=""049535""",台光電元大48購02,0,0,0,"529,000",0,"529,000","529,000",0,"529,000"
"=""065372""",玉晶光群益47購03,0,0,0,"529,000",0,"529,000","529,000",0,"529,000"
"=""064008""",上銀國泰48購01  ,0,0,0,"658,000","132,000","526,000","658,000","132,000","526,000"
"=""049080""",台積電元大44購18,0,0,0,"658,000","133,000","525,000","658,000","133,000","525,000"
"=""056102""",蔚華科元大44購01,0,0,0,"524,000",0,"524,000","524,000",0,"524,000"
"=""060880""",華城中信47購01  ,0,0,0,"553,000","30,000","523,000","553,000","30,000","523,000"
"=""050291""",智原國票44購03  ,0,0,0,"943,000","421,000","522,000","943,000","421,000","522,000"
"=""04878T""",亞翔群益36售03  ,0,0,0,"520,000",0,"520,000","520,000",0,"520,000"
"=""062826""",精誠元大46購06  ,0,0,0,"742,000","226,000","516,000","742,000","226,000","516,000"
"=""055024""",健策富邦45購01  ,0,0,0,"514,000",0,"514,000","514,000",0,"514,000"
"=""067642""",世紀鋼統一51購02,0,0,0,"527,000","13,000","514,000","527,000","13,000","514,000"
"=""074572""",上銀元大4A購09  ,0,0,0,"543,000","30,000","513,000","543,000","30,000","513,000"
"=""059343""",中華元大45購02  ,0,0,0,"512,000",0,"512,000","512,000",0,"512,000"
"=""067124""",台塑國票49購02  ,0,0,0,"864,000","352,000","512,000","864,000","352,000","512,000"
"=""074238""",崇越凱基49購01  ,0,0,0,"569,000","58,000","511,000","569,000","58,000","511,000"
"=""065523""",長榮航統一51購01,0,0,0,"662,000","152,000","510,000","662,000","152,000","510,000"
"=""058720""",SGBR2X群益45購02,0,0,0,"677,000","168,000","509,000","677,000","168,000","509,000"
"=""064241""",國巨群益46購08  ,0,0,0,"509,000",0,"509,000","509,000",0,"509,000"
"=""069432""",凱美群益4A購01  ,0,0,0,"549,000","40,000","509,000","549,000","40,000","509,000"
"=""075243""",全新元大49購03  ,0,0,0,"585,000","79,000","506,000","585,000","79,000","506,000"
"=""053589""",京鼎統一48購01  ,0,0,0,"522,000","17,000","505,000","522,000","17,000","505,000"
"=""058390""",新唐國票46購03  ,0,0,0,"505,000",0,"505,000","505,000",0,"505,000"
"=""067952""",大立光永豐47購07,0,0,0,"505,000",0,"505,000","505,000",0,"505,000"
"=""071568""",華邦電凱基4A購01,0,0,0,"524,000","20,000","504,000","524,000","20,000","504,000"
"=""046766""",愛普凱基43購06  ,0,0,0,"503,000",0,"503,000","503,000",0,"503,000"
"=""046784""",亞翔群益44購01  ,0,0,0,"503,000",0,"503,000","503,000",0,"503,000"
"=""056779""",上銀國票46購02  ,0,0,0,"501,000",0,"501,000","501,000",0,"501,000"
"=""052658""",偉詮電永豐44購02,0,0,0,"500,000",0,"500,000","500,000",0,"500,000"
"=""056308""",矽統永豐47購02  ,0,0,0,"500,000",0,"500,000","500,000",0,"500,000"
"=""057660""",技嘉元富45購04  ,0,0,0,"499,000",0,"499,000","499,000",0,"499,000"
"=""075911""",中502X凱基49購02,0,0,0,"499,000",0,"499,000","499,000",0,"499,000"
"=""055813""",威盛群益44購13  ,0,0,0,"498,000",0,"498,000","498,000",0,"498,000"
"=""056880""",楠梓電元大45購01,0,0,0,"498,000",0,"498,000","498,000",0,"498,000"
"=""057079""",奇鋐元大45購12  ,0,0,0,"498,000",0,"498,000","498,000",0,"498,000"
"=""057733""",貿聯元大45購08  ,0,0,0,"504,000","6,000","498,000","504,000","6,000","498,000"
"=""058177""",智邦兆豐47購01  ,0,0,0,"498,000",0,"498,000","498,000",0,"498,000"
"=""067913""",裕民元大47購02  ,0,0,0,"860,000","362,000","498,000","860,000","362,000","498,000"
"=""073097""",海華元富49購01  ,0,0,0,"498,000","1,000","497,000","498,000","1,000","497,000"
"=""074217""",大成鋼凱基49購08,0,0,0,"715,000","218,000","497,000","715,000","218,000","497,000"
"=""065477""",訊連國票49購01  ,0,0,0,"501,000","5,000","496,000","501,000","5,000","496,000"
"=""038697""",采鈺元大54購13  ,0,0,0,"495,000",0,"495,000","495,000",0,"495,000"
"=""066717""",鴻準群益48購01  ,0,0,0,"494,000",0,"494,000","494,000",0,"494,000"
"=""071769""",皇昌元大48購13  ,0,0,0,"492,000",0,"492,000","492,000",0,"492,000"
"=""051383""",致伸元大46購02  ,0,0,0,"777,000","286,000","491,000","777,000","286,000","491,000"
"=""059786""",牧德國泰47購01  ,0,0,0,"609,000","119,000","490,000","609,000","119,000","490,000"
"=""067612""",台塑中信4A購01  ,0,0,0,"490,000",0,"490,000","490,000",0,"490,000"
"=""056611""",乙盛群益4B購01  ,0,0,0,"499,000","10,000","489,000","499,000","10,000","489,000"
"=""057370""",技嘉富邦45購02  ,0,0,0,"532,000","43,000","489,000","532,000","43,000","489,000"
"=""071021""",慧洋統一52購02  ,0,0,0,"558,000","70,000","488,000","558,000","70,000","488,000"
"=""065089""",台達電台新47購01,0,0,0,"872,000","386,000","486,000","872,000","386,000","486,000"
"=""073827""",台灣50元大4B購03,0,0,0,"486,000",0,"486,000","486,000",0,"486,000"
"=""033275""",台積電元大54購28,0,0,0,"722,000","238,000","484,000","722,000","238,000","484,000"
"=""055083""",材料群益44購14  ,0,0,0,"585,000","101,000","484,000","585,000","101,000","484,000"
"=""059908""",全漢群益45購01  ,0,0,0,"692,000","209,000","483,000","692,000","209,000","483,000"
"=""072810""",台玻國票4A購01  ,0,0,0,"581,000","98,000","483,000","581,000","98,000","483,000"
"=""054897""",所羅門元富5A購01,0,0,0,"481,000",0,"481,000","481,000",0,"481,000"
"=""055164""",華通元富44購06  ,0,0,0,"681,000","200,000","481,000","681,000","200,000","481,000"
"=""063142""",達發凱基4A購01  ,0,0,0,"515,000","34,000","481,000","515,000","34,000","481,000"
"=""076087""",佳能群益4A購01  ,0,0,0,"481,000",0,"481,000","481,000",0,"481,000"
"=""058071""",寶成國票46購02  ,0,0,0,"520,000","45,000","475,000","520,000","45,000","475,000"
"=""05833T""",長榮航第一39售01,0,0,0,"500,000","25,000","475,000","500,000","25,000","475,000"
"=""03010T""",緯穎群益34售05  ,0,0,0,"499,000","25,000","474,000","499,000","25,000","474,000"
"=""04216T""",飛宏國票37售01  ,0,0,0,"474,000",0,"474,000","474,000",0,"474,000"
"=""063358""",世芯凱基46購18  ,0,0,0,"478,000","4,000","474,000","478,000","4,000","474,000"
"=""065386""",神達統一3B購01  ,0,0,0,"563,000","90,000","473,000","563,000","90,000","473,000"
"=""070480""",華友聯統一52購01,0,0,0,"481,000","8,000","473,000","481,000","8,000","473,000"
"=""052105""",亞光群益43購07  ,0,0,0,"956,000","485,000","471,000","956,000","485,000","471,000"
"=""050683""",信錦元富49購01  ,0,0,0,"512,000","42,000","470,000","512,000","42,000","470,000"
"=""056129""",台積電國泰46購12,0,0,0,"499,000","30,000","469,000","499,000","30,000","469,000"
"=""069298""",中磊元富48購01  ,0,0,0,"487,000","18,000","469,000","487,000","18,000","469,000"
"=""078940""",神達元大4A購07  ,0,0,0,"499,000","30,000","469,000","499,000","30,000","469,000"
"=""068695""",台積電凱基4A購17,0,0,0,"471,000","4,000","467,000","471,000","4,000","467,000"
"=""069859""",晶心科群益48購01,0,0,0,"466,000",0,"466,000","466,000",0,"466,000"
"=""076473""",長虹國票4A購01  ,0,0,0,"460,000",0,"460,000","460,000",0,"460,000"
"=""065118""",亞翔中信48購01  ,0,0,0,"458,000",0,"458,000","458,000",0,"458,000"
"=""073234""",廣宇國泰4A購01  ,0,0,0,"462,000","5,000","457,000","462,000","5,000","457,000"
"=""050314""",緯創凱基3C購02  ,0,0,0,"725,000","270,000","455,000","725,000","270,000","455,000"
"=""068474""",亞航群益48購02  ,0,0,0,"455,000",0,"455,000","455,000",0,"455,000"
"=""063785""",振樺電元富46購01,0,0,0,"590,000","136,000","454,000","590,000","136,000","454,000"
"=""076833""",華城富邦4C購02  ,0,0,0,"525,000","71,000","454,000","525,000","71,000","454,000"
"=""072349""",欣興統一52購08  ,0,0,0,"450,000",0,"450,000","450,000",0,"450,000"
"=""074781""",道瓊銀元大51購01,0,0,0,"450,000",0,"450,000","450,000",0,"450,000"
"=""069889""",精成科凱基48購02,0,0,0,"519,000","70,000","449,000","519,000","70,000","449,000"
"=""070308""",宇隆國泰49購01  ,0,0,0,"449,000",0,"449,000","449,000",0,"449,000"
"=""048109""",潤隆國票44購01  ,0,0,0,"458,000","10,000","448,000","458,000","10,000","448,000"
"=""051922""",台光電群益45購05,0,0,0,"446,000",0,"446,000","446,000",0,"446,000"
"=""068178""",台積電永豐48購08,0,0,0,"514,000","69,000","445,000","514,000","69,000","445,000"
"=""072964""",台積電元大52購02,0,0,0,"448,000","3,000","445,000","448,000","3,000","445,000"
"=""072788""",仁寶永豐4A購01  ,0,0,0,"442,000",0,"442,000","442,000",0,"442,000"
"=""060051""",台積電凱基4A購09,0,0,0,"613,000","173,000","440,000","613,000","173,000","440,000"
"=""061191""",世芯群益46購09  ,0,0,0,"1,122,000","682,000","440,000","1,122,000","682,000","440,000"
"=""071536""",新日興元大48購07,0,0,0,"440,000",0,"440,000","440,000",0,"440,000"
"=""076584""",南港永豐4A購01  ,0,0,0,"497,000","57,000","440,000","497,000","57,000","440,000"
"=""00930 """,永豐ESG低碳高息 ,0,0,0,"2,805,000","2,365,937","439,063","2,805,000","2,365,937","439,063"
"=""059278""",大立光永豐46購01,0,0,0,"577,000","138,000","439,000","577,000","138,000","439,000"
"=""065333""",帆宣統一55購01  ,0,0,0,"547,000","108,000","439,000","547,000","108,000","439,000"
"=""073288""",滬深2X凱基52購01,0,0,0,"438,000",0,"438,000","438,000",0,"438,000"
"=""068236""",FB越南國票48購01,0,0,0,"437,000",0,"437,000","437,000",0,"437,000"
"=""073748""",智原統一53購01  ,0,0,0,"436,000",0,"436,000","436,000",0,"436,000"
"=""065377""",辛耘群益47購02  ,0,0,0,"435,000",0,"435,000","435,000",0,"435,000"
"=""062312""",元上證元大46購01,0,0,0,"433,000",0,"433,000","433,000",0,"433,000"
"=""052039""",合機凱基43購01  ,0,0,0,"430,000",0,"430,000","430,000",0,"430,000"
"=""066689""",華擎凱基48購01  ,0,0,0,"430,000",0,"430,000","430,000",0,"430,000"
"=""066575""",道瓊銀元富47購01,0,0,0,"1,329,000","900,000","429,000","1,329,000","900,000","429,000"
"=""074156""",材料元大49購07  ,0,0,0,"429,000",0,"429,000","429,000",0,"429,000"
"=""071505""",台灣50元大4A購05,0,0,0,"456,000","29,000","427,000","456,000","29,000","427,000"
"=""072363""",滬深2X元富48購11,0,0,0,"748,000","321,000","427,000","748,000","321,000","427,000"
"=""071371""",新日興元大48購05,0,0,0,"629,000","203,000","426,000","629,000","203,000","426,000"
"=""069863""",滬深2X凱基48購07,0,0,0,"477,000","52,000","425,000","477,000","52,000","425,000"
"=""070876""",群創元大48購04  ,0,0,0,"425,000",0,"425,000","425,000",0,"425,000"
"=""073529""",世芯凱基49購08  ,0,0,0,"598,000","173,000","425,000","598,000","173,000","425,000"
"=""05658T""",長榮元大37售26  ,0,0,0,"439,000","16,000","423,000","439,000","16,000","423,000"
"=""075449""",晶豪科元大49購04,0,0,0,"444,000","21,000","423,000","444,000","21,000","423,000"
"=""060634""",嘉澤台新46購01  ,0,0,0,"461,000","39,000","422,000","461,000","39,000","422,000"
"=""057977""",健策群益45購02  ,0,0,0,"422,000","1,000","421,000","422,000","1,000","421,000"
"=""074249""",三芳統一53購03  ,0,0,0,"431,000","10,000","421,000","431,000","10,000","421,000"
"=""062702""",定穎控永豐46購02,0,0,0,"420,000","1,000","419,000","420,000","1,000","419,000"
"=""063943""",華晶科國票47購02,0,0,0,"1,427,000","1,008,000","419,000","1,427,000","1,008,000","419,000"
"=""073898""",漢唐群益49購01  ,0,0,0,"1,329,000","910,000","419,000","1,329,000","910,000","419,000"
"=""071170""",新日興永豐48購03,0,0,0,"435,000","18,000","417,000","435,000","18,000","417,000"
"=""051379""",碩天元大45購01  ,0,0,0,"668,000","252,000","416,000","668,000","252,000","416,000"
"=""052429""",萬海富邦46購01  ,0,0,0,"426,000","10,000","416,000","426,000","10,000","416,000"
"=""052498""",藍天永豐44購01  ,0,0,0,"416,000",0,"416,000","416,000",0,"416,000"
"=""075424""",華城元大49購25  ,0,0,0,"442,000","26,000","416,000","442,000","26,000","416,000"
"=""048209""",TPK凱基44購01   ,0,0,0,"509,000","94,000","415,000","509,000","94,000","415,000"
"=""050755""",碩天群益43購04  ,0,0,0,"414,000",0,"414,000","414,000",0,"414,000"
"=""05135T""",英業達富邦3A售03,0,0,0,"428,000","14,000","414,000","428,000","14,000","414,000"
"=""053428""",威盛元富44購02  ,0,0,0,"492,000","78,000","414,000","492,000","78,000","414,000"
"=""057362""",緯穎群益45購05  ,0,0,0,"554,000","140,000","414,000","554,000","140,000","414,000"
"=""067626""",神基兆豐3B購01  ,0,0,0,"413,000",0,"413,000","413,000",0,"413,000"
"=""057330""",華通群益45購02  ,0,0,0,"440,000","28,000","412,000","440,000","28,000","412,000"
"=""03071T""",智邦永豐32售02  ,0,0,0,"410,000",0,"410,000","410,000",0,"410,000"
"=""055054""",威盛統一4A購01  ,0,0,0,"410,000",0,"410,000","410,000",0,"410,000"
"=""066498""",鴻海群益51購02  ,0,0,0,"591,000","181,000","410,000","591,000","181,000","410,000"
"=""063646""",鴻海元大46購31  ,0,0,0,"407,000",0,"407,000","407,000",0,"407,000"
"=""063184""",華邦電群益47購02,0,0,0,"411,000","6,000","405,000","411,000","6,000","405,000"
"=""069224""",台積電元富48購12,0,0,0,"404,000",0,"404,000","404,000",0,"404,000"
2504  ,國產            ,"467,000","63,000","404,000",0,0,0,"467,000","63,000","404,000"
"=""073015""",滬深2X永豐4B購03,0,0,0,"416,000","13,000","403,000","416,000","13,000","403,000"
"=""059726""",永崴控群益47購01,0,0,0,"502,000","100,000","402,000","502,000","100,000","402,000"
"=""068715""",力積電凱基4A購01,0,0,0,"402,000",0,"402,000","402,000",0,"402,000"
"=""05279T""",華碩國票37售03  ,0,0,0,"401,000",0,"401,000","401,000",0,"401,000"
"=""075394""",嘉澤群益49購03  ,0,0,0,"472,000","71,000","401,000","472,000","71,000","401,000"
"=""042356""",鴻海元大54購80  ,0,0,0,"400,000",0,"400,000","400,000",0,"400,000"
"=""044302""",大同群益55購02  ,0,0,0,"400,000",0,"400,000","400,000",0,"400,000"
"=""058366""",聯發科國票46購02,0,0,0,"400,000",0,"400,000","400,000",0,"400,000"
"=""062898""",祥碩台新46購01  ,0,0,0,"400,000",0,"400,000","400,000",0,"400,000"
"=""073186""",裕民統一59購01  ,0,0,0,"400,000",0,"400,000","400,000",0,"400,000"
"=""073931""",美利達富邦49購01,0,0,0,"400,000",0,"400,000","400,000",0,"400,000"
"=""075479""",喬山台新49購01  ,0,0,0,"399,000",0,"399,000","399,000",0,"399,000"
"=""075878""",亞航元富49購01  ,0,0,0,"399,000",0,"399,000","399,000",0,"399,000"
"=""00895 """,富邦未來車      ,0,0,0,"1,072,648","674,000","398,648","1,072,648","674,000","398,648"
"=""050312""",緯創凱基3B購01  ,0,0,0,"451,000","54,000","397,000","451,000","54,000","397,000"
"=""061276""",矽創凱基46購01  ,0,0,0,"397,000",0,"397,000","397,000",0,"397,000"
"=""074248""",和大台新49購01  ,0,0,0,"396,000",0,"396,000","396,000",0,"396,000"
"=""04489T""",智原元大35售07  ,0,0,0,"390,000",0,"390,000","390,000",0,"390,000"
"=""053728""",愛普群益44購04  ,0,0,0,"390,000",0,"390,000","390,000",0,"390,000"
"=""067243""",玉晶光元富47購01,0,0,0,"390,000",0,"390,000","390,000",0,"390,000"
"=""054725""",台積電台新45購01,0,0,0,"401,000","12,000","389,000","401,000","12,000","389,000"
"=""064492""",海悅群益46購03  ,0,0,0,"481,000","92,000","389,000","481,000","92,000","389,000"
"=""067867""",臺股指富邦3B購01,0,0,0,"652,000","263,000","389,000","652,000","263,000","389,000"
"=""066604""",伊雲谷國票48購02,0,0,0,"740,000","352,000","388,000","740,000","352,000","388,000"
"=""057966""",技嘉群益46購03  ,0,0,0,"547,000","160,000","387,000","547,000","160,000","387,000"
"=""064334""",鉅祥凱基46購02  ,0,0,0,"644,000","257,000","387,000","644,000","257,000","387,000"
2312  ,金寶            ,"387,001",59,"386,942",0,0,0,"387,001",59,"386,942"
"=""071442""",東陽統一52購01  ,0,0,0,"499,000","113,000","386,000","499,000","113,000","386,000"
"=""068853""",力積電中信48購01,0,0,0,"386,000","1,000","385,000","386,000","1,000","385,000"
"=""072607""",台積電永豐49購18,0,0,0,"419,000","36,000","383,000","419,000","36,000","383,000"
"=""071790""",亞翔元大48購19  ,0,0,0,"590,000","208,000","382,000","590,000","208,000","382,000"
"=""072341""",興富發統一52購01,0,0,0,"382,000",0,"382,000","382,000",0,"382,000"
"=""058884""",美時元大49購02  ,0,0,0,"381,000",0,"381,000","381,000",0,"381,000"
"=""063092""",緯穎國票47購06  ,0,0,0,"478,000","98,000","380,000","478,000","98,000","380,000"
"=""068711""",迅得凱基48購03  ,0,0,0,"4,660,000","4,281,000","379,000","4,660,000","4,281,000","379,000"
"=""071025""",晶豪科統一53購01,0,0,0,"399,000","20,000","379,000","399,000","20,000","379,000"
"=""058141""",正崴群益46購02  ,0,0,0,"468,000","91,000","377,000","468,000","91,000","377,000"
"=""066217""",信邦群益47購01  ,0,0,0,"375,000",0,"375,000","375,000",0,"375,000"
"=""071117""",中鋼元大48購01  ,0,0,0,"375,000",0,"375,000","375,000",0,"375,000"
"=""052788""",台玻群益4A購01  ,0,0,0,"374,000",0,"374,000","374,000",0,"374,000"
"=""065504""",長榮航永豐4B購01,0,0,0,"507,000","133,000","374,000","507,000","133,000","374,000"
"=""04657T""",祥碩元大35售10  ,0,0,0,"372,000",0,"372,000","372,000",0,"372,000"
"=""048027""",台灣50凱基44購05,0,0,0,"464,000","92,000","372,000","464,000","92,000","372,000"
"=""054286""",宏致元大46購01  ,0,0,0,"392,000","20,000","372,000","392,000","20,000","372,000"
"=""057157""",龍德船群益47購01,0,0,0,"394,000","23,000","371,000","394,000","23,000","371,000"
"=""067151""",威盛元大47購11  ,0,0,0,"469,000","98,000","371,000","469,000","98,000","371,000"
"=""03653T""",技嘉群益36售05  ,0,0,0,"370,000",0,"370,000","370,000",0,"370,000"
"=""04568T""",智原元大35售11  ,0,0,0,"370,000",0,"370,000","370,000",0,"370,000"
"=""055741""",奇鋐元大44購13  ,0,0,0,"370,000",0,"370,000","370,000",0,"370,000"
"=""057825""",廣宇永豐46購01  ,0,0,0,"400,000","30,000","370,000","400,000","30,000","370,000"
"=""075605""",振樺電元大49購01,0,0,0,"510,000","140,000","370,000","510,000","140,000","370,000"
"=""062297""",智原群益46購05  ,0,0,0,"566,000","197,000","369,000","566,000","197,000","369,000"
"=""069114""",亞翔元大48購04  ,0,0,0,"369,000",0,"369,000","369,000",0,"369,000"
"=""070517""",聯茂統一52購01  ,0,0,0,"453,000","84,000","369,000","453,000","84,000","369,000"
"=""075800""",台積電元富53購05,0,0,0,"369,000",0,"369,000","369,000",0,"369,000"
"=""048021""",技嘉兆豐43購02  ,0,0,0,"366,000",0,"366,000","366,000",0,"366,000"
"=""065564""",南亞科元富47購01,0,0,0,"416,000","50,000","366,000","416,000","50,000","366,000"
"=""065998""",華通群益47購02  ,0,0,0,"365,000",0,"365,000","365,000",0,"365,000"
"=""056786""",微星國票46購01  ,0,0,0,"364,000",0,"364,000","364,000",0,"364,000"
"=""067318""",台塑元大4A購03  ,0,0,0,"448,000","84,000","364,000","448,000","84,000","364,000"
"=""05302T""",緯創群益36售14  ,0,0,0,"632,000","269,000","363,000","632,000","269,000","363,000"
"=""068690""",台達電凱基48購03,0,0,0,"363,000",0,"363,000","363,000",0,"363,000"
"=""055180""",香港2X國票45購03,0,0,0,"362,000",0,"362,000","362,000",0,"362,000"
"=""056454""",建準國泰47購01  ,0,0,0,"362,000","1,000","361,000","362,000","1,000","361,000"
"=""072053""",材料元大4B購04  ,0,0,0,"361,000",0,"361,000","361,000",0,"361,000"
"=""04368T""",鴻海凱基36售05  ,0,0,0,"360,000",0,"360,000","360,000",0,"360,000"
"=""062626""",聯電中信48購01  ,0,0,0,"360,000",0,"360,000","360,000",0,"360,000"
"=""064206""",東鹼永豐47購01  ,0,0,0,"395,000","36,000","359,000","395,000","36,000","359,000"
"=""069124""",聯電群益49購03  ,0,0,0,"399,000","40,000","359,000","399,000","40,000","359,000"
"=""066627""",矽力富邦4A購01  ,0,0,0,"358,000",0,"358,000","358,000",0,"358,000"
"=""063936""",凌陽國票47購01  ,0,0,0,"356,000",0,"356,000","356,000",0,"356,000"
"=""072605""",上銀永豐53購01  ,0,0,0,"356,000",0,"356,000","356,000",0,"356,000"
"=""057630""",友訊凱基45購02  ,0,0,0,"354,000",0,"354,000","354,000",0,"354,000"
"=""057856""",潤泰全凱基46購01,0,0,0,"354,000",0,"354,000","354,000",0,"354,000"
"=""075684""",台積電統一63購03,0,0,0,"354,000",0,"354,000","354,000",0,"354,000"
"=""070700""",中租統一52購02  ,0,0,0,"353,000",0,"353,000","353,000",0,"353,000"
"=""074089""",川湖群益49購03  ,0,0,0,"367,000","14,000","353,000","367,000","14,000","353,000"
"=""056955""",嘉澤國泰47購01  ,0,0,0,"352,000",0,"352,000","352,000",0,"352,000"
"=""068432""",美食國票4B購01  ,0,0,0,"508,000","156,000","352,000","508,000","156,000","352,000"
"=""053745""",華城兆豐46購01  ,0,0,0,"366,000","15,000","351,000","366,000","15,000","351,000"
"=""062167""",玉晶光中信47購01,0,0,0,"403,000","52,000","351,000","403,000","52,000","351,000"
"=""049506""",臻鼎凱基43購05  ,0,0,0,"350,000",0,"350,000","350,000",0,"350,000"
"=""052842""",昇陽半元大44購02,0,0,0,"350,000",0,"350,000","350,000",0,"350,000"
"=""054290""",大銀元大44購02  ,0,0,0,"350,000",0,"350,000","350,000",0,"350,000"
"=""05766T""",川湖國票38售02  ,0,0,0,"350,000",0,"350,000","350,000",0,"350,000"
"=""071911""",神基統一52購03  ,0,0,0,"710,000","360,000","350,000","710,000","360,000","350,000"
"=""048682""",聯電凱基44購01  ,0,0,0,"451,000","102,000","349,000","451,000","102,000","349,000"
"=""073864""",智易元大49購01  ,0,0,0,"349,000",0,"349,000","349,000",0,"349,000"
3035  ,智原            ,"555,527","141,647","413,880","13,012","78,670","-65,658","568,539","220,317","348,222"
"=""051026""",所羅門凱基45購01,0,0,0,"359,000","11,000","348,000","359,000","11,000","348,000"
"=""062035""",緯創國泰48購02  ,0,0,0,"966,000","619,000","347,000","966,000","619,000","347,000"
"=""052078""",創意永豐45購04  ,0,0,0,"354,000","8,000","346,000","354,000","8,000","346,000"
"=""065446""",聯茂元大47購04  ,0,0,0,"351,000","5,000","346,000","351,000","5,000","346,000"
"=""072836""",華城凱基4A購01  ,0,0,0,"347,000","1,000","346,000","347,000","1,000","346,000"
"=""063210""",T50正2元大48購04,0,0,0,"357,000","12,000","345,000","357,000","12,000","345,000"
"=""057640""",世芯凱基45購12  ,0,0,0,"344,000",0,"344,000","344,000",0,"344,000"
"=""073045""",華友聯凱基4A購01,0,0,0,"344,000",0,"344,000","344,000",0,"344,000"
"=""076337""",旺宏國票4B購01  ,0,0,0,"364,000","20,000","344,000","364,000","20,000","344,000"
"=""020030""",統一智慧電動車N ,0,0,0,"343,000",0,"343,000","343,000",0,"343,000"
"=""071382""",材料元大48購13  ,0,0,0,"342,000",0,"342,000","342,000",0,"342,000"
"=""075665""",台積電中信49購07,0,0,0,"558,000","216,000","342,000","558,000","216,000","342,000"
"=""073786""",景碩凱基51購01  ,0,0,0,"386,000","45,000","341,000","386,000","45,000","341,000"
"=""058387""",永崴控國票46購02,0,0,0,"350,000","10,000","340,000","350,000","10,000","340,000"
"=""065737""",玉晶光元大47購12,0,0,0,"350,000","10,000","340,000","350,000","10,000","340,000"
"=""068522""",穎崴元大48購02  ,0,0,0,"350,000","10,000","340,000","350,000","10,000","340,000"
"=""076349""",永續息元大4C購01,0,0,0,"340,000",0,"340,000","340,000",0,"340,000"
"=""08404U""",滬深2X凱基33售02,0,0,0,"375,000","35,000","340,000","375,000","35,000","340,000"
"=""056851""",華友聯凱基45購02,0,0,0,"582,000","243,000","339,000","582,000","243,000","339,000"
"=""068867""",欣興永豐48購02  ,0,0,0,"462,000","125,000","337,000","462,000","125,000","337,000"
"=""061343""",華擎凱基46購02  ,0,0,0,"373,000","37,000","336,000","373,000","37,000","336,000"
"=""066208""",台積電群益47購32,0,0,0,"426,000","90,000","336,000","426,000","90,000","336,000"
"=""058996""",訊芯國票47購01  ,0,0,0,"355,000","20,000","335,000","355,000","20,000","335,000"
2382  ,廣達            ,"1,170,958","828,200","342,758","1,000","8,999","-7,999","1,171,958","837,199","334,759"
"=""073881""",台塑群益49購05  ,0,0,0,"334,000",0,"334,000","334,000",0,"334,000"
"=""074636""",台積電凱基4A購28,0,0,0,"336,000","2,000","334,000","336,000","2,000","334,000"
"=""067114""",台達電統一3B購01,0,0,0,"617,000","285,000","332,000","617,000","285,000","332,000"
"=""072035""",南亞科元大48購05,0,0,0,"351,000","20,000","331,000","351,000","20,000","331,000"
"=""054077""",貿聯國票45購01  ,0,0,0,"427,000","97,000","330,000","427,000","97,000","330,000"
"=""056193""",技嘉群益42購01  ,0,0,0,"495,000","165,000","330,000","495,000","165,000","330,000"
"=""076804""",順德元富49購02  ,0,0,0,"330,000",0,"330,000","330,000",0,"330,000"
"=""043640""",欣興凱基55購04  ,0,0,0,"749,000","420,000","329,000","749,000","420,000","329,000"
"=""056063""",全新群益46購05  ,0,0,0,"329,000",0,"329,000","329,000",0,"329,000"
"=""056551""",美費半元大45購02,0,0,0,"329,000",0,"329,000","329,000",0,"329,000"
"=""059931""",中砂國票46購05  ,0,0,0,"429,000","100,000","329,000","429,000","100,000","329,000"
"=""061460""",鴻準元大46購10  ,0,0,0,"329,000",0,"329,000","329,000",0,"329,000"
"=""061812""",緯創凱基4A購01  ,0,0,0,"542,000","213,000","329,000","542,000","213,000","329,000"
"=""069643""",祥碩凱基4B購02  ,0,0,0,"413,000","84,000","329,000","413,000","84,000","329,000"
"=""069977""",華晶科統一52購01,0,0,0,"333,000","4,000","329,000","333,000","4,000","329,000"
"=""071397""",信邦富邦48購01  ,0,0,0,"340,000","11,000","329,000","340,000","11,000","329,000"
"=""047726""",中砂統一4B購01  ,0,0,0,"328,000",0,"328,000","328,000",0,"328,000"
"=""049780""",長華凱基43購03  ,0,0,0,"328,000",0,"328,000","328,000",0,"328,000"
"=""069539""",微星兆豐49購01  ,0,0,0,"434,000","106,000","328,000","434,000","106,000","328,000"
"=""074081""",中砂群益49購03  ,0,0,0,"500,000","172,000","328,000","500,000","172,000","328,000"
"=""059236""",達方國票46購01  ,0,0,0,"327,000",0,"327,000","327,000",0,"327,000"
"=""067352""",世芯元大47購25  ,0,0,0,"327,000",0,"327,000","327,000",0,"327,000"
"=""061515""",天虹元富46購04  ,0,0,0,"352,000","26,000","326,000","352,000","26,000","326,000"
"=""072268""",立積元大48購07  ,0,0,0,"350,000","24,000","326,000","350,000","24,000","326,000"
"=""073541""",勤誠凱基49購01  ,0,0,0,"326,000",0,"326,000","326,000",0,"326,000"
"=""062323""",名軒元大46購02  ,0,0,0,"325,000",0,"325,000","325,000",0,"325,000"
"=""065810""",第一金國票48購01,0,0,0,"325,000",0,"325,000","325,000",0,"325,000"
2317  ,鴻海            ,"130,000","8,000","122,000","248,079","46,000","202,079","378,079","54,000","324,079"
"=""061912""",達發元大46購06  ,0,0,0,"328,000","4,000","324,000","328,000","4,000","324,000"
"=""062156""",T50反1中信4C購01,0,0,0,"355,000","31,000","324,000","355,000","31,000","324,000"
"=""04558T""",台積電中信3B售02,0,0,0,"353,000","30,000","323,000","353,000","30,000","323,000"
"=""065765""",聯茂元大47購05  ,0,0,0,"323,000",0,"323,000","323,000",0,"323,000"
"=""068371""",達興富邦4A購01  ,0,0,0,"332,000","9,000","323,000","332,000","9,000","323,000"
"=""074705""",台積電元富49購36,0,0,0,"348,000","25,000","323,000","348,000","25,000","323,000"
"=""065153""",晟銘電群益47購01,0,0,0,"396,000","74,000","322,000","396,000","74,000","322,000"
"=""070985""",慧洋富邦48購01  ,0,0,0,"324,000","2,000","322,000","324,000","2,000","322,000"
"=""072159""",T50反1國票48購04,0,0,0,"400,000","78,000","322,000","400,000","78,000","322,000"
"=""045098""",南茂凱基55購04  ,0,0,0,"321,000",0,"321,000","321,000",0,"321,000"
"=""054078""",日月光國票45購01,0,0,0,"335,000","14,000","321,000","335,000","14,000","321,000"
"=""066144""",華晶科統一51購02,0,0,0,"321,000",0,"321,000","321,000",0,"321,000"
"=""070250""",矽力群益48購03  ,0,0,0,"408,000","87,000","321,000","408,000","87,000","321,000"
"=""076376""",華晶科元大49購04,0,0,0,"340,000","20,000","320,000","340,000","20,000","320,000"
"=""062564""",金寶元大46購05  ,0,0,0,"319,000",0,"319,000","319,000",0,"319,000"
"=""068451""",緯創凱基49購01  ,0,0,0,"319,000",0,"319,000","319,000",0,"319,000"
"=""057200""",建準永豐45購01  ,0,0,0,"390,000","72,000","318,000","390,000","72,000","318,000"
"=""057737""",神達元大45購06  ,0,0,0,"318,000",0,"318,000","318,000",0,"318,000"
"=""071661""",智原凱基51購01  ,0,0,0,"330,000","12,000","318,000","330,000","12,000","318,000"
"=""077160""",日本反永豐51購01,0,0,0,"343,000","25,000","318,000","343,000","25,000","318,000"
"=""070704""",矽力統一52購01  ,0,0,0,"382,000","65,000","317,000","382,000","65,000","317,000"
"=""051994""",雷虎元大43購01  ,0,0,0,"316,000",0,"316,000","316,000",0,"316,000"
"=""056085""",鴻海元大44購40  ,0,0,0,"409,000","94,000","315,000","409,000","94,000","315,000"
"=""068623""",中興電統一3C購01,0,0,0,"325,000","10,000","315,000","325,000","10,000","315,000"
"=""058785""",大立光元大4A購01,0,0,0,"354,000","40,000","314,000","354,000","40,000","314,000"
"=""059664""",晶碩永豐45購01  ,0,0,0,"325,000","11,000","314,000","325,000","11,000","314,000"
"=""071597""",勤誠台新48購01  ,0,0,0,"352,000","38,000","314,000","352,000","38,000","314,000"
"=""057273""",緯穎國票46購01  ,0,0,0,"313,000",0,"313,000","313,000",0,"313,000"
"=""071095""",貿聯群益4C購02  ,0,0,0,"313,000",0,"313,000","313,000",0,"313,000"
"=""074554""",神達群益49購04  ,0,0,0,"313,000",0,"313,000","313,000",0,"313,000"
"=""075821""",所羅門元大49購04,0,0,0,"562,000","249,000","313,000","562,000","249,000","313,000"
"=""04448T""",智原國票36售02  ,0,0,0,"650,000","338,000","312,000","650,000","338,000","312,000"
"=""068438""",辛耘國泰49購01  ,0,0,0,"315,000","3,000","312,000","315,000","3,000","312,000"
"=""074247""",臺股指凱基54購01,0,0,0,"322,000","10,000","312,000","322,000","10,000","312,000"
"=""063208""",緯穎群益46購18  ,0,0,0,"311,000",0,"311,000","311,000",0,"311,000"
"=""065578""",海華元富47購01  ,0,0,0,"311,000",0,"311,000","311,000",0,"311,000"
"=""057427""",友達兆豐47購01  ,0,0,0,"310,000",0,"310,000","310,000",0,"310,000"
"=""066155""",緯穎統一51購03  ,0,0,0,"310,000",0,"310,000","310,000",0,"310,000"
"=""072006""",jpp國票49購03   ,0,0,0,"310,000",0,"310,000","310,000",0,"310,000"
"=""073843""",華邦電元大49購05,0,0,0,"310,000",0,"310,000","310,000",0,"310,000"
"=""074502""",美時凱基49購03  ,0,0,0,"310,000",0,"310,000","310,000",0,"310,000"
"=""051321""",名軒國票44購01  ,0,0,0,"346,000","37,000","309,000","346,000","37,000","309,000"
"=""072809""",南亞國票4B購01  ,0,0,0,"493,000","184,000","309,000","493,000","184,000","309,000"
"=""074778""",美利達永豐4B購01,0,0,0,"309,000",0,"309,000","309,000",0,"309,000"
"=""059106""",堤維西凱基45購01,0,0,0,"308,000",0,"308,000","308,000",0,"308,000"
"=""067507""",矽統元大47購04  ,0,0,0,"423,000","115,000","308,000","423,000","115,000","308,000"
"=""068558""",滬深2X國票4B購02,0,0,0,"308,000",0,"308,000","308,000",0,"308,000"
"=""064636""",晟銘電統一4C購02,0,0,0,"356,000","49,000","307,000","356,000","49,000","307,000"
"=""058987""",奇鋐國票46購03  ,0,0,0,"306,000",0,"306,000","306,000",0,"306,000"
"=""072232""",合機元大48購01  ,0,0,0,"539,000","233,000","306,000","539,000","233,000","306,000"
"=""071017""",裕民統一52購05  ,0,0,0,"305,000",0,"305,000","305,000",0,"305,000"
"=""054327""",萬海群益46購04  ,0,0,0,"639,000","335,000","304,000","639,000","335,000","304,000"
"=""067061""",台積電群益47購37,0,0,0,"334,000","30,000","304,000","334,000","30,000","304,000"
"=""03625T""",一詮國票34售02  ,0,0,0,"303,000",0,"303,000","303,000",0,"303,000"
"=""069305""",台泥國票4A購01  ,0,0,0,"438,000","135,000","303,000","438,000","135,000","303,000"
"=""076099""",聯詠群益49購02  ,0,0,0,"459,000","156,000","303,000","459,000","156,000","303,000"
"=""061270""",世芯凱基46購14  ,0,0,0,"301,000",0,"301,000","301,000",0,"301,000"
"=""063034""",臺股指群益46購22,0,0,0,"388,000","87,000","301,000","388,000","87,000","301,000"
"=""067805""",晶心科統一3B購01,0,0,0,"320,000","19,000","301,000","320,000","19,000","301,000"
"=""073437""",東陽永豐4A購01  ,0,0,0,"310,000","9,000","301,000","310,000","9,000","301,000"
"=""074956""",T50正2元大49購05,0,0,0,"301,000",0,"301,000","301,000",0,"301,000"
"=""03913T""",緯穎凱基34售14  ,0,0,0,"300,000",0,"300,000","300,000",0,"300,000"
"=""047812""",中砂富邦44購02  ,0,0,0,"300,000",0,"300,000","300,000",0,"300,000"
"=""050368""",萬海元大49購02  ,0,0,0,"300,000",0,"300,000","300,000",0,"300,000"
"=""052751""",上証2X凱基46購03,0,0,0,"300,000",0,"300,000","300,000",0,"300,000"
"=""05366T""",長榮國泰38售05  ,0,0,0,"300,000",0,"300,000","300,000",0,"300,000"
"=""057028""",神達富邦47購01  ,0,0,0,"300,000",0,"300,000","300,000",0,"300,000"
"=""058076""",中50元富4B購01  ,0,0,0,"300,000",0,"300,000","300,000",0,"300,000"
"=""060121""",川湖群益46購04  ,0,0,0,"300,000",0,"300,000","300,000",0,"300,000"
"=""061918""",長榮航台新46購01,0,0,0,"311,000","11,000","300,000","311,000","11,000","300,000"
"=""063089""",創意國票47購05  ,0,0,0,"310,000","10,000","300,000","310,000","10,000","300,000"
"=""063384""",萬海富邦48購01  ,0,0,0,"300,000",0,"300,000","300,000",0,"300,000"
"=""064505""",一詮統一3A購03  ,0,0,0,"300,000",0,"300,000","300,000",0,"300,000"
"=""068101""",致茂元富47購01  ,0,0,0,"300,000",0,"300,000","300,000",0,"300,000"
"=""072059""",志強元大49購01  ,0,0,0,"300,000",0,"300,000","300,000",0,"300,000"
"=""073466""",SGBR2X國票4C購01,0,0,0,"300,000",0,"300,000","300,000",0,"300,000"
"=""074995""",欣興元大49購17  ,0,0,0,"300,000",0,"300,000","300,000",0,"300,000"
"=""08245U""",元日2X凱基34售01,0,0,0,"300,000",0,"300,000","300,000",0,"300,000"
"=""035857""",寶成元大54購01  ,0,0,0,"300,000","1,000","299,000","300,000","1,000","299,000"
"=""055573""",辛耘元富44購03  ,0,0,0,"299,000",0,"299,000","299,000",0,"299,000"
"=""058909""",世芯元大45購22  ,0,0,0,"299,000",0,"299,000","299,000",0,"299,000"
"=""065680""",遠雄凱基47購01  ,0,0,0,"545,000","246,000","299,000","545,000","246,000","299,000"
"=""072201""",所羅門凱基4C購01,0,0,0,"340,000","41,000","299,000","340,000","41,000","299,000"
"=""055158""",建準台新44購01  ,0,0,0,"318,000","20,000","298,000","318,000","20,000","298,000"
"=""060831""",中砂富邦48購03  ,0,0,0,"300,000","2,000","298,000","300,000","2,000","298,000"
"=""061539""",緯穎中信4B購01  ,0,0,0,"328,000","30,000","298,000","328,000","30,000","298,000"
"=""076986""",精銳兆豐4C購01  ,0,0,0,"300,000","2,000","298,000","300,000","2,000","298,000"
"=""069116""",訊芯元大49購06  ,0,0,0,"299,000","2,000","297,000","299,000","2,000","297,000"
"=""069290""",智原元富48購02  ,0,0,0,"297,000",0,"297,000","297,000",0,"297,000"
"=""053591""",世芯統一48購05  ,0,0,0,"301,000","5,000","296,000","301,000","5,000","296,000"
"=""061978""",長榮航凱基47購02,0,0,0,"356,000","60,000","296,000","356,000","60,000","296,000"
"=""067035""",元債2X永豐51購01,0,0,0,"413,000","117,000","296,000","413,000","117,000","296,000"
"=""067139""",和大元大49購01  ,0,0,0,"515,000","219,000","296,000","515,000","219,000","296,000"
"=""049004""",中興電凱基38購01,0,0,0,"345,000","50,000","295,000","345,000","50,000","295,000"
"=""052937""",台塑化凱基44購01,0,0,0,"315,000","20,000","295,000","315,000","20,000","295,000"
"=""061900""",大立光元大46購04,0,0,0,"1,323,000","1,028,000","295,000","1,323,000","1,028,000","295,000"
"=""071834""",立積富邦4A購02  ,0,0,0,"317,000","22,000","295,000","317,000","22,000","295,000"
"=""076010""",嘉澤元大51購03  ,0,0,0,"365,000","70,000","295,000","365,000","70,000","295,000"
"=""057813""",建漢元富46購01  ,0,0,0,"317,000","23,000","294,000","317,000","23,000","294,000"
"=""061209""",光寶科元大46購02,0,0,0,"294,000",0,"294,000","294,000",0,"294,000"
"=""063238""",聯發科元大46購15,0,0,0,"443,000","149,000","294,000","443,000","149,000","294,000"
"=""065349""",新纖群益49購01  ,0,0,0,"352,000","58,000","294,000","352,000","58,000","294,000"
"=""066506""",偉詮電群益47購02,0,0,0,"294,000",0,"294,000","294,000",0,"294,000"
"=""070621""",滬深2X富邦48購01,0,0,0,"561,000","267,000","294,000","561,000","267,000","294,000"
"=""072609""",陽明永豐49購02  ,0,0,0,"422,000","128,000","294,000","422,000","128,000","294,000"
"=""075494""",力成中信49購01  ,0,0,0,"294,000",0,"294,000","294,000",0,"294,000"
"=""061519""",牧德統一56購01  ,0,0,0,"293,000",0,"293,000","293,000",0,"293,000"
"=""074732""",嘉澤國票4A購05  ,0,0,0,"299,000","6,000","293,000","299,000","6,000","293,000"
"=""076354""",光寶科元大49購01,0,0,0,"343,000","50,000","293,000","343,000","50,000","293,000"
"=""064164""",帝寶兆豐48購01  ,0,0,0,"352,000","60,000","292,000","352,000","60,000","292,000"
"=""075319""",台灣50元富49購25,0,0,0,"292,000",0,"292,000","292,000",0,"292,000"
"=""052332""",香港2X中信46購01,0,0,0,"291,000",0,"291,000","291,000",0,"291,000"
"=""059758""",萬海元大45購08  ,0,0,0,"483,000","192,000","291,000","483,000","192,000","291,000"
"=""057192""",川湖永豐47購02  ,0,0,0,"290,000",0,"290,000","290,000",0,"290,000"
"=""058259""",康舒凱基47購01  ,0,0,0,"300,000","10,000","290,000","300,000","10,000","290,000"
"=""064011""",陽明國泰48購01  ,0,0,0,"290,000",0,"290,000","290,000",0,"290,000"
"=""067580""",百和富邦49購01  ,0,0,0,"300,000","10,000","290,000","300,000","10,000","290,000"
"=""069128""",台積電群益48購17,0,0,0,"290,000",0,"290,000","290,000",0,"290,000"
"=""071534""",智原元大51購01  ,0,0,0,"591,000","301,000","290,000","591,000","301,000","290,000"
"=""072908""",世紀鋼元富49購01,0,0,0,"300,000","10,000","290,000","300,000","10,000","290,000"
"=""072971""",聯發科元大59購01,0,0,0,"409,000","119,000","290,000","409,000","119,000","290,000"
"=""073912""",群創群益51購01  ,0,0,0,"492,000","202,000","290,000","492,000","202,000","290,000"
"=""074505""",川湖凱基51購01  ,0,0,0,"390,000","100,000","290,000","390,000","100,000","290,000"
"=""074566""",華新元大4B購01  ,0,0,0,"290,000",0,"290,000","290,000",0,"290,000"
"=""062813""",大立光元大46購10,0,0,0,"289,000",0,"289,000","289,000",0,"289,000"
"=""073089""",昆盈元富49購01  ,0,0,0,"289,000",0,"289,000","289,000",0,"289,000"
"=""055122""",達發元大44購03  ,0,0,0,"588,000","300,000","288,000","588,000","300,000","288,000"
"=""064511""",景碩群益46購10  ,0,0,0,"438,000","150,000","288,000","438,000","150,000","288,000"
"=""070913""",旺宏凱基48購02  ,0,0,0,"354,000","67,000","287,000","354,000","67,000","287,000"
1503  ,士電            ,"4,172","4,007",165,"308,000","22,000","286,000","312,172","26,007","286,165"
"=""060875""",南亞中信46購01  ,0,0,0,"289,000","3,000","286,000","289,000","3,000","286,000"
"=""061754""",光罩元富46購01  ,0,0,0,"457,000","171,000","286,000","457,000","171,000","286,000"
"=""064632""",廣宇統一4C購01  ,0,0,0,"286,000",0,"286,000","286,000",0,"286,000"
"=""075802""",長榮元富49購07  ,0,0,0,"315,000","29,000","286,000","315,000","29,000","286,000"
"=""069198""",華航統一3C購02  ,0,0,0,"360,000","75,000","285,000","360,000","75,000","285,000"
"=""076159""",中502X凱基53購03,0,0,0,"285,000",0,"285,000","285,000",0,"285,000"
"=""00911 """,兆豐洲際半導體  ,0,0,0,"940,605","657,129","283,476","940,605","657,129","283,476"
"=""051681""",敦泰凱基43購01  ,0,0,0,"379,000","96,000","283,000","379,000","96,000","283,000"
"=""051983""",京鼎元大43購08  ,0,0,0,"321,000","38,000","283,000","321,000","38,000","283,000"
"=""057770""",緯創群益45購08  ,0,0,0,"293,000","10,000","283,000","293,000","10,000","283,000"
"=""064131""",祥碩群益46購08  ,0,0,0,"283,000",0,"283,000","283,000",0,"283,000"
"=""072111""",緯穎永豐48購09  ,0,0,0,"283,000",0,"283,000","283,000",0,"283,000"
"=""069530""",百和國票49購01  ,0,0,0,"352,000","70,000","282,000","352,000","70,000","282,000"
"=""00934 """,中信成長高股息  ,0,0,0,"3,459,540","3,178,283","281,257","3,459,540","3,178,283","281,257"
"=""00643 """,群益深証中小    ,0,0,0,"696,685","415,589","281,096","696,685","415,589","281,096"
"=""055713""",中502X元大44購07,0,0,0,"431,000","150,000","281,000","431,000","150,000","281,000"
"=""059875""",東陽群益45購02  ,0,0,0,"281,000",0,"281,000","281,000",0,"281,000"
"=""068162""",凌陽元富3B購01  ,0,0,0,"281,000",0,"281,000","281,000",0,"281,000"
"=""05791T""",滬深2X元富37售04,0,0,0,"280,000",0,"280,000","280,000",0,"280,000"
"=""072185""",滬深2X凱基4B購06,0,0,0,"280,000",0,"280,000","280,000",0,"280,000"
"=""057810""",鴻準元富4B購02  ,0,0,0,"357,000","78,000","279,000","357,000","78,000","279,000"
"=""063172""",世芯元富4C購02  ,0,0,0,"304,000","25,000","279,000","304,000","25,000","279,000"
"=""066339""",矽力兆豐47購01  ,0,0,0,"279,000",0,"279,000","279,000",0,"279,000"
"=""066876""",華泰統一41購01  ,0,0,0,"327,000","48,000","279,000","327,000","48,000","279,000"
"=""064683""",聯詠元大46購02  ,0,0,0,"278,000",0,"278,000","278,000",0,"278,000"
"=""066509""",華晶科群益47購01,0,0,0,"278,000",0,"278,000","278,000",0,"278,000"
"=""071539""",創意元大48購07  ,0,0,0,"278,000",0,"278,000","278,000",0,"278,000"
"=""041782""",禾伸堂元大54購03,0,0,0,"277,000",0,"277,000","277,000",0,"277,000"
"=""045676""",龍德船元富43購01,0,0,0,"536,000","259,000","277,000","536,000","259,000","277,000"
"=""054831""",辛耘國票45購02  ,0,0,0,"291,000","14,000","277,000","291,000","14,000","277,000"
"=""075601""",立積元大49購06  ,0,0,0,"298,000","21,000","277,000","298,000","21,000","277,000"
"=""05237T""",聯發科凱基36售15,0,0,0,"326,000","50,000","276,000","326,000","50,000","276,000"
"=""055856""",新唐凱基45購03  ,0,0,0,"298,000","22,000","276,000","298,000","22,000","276,000"
"=""070341""",世芯元大51購03  ,0,0,0,"338,000","62,000","276,000","338,000","62,000","276,000"
"=""071535""",昇貿元大48購04  ,0,0,0,"511,000","235,000","276,000","511,000","235,000","276,000"
"=""048024""",長榮航台新42購01,0,0,0,"557,000","282,000","275,000","557,000","282,000","275,000"
"=""065647""",精成科群益49購01,0,0,0,"620,000","345,000","275,000","620,000","345,000","275,000"
"=""067859""",迅得凱基4B購01  ,0,0,0,"671,000","396,000","275,000","671,000","396,000","275,000"
"=""076002""",南亞科元大53購02,0,0,0,"275,000",0,"275,000","275,000",0,"275,000"
"=""063227""",台積電元大46購26,0,0,0,"520,000","246,000","274,000","520,000","246,000","274,000"
"=""071488""",智原永豐48購06  ,0,0,0,"439,000","165,000","274,000","439,000","165,000","274,000"
"=""062435""",精誠永豐48購01  ,0,0,0,"401,000","128,000","273,000","401,000","128,000","273,000"
"=""070065""",億光第一48購01  ,0,0,0,"455,000","182,000","273,000","455,000","182,000","273,000"
"=""075470""",一詮第一49購01  ,0,0,0,"398,000","125,000","273,000","398,000","125,000","273,000"
"=""04431T""",智原統一39售05  ,0,0,0,"317,000","45,000","272,000","317,000","45,000","272,000"
"=""060639""",中鋼中信46購01  ,0,0,0,"322,000","50,000","272,000","322,000","50,000","272,000"
"=""075872""",深中小元富4B購01,0,0,0,"368,000","96,000","272,000","368,000","96,000","272,000"
"=""054724""",台積電台新44購03,0,0,0,"351,000","80,000","271,000","351,000","80,000","271,000"
"=""055783""",智邦永豐45購01  ,0,0,0,"271,000",0,"271,000","271,000",0,"271,000"
"=""060122""",中華群益48購01  ,0,0,0,"270,000",0,"270,000","270,000",0,"270,000"
"=""061463""",正崴元大46購11  ,0,0,0,"292,000","22,000","270,000","292,000","22,000","270,000"
"=""063702""",中磊永豐4C購01  ,0,0,0,"270,000",0,"270,000","270,000",0,"270,000"
"=""066981""",南電元大47購03  ,0,0,0,"270,000",0,"270,000","270,000",0,"270,000"
"=""067068""",盟立群益47購02  ,0,0,0,"270,000",0,"270,000","270,000",0,"270,000"
2376  ,技嘉            ,"996,157","621,669","374,488","103,164","208,000","-104,836","1,099,321","829,669","269,652"
"=""064374""",FANG+元富4C購01 ,0,0,0,"301,000","32,000","269,000","301,000","32,000","269,000"
"=""070573""",台化元大48購03  ,0,0,0,"473,000","204,000","269,000","473,000","204,000","269,000"
"=""059087""",全漢元富45購02  ,0,0,0,"637,000","369,000","268,000","637,000","369,000","268,000"
"=""062240""",台達電凱基46購03,0,0,0,"301,000","33,000","268,000","301,000","33,000","268,000"
"=""062319""",中502X元大49購01,0,0,0,"288,000","20,000","268,000","288,000","20,000","268,000"
"=""072400""",國巨國泰49購02  ,0,0,0,"276,000","8,000","268,000","276,000","8,000","268,000"
"=""070497""",晟銘電統一52購03,0,0,0,"472,000","205,000","267,000","472,000","205,000","267,000"
"=""073345""",旺宏群益49購02  ,0,0,0,"267,000",0,"267,000","267,000",0,"267,000"
"=""074945""",晶豪科元富4A購01,0,0,0,"379,000","112,000","267,000","379,000","112,000","267,000"
"=""059578""",欣興元大4B購03  ,0,0,0,"558,000","292,000","266,000","558,000","292,000","266,000"
"=""061098""",世芯永豐48購05  ,0,0,0,"286,000","20,000","266,000","286,000","20,000","266,000"
"=""072927""",中華電群益4A購01,0,0,0,"268,000","2,000","266,000","268,000","2,000","266,000"
"=""067890""",臺股指群益48購18,0,0,0,"270,000","5,000","265,000","270,000","5,000","265,000"
"=""075427""",中鴻元大49購12  ,0,0,0,"265,000",0,"265,000","265,000",0,"265,000"
"=""042975""",SP黃豆群益61購01,0,0,0,"365,000","101,000","264,000","365,000","101,000","264,000"
"=""063455""",聯發科元大46購18,0,0,0,"364,000","100,000","264,000","364,000","100,000","264,000"
"=""068364""",創意富邦48購03  ,0,0,0,"264,000",0,"264,000","264,000",0,"264,000"
"=""068551""",天虹兆豐52購01  ,0,0,0,"264,000",0,"264,000","264,000",0,"264,000"
"=""072910""",T50反1群益4B購01,0,0,0,"355,000","91,000","264,000","355,000","91,000","264,000"
"=""076645""",佳能凱基49購01  ,0,0,0,"264,000",0,"264,000","264,000",0,"264,000"
"=""063133""",長榮航凱基46購07,0,0,0,"293,000","30,000","263,000","293,000","30,000","263,000"
"=""056940""",材料群益45購03  ,0,0,0,"595,000","334,000","261,000","595,000","334,000","261,000"
"=""059157""",矽創群益45購01  ,0,0,0,"303,000","42,000","261,000","303,000","42,000","261,000"
"=""061642""",奇鋐元大46購02  ,0,0,0,"317,000","56,000","261,000","317,000","56,000","261,000"
"=""04063T""",欣興元大34售10  ,0,0,0,"271,000","11,000","260,000","271,000","11,000","260,000"
"=""056803""",致茂兆豐46購01  ,0,0,0,"260,000",0,"260,000","260,000",0,"260,000"
"=""063767""",台積電元富4C購02,0,0,0,"260,000",0,"260,000","260,000",0,"260,000"
"=""063940""",晟銘電國票46購02,0,0,0,"318,000","58,000","260,000","318,000","58,000","260,000"
"=""065681""",中租凱基49購01  ,0,0,0,"784,000","524,000","260,000","784,000","524,000","260,000"
"=""069296""",世芯元富49購06  ,0,0,0,"300,000","40,000","260,000","300,000","40,000","260,000"
"=""070318""",大成鋼元大48購04,0,0,0,"260,000",0,"260,000","260,000",0,"260,000"
3380  ,明泰            ,"180,830","93,713","87,117","265,065","93,000","172,065","445,895","186,713","259,182"
"=""050947""",陽明群益45購03  ,0,0,0,"259,000",0,"259,000","259,000",0,"259,000"
"=""053620""",愛普國票45購02  ,0,0,0,"259,000",0,"259,000","259,000",0,"259,000"
"=""054551""",南港永豐45購02  ,0,0,0,"275,000","16,000","259,000","275,000","16,000","259,000"
"=""061465""",義隆元大46購01  ,0,0,0,"336,000","78,000","258,000","336,000","78,000","258,000"
"=""064825""",虹堡富邦3B購01  ,0,0,0,"283,000","25,000","258,000","283,000","25,000","258,000"
"=""072009""",矽力國票49購03  ,0,0,0,"258,000",0,"258,000","258,000",0,"258,000"
"=""073509""",鴻海凱基49購14  ,0,0,0,"270,000","12,000","258,000","270,000","12,000","258,000"
2369  ,菱生            ,123,"7,322","-7,199","265,000",0,"265,000","265,123","7,322","257,801"
"=""05230T""",技嘉群益36售21  ,0,0,0,"257,000",0,"257,000","257,000",0,"257,000"
"=""055588""",美律凱基44購02  ,0,0,0,"259,000","2,000","257,000","259,000","2,000","257,000"
"=""059771""",啟�痐舅j45購05  ,0,0,0,"267,000","10,000","257,000","267,000","10,000","257,000"
"=""064318""",美債2X凱基47購02,0,0,0,"310,000","53,000","257,000","310,000","53,000","257,000"
"=""067215""",矽力凱基47購03  ,0,0,0,"320,000","63,000","257,000","320,000","63,000","257,000"
"=""058865""",碩天凱基48購01  ,0,0,0,"303,000","47,000","256,000","303,000","47,000","256,000"
"=""066373""",直得國泰48購01  ,0,0,0,"304,000","48,000","256,000","304,000","48,000","256,000"
"=""068429""",京元電國票48購03,0,0,0,"256,000",0,"256,000","256,000",0,"256,000"
"=""068879""",勤誠永豐4A購01  ,0,0,0,"260,000","4,000","256,000","260,000","4,000","256,000"
"=""071670""",訊芯凱基4A購02  ,0,0,0,"296,000","40,000","256,000","296,000","40,000","256,000"
"=""072087""",矽力群益48購06  ,0,0,0,"256,000",0,"256,000","256,000",0,"256,000"
1447  ,力鵬            ,"256,000",0,"256,000",0,0,0,"256,000",0,"256,000"
"=""04650T""",滬深2X元大36售07,0,0,0,"315,000","60,000","255,000","315,000","60,000","255,000"
"=""056091""",鴻準元大44購03  ,0,0,0,"495,000","240,000","255,000","495,000","240,000","255,000"
"=""067304""",啟�硌s益47購05  ,0,0,0,"280,000","25,000","255,000","280,000","25,000","255,000"
"=""072681""",陽明群益42購01  ,0,0,0,"320,000","65,000","255,000","320,000","65,000","255,000"
"=""073227""",文曄國票4C購01  ,0,0,0,"802,000","547,000","255,000","802,000","547,000","255,000"
"=""048110""",辛耘國票42購01  ,0,0,0,"254,000",0,"254,000","254,000",0,"254,000"
"=""056482""",華航國票46購01  ,0,0,0,"257,000","3,000","254,000","257,000","3,000","254,000"
"=""066507""",聯發科群益4B購01,0,0,0,"254,000",0,"254,000","254,000",0,"254,000"
"=""069671""",欣興元大48購07  ,0,0,0,"447,000","194,000","253,000","447,000","194,000","253,000"
"=""049990""",毅嘉群益49購01  ,0,0,0,"252,000",0,"252,000","252,000",0,"252,000"
"=""056408""",美債2X群益4B購02,0,0,0,"252,000",0,"252,000","252,000",0,"252,000"
"=""067319""",台化元大47購04  ,0,0,0,"254,000","2,000","252,000","254,000","2,000","252,000"
"=""068027""",台積電元大47購47,0,0,0,"262,000","10,000","252,000","262,000","10,000","252,000"
"=""073946""",振樺電第一49購02,0,0,0,"262,000","10,000","252,000","262,000","10,000","252,000"
"=""055070""",建準群益45購04  ,0,0,0,"264,000","13,000","251,000","264,000","13,000","251,000"
"=""055564""",上証2X元富44購12,0,0,0,"251,000",0,"251,000","251,000",0,"251,000"
"=""066062""",世芯元富48購07  ,0,0,0,"251,000",0,"251,000","251,000",0,"251,000"
"=""076466""",台灣50國票4C購01,0,0,0,"611,000","360,000","251,000","611,000","360,000","251,000"
"=""04390T""",勤誠國票35售02  ,0,0,0,"250,000",0,"250,000","250,000",0,"250,000"
"=""050746""",陽明群益45購02  ,0,0,0,"250,000",0,"250,000","250,000",0,"250,000"
"=""057230""",貿聯統一4B購02  ,0,0,0,"952,000","702,000","250,000","952,000","702,000","250,000"
"=""061501""",上証2X元富46購03,0,0,0,"250,000",0,"250,000","250,000",0,"250,000"
"=""062291""",新興群益46購03  ,0,0,0,"250,000",0,"250,000","250,000",0,"250,000"
"=""064379""",上銀元富46購09  ,0,0,0,"250,000",0,"250,000","250,000",0,"250,000"
"=""067435""",鴻海台新47購02  ,0,0,0,"250,000",0,"250,000","250,000",0,"250,000"
"=""068362""",德律富邦4A購02  ,0,0,0,"250,000",0,"250,000","250,000",0,"250,000"
"=""069437""",萬海群益49購01  ,0,0,0,"350,000","100,000","250,000","350,000","100,000","250,000"
"=""070171""",大成鋼台新48購02,0,0,0,"295,000","45,000","250,000","295,000","45,000","250,000"
"=""071407""",大同兆豐48購01  ,0,0,0,"322,000","72,000","250,000","322,000","72,000","250,000"
"=""046300""",台灣50元大45購03,0,0,0,"249,000",0,"249,000","249,000",0,"249,000"
"=""072668""",愛普元富4A購01  ,0,0,0,"249,000",0,"249,000","249,000",0,"249,000"
"=""076006""",慧洋元大49購19  ,0,0,0,"249,000",0,"249,000","249,000",0,"249,000"
"=""044517""",智邦凱基59購03  ,0,0,0,"248,000",0,"248,000","248,000",0,"248,000"
"=""056987""",大成鋼國票46購01,0,0,0,"248,000",0,"248,000","248,000",0,"248,000"
"=""061237""",緯穎元大46購14  ,0,0,0,"270,000","22,000","248,000","270,000","22,000","248,000"
"=""065597""",英業達凱基3B購01,0,0,0,"248,000",0,"248,000","248,000",0,"248,000"
"=""072281""",中502X元富52購03,0,0,0,"260,000","12,000","248,000","260,000","12,000","248,000"
"=""056613""",東哥群益45購01  ,0,0,0,"250,000","3,000","247,000","250,000","3,000","247,000"
"=""057128""",大立光群益45購02,0,0,0,"377,000","130,000","247,000","377,000","130,000","247,000"
"=""058773""",微星元大45購01  ,0,0,0,"282,000","35,000","247,000","282,000","35,000","247,000"
"=""064257""",材料群益46購16  ,0,0,0,"524,000","277,000","247,000","524,000","277,000","247,000"
"=""069165""",台積電統一62購04,0,0,0,"247,000",0,"247,000","247,000",0,"247,000"
"=""072179""",信邦國票49購01  ,0,0,0,"247,000",0,"247,000","247,000",0,"247,000"
"=""075272""",台積電國票4C購06,0,0,0,"810,000","563,000","247,000","810,000","563,000","247,000"
"=""060301""",鴻海群益46購10  ,0,0,0,"302,000","56,000","246,000","302,000","56,000","246,000"
"=""064722""",凌陽統一41購01  ,0,0,0,"246,000",0,"246,000","246,000",0,"246,000"
"=""065278""",大立光永豐47購03,0,0,0,"246,000",0,"246,000","246,000",0,"246,000"
"=""067497""",台塑元大47購06  ,0,0,0,"246,000",0,"246,000","246,000",0,"246,000"
"=""05335T""",滬深2X元富36售08,0,0,0,"1,094,000","849,000","245,000","1,094,000","849,000","245,000"
"=""058268""",美債2X元大47購02,0,0,0,"293,000","48,000","245,000","293,000","48,000","245,000"
"=""059531""",陽明凱基45購08  ,0,0,0,"250,000","5,000","245,000","250,000","5,000","245,000"
"=""061275""",來億凱基46購01  ,0,0,0,"290,000","45,000","245,000","290,000","45,000","245,000"
"=""064165""",台灣50元富46購23,0,0,0,"263,000","18,000","245,000","263,000","18,000","245,000"
"=""071672""",來億凱基49購02  ,0,0,0,"330,000","85,000","245,000","330,000","85,000","245,000"
"=""072369""",直得元富49購03  ,0,0,0,"409,000","164,000","245,000","409,000","164,000","245,000"
"=""072587""",台積電中信49購04,0,0,0,"246,000","1,000","245,000","246,000","1,000","245,000"
"=""059534""",瑞鼎凱基46購01  ,0,0,0,"294,000","50,000","244,000","294,000","50,000","244,000"
"=""071210""",大成鋼國泰49購04,0,0,0,"244,000",0,"244,000","244,000",0,"244,000"
"=""071343""",波力統一58購01  ,0,0,0,"380,000","136,000","244,000","380,000","136,000","244,000"
"=""075138""",材料永豐4C購02  ,0,0,0,"244,000",0,"244,000","244,000",0,"244,000"
"=""053154""",訊芯群益44購02  ,0,0,0,"356,000","113,000","243,000","356,000","113,000","243,000"
"=""055458""",景碩群益46購04  ,0,0,0,"243,000",0,"243,000","243,000",0,"243,000"
"=""058566""",SGBR2X群益47購01,0,0,0,"243,000",0,"243,000","243,000",0,"243,000"
"=""073360""",材料群益49購03  ,0,0,0,"262,000","19,000","243,000","262,000","19,000","243,000"
"=""066562""",緯穎凱基47購08  ,0,0,0,"257,000","15,000","242,000","257,000","15,000","242,000"
"=""065922""",全新元富51購01  ,0,0,0,"310,000","69,000","241,000","310,000","69,000","241,000"
"=""065993""",川湖群益48購03  ,0,0,0,"243,000","2,000","241,000","243,000","2,000","241,000"
"=""066360""",聯發科元富4A購05,0,0,0,"286,000","45,000","241,000","286,000","45,000","241,000"
"=""057470""",英業達國票46購03,0,0,0,"350,000","110,000","240,000","350,000","110,000","240,000"
"=""062031""",台塑國泰48購01  ,0,0,0,"240,000",0,"240,000","240,000",0,"240,000"
"=""067595""",台塑元富51購02  ,0,0,0,"240,000",0,"240,000","240,000",0,"240,000"
"=""070194""",晟銘電統一53購02,0,0,0,"240,000",0,"240,000","240,000",0,"240,000"
"=""071912""",晟銘電統一52購05,0,0,0,"240,000",0,"240,000","240,000",0,"240,000"
"=""074817""",富華新元大49購03,0,0,0,"240,000",0,"240,000","240,000",0,"240,000"
"=""075874""",中502X元富4A購05,0,0,0,"240,000",0,"240,000","240,000",0,"240,000"
"=""068067""",鉅祥群益3B購01  ,0,0,0,"335,000","96,000","239,000","335,000","96,000","239,000"
"=""071804""",旺宏國票4A購01  ,0,0,0,"240,000","1,000","239,000","240,000","1,000","239,000"
2368  ,金像電          ,"334,000","183,000","151,000","180,931","93,519","87,412","514,931","276,519","238,412"
"=""053849""",中租元富47購01  ,0,0,0,"240,000","2,000","238,000","240,000","2,000","238,000"
"=""060595""",日電貿元大49購01,0,0,0,"238,000",0,"238,000","238,000",0,"238,000"
"=""060624""",一詮國票48購03  ,0,0,0,"258,000","20,000","238,000","258,000","20,000","238,000"
"=""066010""",所羅門群益48購01,0,0,0,"238,000",0,"238,000","238,000",0,"238,000"
"=""072036""",南亞科元大48購06,0,0,0,"308,000","70,000","238,000","308,000","70,000","238,000"
"=""073884""",華城群益49購03  ,0,0,0,"653,000","415,000","238,000","653,000","415,000","238,000"
"=""05244T""",長榮元大36售10  ,0,0,0,"237,000",0,"237,000","237,000",0,"237,000"
"=""063831""",大成鋼群益46購04,0,0,0,"293,000","56,000","237,000","293,000","56,000","237,000"
"=""072442""",興富發凱基48購01,0,0,0,"237,000",0,"237,000","237,000",0,"237,000"
"=""00850 """,元大臺灣ESG永續 ,0,0,0,"701,338","464,351","236,987","701,338","464,351","236,987"
"=""050887""",世芯元大43購36  ,0,0,0,"274,000","38,000","236,000","274,000","38,000","236,000"
"=""069004""",瑞昱國票49購01  ,0,0,0,"446,000","210,000","236,000","446,000","210,000","236,000"
"=""070895""",臺股指元大48購26,0,0,0,"236,000",0,"236,000","236,000",0,"236,000"
"=""073228""",牧德國票4A購01  ,0,0,0,"330,000","94,000","236,000","330,000","94,000","236,000"
"=""047920""",緯穎凱基44購03  ,0,0,0,"255,000","20,000","235,000","255,000","20,000","235,000"
"=""049067""",台虹凱基44購01  ,0,0,0,"286,000","51,000","235,000","286,000","51,000","235,000"
"=""051729""",萬海元大43購21  ,0,0,0,"305,000","70,000","235,000","305,000","70,000","235,000"
"=""056748""",美費半凱基46購01,0,0,0,"235,000",0,"235,000","235,000",0,"235,000"
"=""063416""",T50反1兆豐44購01,0,0,0,"300,000","65,000","235,000","300,000","65,000","235,000"
"=""065065""",啟�痐舅j51購01  ,0,0,0,"235,000",0,"235,000","235,000",0,"235,000"
"=""066619""",中環富邦49購01  ,0,0,0,"235,000",0,"235,000","235,000",0,"235,000"
"=""068056""",滬深2X凱基56購01,0,0,0,"235,000",0,"235,000","235,000",0,"235,000"
"=""068953""",臺股指元大48購21,0,0,0,"234,000",0,"234,000","234,000",0,"234,000"
"=""069749""",穎崴元富48購02  ,0,0,0,"281,000","47,000","234,000","281,000","47,000","234,000"
"=""049040""",達興群益43購02  ,0,0,0,"343,000","110,000","233,000","343,000","110,000","233,000"
"=""066673""",鴻海凱基47購18  ,0,0,0,"300,000","67,000","233,000","300,000","67,000","233,000"
"=""070253""",滬深2X元富48購06,0,0,0,"233,000",0,"233,000","233,000",0,"233,000"
"=""071741""",穎崴統一52購01  ,0,0,0,"282,000","50,000","232,000","282,000","50,000","232,000"
"=""056518""",創意凱基46購01  ,0,0,0,"231,000",0,"231,000","231,000",0,"231,000"
"=""068686""",力積電永豐4A購01,0,0,0,"235,000","4,000","231,000","235,000","4,000","231,000"
"=""042362""",致茂元大54購08  ,0,0,0,"230,000",0,"230,000","230,000",0,"230,000"
"=""050121""",世紀鋼國泰45購01,0,0,0,"230,000",0,"230,000","230,000",0,"230,000"
"=""052790""",鴻海群益45購05  ,0,0,0,"350,000","120,000","230,000","350,000","120,000","230,000"
"=""054400""",慧洋兆豐46購01  ,0,0,0,"230,000",0,"230,000","230,000",0,"230,000"
"=""064176""",群創元富46購03  ,0,0,0,"230,000",0,"230,000","230,000",0,"230,000"
"=""067990""",鴻準國泰48購02  ,0,0,0,"230,000",0,"230,000","230,000",0,"230,000"
"=""069683""",亞翔元大4C購01  ,0,0,0,"336,000","106,000","230,000","336,000","106,000","230,000"
"=""070910""",鴻海凱基49購10  ,0,0,0,"230,000",0,"230,000","230,000",0,"230,000"
"=""073620""",華新元大49購05  ,0,0,0,"268,000","38,000","230,000","268,000","38,000","230,000"
"=""048023""",技嘉台新42購02  ,0,0,0,"329,000","100,000","229,000","329,000","100,000","229,000"
"=""057627""",美時凱基45購02  ,0,0,0,"229,000",0,"229,000","229,000",0,"229,000"
"=""058897""",鉅祥元大48購02  ,0,0,0,"251,000","22,000","229,000","251,000","22,000","229,000"
"=""064324""",上銀凱基49購02  ,0,0,0,"258,000","29,000","229,000","258,000","29,000","229,000"
"=""065619""",緯創凱基43購01  ,0,0,0,"321,000","92,000","229,000","321,000","92,000","229,000"
"=""069544""",中興電群益4B購03,0,0,0,"430,000","201,000","229,000","430,000","201,000","229,000"
"=""075127""",臺股指凱基44購01,0,0,0,"229,000",0,"229,000","229,000",0,"229,000"
"=""04542T""",華泰群益35售02  ,0,0,0,"310,000","82,000","228,000","310,000","82,000","228,000"
"=""066668""",聚陽凱基47購02  ,0,0,0,"855,000","627,000","228,000","855,000","627,000","228,000"
"=""067210""",信邦凱基47購02  ,0,0,0,"278,000","50,000","228,000","278,000","50,000","228,000"
"=""067702""",鴻海元大47購19  ,0,0,0,"233,000","5,000","228,000","233,000","5,000","228,000"
"=""071424""",中502X元富52購02,0,0,0,"250,000","22,000","228,000","250,000","22,000","228,000"
"=""074173""",川湖國泰4A購01  ,0,0,0,"235,000","7,000","228,000","235,000","7,000","228,000"
"=""057512""",神達凱基46購01  ,0,0,0,"256,000","29,000","227,000","256,000","29,000","227,000"
"=""072261""",創意元大4C購02  ,0,0,0,"346,000","119,000","227,000","346,000","119,000","227,000"
"=""075471""",立積第一49購01  ,0,0,0,"227,000",0,"227,000","227,000",0,"227,000"
"=""075888""",台表科國票4A購01,0,0,0,"306,000","79,000","227,000","306,000","79,000","227,000"
"=""052882""",裕慶永豐44購01  ,0,0,0,"226,000",0,"226,000","226,000",0,"226,000"
"=""060101""",中華富邦48購01  ,0,0,0,"266,000","40,000","226,000","266,000","40,000","226,000"
"=""057695""",立積國票49購01  ,0,0,0,"225,000",0,"225,000","225,000",0,"225,000"
"=""070512""",材料統一52購05  ,0,0,0,"225,000",0,"225,000","225,000",0,"225,000"
"=""075052""",奇鋐富邦4B購04  ,0,0,0,"516,000","291,000","225,000","516,000","291,000","225,000"
"=""076344""",材料台新49購02  ,0,0,0,"238,000","13,000","225,000","238,000","13,000","225,000"
"=""056931""",長榮群益45購03  ,0,0,0,"224,000",0,"224,000","224,000",0,"224,000"
"=""064361""",第一銅永豐49購01,0,0,0,"239,000","15,000","224,000","239,000","15,000","224,000"
"=""065147""",基泰群益48購01  ,0,0,0,"303,000","79,000","224,000","303,000","79,000","224,000"
"=""065350""",第一銅群益47購01,0,0,0,"229,000","5,000","224,000","229,000","5,000","224,000"
"=""070738""",乙盛永豐4C購01  ,0,0,0,"1,149,000","925,000","224,000","1,149,000","925,000","224,000"
"=""071936""",上銀群益48購10  ,0,0,0,"235,000","11,000","224,000","235,000","11,000","224,000"
"=""072577""",巨大凱基52購01  ,0,0,0,"224,000",0,"224,000","224,000",0,"224,000"
"=""075871""",雲豹永豐49購01  ,0,0,0,"224,000",0,"224,000","224,000",0,"224,000"
"=""051457""",迎廣凱基43購01  ,0,0,0,"223,000",0,"223,000","223,000",0,"223,000"
"=""051472""",三商壽元大43購01,0,0,0,"223,000",0,"223,000","223,000",0,"223,000"
"=""060347""",正崴元大46購05  ,0,0,0,"243,000","20,000","223,000","243,000","20,000","223,000"
"=""062737""",達發台新46購01  ,0,0,0,"243,000","20,000","223,000","243,000","20,000","223,000"
"=""067546""",奇鋐群益47購03  ,0,0,0,"223,000",0,"223,000","223,000",0,"223,000"
"=""072343""",健和興統一52購02,0,0,0,"247,000","24,000","223,000","247,000","24,000","223,000"
"=""073794""",矽格凱基4A購01  ,0,0,0,"228,000","5,000","223,000","228,000","5,000","223,000"
2337  ,旺宏            ,"95,664","2,031","93,633","228,220","98,999","129,221","323,884","101,030","222,854"
"=""050262""",大立光凱基43購13,0,0,0,"222,000",0,"222,000","222,000",0,"222,000"
"=""062606""",臺股指元大49購13,0,0,0,"303,000","81,000","222,000","303,000","81,000","222,000"
"=""065406""",國企2X元大48購01,0,0,0,"222,000",0,"222,000","222,000",0,"222,000"
"=""067423""",奇鋐永豐51購01  ,0,0,0,"222,000",0,"222,000","222,000",0,"222,000"
"=""055115""",大銀元大48購01  ,0,0,0,"221,000",0,"221,000","221,000",0,"221,000"
"=""065845""",泓德統一55購01  ,0,0,0,"752,000","531,000","221,000","752,000","531,000","221,000"
"=""066058""",華晶科元富51購01,0,0,0,"244,000","23,000","221,000","244,000","23,000","221,000"
"=""071463""",新日興統一53購02,0,0,0,"258,000","37,000","221,000","258,000","37,000","221,000"
"=""072000""",群創國票49購01  ,0,0,0,"231,000","10,000","221,000","231,000","10,000","221,000"
"=""047650""",中興電群益44購01,0,0,0,"220,000",0,"220,000","220,000",0,"220,000"
"=""053253""",建漢元大48購01  ,0,0,0,"220,000",0,"220,000","220,000",0,"220,000"
"=""071430""",盟立元富48購01  ,0,0,0,"220,000",0,"220,000","220,000",0,"220,000"
"=""072271""",矽格元大48購05  ,0,0,0,"220,000",0,"220,000","220,000",0,"220,000"
"=""072760""",來億元大49購01  ,0,0,0,"220,000",0,"220,000","220,000",0,"220,000"
"=""074457""",台玻國票4A購03  ,0,0,0,"220,000",0,"220,000","220,000",0,"220,000"
"=""051819""",勤美群益44購01  ,0,0,0,"1,250,000","1,031,000","219,000","1,250,000","1,031,000","219,000"
"=""054073""",長榮國票45購02  ,0,0,0,"225,000","6,000","219,000","225,000","6,000","219,000"
"=""067140""",華通元大47購11  ,0,0,0,"219,000",0,"219,000","219,000",0,"219,000"
"=""062739""",聯電富邦46購02  ,0,0,0,"704,000","486,000","218,000","704,000","486,000","218,000"
"=""063540""",威盛國泰48購03  ,0,0,0,"218,000",0,"218,000","218,000",0,"218,000"
"=""071780""",創意元大51購04  ,0,0,0,"338,000","120,000","218,000","338,000","120,000","218,000"
"=""076805""",聯詠元富49購01  ,0,0,0,"290,000","72,000","218,000","290,000","72,000","218,000"
2610  ,華航            ,"474,000","84,000","390,000","131,000","303,000","-172,000","605,000","387,000","218,000"
"=""044214""",佳能元富55購04  ,0,0,0,"284,000","67,000","217,000","284,000","67,000","217,000"
"=""066326""",神達中信3B購01  ,0,0,0,"239,000","22,000","217,000","239,000","22,000","217,000"
"=""066561""",台塑化凱基48購01,0,0,0,"267,000","50,000","217,000","267,000","50,000","217,000"
"=""067920""",奇鋐元大4B購03  ,0,0,0,"920,000","703,000","217,000","920,000","703,000","217,000"
"=""075889""",雲豹國票4B購01  ,0,0,0,"303,000","86,000","217,000","303,000","86,000","217,000"
"=""048066""",金像電統一4C購01,0,0,0,"225,000","9,000","216,000","225,000","9,000","216,000"
"=""072940""",迅得群益49購02  ,0,0,0,"217,000","1,000","216,000","217,000","1,000","216,000"
2455  ,全新            ,"146,000","11,645","134,355","83,000","2,000","81,000","229,000","13,645","215,355"
"=""056287""",拓凱國票46購01  ,0,0,0,"215,000",0,"215,000","215,000",0,"215,000"
"=""057298""",技嘉元大45購09  ,0,0,0,"215,000",0,"215,000","215,000",0,"215,000"
"=""058086""",臺股指元富45購01,0,0,0,"315,000","100,000","215,000","315,000","100,000","215,000"
"=""062043""",元債2X群益46購01,0,0,0,"215,000",0,"215,000","215,000",0,"215,000"
"=""072822""",貿聯國票4A購02  ,0,0,0,"959,000","744,000","215,000","959,000","744,000","215,000"
"=""048142""",智原元大43購22  ,0,0,0,"214,000",0,"214,000","214,000",0,"214,000"
"=""053384""",日本2X元大45購02,0,0,0,"646,000","432,000","214,000","646,000","432,000","214,000"
"=""059649""",宏�皏藕�46購02  ,0,0,0,"289,000","75,000","214,000","289,000","75,000","214,000"
"=""062504""",皇昌元富46購02  ,0,0,0,"218,000","4,000","214,000","218,000","4,000","214,000"
"=""071705""",川湖元富4A購07  ,0,0,0,"214,000",0,"214,000","214,000",0,"214,000"
"=""062631""",達發中信48購01  ,0,0,0,"243,000","30,000","213,000","243,000","30,000","213,000"
"=""063380""",T50正2富邦48購01,0,0,0,"213,000",0,"213,000","213,000",0,"213,000"
"=""075329""",元晶元富49購01  ,0,0,0,"597,000","384,000","213,000","597,000","384,000","213,000"
"=""054729""",威盛國泰46購03  ,0,0,0,"212,000",0,"212,000","212,000",0,"212,000"
"=""061768""",和碩元富46購01  ,0,0,0,"224,000","12,000","212,000","224,000","12,000","212,000"
"=""062115""",泰金寶元大46購01,0,0,0,"218,000","6,000","212,000","218,000","6,000","212,000"
"=""062962""",燿華元大46購04  ,0,0,0,"212,000",0,"212,000","212,000",0,"212,000"
"=""064561""",全新國票47購01  ,0,0,0,"217,000","5,000","212,000","217,000","5,000","212,000"
"=""069472""",聯發科元大48購05,0,0,0,"241,000","29,000","212,000","241,000","29,000","212,000"
"=""072558""",中工凱基4C購01  ,0,0,0,"233,000","21,000","212,000","233,000","21,000","212,000"
"=""053756""",欣興永豐44購01  ,0,0,0,"267,000","56,000","211,000","267,000","56,000","211,000"
"=""05612T""",長榮航凱基37售04,0,0,0,"308,000","97,000","211,000","308,000","97,000","211,000"
"=""061128""",川湖元富4A購06  ,0,0,0,"241,000","30,000","211,000","241,000","30,000","211,000"
"=""072791""",台光電永豐4A購02,0,0,0,"259,000","48,000","211,000","259,000","48,000","211,000"
"=""074814""",欣興元大49購14  ,0,0,0,"231,000","20,000","211,000","231,000","20,000","211,000"
"=""076012""",迎廣元大49購03  ,0,0,0,"211,000",0,"211,000","211,000",0,"211,000"
"=""04643T""",勤誠群益35售11  ,0,0,0,"225,000","15,000","210,000","225,000","15,000","210,000"
"=""04869T""",聯鈞元富36售03  ,0,0,0,"210,000",0,"210,000","210,000",0,"210,000"
"=""051600""",元日2X國票49購01,0,0,0,"280,000","70,000","210,000","280,000","70,000","210,000"
"=""062280""",中華群益48購02  ,0,0,0,"210,000",0,"210,000","210,000",0,"210,000"
"=""066089""",道瓊銀凱基48購01,0,0,0,"210,000",0,"210,000","210,000",0,"210,000"
"=""070612""",金寶國泰49購01  ,0,0,0,"576,000","366,000","210,000","576,000","366,000","210,000"
"=""070787""",華擎元富48購02  ,0,0,0,"261,000","51,000","210,000","261,000","51,000","210,000"
"=""070869""",大立光元大48購15,0,0,0,"234,000","24,000","210,000","234,000","24,000","210,000"
"=""073365""",華城元大49購11  ,0,0,0,"210,000",0,"210,000","210,000",0,"210,000"
"=""076346""",台灣50元大4B購04,0,0,0,"210,000",0,"210,000","210,000",0,"210,000"
"=""066214""",長榮航群益47購08,0,0,0,"503,000","294,000","209,000","503,000","294,000","209,000"
"=""052667""",望隼永豐45購01  ,0,0,0,"208,000",0,"208,000","208,000",0,"208,000"
"=""065088""",世紀鋼統一51購01,0,0,0,"564,000","356,000","208,000","564,000","356,000","208,000"
"=""072007""",華孚國票48購01  ,0,0,0,"233,000","25,000","208,000","233,000","25,000","208,000"
"=""073941""",中租富邦49購02  ,0,0,0,"208,000",0,"208,000","208,000",0,"208,000"
"=""056843""",鴻海永豐47購07  ,0,0,0,"225,000","18,000","207,000","225,000","18,000","207,000"
"=""058852""",台積電凱基53購01,0,0,0,"207,000",0,"207,000","207,000",0,"207,000"
"=""065965""",京元電元大47購03,0,0,0,"267,000","60,000","207,000","267,000","60,000","207,000"
"=""072332""",世紀鋼永豐4A購02,0,0,0,"257,000","50,000","207,000","257,000","50,000","207,000"
"=""072722""",中鋼元大49購02  ,0,0,0,"278,000","71,000","207,000","278,000","71,000","207,000"
"=""075829""",長榮元大4B購05  ,0,0,0,"207,000",0,"207,000","207,000",0,"207,000"
"=""034712""",南電凱基56購02  ,0,0,0,"514,000","308,000","206,000","514,000","308,000","206,000"
"=""04121T""",緯創群益35售02  ,0,0,0,"206,000",0,"206,000","206,000",0,"206,000"
"=""059653""",一詮永豐45購03  ,0,0,0,"210,000","4,000","206,000","210,000","4,000","206,000"
"=""067370""",鴻海國泰48購04  ,0,0,0,"210,000","4,000","206,000","210,000","4,000","206,000"
"=""068753""",台積電凱基4A購18,0,0,0,"697,000","491,000","206,000","697,000","491,000","206,000"
"=""073527""",奇鋐群益41購01  ,0,0,0,"245,000","39,000","206,000","245,000","39,000","206,000"
"=""075345""",鴻準凱基49購01  ,0,0,0,"263,000","57,000","206,000","263,000","57,000","206,000"
"=""050706""",正崴凱基43購01  ,0,0,0,"205,000",0,"205,000","205,000",0,"205,000"
"=""051023""",日本反凱基46購01,0,0,0,"205,000",0,"205,000","205,000",0,"205,000"
"=""052669""",GIS永豐45購01   ,0,0,0,"205,000",0,"205,000","205,000",0,"205,000"
"=""058173""",臺股指群益48購11,0,0,0,"205,000",0,"205,000","205,000",0,"205,000"
"=""065387""",神達統一41購01  ,0,0,0,"205,000",0,"205,000","205,000",0,"205,000"
"=""066338""",同欣電兆豐4A購01,0,0,0,"205,000",0,"205,000","205,000",0,"205,000"
"=""068803""",大成鋼國票49購01,0,0,0,"206,000","1,000","205,000","206,000","1,000","205,000"
"=""070477""",力積電凱基49購01,0,0,0,"205,000",0,"205,000","205,000",0,"205,000"
"=""073479""",迎廣國票49購01  ,0,0,0,"245,000","40,000","205,000","245,000","40,000","205,000"
"=""073634""",華邦電元大4A購02,0,0,0,"205,000",0,"205,000","205,000",0,"205,000"
"=""04502T""",智原凱基35售07  ,0,0,0,"204,000",0,"204,000","204,000",0,"204,000"
"=""048681""",上銀凱基43購04  ,0,0,0,"375,000","171,000","204,000","375,000","171,000","204,000"
"=""050942""",所羅門群益43購02,0,0,0,"209,000","5,000","204,000","209,000","5,000","204,000"
"=""059984""",裕民元大45購04  ,0,0,0,"212,000","8,000","204,000","212,000","8,000","204,000"
"=""068495""",鴻海元大48購07  ,0,0,0,"204,000",0,"204,000","204,000",0,"204,000"
"=""040955""",貿聯群益55購03  ,0,0,0,"417,000","214,000","203,000","417,000","214,000","203,000"
"=""057804""",未來車元富46購01,0,0,0,"203,000",0,"203,000","203,000",0,"203,000"
"=""063582""",宇隆凱基48購01  ,0,0,0,"399,000","196,000","203,000","399,000","196,000","203,000"
"=""070919""",新日興凱基48購03,0,0,0,"282,000","79,000","203,000","282,000","79,000","203,000"
"=""075448""",慧洋元大4C購03  ,0,0,0,"213,000","10,000","203,000","213,000","10,000","203,000"
"=""075491""",群創中信49購02  ,0,0,0,"318,000","115,000","203,000","318,000","115,000","203,000"
"=""064210""",愛山林永豐49購01,0,0,0,"202,000",0,"202,000","202,000",0,"202,000"
"=""00770 """,國泰北美科技    ,0,0,0,"1,173,000","972,000","201,000","1,173,000","972,000","201,000"
"=""049897""",晶心科統一55購01,0,0,0,"203,000","2,000","201,000","203,000","2,000","201,000"
"=""064643""",晟銘電台新46購01,0,0,0,"274,000","73,000","201,000","274,000","73,000","201,000"
"=""070289""",國巨國票49購01  ,0,0,0,"471,000","270,000","201,000","471,000","270,000","201,000"
"=""071713""",皇昌元富4B購03  ,0,0,0,"241,000","40,000","201,000","241,000","40,000","201,000"
"=""073235""",台積電國泰4A購01,0,0,0,"201,000",0,"201,000","201,000",0,"201,000"
"=""074364""",慧洋元大4B購02  ,0,0,0,"266,000","65,000","201,000","266,000","65,000","201,000"
"=""075531""",元石油凱基4B購01,0,0,0,"450,000","249,000","201,000","450,000","249,000","201,000"
"=""036071""",京元電群益53購07,0,0,0,"200,000",0,"200,000","200,000",0,"200,000"
"=""04161T""",緯創元大35售09  ,0,0,0,"209,000","9,000","200,000","209,000","9,000","200,000"
"=""041918""",亞翔凱基54購11  ,0,0,0,"200,000",0,"200,000","200,000",0,"200,000"
"=""04442T""",元債2X元富35售02,0,0,0,"200,000",0,"200,000","200,000",0,"200,000"
"=""04896T""",京元電元大36售04,0,0,0,"200,000",0,"200,000","200,000",0,"200,000"
"=""049907""",群光富邦44購01  ,0,0,0,"200,000",0,"200,000","200,000",0,"200,000"
"=""050112""",鴻海國泰45購07  ,0,0,0,"200,000",0,"200,000","200,000",0,"200,000"
"=""050332""",奇鋐永豐45購02  ,0,0,0,"200,000",0,"200,000","200,000",0,"200,000"
"=""05058T""",臺股指元大37售11,0,0,0,"200,000",0,"200,000","200,000",0,"200,000"
"=""051618""",上銀元富43購02  ,0,0,0,"200,000",0,"200,000","200,000",0,"200,000"
"=""053677""",華城元大44購03  ,0,0,0,"200,000",0,"200,000","200,000",0,"200,000"
"=""054608""",祥碩群益46購02  ,0,0,0,"200,000",0,"200,000","200,000",0,"200,000"
"=""05502T""",大立光元大37售08,0,0,0,"200,000",0,"200,000","200,000",0,"200,000"
"=""058163""",臻鼎群益45購03  ,0,0,0,"200,000",0,"200,000","200,000",0,"200,000"
"=""060316""",緯創群益46購02  ,0,0,0,"200,000",0,"200,000","200,000",0,"200,000"
"=""060455""",凱基金群益46購01,0,0,0,"200,000",0,"200,000","200,000",0,"200,000"
"=""061364""",新日興國票46購01,0,0,0,"200,000",0,"200,000","200,000",0,"200,000"
"=""062320""",台泥元大46購02  ,0,0,0,"200,000",0,"200,000","200,000",0,"200,000"
"=""063428""",東陽元大46購11  ,0,0,0,"200,000",0,"200,000","200,000",0,"200,000"
"=""064133""",彩晶群益47購01  ,0,0,0,"200,000",0,"200,000","200,000",0,"200,000"
"=""067048""",世芯永豐47購11  ,0,0,0,"200,000",0,"200,000","200,000",0,"200,000"
"=""067065""",聯發科群益4B購02,0,0,0,"594,000","394,000","200,000","594,000","394,000","200,000"
"=""067130""",國泰金國票48購01,0,0,0,"266,000","66,000","200,000","266,000","66,000","200,000"
"=""067760""",川湖統一51購03  ,0,0,0,"200,000",0,"200,000","200,000",0,"200,000"
"=""067967""",視陽永豐47購01  ,0,0,0,"200,000",0,"200,000","200,000",0,"200,000"
"=""068115""",創意元富51購01  ,0,0,0,"200,000",0,"200,000","200,000",0,"200,000"
"=""071263""",慧洋凱基4A購01  ,0,0,0,"200,000",0,"200,000","200,000",0,"200,000"
"=""072389""",亞力國票48購02  ,0,0,0,"200,000",0,"200,000","200,000",0,"200,000"
"=""074446""",中鋼永豐49購02  ,0,0,0,"200,000",0,"200,000","200,000",0,"200,000"
"=""076577""",信邦國泰4A購02  ,0,0,0,"200,000",0,"200,000","200,000",0,"200,000"
"=""076735""",力成元大49購06  ,0,0,0,"231,000","31,000","200,000","231,000","31,000","200,000"
"=""076895""",臺股指元大49購58,0,0,0,"200,000",0,"200,000","200,000",0,"200,000"
"=""045178""",雄獅國泰56購01  ,0,0,0,"199,000",0,"199,000","199,000",0,"199,000"
"=""056372""",中環元大45購01  ,0,0,0,"199,000",0,"199,000","199,000",0,"199,000"
"=""069897""",直得元大48購02  ,0,0,0,"219,000","20,000","199,000","219,000","20,000","199,000"
"=""075019""",華邦電群益4A購05,0,0,0,"368,000","169,000","199,000","368,000","169,000","199,000"
"=""049599""",台積電國泰45購03,0,0,0,"198,000",0,"198,000","198,000",0,"198,000"
"=""052028""",弘憶股國票43購01,0,0,0,"200,000","2,000","198,000","200,000","2,000","198,000"
"=""060898""",臺指反國票4A購01,0,0,0,"342,000","144,000","198,000","342,000","144,000","198,000"
"=""071077""",鴻海群益4A購02  ,0,0,0,"198,000",0,"198,000","198,000",0,"198,000"
"=""071696""",矽格群益48購02  ,0,0,0,"198,000",0,"198,000","198,000",0,"198,000"
"=""072122""",亞力統一58購02  ,0,0,0,"198,000",0,"198,000","198,000",0,"198,000"
"=""073439""",南亞科永豐49購04,0,0,0,"198,000",0,"198,000","198,000",0,"198,000"
"=""050831""",長榮國泰45購09  ,0,0,0,"210,000","13,000","197,000","210,000","13,000","197,000"
"=""056311""",世芯永豐47購01  ,0,0,0,"197,000",0,"197,000","197,000",0,"197,000"
"=""065385""",穎崴群益47購02  ,0,0,0,"218,000","21,000","197,000","218,000","21,000","197,000"
"=""066316""",鴻海永豐4B購02  ,0,0,0,"214,000","17,000","197,000","214,000","17,000","197,000"
"=""072820""",全科國票4A購01  ,0,0,0,"374,000","177,000","197,000","374,000","177,000","197,000"
"=""073232""",亞德客國泰4A購01,0,0,0,"208,000","11,000","197,000","208,000","11,000","197,000"
"=""073684""",滬深2X國泰4A購01,0,0,0,"200,000","3,000","197,000","200,000","3,000","197,000"
"=""0050  """,元大台灣50      ,"62,000","424,000","-362,000","1,130,420","571,966","558,454","1,192,420","995,966","196,454"
"=""048460""",佳必琪兆豐44購02,0,0,0,"286,000","90,000","196,000","286,000","90,000","196,000"
"=""052221""",國企2X凱基46購01,0,0,0,"267,000","71,000","196,000","267,000","71,000","196,000"
"=""055740""",奇鋐元大44購12  ,0,0,0,"200,000","4,000","196,000","200,000","4,000","196,000"
"=""060743""",東鹼元大46購01  ,0,0,0,"196,000",0,"196,000","196,000",0,"196,000"
"=""061249""",東陽凱基46購03  ,0,0,0,"196,000",0,"196,000","196,000",0,"196,000"
"=""062831""",緯穎元大46購25  ,0,0,0,"303,000","107,000","196,000","303,000","107,000","196,000"
"=""064491""",台積電群益46購29,0,0,0,"196,000",0,"196,000","196,000",0,"196,000"
"=""065340""",東哥統一55購02  ,0,0,0,"312,000","116,000","196,000","312,000","116,000","196,000"
"=""070127""",精銳元大4C購01  ,0,0,0,"196,000",0,"196,000","196,000",0,"196,000"
"=""070725""",華新永豐48購01  ,0,0,0,"196,000",0,"196,000","196,000",0,"196,000"
"=""073429""",亞翔中信4B購01  ,0,0,0,"196,000",0,"196,000","196,000",0,"196,000"
"=""075433""",大同元大49購04  ,0,0,0,"266,000","70,000","196,000","266,000","70,000","196,000"
"=""075488""",旺宏中信4A購01  ,0,0,0,"309,000","113,000","196,000","309,000","113,000","196,000"
"=""076320""",中502X元富4A購07,0,0,0,"209,000","13,000","196,000","209,000","13,000","196,000"
3504  ,揚明光          ,0,0,0,"294,156","98,838","195,318","294,156","98,838","195,318"
"=""053309""",敦泰凱基45購01  ,0,0,0,"195,000",0,"195,000","195,000",0,"195,000"
"=""053357""",華城統一5A購01  ,0,0,0,"197,000","2,000","195,000","197,000","2,000","195,000"
"=""056180""",元日2X國票46購01,0,0,0,"195,000",0,"195,000","195,000",0,"195,000"
"=""065513""",富鼎永豐47購01  ,0,0,0,"195,000",0,"195,000","195,000",0,"195,000"
"=""075842""",群創元大49購06  ,0,0,0,"269,000","74,000","195,000","269,000","74,000","195,000"
"=""047820""",元債2X群益44購04,0,0,0,"274,000","80,000","194,000","274,000","80,000","194,000"
"=""052447""",中信金兆豐44購01,0,0,0,"643,000","449,000","194,000","643,000","449,000","194,000"
"=""060311""",大同群益48購01  ,0,0,0,"219,000","25,000","194,000","219,000","25,000","194,000"
"=""067985""",辛耘統一51購04  ,0,0,0,"194,000",0,"194,000","194,000",0,"194,000"
"=""068031""",聯發科元大4B購05,0,0,0,"194,000",0,"194,000","194,000",0,"194,000"
"=""071274""",愛普凱基4A購01  ,0,0,0,"206,000","12,000","194,000","206,000","12,000","194,000"
6196  ,帆宣            ,0,"3,000","-3,000","201,013","5,000","196,013","201,013","8,000","193,013"
"=""050814""",所羅門台新43購01,0,0,0,"483,000","290,000","193,000","483,000","290,000","193,000"
"=""054523""",華碩富邦48購01  ,0,0,0,"205,000","12,000","193,000","205,000","12,000","193,000"
"=""072125""",華城統一62購01  ,0,0,0,"300,000","107,000","193,000","300,000","107,000","193,000"
"=""072310""",新日興兆豐49購03,0,0,0,"193,000",0,"193,000","193,000",0,"193,000"
"=""073010""",台光電中信49購02,0,0,0,"193,000",0,"193,000","193,000",0,"193,000"
"=""050439""",智原兆豐45購01  ,0,0,0,"246,000","54,000","192,000","246,000","54,000","192,000"
"=""050816""",台積電兆豐45購01,0,0,0,"262,000","70,000","192,000","262,000","70,000","192,000"
"=""055457""",欣興群益46購02  ,0,0,0,"202,000","10,000","192,000","202,000","10,000","192,000"
"=""057947""",神達元大4B購01  ,0,0,0,"192,000",0,"192,000","192,000",0,"192,000"
"=""065747""",世芯元大47購16  ,0,0,0,"218,000","26,000","192,000","218,000","26,000","192,000"
"=""068001""",佳能群益49購01  ,0,0,0,"442,000","250,000","192,000","442,000","250,000","192,000"
"=""070600""",永崴控元大48購03,0,0,0,"224,000","32,000","192,000","224,000","32,000","192,000"
"=""073305""",一詮凱基49購02  ,0,0,0,"578,000","386,000","192,000","578,000","386,000","192,000"
"=""075459""",迎廣元大49購02  ,0,0,0,"212,000","20,000","192,000","212,000","20,000","192,000"
"=""075596""",時碩元大49購03  ,0,0,0,"251,000","59,000","192,000","251,000","59,000","192,000"
"=""076444""",玉晶光兆豐49購01,0,0,0,"199,000","7,000","192,000","199,000","7,000","192,000"
"=""076819""",南寶國票4C購01  ,0,0,0,"192,000",0,"192,000","192,000",0,"192,000"
"=""059919""",TPK群益48購01   ,0,0,0,"206,000","15,000","191,000","206,000","15,000","191,000"
"=""059966""",友訊元大45購07  ,0,0,0,"211,000","20,000","191,000","211,000","20,000","191,000"
"=""061062""",華航富邦48購01  ,0,0,0,"217,000","26,000","191,000","217,000","26,000","191,000"
"=""070518""",矽格統一51購01  ,0,0,0,"286,000","95,000","191,000","286,000","95,000","191,000"
"=""072371""",川湖元富52購01  ,0,0,0,"208,000","17,000","191,000","208,000","17,000","191,000"
"=""050650""",滬深2X永豐44購02,0,0,0,"190,000",0,"190,000","190,000",0,"190,000"
"=""051908""",愛山林國泰45購01,0,0,0,"190,000",0,"190,000","190,000",0,"190,000"
"=""05275T""",南電元大36售05  ,0,0,0,"210,000","20,000","190,000","210,000","20,000","190,000"
"=""056384""",奇鋐元大45購02  ,0,0,0,"216,000","26,000","190,000","216,000","26,000","190,000"
"=""056621""",世紀鋼第一4B購01,0,0,0,"190,000",0,"190,000","190,000",0,"190,000"
"=""057638""",緯創凱基45購05  ,0,0,0,"190,000",0,"190,000","190,000",0,"190,000"
"=""058793""",祥碩元大49購02  ,0,0,0,"200,000","10,000","190,000","200,000","10,000","190,000"
"=""063136""",緯創凱基4A購02  ,0,0,0,"195,000","5,000","190,000","195,000","5,000","190,000"
"=""064862""",元債2X群益51購02,0,0,0,"190,000",0,"190,000","190,000",0,"190,000"
"=""066103""",金像電凱基48購02,0,0,0,"205,000","15,000","190,000","205,000","15,000","190,000"
"=""066946""",T50反1元大4C購03,0,0,0,"190,000",0,"190,000","190,000",0,"190,000"
"=""069640""",神達凱基48購03  ,0,0,0,"410,000","220,000","190,000","410,000","220,000","190,000"
"=""075702""",富世達富邦4B購02,0,0,0,"190,000",0,"190,000","190,000",0,"190,000"
"=""066912""",聯發科群益47購13,0,0,0,"189,000",0,"189,000","189,000",0,"189,000"
"=""068051""",來億元大47購01  ,0,0,0,"212,000","23,000","189,000","212,000","23,000","189,000"
"=""068888""",聯發科元富4A購08,0,0,0,"199,000","10,000","189,000","199,000","10,000","189,000"
"=""075314""",新興永豐49購01  ,0,0,0,"230,000","41,000","189,000","230,000","41,000","189,000"
"=""075857""",威盛中信4A購01  ,0,0,0,"189,000",0,"189,000","189,000",0,"189,000"
"=""056265""",晶碩元大44購02  ,0,0,0,"226,000","38,000","188,000","226,000","38,000","188,000"
"=""062416""",香港2X永豐46購02,0,0,0,"223,000","35,000","188,000","223,000","35,000","188,000"
"=""065482""",帆宣國票4B購01  ,0,0,0,"565,000","377,000","188,000","565,000","377,000","188,000"
"=""066786""",泰金寶台新47購01,0,0,0,"234,000","46,000","188,000","234,000","46,000","188,000"
"=""066945""",台灣50元大49購05,0,0,0,"189,000","1,000","188,000","189,000","1,000","188,000"
"=""068922""",華泰兆豐3C購01  ,0,0,0,"255,000","67,000","188,000","255,000","67,000","188,000"
"=""070821""",南亞科國票49購01,0,0,0,"188,000",0,"188,000","188,000",0,"188,000"
"=""075552""",亞翔凱基49購06  ,0,0,0,"188,000",0,"188,000","188,000",0,"188,000"
"=""049488""",瑞祺國票43購01  ,0,0,0,"197,000","10,000","187,000","197,000","10,000","187,000"
"=""052182""",亞光國票44購03  ,0,0,0,"192,000","5,000","187,000","192,000","5,000","187,000"
"=""067137""",香港2X永豐3B購01,0,0,0,"187,000",0,"187,000","187,000",0,"187,000"
"=""050822""",台達電國泰45購02,0,0,0,"186,000",0,"186,000","186,000",0,"186,000"
"=""066533""",直得凱基47購04  ,0,0,0,"201,000","15,000","186,000","201,000","15,000","186,000"
"=""067959""",創意永豐4B購01  ,0,0,0,"186,000",0,"186,000","186,000",0,"186,000"
"=""068269""",台化凱基48購04  ,0,0,0,"186,000",0,"186,000","186,000",0,"186,000"
"=""073721""",晶心科國票4B購01,0,0,0,"186,000",0,"186,000","186,000",0,"186,000"
"=""046854""",臺股指元大43購53,0,0,0,"201,000","16,000","185,000","201,000","16,000","185,000"
"=""05560T""",英業達群益38售03,0,0,0,"198,000","13,000","185,000","198,000","13,000","185,000"
"=""058197""",貿聯永豐45購07  ,0,0,0,"265,000","80,000","185,000","265,000","80,000","185,000"
"=""063157""",亞光元富47購07  ,0,0,0,"195,000","10,000","185,000","195,000","10,000","185,000"
"=""068730""",鴻海群益48購09  ,0,0,0,"185,000",0,"185,000","185,000",0,"185,000"
"=""068912""",大立光元大48購07,0,0,0,"185,000",0,"185,000","185,000",0,"185,000"
2454  ,聯發科          ,"154,000","34,193","119,807","92,494","27,357","65,137","246,494","61,550","184,944"
"=""076396""",裕民永豐4A購01  ,0,0,0,"223,000","39,000","184,000","223,000","39,000","184,000"
"=""066799""",文曄國泰48購01  ,0,0,0,"234,000","51,000","183,000","234,000","51,000","183,000"
"=""074380""",台塑國票4A購01  ,0,0,0,"348,000","165,000","183,000","348,000","165,000","183,000"
"=""076397""",信邦永豐4A購01  ,0,0,0,"202,000","19,000","183,000","202,000","19,000","183,000"
"=""051902""",采鈺兆豐44購03  ,0,0,0,"206,000","24,000","182,000","206,000","24,000","182,000"
"=""057329""",聯電群益45購05  ,0,0,0,"202,000","20,000","182,000","202,000","20,000","182,000"
"=""062438""",台虹永豐47購01  ,0,0,0,"187,000","5,000","182,000","187,000","5,000","182,000"
"=""066024""",漢唐群益47購01  ,0,0,0,"232,000","50,000","182,000","232,000","50,000","182,000"
"=""070113""",聯發科元大51購04,0,0,0,"190,000","8,000","182,000","190,000","8,000","182,000"
"=""049261""",材料元大43購33  ,0,0,0,"221,000","40,000","181,000","221,000","40,000","181,000"
"=""053566""",陽明元大44購12  ,0,0,0,"291,000","110,000","181,000","291,000","110,000","181,000"
"=""056011""",華孚元富44購02  ,0,0,0,"181,000",0,"181,000","181,000",0,"181,000"
"=""056123""",新興兆豐46購01  ,0,0,0,"192,000","11,000","181,000","192,000","11,000","181,000"
"=""056699""",奇鋐元大45購08  ,0,0,0,"181,000",0,"181,000","181,000",0,"181,000"
"=""058081""",裕隆元富46購01  ,0,0,0,"231,000","50,000","181,000","231,000","50,000","181,000"
"=""062868""",聯發科統一5C購01,0,0,0,"181,000",0,"181,000","181,000",0,"181,000"
"=""065459""",潤隆國票49購01  ,0,0,0,"351,000","170,000","181,000","351,000","170,000","181,000"
"=""069138""",欣興群益48購03  ,0,0,0,"191,000","10,000","181,000","191,000","10,000","181,000"
"=""072811""",所羅門國票4A購02,0,0,0,"191,000","10,000","181,000","191,000","10,000","181,000"
"=""04593T""",華泰元富35售01  ,0,0,0,"200,000","20,000","180,000","200,000","20,000","180,000"
"=""057434""",美時中信48購01  ,0,0,0,"180,000",0,"180,000","180,000",0,"180,000"
"=""05980T""",亞翔凱基38售04  ,0,0,0,"200,000","20,000","180,000","200,000","20,000","180,000"
"=""059856""",全訊統一53購01  ,0,0,0,"180,000",0,"180,000","180,000",0,"180,000"
"=""063102""",台積電中信4A購01,0,0,0,"386,000","206,000","180,000","386,000","206,000","180,000"
"=""066835""",晶豪科凱基47購02,0,0,0,"200,000","20,000","180,000","200,000","20,000","180,000"
"=""068100""",華邦電元富47購02,0,0,0,"180,000",0,"180,000","180,000",0,"180,000"
"=""071103""",上証2X元大4B購02,0,0,0,"239,000","59,000","180,000","239,000","59,000","180,000"
"=""075867""",聯發科永豐51購01,0,0,0,"198,000","18,000","180,000","198,000","18,000","180,000"
"=""057205""",群創永豐45購01  ,0,0,0,"179,000",0,"179,000","179,000",0,"179,000"
"=""061312""",聯發科富邦46購03,0,0,0,"356,000","177,000","179,000","356,000","177,000","179,000"
"=""064340""",智原凱基4A購01  ,0,0,0,"519,000","340,000","179,000","519,000","340,000","179,000"
"=""070627""",盟立富邦49購02  ,0,0,0,"179,000",0,"179,000","179,000",0,"179,000"
"=""060094""",祥碩國票47購01  ,0,0,0,"1,006,000","828,000","178,000","1,006,000","828,000","178,000"
"=""062443""",金像電國泰48購01,0,0,0,"218,000","40,000","178,000","218,000","40,000","178,000"
"=""063104""",聯發科中信47購02,0,0,0,"202,000","24,000","178,000","202,000","24,000","178,000"
"=""072388""",三芳國票49購02  ,0,0,0,"178,000",0,"178,000","178,000",0,"178,000"
"=""073573""",智易群益4A購01  ,0,0,0,"313,000","135,000","178,000","313,000","135,000","178,000"
"=""074782""",華城元大49購21  ,0,0,0,"200,000","22,000","178,000","200,000","22,000","178,000"
"=""047383""",欣巴巴凱基44購02,0,0,0,"177,000",0,"177,000","177,000",0,"177,000"
"=""049991""",新巨群益43購01  ,0,0,0,"177,000",0,"177,000","177,000",0,"177,000"
"=""055161""",直得元富44購01  ,0,0,0,"196,000","19,000","177,000","196,000","19,000","177,000"
"=""062828""",精誠元大46購08  ,0,0,0,"191,000","14,000","177,000","191,000","14,000","177,000"
"=""063989""",金像電元富49購01,0,0,0,"275,000","98,000","177,000","275,000","98,000","177,000"
"=""066358""",聯發科元富4A購03,0,0,0,"178,000","1,000","177,000","178,000","1,000","177,000"
"=""070014""",華城元富52購01  ,0,0,0,"177,000",0,"177,000","177,000",0,"177,000"
"=""075450""",威強電元大49購10,0,0,0,"177,000",0,"177,000","177,000",0,"177,000"
"=""044309""",力成群益56購02  ,0,0,0,"176,000",0,"176,000","176,000",0,"176,000"
"=""060148""",台泥元大46購01  ,0,0,0,"525,000","349,000","176,000","525,000","349,000","176,000"
"=""061801""",鴻海凱基46購14  ,0,0,0,"197,000","21,000","176,000","197,000","21,000","176,000"
"=""070533""",鉅祥永豐48購01  ,0,0,0,"176,000",0,"176,000","176,000",0,"176,000"
"=""070623""",華城富邦4B購01  ,0,0,0,"216,000","40,000","176,000","216,000","40,000","176,000"
"=""072559""",冠德凱基49購01  ,0,0,0,"236,000","60,000","176,000","236,000","60,000","176,000"
"=""039113""",事欣科元富54購01,0,0,0,"177,000","2,000","175,000","177,000","2,000","175,000"
"=""050067""",聯發科中信43購02,0,0,0,"175,000",0,"175,000","175,000",0,"175,000"
"=""058824""",零壹永豐46購01  ,0,0,0,"180,000","5,000","175,000","180,000","5,000","175,000"
"=""067624""",華泰兆豐3B購02  ,0,0,0,"241,000","66,000","175,000","241,000","66,000","175,000"
"=""067732""",天虹元大47購04  ,0,0,0,"179,000","4,000","175,000","179,000","4,000","175,000"
"=""068944""",穎崴元大4B購01  ,0,0,0,"200,000","25,000","175,000","200,000","25,000","175,000"
"=""073078""",臺股指凱基4B購14,0,0,0,"175,000",0,"175,000","175,000",0,"175,000"
"=""073337""",滬深2X群益4B購03,0,0,0,"182,000","7,000","175,000","182,000","7,000","175,000"
"=""075445""",長榮元大51購03  ,0,0,0,"206,000","31,000","175,000","206,000","31,000","175,000"
"=""042606""",飛宏凱基57購01  ,0,0,0,"174,000",0,"174,000","174,000",0,"174,000"
"=""051539""",定穎控群益43購02,0,0,0,"176,000","2,000","174,000","176,000","2,000","174,000"
"=""056709""",智易元大45購01  ,0,0,0,"174,000",0,"174,000","174,000",0,"174,000"
"=""063489""",奇鋐富邦48購02  ,0,0,0,"174,000",0,"174,000","174,000",0,"174,000"
"=""066336""",玉晶光兆豐47購01,0,0,0,"174,000",0,"174,000","174,000",0,"174,000"
"=""068023""",鴻海元大47購25  ,0,0,0,"176,000","2,000","174,000","176,000","2,000","174,000"
"=""069504""",志強中信48購01  ,0,0,0,"623,000","449,000","174,000","623,000","449,000","174,000"
"=""069688""",迅得元大48購01  ,0,0,0,"174,000",0,"174,000","174,000",0,"174,000"
"=""049576""",台積電永豐49購05,0,0,0,"183,000","10,000","173,000","183,000","10,000","173,000"
"=""058592""",永豐金群益45購01,0,0,0,"193,000","20,000","173,000","193,000","20,000","173,000"
"=""061691""",牧德群益46購01  ,0,0,0,"183,000","10,000","173,000","183,000","10,000","173,000"
"=""062499""",金像電元富4C購01,0,0,0,"202,000","29,000","173,000","202,000","29,000","173,000"
"=""068005""",全新群益47購06  ,0,0,0,"198,000","25,000","173,000","198,000","25,000","173,000"
"=""068679""",奇鋐永豐51購02  ,0,0,0,"229,000","56,000","173,000","229,000","56,000","173,000"
"=""074405""",台塑化國票4A購01,0,0,0,"361,000","188,000","173,000","361,000","188,000","173,000"
"=""074546""",陽明群益49購02  ,0,0,0,"173,000",0,"173,000","173,000",0,"173,000"
"=""075885""",臺企銀國票4A購01,0,0,0,"252,000","79,000","173,000","252,000","79,000","173,000"
"=""047655""",冠德群益48購01  ,0,0,0,"674,000","502,000","172,000","674,000","502,000","172,000"
"=""050647""",旺宏中信44購01  ,0,0,0,"375,000","203,000","172,000","375,000","203,000","172,000"
"=""051866""",東陽富邦45購01  ,0,0,0,"172,000",0,"172,000","172,000",0,"172,000"
"=""059144""",聯電群益45購07  ,0,0,0,"172,000",0,"172,000","172,000",0,"172,000"
"=""060666""",智邦凱基47購01  ,0,0,0,"172,000",0,"172,000","172,000",0,"172,000"
"=""060790""",台灣50元富46購11,0,0,0,"172,000",0,"172,000","172,000",0,"172,000"
"=""068755""",微星凱基51購01  ,0,0,0,"302,000","130,000","172,000","302,000","130,000","172,000"
"=""068778""",立積國泰49購02  ,0,0,0,"174,000","2,000","172,000","174,000","2,000","172,000"
"=""038401""",台達電永豐54購06,0,0,0,"329,000","158,000","171,000","329,000","158,000","171,000"
"=""061952""",洋基永豐47購01  ,0,0,0,"171,000",0,"171,000","171,000",0,"171,000"
"=""062992""",晶碩元大47購01  ,0,0,0,"171,000",0,"171,000","171,000",0,"171,000"
"=""071639""",南亞科中信48購01,0,0,0,"171,000",0,"171,000","171,000",0,"171,000"
"=""072377""",裕民元富48購02  ,0,0,0,"171,000",0,"171,000","171,000",0,"171,000"
"=""072766""",直得群益49購02  ,0,0,0,"221,000","50,000","171,000","221,000","50,000","171,000"
"=""075236""",漢唐元大4B購02  ,0,0,0,"171,000",0,"171,000","171,000",0,"171,000"
"=""035262""",南亞科國票54購01,0,0,0,"170,000",0,"170,000","170,000",0,"170,000"
"=""047675""",亞光富邦42購01  ,0,0,0,"195,000","25,000","170,000","195,000","25,000","170,000"
"=""054255""",碩天富邦44購01  ,0,0,0,"170,000",0,"170,000","170,000",0,"170,000"
"=""056291""",鴻準統一51購01  ,0,0,0,"171,000","1,000","170,000","171,000","1,000","170,000"
"=""056640""",世芯元富45購04  ,0,0,0,"170,000",0,"170,000","170,000",0,"170,000"
"=""058354""",聯電國票47購01  ,0,0,0,"170,000",0,"170,000","170,000",0,"170,000"
"=""059839""",陽明凱基48購04  ,0,0,0,"285,000","115,000","170,000","285,000","115,000","170,000"
"=""062695""",亞光永豐47購03  ,0,0,0,"171,000","1,000","170,000","171,000","1,000","170,000"
"=""063171""",世芯元富49購05  ,0,0,0,"213,000","43,000","170,000","213,000","43,000","170,000"
"=""066706""",同欣電凱基47購01,0,0,0,"178,000","8,000","170,000","178,000","8,000","170,000"
"=""066803""",信邦第一47購01  ,0,0,0,"170,000",0,"170,000","170,000",0,"170,000"
"=""074157""",jpp元大49購01   ,0,0,0,"170,000",0,"170,000","170,000",0,"170,000"
"=""074403""",永崴控國票4A購01,0,0,0,"170,000",0,"170,000","170,000",0,"170,000"
"=""076424""",京城凱基4A購01  ,0,0,0,"236,000","66,000","170,000","236,000","66,000","170,000"
"=""077123""",京元電元大49購02,0,0,0,"210,000","40,000","170,000","210,000","40,000","170,000"
2201  ,裕隆            ,"212,000","80,509","131,491","51,000","13,324","37,676","263,000","93,833","169,167"
"=""055144""",鴻海富邦46購05  ,0,0,0,"169,000",0,"169,000","169,000",0,"169,000"
"=""059951""",富鼎國票46購04  ,0,0,0,"204,000","35,000","169,000","204,000","35,000","169,000"
"=""061700""",達發群益46購01  ,0,0,0,"169,000",0,"169,000","169,000",0,"169,000"
"=""062502""",聯發科元富4A購02,0,0,0,"169,000",0,"169,000","169,000",0,"169,000"
"=""065373""",晶睿群益49購01  ,0,0,0,"169,000",0,"169,000","169,000",0,"169,000"
"=""066788""",華晶科中信47購01,0,0,0,"219,000","50,000","169,000","219,000","50,000","169,000"
6139  ,亞翔            ,"9,000","13,418","-4,418","177,000","4,000","173,000","186,000","17,418","168,582"
1519  ,華城            ,"245,922","88,689","157,233","92,660","81,601","11,059","338,582","170,290","168,292"
"=""051217""",台塑元大43購07  ,0,0,0,"677,000","509,000","168,000","677,000","509,000","168,000"
"=""058265""",A50正2元大45購03,0,0,0,"168,000",0,"168,000","168,000",0,"168,000"
"=""063202""",世芯群益53購01  ,0,0,0,"179,000","11,000","168,000","179,000","11,000","168,000"
"=""065573""",皇昌元富4B購02  ,0,0,0,"168,000",0,"168,000","168,000",0,"168,000"
"=""070008""",穎崴永豐4A購01  ,0,0,0,"172,000","4,000","168,000","172,000","4,000","168,000"
"=""071913""",威強電統一52購01,0,0,0,"368,000","200,000","168,000","368,000","200,000","168,000"
"=""074131""",美時元大49購04  ,0,0,0,"210,000","42,000","168,000","210,000","42,000","168,000"
"=""074994""",偉訓元大4B購02  ,0,0,0,"168,000",0,"168,000","168,000",0,"168,000"
"=""075237""",南亞科元大49購08,0,0,0,"168,000",0,"168,000","168,000",0,"168,000"
3045  ,台灣大          ,"184,000",0,"184,000","2,000","18,300","-16,300","186,000","18,300","167,700"
"=""050832""",緯穎國泰45購03  ,0,0,0,"170,000","3,000","167,000","170,000","3,000","167,000"
"=""055760""",矽力國泰46購03  ,0,0,0,"167,000",0,"167,000","167,000",0,"167,000"
"=""059129""",貿聯凱基46購04  ,0,0,0,"167,000",0,"167,000","167,000",0,"167,000"
"=""061887""",義隆元大46購02  ,0,0,0,"167,000",0,"167,000","167,000",0,"167,000"
"=""066731""",jpp群益48購04   ,0,0,0,"187,000","20,000","167,000","187,000","20,000","167,000"
"=""072620""",華城國泰4A購01  ,0,0,0,"167,000",0,"167,000","167,000",0,"167,000"
"=""075440""",全新元大49購04  ,0,0,0,"167,000",0,"167,000","167,000",0,"167,000"
"=""076509""",旺宏元大49購07  ,0,0,0,"200,000","33,000","167,000","200,000","33,000","167,000"
"=""041349""",矽格國票55購01  ,0,0,0,"166,000",0,"166,000","166,000",0,"166,000"
"=""055179""",元黃金國票46購01,0,0,0,"237,000","71,000","166,000","237,000","71,000","166,000"
"=""067688""",保瑞凱基47購04  ,0,0,0,"235,000","69,000","166,000","235,000","69,000","166,000"
"=""068126""",臺股指元富47購12,0,0,0,"166,000",0,"166,000","166,000",0,"166,000"
"=""069127""",鴻海群益48購10  ,0,0,0,"191,000","25,000","166,000","191,000","25,000","166,000"
"=""047786""",美時元大48購01  ,0,0,0,"165,000",0,"165,000","165,000",0,"165,000"
"=""051924""",萬海群益43購06  ,0,0,0,"165,000",0,"165,000","165,000",0,"165,000"
"=""053415""",訊芯元大46購01  ,0,0,0,"457,000","292,000","165,000","457,000","292,000","165,000"
"=""05672T""",A50正2元富37售02,0,0,0,"220,000","55,000","165,000","220,000","55,000","165,000"
"=""062045""",川湖群益46購10  ,0,0,0,"260,000","95,000","165,000","260,000","95,000","165,000"
"=""067862""",緯穎凱基48購07  ,0,0,0,"165,000",0,"165,000","165,000",0,"165,000"
"=""070920""",群創凱基48購01  ,0,0,0,"165,000",0,"165,000","165,000",0,"165,000"
"=""076113""",富鼎群益49購01  ,0,0,0,"185,000","20,000","165,000","185,000","20,000","165,000"
"=""076681""",皇昌群益49購10  ,0,0,0,"180,000","15,000","165,000","180,000","15,000","165,000"
2355  ,敬鵬            ,"82,000","21,478","60,522","114,000","10,000","104,000","196,000","31,478","164,522"
2457  ,飛宏            ,"3,000","6,679","-3,679","187,999","20,000","167,999","190,999","26,679","164,320"
"=""05000T""",金像電群益38售04,0,0,0,"179,000","15,000","164,000","179,000","15,000","164,000"
"=""057210""",神達永豐47購01  ,0,0,0,"169,000","5,000","164,000","169,000","5,000","164,000"
"=""060894""",材料中信4A購01  ,0,0,0,"210,000","46,000","164,000","210,000","46,000","164,000"
"=""061413""",材料群益46購10  ,0,0,0,"361,000","197,000","164,000","361,000","197,000","164,000"
"=""065287""",潤泰新永豐4A購01,0,0,0,"351,000","187,000","164,000","351,000","187,000","164,000"
"=""066917""",大立光群益47購10,0,0,0,"321,000","157,000","164,000","321,000","157,000","164,000"
"=""070069""",堤維西凱基49購01,0,0,0,"168,000","4,000","164,000","168,000","4,000","164,000"
"=""070647""",台積電凱基48購22,0,0,0,"172,000","8,000","164,000","172,000","8,000","164,000"
"=""071096""",訊芯群益48購04  ,0,0,0,"164,000",0,"164,000","164,000",0,"164,000"
"=""071287""",南亞科元富48購03,0,0,0,"172,000","8,000","164,000","172,000","8,000","164,000"
"=""073081""",永續息元富49購01,0,0,0,"164,000",0,"164,000","164,000",0,"164,000"
"=""074097""",所羅門群益49購07,0,0,0,"505,000","341,000","164,000","505,000","341,000","164,000"
"=""050964""",元日2X元富49購02,0,0,0,"571,000","408,000","163,000","571,000","408,000","163,000"
"=""05615T""",台勝科元大37售05,0,0,0,"200,000","37,000","163,000","200,000","37,000","163,000"
"=""058899""",陽明元大45購10  ,0,0,0,"722,000","559,000","163,000","722,000","559,000","163,000"
"=""065346""",洋基國泰48購01  ,0,0,0,"163,000",0,"163,000","163,000",0,"163,000"
"=""068952""",臺股指元大48購20,0,0,0,"163,000",0,"163,000","163,000",0,"163,000"
"=""069885""",精銳凱基48購04  ,0,0,0,"189,000","26,000","163,000","189,000","26,000","163,000"
"=""072683""",台積電國票4A購07,0,0,0,"176,000","13,000","163,000","176,000","13,000","163,000"
"=""076043""",健策中信49購02  ,0,0,0,"163,000",0,"163,000","163,000",0,"163,000"
5871  ,中租-KY         ,"167,000","4,000","163,000","3,000","3,714",-714,"170,000","7,714","162,286"
"=""047382""",視陽凱基43購01  ,0,0,0,"212,000","50,000","162,000","212,000","50,000","162,000"
"=""051084""",建漢永豐46購01  ,0,0,0,"162,000",0,"162,000","162,000",0,"162,000"
"=""057424""",英業達兆豐45購01,0,0,0,"300,000","138,000","162,000","300,000","138,000","162,000"
"=""061376""",矽創國票47購01  ,0,0,0,"194,000","32,000","162,000","194,000","32,000","162,000"
"=""062426""",國泰金永豐47購01,0,0,0,"278,000","116,000","162,000","278,000","116,000","162,000"
"=""065706""",群創群益3B購01  ,0,0,0,"162,000",0,"162,000","162,000",0,"162,000"
"=""065777""",精英統一3B購01  ,0,0,0,"190,000","28,000","162,000","190,000","28,000","162,000"
"=""074208""",T50正2凱基55購01,0,0,0,"325,000","163,000","162,000","325,000","163,000","162,000"
"=""076563""",台驊控國票53購01,0,0,0,"166,000","4,000","162,000","166,000","4,000","162,000"
"=""076902""",南港凱基4A購01  ,0,0,0,"162,000",0,"162,000","162,000",0,"162,000"
3019  ,亞光            ,"148,000","8,108","139,892","22,220","1,000","21,220","170,220","9,108","161,112"
"=""051024""",鴻海凱基47購02  ,0,0,0,"163,000","2,000","161,000","163,000","2,000","161,000"
"=""053248""",陽明元大44購08  ,0,0,0,"161,000",0,"161,000","161,000",0,"161,000"
"=""053939""",萬海統一4A購01  ,0,0,0,"161,000",0,"161,000","161,000",0,"161,000"
"=""057914""",SGBR2X元大47購03,0,0,0,"496,000","335,000","161,000","496,000","335,000","161,000"
"=""060971""",奇鋐元富47購02  ,0,0,0,"492,000","331,000","161,000","492,000","331,000","161,000"
"=""065366""",智原群益47購04  ,0,0,0,"265,000","104,000","161,000","265,000","104,000","161,000"
"=""067144""",智邦元大4A購03  ,0,0,0,"161,000",0,"161,000","161,000",0,"161,000"
"=""069400""",智原統一58購01  ,0,0,0,"161,000",0,"161,000","161,000",0,"161,000"
"=""074418""",聯電富邦4B購03  ,0,0,0,"161,000",0,"161,000","161,000",0,"161,000"
"=""056662""",洋華國票45購01  ,0,0,0,"300,000","140,000","160,000","300,000","140,000","160,000"
"=""058239""",台積電凱基45購22,0,0,0,"160,000",0,"160,000","160,000",0,"160,000"
"=""058712""",迅得國票48購01  ,0,0,0,"160,000",0,"160,000","160,000",0,"160,000"
"=""062112""",訊芯元大49購04  ,0,0,0,"160,000",0,"160,000","160,000",0,"160,000"
"=""062886""",台光電元富4A購05,0,0,0,"160,000",0,"160,000","160,000",0,"160,000"
"=""063069""",創意永豐49購02  ,0,0,0,"160,000",0,"160,000","160,000",0,"160,000"
"=""063141""",保瑞凱基46購09  ,0,0,0,"160,000",0,"160,000","160,000",0,"160,000"
"=""063382""",上銀富邦48購01  ,0,0,0,"160,000",0,"160,000","160,000",0,"160,000"
"=""065274""",偉詮電永豐4A購01,0,0,0,"160,000",0,"160,000","160,000",0,"160,000"
"=""066346""",華晶科富邦49購01,0,0,0,"160,000",0,"160,000","160,000",0,"160,000"
"=""066907""",廣宇群益47購04  ,0,0,0,"160,000",0,"160,000","160,000",0,"160,000"
"=""067278""",裕慶國泰48購01  ,0,0,0,"160,000",0,"160,000","160,000",0,"160,000"
"=""067531""",泰金寶元大47購08,0,0,0,"160,000",0,"160,000","160,000",0,"160,000"
"=""072317""",亞翔中信49購01  ,0,0,0,"170,000","10,000","160,000","170,000","10,000","160,000"
"=""074703""",國巨元富49購03  ,0,0,0,"301,000","141,000","160,000","301,000","141,000","160,000"
"=""075447""",慧洋元大49購14  ,0,0,0,"293,000","133,000","160,000","293,000","133,000","160,000"
"=""075748""",友達群益53購01  ,0,0,0,"160,000",0,"160,000","160,000",0,"160,000"
"=""00717 """,富邦美國特別股  ,0,0,0,"268,000","109,000","159,000","268,000","109,000","159,000"
"=""051155""",美費半國票44購02,0,0,0,"261,000","102,000","159,000","261,000","102,000","159,000"
"=""058023""",台積電凱基47購07,0,0,0,"299,000","140,000","159,000","299,000","140,000","159,000"
"=""058267""",元債2X元大53購01,0,0,0,"198,000","39,000","159,000","198,000","39,000","159,000"
"=""060520""",京元電凱基47購03,0,0,0,"159,000",0,"159,000","159,000",0,"159,000"
"=""062401""",泰金寶凱基46購01,0,0,0,"159,000",0,"159,000","159,000",0,"159,000"
"=""065671""",大立光凱基48購04,0,0,0,"159,000",0,"159,000","159,000",0,"159,000"
"=""069236""",緯創元富48購06  ,0,0,0,"263,000","104,000","159,000","263,000","104,000","159,000"
"=""069574""",宇隆統一54購02  ,0,0,0,"181,000","22,000","159,000","181,000","22,000","159,000"
"=""073258""",亞德客元富53購01,0,0,0,"159,000",0,"159,000","159,000",0,"159,000"
"=""073545""",華城群益49購02  ,0,0,0,"159,000",0,"159,000","159,000",0,"159,000"
"=""047637""",晶心科國票43購01,0,0,0,"158,000",0,"158,000","158,000",0,"158,000"
"=""056865""",智易凱基45購01  ,0,0,0,"158,000",0,"158,000","158,000",0,"158,000"
"=""066568""",建準統一43購01  ,0,0,0,"702,000","544,000","158,000","702,000","544,000","158,000"
"=""067074""",中502X凱基3B購01,0,0,0,"180,000","22,000","158,000","180,000","22,000","158,000"
"=""067696""",台泥元大47購04  ,0,0,0,"158,000",0,"158,000","158,000",0,"158,000"
"=""072420""",矽格富邦48購01  ,0,0,0,"190,000","32,000","158,000","190,000","32,000","158,000"
"=""072434""",直得凱基48購01  ,0,0,0,"158,000",0,"158,000","158,000",0,"158,000"
"=""073342""",大成鋼群益4A購04,0,0,0,"168,000","10,000","158,000","168,000","10,000","158,000"
"=""075000""",群創元大49購04  ,0,0,0,"168,000","10,000","158,000","168,000","10,000","158,000"
"=""040957""",亞翔群益54購04  ,0,0,0,"160,000","3,000","157,000","160,000","3,000","157,000"
"=""049812""",臺股指元大45購13,0,0,0,"553,000","396,000","157,000","553,000","396,000","157,000"
"=""056127""",上銀國泰46購02  ,0,0,0,"157,000",0,"157,000","157,000",0,"157,000"
"=""063787""",上銀台新46購02  ,0,0,0,"157,000",0,"157,000","157,000",0,"157,000"
"=""065086""",鴻海統一3B購02  ,0,0,0,"157,000",0,"157,000","157,000",0,"157,000"
"=""068287""",世紀鋼中信3B購01,0,0,0,"160,000","3,000","157,000","160,000","3,000","157,000"
"=""069960""",精銳群益48購06  ,0,0,0,"170,000","13,000","157,000","170,000","13,000","157,000"
"=""069983""",台郡統一52購01  ,0,0,0,"157,000",0,"157,000","157,000",0,"157,000"
"=""070639""",台化凱基48購05  ,0,0,0,"157,000",0,"157,000","157,000",0,"157,000"
"=""071813""",玉晶光國票49購03,0,0,0,"157,000",0,"157,000","157,000",0,"157,000"
"=""072012""",南亞科國泰49購02,0,0,0,"157,000",0,"157,000","157,000",0,"157,000"
"=""075333""",華城凱基51購03  ,0,0,0,"157,000",0,"157,000","157,000",0,"157,000"
"=""075763""",世芯群益49購15  ,0,0,0,"177,000","20,000","157,000","177,000","20,000","157,000"
"=""075839""",欣興元大4A購01  ,0,0,0,"157,000",0,"157,000","157,000",0,"157,000"
"=""03785T""",矽統元富34售04  ,0,0,0,"179,000","23,000","156,000","179,000","23,000","156,000"
"=""042128""",日電貿國票55購01,0,0,0,"219,000","63,000","156,000","219,000","63,000","156,000"
"=""05322T""",陽明永豐36售03  ,0,0,0,"156,000",0,"156,000","156,000",0,"156,000"
"=""067794""",神基元富4A購01  ,0,0,0,"159,000","3,000","156,000","159,000","3,000","156,000"
"=""068348""",聯詠永豐49購01  ,0,0,0,"156,000",0,"156,000","156,000",0,"156,000"
"=""072625""",世紀鋼國泰4A購01,0,0,0,"156,000",0,"156,000","156,000",0,"156,000"
"=""073213""",廣宇國票4A購01  ,0,0,0,"156,000",0,"156,000","156,000",0,"156,000"
"=""00668 """,國泰美國道瓊    ,0,0,0,"331,238","176,001","155,237","331,238","176,001","155,237"
"=""046446""",京元電統一47購01,0,0,0,"206,000","51,000","155,000","206,000","51,000","155,000"
"=""049063""",材料凱基43購09  ,0,0,0,"155,000",0,"155,000","155,000",0,"155,000"
"=""05654T""",華邦電元大37售16,0,0,0,"203,000","48,000","155,000","203,000","48,000","155,000"
"=""061876""",仁寶元大46購07  ,0,0,0,"157,000","2,000","155,000","157,000","2,000","155,000"
"=""062686""",鴻海永豐47購11  ,0,0,0,"155,000",0,"155,000","155,000",0,"155,000"
"=""063695""",全新永豐4C購01  ,0,0,0,"155,000",0,"155,000","155,000",0,"155,000"
"=""064281""",台光電元大46購16,0,0,0,"155,000",0,"155,000","155,000",0,"155,000"
"=""065981""",神達元大4A購04  ,0,0,0,"155,000",0,"155,000","155,000",0,"155,000"
"=""066307""",台灣50中信4A購03,0,0,0,"160,000","5,000","155,000","160,000","5,000","155,000"
"=""068621""",世芯元大48購14  ,0,0,0,"155,000",0,"155,000","155,000",0,"155,000"
"=""072519""",中工群益4B購02  ,0,0,0,"155,000",0,"155,000","155,000",0,"155,000"
"=""074821""",嘉澤元大4A購03  ,0,0,0,"155,000",0,"155,000","155,000",0,"155,000"
"=""075273""",台積電國票51購04,0,0,0,"167,000","12,000","155,000","167,000","12,000","155,000"
"=""075700""",立積富邦4A購03  ,0,0,0,"155,000",0,"155,000","155,000",0,"155,000"
"=""04786T""",華城國票37售02  ,0,0,0,"211,000","57,000","154,000","211,000","57,000","154,000"
"=""054895""",台積電元富47購05,0,0,0,"154,000",0,"154,000","154,000",0,"154,000"
"=""057137""",創意群益45購05  ,0,0,0,"161,000","7,000","154,000","161,000","7,000","154,000"
"=""060346""",英業達元大46購03,0,0,0,"154,000",0,"154,000","154,000",0,"154,000"
"=""064940""",川湖永豐48購04  ,0,0,0,"159,000","5,000","154,000","159,000","5,000","154,000"
"=""065979""",世芯元大47購18  ,0,0,0,"154,000",0,"154,000","154,000",0,"154,000"
"=""067861""",神基富邦3B購01  ,0,0,0,"199,000","45,000","154,000","199,000","45,000","154,000"
"=""069244""",臺股指元富48購03,0,0,0,"154,000",0,"154,000","154,000",0,"154,000"
"=""072531""",材料群益48購08  ,0,0,0,"154,000",0,"154,000","154,000",0,"154,000"
"=""073409""",致茂富邦49購01  ,0,0,0,"154,000",0,"154,000","154,000",0,"154,000"
"=""074741""",臺股指國票4A購03,0,0,0,"154,000",0,"154,000","154,000",0,"154,000"
"=""074771""",漢唐永豐4A購01  ,0,0,0,"165,000","11,000","154,000","165,000","11,000","154,000"
"=""074901""",台積電凱基53購07,0,0,0,"164,000","10,000","154,000","164,000","10,000","154,000"
"=""075302""",材料中信49購03  ,0,0,0,"154,000",0,"154,000","154,000",0,"154,000"
"=""052286""",堤維西國票43購01,0,0,0,"153,000",0,"153,000","153,000",0,"153,000"
"=""061755""",鴻準元富46購02  ,0,0,0,"163,000","10,000","153,000","163,000","10,000","153,000"
"=""067945""",台塑永豐48購02  ,0,0,0,"157,000","4,000","153,000","157,000","4,000","153,000"
"=""072131""",健和興統一52購01,0,0,0,"169,000","16,000","153,000","169,000","16,000","153,000"
"=""072301""",景碩元富48購03  ,0,0,0,"153,000",0,"153,000","153,000",0,"153,000"
"=""072997""",臺股指元大4B購12,0,0,0,"153,000",0,"153,000","153,000",0,"153,000"
"=""073402""",勤誠元大49購03  ,0,0,0,"215,000","62,000","153,000","215,000","62,000","153,000"
"=""075029""",智原群益4A購01  ,0,0,0,"153,000",0,"153,000","153,000",0,"153,000"
"=""076115""",中502X元富4A購06,0,0,0,"170,000","17,000","153,000","170,000","17,000","153,000"
"=""056221""",長榮航群益44購02,0,0,0,"152,000",0,"152,000","152,000",0,"152,000"
"=""061058""",緯穎元大4C購02  ,0,0,0,"252,000","100,000","152,000","252,000","100,000","152,000"
"=""063732""",統一國票46購01  ,0,0,0,"164,000","12,000","152,000","164,000","12,000","152,000"
"=""063956""",晟銘電永豐47購02,0,0,0,"172,000","20,000","152,000","172,000","20,000","152,000"
"=""073377""",華邦電元大4A購01,0,0,0,"152,000",0,"152,000","152,000",0,"152,000"
"=""074522""",欣興凱基49購05  ,0,0,0,"152,000",0,"152,000","152,000",0,"152,000"
"=""00896 """,中信綠能及電動車,0,"673,000","-673,000","1,674,316","849,865","824,451","1,674,316","1,522,865","151,451"
2474  ,可成            ,"159,000","2,500","156,500","7,000","12,294","-5,294","166,000","14,794","151,206"
"=""03414T""",華通中信33售04  ,0,0,0,"151,000",0,"151,000","151,000",0,"151,000"
"=""042132""",貿聯國票55購01  ,0,0,0,"276,000","125,000","151,000","276,000","125,000","151,000"
"=""045967""",全新統一48購02  ,0,0,0,"157,000","6,000","151,000","157,000","6,000","151,000"
"=""057179""",欣興凱基46購03  ,0,0,0,"151,000",0,"151,000","151,000",0,"151,000"
"=""057645""",虹堡凱基45購01  ,0,0,0,"151,000",0,"151,000","151,000",0,"151,000"
"=""063743""",陽明國票47購03  ,0,0,0,"195,000","44,000","151,000","195,000","44,000","151,000"
"=""065670""",陽明凱基4C購02  ,0,0,0,"151,000",0,"151,000","151,000",0,"151,000"
"=""071680""",國巨群益48購04  ,0,0,0,"151,000",0,"151,000","151,000",0,"151,000"
"=""074378""",中502X國票4C購02,0,0,0,"161,000","10,000","151,000","161,000","10,000","151,000"
"=""046771""",台達電群益44購04,0,0,0,"150,000",0,"150,000","150,000",0,"150,000"
"=""049581""",農林永豐44購01  ,0,0,0,"150,000",0,"150,000","150,000",0,"150,000"
"=""049766""",藍天凱基43購02  ,0,0,0,"185,000","35,000","150,000","185,000","35,000","150,000"
"=""051682""",材料凱基43購11  ,0,0,0,"169,000","19,000","150,000","169,000","19,000","150,000"
"=""052766""",長榮太凱基46購01,0,0,0,"171,000","21,000","150,000","171,000","21,000","150,000"
"=""05297T""",宏�硌s益36售04  ,0,0,0,"205,000","55,000","150,000","205,000","55,000","150,000"
"=""055442""",鴻準群益44購02  ,0,0,0,"150,000",0,"150,000","150,000",0,"150,000"
"=""055519""",一詮國票44購01  ,0,0,0,"150,000",0,"150,000","150,000",0,"150,000"
"=""057873""",鴻準富邦48購01  ,0,0,0,"150,000",0,"150,000","150,000",0,"150,000"
"=""059073""",訊芯國票46購01  ,0,0,0,"150,000",0,"150,000","150,000",0,"150,000"
"=""059379""",富鼎元大45購05  ,0,0,0,"150,000",0,"150,000","150,000",0,"150,000"
"=""060719""",漢唐群益48購01  ,0,0,0,"150,000",0,"150,000","150,000",0,"150,000"
"=""061149""",世芯元富46購07  ,0,0,0,"150,000",0,"150,000","150,000",0,"150,000"
"=""061445""",國企2X元大46購04,0,0,0,"150,000",0,"150,000","150,000",0,"150,000"
"=""061446""",SGBR2X元大46購02,0,0,0,"150,000",0,"150,000","150,000",0,"150,000"
"=""061447""",SGBR2X元大48購01,0,0,0,"150,000",0,"150,000","150,000",0,"150,000"
"=""061708""",陽明中信49購01  ,0,0,0,"150,000",0,"150,000","150,000",0,"150,000"
"=""062738""",FANG+富邦48購01 ,0,0,0,"150,000",0,"150,000","150,000",0,"150,000"
"=""063100""",台積電中信47購07,0,0,0,"150,000",0,"150,000","150,000",0,"150,000"
"=""063339""",FANG+凱基46購01 ,0,0,0,"150,000",0,"150,000","150,000",0,"150,000"
"=""063872""",台積電元大46購32,0,0,0,"150,000",0,"150,000","150,000",0,"150,000"
"=""064562""",全新國票49購01  ,0,0,0,"150,000",0,"150,000","150,000",0,"150,000"
"=""064709""",海悅群益47購03  ,0,0,0,"150,000",0,"150,000","150,000",0,"150,000"
"=""064834""",遠東新永豐47購01,0,0,0,"150,000",0,"150,000","150,000",0,"150,000"
"=""065485""",東哥國票49購01  ,0,0,0,"161,000","11,000","150,000","161,000","11,000","150,000"
"=""065541""",迅得富邦4A購02  ,0,0,0,"150,000",0,"150,000","150,000",0,"150,000"
"=""066783""",矽創元大47購01  ,0,0,0,"150,000",0,"150,000","150,000",0,"150,000"
"=""067276""",來億國泰48購01  ,0,0,0,"201,000","51,000","150,000","201,000","51,000","150,000"
"=""067287""",旺宏群益48購01  ,0,0,0,"150,000",0,"150,000","150,000",0,"150,000"
"=""068515""",群創元大48購02  ,0,0,0,"150,000",0,"150,000","150,000",0,"150,000"
"=""068671""",台積電永豐48購10,0,0,0,"150,000",0,"150,000","150,000",0,"150,000"
"=""069988""",美利達統一52購02,0,0,0,"150,000",0,"150,000","150,000",0,"150,000"
"=""071360""",上銀元大48購16  ,0,0,0,"150,000",0,"150,000","150,000",0,"150,000"
"=""071364""",南亞科元大48購01,0,0,0,"150,000",0,"150,000","150,000",0,"150,000"
"=""071532""",奇鋐元大49購08  ,0,0,0,"150,000",0,"150,000","150,000",0,"150,000"
"=""072382""",大銀元富49購04  ,0,0,0,"150,000",0,"150,000","150,000",0,"150,000"
"=""073077""",勤誠凱基4B購01  ,0,0,0,"215,000","65,000","150,000","215,000","65,000","150,000"
"=""073169""",材料元大49購03  ,0,0,0,"155,000","5,000","150,000","155,000","5,000","150,000"
"=""073177""",中鴻統一53購03  ,0,0,0,"153,000","3,000","150,000","153,000","3,000","150,000"
"=""073467""",中502X國票4A購01,0,0,0,"150,000",0,"150,000","150,000",0,"150,000"
"=""073469""",普安國票49購01  ,0,0,0,"150,000",0,"150,000","150,000",0,"150,000"
"=""073838""",台達電元大49購01,0,0,0,"150,000",0,"150,000","150,000",0,"150,000"
"=""073842""",台積電元大52購04,0,0,0,"150,000",0,"150,000","150,000",0,"150,000"
"=""074029""",世芯元富49購12  ,0,0,0,"150,000",0,"150,000","150,000",0,"150,000"
"=""074619""",南亞科富邦4B購03,0,0,0,"150,000",0,"150,000","150,000",0,"150,000"
"=""074783""",華城元大4A購04  ,0,0,0,"150,000",0,"150,000","150,000",0,"150,000"
"=""075247""",智原元大49購03  ,0,0,0,"150,000",0,"150,000","150,000",0,"150,000"
"=""075473""",一詮國泰4A購01  ,0,0,0,"150,000",0,"150,000","150,000",0,"150,000"
"=""075768""",力成群益4A購01  ,0,0,0,"160,000","10,000","150,000","160,000","10,000","150,000"
"=""076031""",威盛富邦49購01  ,0,0,0,"150,000",0,"150,000","150,000",0,"150,000"
"=""076676""",所羅門群益49購08,0,0,0,"235,000","85,000","150,000","235,000","85,000","150,000"
"=""076677""",南亞科群益4B購06,0,0,0,"150,000",0,"150,000","150,000",0,"150,000"
"=""07969U""",臺股指群益34售10,0,0,0,"200,000","50,000","150,000","200,000","50,000","150,000"
"=""00701 """,國泰股利精選30  ,0,0,0,"439,000","289,095","149,905","439,000","289,095","149,905"
"=""051656""",鉅祥群益45購02  ,0,0,0,"149,000",0,"149,000","149,000",0,"149,000"
"=""053465""",威盛凱基44購03  ,0,0,0,"149,000",0,"149,000","149,000",0,"149,000"
"=""062039""",T50正2群益46購05,0,0,0,"226,000","77,000","149,000","226,000","77,000","149,000"
"=""063759""",元債2X元富5C購03,0,0,0,"151,000","2,000","149,000","151,000","2,000","149,000"
"=""066207""",鴻海群益49購05  ,0,0,0,"149,000",0,"149,000","149,000",0,"149,000"
"=""066218""",玉晶光群益47購05,0,0,0,"292,000","143,000","149,000","292,000","143,000","149,000"
"=""066695""",世芯凱基4A購04  ,0,0,0,"210,000","61,000","149,000","210,000","61,000","149,000"
"=""070114""",長榮航元大48購03,0,0,0,"215,000","66,000","149,000","215,000","66,000","149,000"
"=""070650""",鴻準凱基48購03  ,0,0,0,"152,000","3,000","149,000","152,000","3,000","149,000"
"=""071551""",材料元大48購14  ,0,0,0,"149,000",0,"149,000","149,000",0,"149,000"
"=""075388""",威強電群益4B購01,0,0,0,"232,000","83,000","149,000","232,000","83,000","149,000"
"=""051168""",潤隆國泰45購01  ,0,0,0,"178,000","30,000","148,000","178,000","30,000","148,000"
"=""051402""",華碩中信43購01  ,0,0,0,"148,000",0,"148,000","148,000",0,"148,000"
"=""056039""",世芯凱基46購08  ,0,0,0,"148,000",0,"148,000","148,000",0,"148,000"
"=""059904""",興富發群益45購01,0,0,0,"496,000","348,000","148,000","496,000","348,000","148,000"
"=""061274""",雲豹凱基46購02  ,0,0,0,"148,000",0,"148,000","148,000",0,"148,000"
"=""062399""",達發凱基48購01  ,0,0,0,"148,000",0,"148,000","148,000",0,"148,000"
"=""064067""",智原元大4A購03  ,0,0,0,"148,000",0,"148,000","148,000",0,"148,000"
"=""064728""",碩天群益46購03  ,0,0,0,"148,000",0,"148,000","148,000",0,"148,000"
"=""071735""",致伸統一58購01  ,0,0,0,"159,000","11,000","148,000","159,000","11,000","148,000"
"=""072174""",鉅祥國票48購01  ,0,0,0,"151,000","3,000","148,000","151,000","3,000","148,000"
"=""074770""",宏�皏藕�4A購01  ,0,0,0,"148,000",0,"148,000","148,000",0,"148,000"
"=""075580""",裕民元大49購10  ,0,0,0,"213,000","65,000","148,000","213,000","65,000","148,000"
"=""076858""",華碩元大49購07  ,0,0,0,"303,000","155,000","148,000","303,000","155,000","148,000"
"=""060716""",大同群益46購02  ,0,0,0,"238,000","91,000","147,000","238,000","91,000","147,000"
"=""061393""",致茂群益46購05  ,0,0,0,"147,000",0,"147,000","147,000",0,"147,000"
"=""062789""",臺股指群益49購14,0,0,0,"245,000","98,000","147,000","245,000","98,000","147,000"
"=""073851""",一詮元大49購04  ,0,0,0,"546,000","399,000","147,000","546,000","399,000","147,000"
"=""044397""",緯穎永豐58購02  ,0,0,0,"191,000","45,000","146,000","191,000","45,000","146,000"
"=""049819""",華擎富邦37購01  ,0,0,0,"154,000","8,000","146,000","154,000","8,000","146,000"
"=""061444""",台灣50元大48購05,0,0,0,"246,000","100,000","146,000","246,000","100,000","146,000"
"=""061744""",矽力兆豐46購01  ,0,0,0,"671,000","525,000","146,000","671,000","525,000","146,000"
"=""064383""",台積電富邦4A購01,0,0,0,"146,000",0,"146,000","146,000",0,"146,000"
"=""066704""",亞翔凱基47購03  ,0,0,0,"147,000","1,000","146,000","147,000","1,000","146,000"
"=""067187""",元債2X富邦4B購03,0,0,0,"148,000","2,000","146,000","148,000","2,000","146,000"
"=""067296""",智原群益47購07  ,0,0,0,"219,000","73,000","146,000","219,000","73,000","146,000"
"=""067570""",廣宇富邦49購01  ,0,0,0,"196,000","50,000","146,000","196,000","50,000","146,000"
"=""069412""",啟�眵峇@52購02  ,0,0,0,"146,000",0,"146,000","146,000",0,"146,000"
"=""069699""",所羅門富邦48購01,0,0,0,"154,000","8,000","146,000","154,000","8,000","146,000"
"=""071512""",亞德客元大48購04,0,0,0,"160,000","14,000","146,000","160,000","14,000","146,000"
"=""072258""",華晶科元大48購01,0,0,0,"148,000","2,000","146,000","148,000","2,000","146,000"
"=""048065""",和大統一4B購01  ,0,0,0,"222,000","77,000","145,000","222,000","77,000","145,000"
"=""05045T""",技嘉凱基38售05  ,0,0,0,"165,000","20,000","145,000","165,000","20,000","145,000"
"=""055488""",一詮元大48購02  ,0,0,0,"145,000",0,"145,000","145,000",0,"145,000"
"=""058928""",台積電群益45購22,0,0,0,"167,000","22,000","145,000","167,000","22,000","145,000"
"=""060564""",上証2X元大47購02,0,0,0,"145,000",0,"145,000","145,000",0,"145,000"
"=""062430""",貿聯永豐48購01  ,0,0,0,"225,000","80,000","145,000","225,000","80,000","145,000"
"=""064510""",景碩群益46購09  ,0,0,0,"145,000",0,"145,000","145,000",0,"145,000"
"=""066183""",直得永豐49購01  ,0,0,0,"145,000",0,"145,000","145,000",0,"145,000"
"=""072182""",玉晶光國票4A購02,0,0,0,"155,000","10,000","145,000","155,000","10,000","145,000"
"=""073368""",大成鋼元大4A購04,0,0,0,"145,000",0,"145,000","145,000",0,"145,000"
"=""074748""",聯發科統一53購05,0,0,0,"155,000","10,000","145,000","155,000","10,000","145,000"
"=""061916""",勤誠元大46購02  ,0,0,0,"201,000","57,000","144,000","201,000","57,000","144,000"
"=""066173""",滬深2X永豐47購06,0,0,0,"144,000",0,"144,000","144,000",0,"144,000"
"=""068727""",台達電群益48購02,0,0,0,"199,000","55,000","144,000","199,000","55,000","144,000"
"=""072567""",神達凱基49購03  ,0,0,0,"154,000","10,000","144,000","154,000","10,000","144,000"
"=""075796""",台積電元富4A購16,0,0,0,"203,000","59,000","144,000","203,000","59,000","144,000"
"=""053295""",鴻海凱基45購11  ,0,0,0,"143,000",0,"143,000","143,000",0,"143,000"
"=""054326""",皇昌群益46購04  ,0,0,0,"731,000","588,000","143,000","731,000","588,000","143,000"
"=""058266""",元債2X元大51購01,0,0,0,"225,000","82,000","143,000","225,000","82,000","143,000"
"=""059756""",陽明元大48購02  ,0,0,0,"143,000",0,"143,000","143,000",0,"143,000"
"=""062717""",台積電元富47購06,0,0,0,"143,000",0,"143,000","143,000",0,"143,000"
"=""068222""",立隆電群益48購02,0,0,0,"143,000",0,"143,000","143,000",0,"143,000"
"=""069050""",台積電凱基4A購19,0,0,0,"143,000",0,"143,000","143,000",0,"143,000"
"=""073012""",奇鋐中信49購01  ,0,0,0,"185,000","42,000","143,000","185,000","42,000","143,000"
"=""051597""",嘉澤統一48購01  ,0,0,0,"142,000",0,"142,000","142,000",0,"142,000"
"=""05312T""",緯創凱基37售12  ,0,0,0,"343,000","201,000","142,000","343,000","201,000","142,000"
"=""054715""",力成中信44購01  ,0,0,0,"162,000","20,000","142,000","162,000","20,000","142,000"
"=""056870""",采鈺凱基45購02  ,0,0,0,"194,000","52,000","142,000","194,000","52,000","142,000"
"=""062069""",滬深2X元大46購11,0,0,0,"142,000",0,"142,000","142,000",0,"142,000"
"=""062287""",所羅門群益46購01,0,0,0,"142,000",0,"142,000","142,000",0,"142,000"
"=""065315""",智原統一51購01  ,0,0,0,"142,000",0,"142,000","142,000",0,"142,000"
"=""066323""",奇鋐永豐4A購02  ,0,0,0,"142,000",0,"142,000","142,000",0,"142,000"
"=""067064""",威盛群益47購09  ,0,0,0,"142,000",0,"142,000","142,000",0,"142,000"
"=""069630""",長榮凱基48購04  ,0,0,0,"142,000",0,"142,000","142,000",0,"142,000"
"=""071235""",晶豪科第一48購01,0,0,0,"142,000",0,"142,000","142,000",0,"142,000"
"=""071548""",大銀元大48購07  ,0,0,0,"142,000",0,"142,000","142,000",0,"142,000"
"=""075055""",台積電國泰4A購04,0,0,0,"142,000",0,"142,000","142,000",0,"142,000"
"=""044791""",鴻海統一6B購01  ,0,0,0,"190,000","49,000","141,000","190,000","49,000","141,000"
"=""054453""",貿聯群益46購01  ,0,0,0,"150,000","9,000","141,000","150,000","9,000","141,000"
"=""060558""",至上富邦46購01  ,0,0,0,"141,000",0,"141,000","141,000",0,"141,000"
"=""062605""",臺股指元大49購12,0,0,0,"172,000","31,000","141,000","172,000","31,000","141,000"
"=""069047""",健策元富3C購01  ,0,0,0,"181,000","40,000","141,000","181,000","40,000","141,000"
"=""072245""",聯發科元大51購07,0,0,0,"151,000","10,000","141,000","151,000","10,000","141,000"
"=""075995""",旺宏元大49購05  ,0,0,0,"149,000","8,000","141,000","149,000","8,000","141,000"
2332  ,友訊            ,"128,000","18,000","110,000","37,000","6,000","31,000","165,000","24,000","141,000"
"=""051055""",萬海元大43購14  ,0,0,0,"140,000",0,"140,000","140,000",0,"140,000"
"=""051578""",迎廣元富49購01  ,0,0,0,"140,000",0,"140,000","140,000",0,"140,000"
"=""061466""",可成元大4C購01  ,0,0,0,"150,000","10,000","140,000","150,000","10,000","140,000"
"=""063020""",世芯群益48購09  ,0,0,0,"224,000","84,000","140,000","224,000","84,000","140,000"
"=""064896""",達發群益47購01  ,0,0,0,"140,000",0,"140,000","140,000",0,"140,000"
"=""064987""",長榮元富61購01  ,0,0,0,"140,000",0,"140,000","140,000",0,"140,000"
"=""065779""",台積電富邦49購03,0,0,0,"140,000",0,"140,000","140,000",0,"140,000"
"=""066119""",台塑統一51購03  ,0,0,0,"140,000",0,"140,000","140,000",0,"140,000"
"=""067425""",矽力中信3B購01  ,0,0,0,"140,000",0,"140,000","140,000",0,"140,000"
"=""068326""",台塑化元大48購01,0,0,0,"190,000","50,000","140,000","190,000","50,000","140,000"
"=""069964""",矽力群益48購02  ,0,0,0,"150,000","10,000","140,000","150,000","10,000","140,000"
"=""072018""",中502X元大4B購01,0,0,0,"140,000",0,"140,000","140,000",0,"140,000"
"=""072044""",慧洋元大48購06  ,0,0,0,"193,000","53,000","140,000","193,000","53,000","140,000"
"=""073291""",亞德客凱基49購02,0,0,0,"140,000",0,"140,000","140,000",0,"140,000"
"=""073374""",台積電元大49購11,0,0,0,"210,000","70,000","140,000","210,000","70,000","140,000"
"=""073845""",華邦電元大51購01,0,0,0,"230,000","90,000","140,000","230,000","90,000","140,000"
"=""074212""",SGBR2X凱基4A購01,0,0,0,"214,000","74,000","140,000","214,000","74,000","140,000"
"=""075820""",所羅門元大49購03,0,0,0,"140,000",0,"140,000","140,000",0,"140,000"
"=""04893T""",京元電群益36售03,0,0,0,"159,000","20,000","139,000","159,000","20,000","139,000"
"=""055021""",華立富邦46購01  ,0,0,0,"179,000","40,000","139,000","179,000","40,000","139,000"
"=""057166""",上銀凱基49購01  ,0,0,0,"331,000","192,000","139,000","331,000","192,000","139,000"
"=""061935""",華通永豐46購01  ,0,0,0,"149,000","10,000","139,000","149,000","10,000","139,000"
"=""062114""",達發元大46購07  ,0,0,0,"182,000","43,000","139,000","182,000","43,000","139,000"
"=""064916""",大立光凱基47購05,0,0,0,"182,000","43,000","139,000","182,000","43,000","139,000"
"=""065574""",長榮元富51購02  ,0,0,0,"149,000","10,000","139,000","149,000","10,000","139,000"
"=""069428""",國巨群益48購02  ,0,0,0,"139,000",0,"139,000","139,000",0,"139,000"
"=""073072""",達興凱基49購01  ,0,0,0,"167,000","28,000","139,000","167,000","28,000","139,000"
"=""074559""",寶成群益49購01  ,0,0,0,"291,000","152,000","139,000","291,000","152,000","139,000"
"=""076062""",鴻海統一53購13  ,0,0,0,"139,000",0,"139,000","139,000",0,"139,000"
"=""076614""",日月光元富49購04,0,0,0,"236,000","97,000","139,000","236,000","97,000","139,000"
"=""051804""",矽統凱基43購10  ,0,0,0,"138,000",0,"138,000","138,000",0,"138,000"
"=""062683""",神達統一4C購05  ,0,0,0,"149,000","11,000","138,000","149,000","11,000","138,000"
"=""063624""",嘉澤群益48購02  ,0,0,0,"138,000",0,"138,000","138,000",0,"138,000"
"=""066873""",一詮元富47購03  ,0,0,0,"141,000","3,000","138,000","141,000","3,000","138,000"
"=""068654""",碩天統一52購01  ,0,0,0,"156,000","18,000","138,000","156,000","18,000","138,000"
"=""075285""",慧洋國泰4A購02  ,0,0,0,"138,000",0,"138,000","138,000",0,"138,000"
"=""076440""",富鼎統一53購01  ,0,0,0,"242,000","104,000","138,000","242,000","104,000","138,000"
9958  ,世紀鋼          ,"355,115","465,510","-110,395","623,509","376,000","247,509","978,624","841,510","137,114"
"=""056894""",志聖元大45購03  ,0,0,0,"137,000",0,"137,000","137,000",0,"137,000"
"=""059481""",德律國票46購02  ,0,0,0,"137,000",0,"137,000","137,000",0,"137,000"
"=""061457""",金寶元大46購03  ,0,0,0,"137,000",0,"137,000","137,000",0,"137,000"
"=""066157""",川湖統一3B購05  ,0,0,0,"157,000","20,000","137,000","157,000","20,000","137,000"
"=""067542""",京元電群益48購03,0,0,0,"137,000",0,"137,000","137,000",0,"137,000"
"=""070722""",上証2X永豐48購04,0,0,0,"147,000","10,000","137,000","147,000","10,000","137,000"
"=""070820""",英業達國票49購02,0,0,0,"369,000","232,000","137,000","369,000","232,000","137,000"
"=""071566""",國巨凱基4A購03  ,0,0,0,"137,000",0,"137,000","137,000",0,"137,000"
"=""072717""",中興電元大52購01,0,0,0,"137,000",0,"137,000","137,000",0,"137,000"
"=""072965""",台積電元大56購01,0,0,0,"137,000",0,"137,000","137,000",0,"137,000"
"=""073575""",世芯群益49購09  ,0,0,0,"170,000","33,000","137,000","170,000","33,000","137,000"
"=""075863""",台積電永豐49購20,0,0,0,"137,000",0,"137,000","137,000",0,"137,000"
"=""048686""",怡利電凱基44購01,0,0,0,"136,000",0,"136,000","136,000",0,"136,000"
"=""057353""",群創群益45購05  ,0,0,0,"239,000","103,000","136,000","239,000","103,000","136,000"
"=""059018""",漢唐台新45購01  ,0,0,0,"190,000","54,000","136,000","190,000","54,000","136,000"
"=""063292""",南亞科中信46購02,0,0,0,"352,000","216,000","136,000","352,000","216,000","136,000"
"=""063300""",宇隆永豐49購01  ,0,0,0,"138,000","2,000","136,000","138,000","2,000","136,000"
"=""065994""",華城統一3B購06  ,0,0,0,"177,000","41,000","136,000","177,000","41,000","136,000"
"=""066187""",海悅永豐48購02  ,0,0,0,"138,000","2,000","136,000","138,000","2,000","136,000"
"=""068996""",緯穎國泰49購03  ,0,0,0,"166,000","30,000","136,000","166,000","30,000","136,000"
"=""072667""",材料元富49購03  ,0,0,0,"141,000","5,000","136,000","141,000","5,000","136,000"
"=""076841""",昇陽半富邦4A購01,0,0,0,"136,000",0,"136,000","136,000",0,"136,000"
"=""054112""",劍麟群益46購01  ,0,0,0,"135,000",0,"135,000","135,000",0,"135,000"
"=""064705""",寶齡群益47購01  ,0,0,0,"155,000","20,000","135,000","155,000","20,000","135,000"
"=""065995""",中砂統一3B購02  ,0,0,0,"135,000",0,"135,000","135,000",0,"135,000"
"=""074898""",台積電凱基4A購29,0,0,0,"185,000","50,000","135,000","185,000","50,000","135,000"
"=""075679""",長榮永豐49購02  ,0,0,0,"150,000","15,000","135,000","150,000","15,000","135,000"
"=""00670L""",富邦NASDAQ正2   ,0,0,0,"457,052","322,454","134,598","457,052","322,454","134,598"
2330  ,台積電          ,"281,000","189,000","92,000","382,271","340,199","42,072","663,271","529,199","134,072"
"=""00916 """,國泰全球品牌50  ,0,0,0,"210,000","76,000","134,000","210,000","76,000","134,000"
"=""051758""",洋華元富43購01  ,0,0,0,"136,000","2,000","134,000","136,000","2,000","134,000"
"=""060654""",華孚中信47購01  ,0,0,0,"144,000","10,000","134,000","144,000","10,000","134,000"
"=""066154""",同欣電統一51購03,0,0,0,"558,000","424,000","134,000","558,000","424,000","134,000"
"=""068304""",台積電元大51購03,0,0,0,"136,000","2,000","134,000","136,000","2,000","134,000"
"=""071685""",美律群益4B購01  ,0,0,0,"155,000","21,000","134,000","155,000","21,000","134,000"
"=""073953""",SGBR2X中信4A購01,0,0,0,"144,000","10,000","134,000","144,000","10,000","134,000"
"=""076003""",長榮元大4B購06  ,0,0,0,"159,000","25,000","134,000","159,000","25,000","134,000"
"=""051748""",美時元富43購05  ,0,0,0,"214,000","81,000","133,000","214,000","81,000","133,000"
"=""051825""",漢翔群益43購01  ,0,0,0,"386,000","253,000","133,000","386,000","253,000","133,000"
"=""055324""",鈞興元大44購03  ,0,0,0,"140,000","7,000","133,000","140,000","7,000","133,000"
"=""060444""",友訊群益4A購01  ,0,0,0,"133,000",0,"133,000","133,000",0,"133,000"
"=""064335""",一詮凱基46購08  ,0,0,0,"133,000",0,"133,000","133,000",0,"133,000"
"=""064927""",威盛中信3B購01  ,0,0,0,"276,000","143,000","133,000","276,000","143,000","133,000"
"=""067105""",世芯元富47購14  ,0,0,0,"147,000","14,000","133,000","147,000","14,000","133,000"
"=""069655""",直得元大48購01  ,0,0,0,"214,000","81,000","133,000","214,000","81,000","133,000"
"=""072060""",臺股指元大48購28,0,0,0,"166,000","33,000","133,000","166,000","33,000","133,000"
"=""074210""",FBNQ2X凱基49購05,0,0,0,"143,000","10,000","133,000","143,000","10,000","133,000"
"=""075024""",京元電群益49購02,0,0,0,"133,000",0,"133,000","133,000",0,"133,000"
"=""075740""",台積電群益51購03,0,0,0,"163,000","30,000","133,000","163,000","30,000","133,000"
"=""055126""",來億元大44購03  ,0,0,0,"132,000",0,"132,000","132,000",0,"132,000"
"=""057598""",愛普群益46購03  ,0,0,0,"162,000","30,000","132,000","162,000","30,000","132,000"
"=""062824""",神達元大4B購04  ,0,0,0,"485,000","353,000","132,000","485,000","353,000","132,000"
"=""064476""",緯創兆豐3A購01  ,0,0,0,"132,000",0,"132,000","132,000",0,"132,000"
"=""066842""",台表科凱基49購01,0,0,0,"132,000",0,"132,000","132,000",0,"132,000"
"=""071075""",大成鋼群益49購01,0,0,0,"186,000","54,000","132,000","186,000","54,000","132,000"
"=""071792""",矽格元大48購03  ,0,0,0,"149,000","17,000","132,000","149,000","17,000","132,000"
"=""072214""",瑞鼎凱基48購01  ,0,0,0,"132,000",0,"132,000","132,000",0,"132,000"
"=""072578""",百和凱基49購02  ,0,0,0,"132,000",0,"132,000","132,000",0,"132,000"
"=""073627""",鴻海元大4B購03  ,0,0,0,"172,000","40,000","132,000","172,000","40,000","132,000"
"=""073905""",慧洋群益49購04  ,0,0,0,"292,000","160,000","132,000","292,000","160,000","132,000"
"=""074644""",威強電凱基4B購01,0,0,0,"132,000",0,"132,000","132,000",0,"132,000"
"=""00902 """,中信電池及儲能  ,0,0,0,"2,047,530","1,916,432","131,098","2,047,530","1,916,432","131,098"
"=""059338""",元日2X元大4A購01,0,0,0,"131,000",0,"131,000","131,000",0,"131,000"
"=""062730""",緯創元富46購02  ,0,0,0,"141,000","10,000","131,000","141,000","10,000","131,000"
"=""064953""",長榮永豐4B購01  ,0,0,0,"131,000",0,"131,000","131,000",0,"131,000"
"=""066215""",漢翔群益47購02  ,0,0,0,"131,000",0,"131,000","131,000",0,"131,000"
"=""070849""",大成鋼元大48購08,0,0,0,"151,000","20,000","131,000","151,000","20,000","131,000"
"=""071277""",台灣50元富48購12,0,0,0,"131,000",0,"131,000","131,000",0,"131,000"
"=""072311""",亞翔兆豐4A購02  ,0,0,0,"131,000",0,"131,000","131,000",0,"131,000"
"=""075288""",中砂富邦4B購01  ,0,0,0,"181,000","50,000","131,000","181,000","50,000","131,000"
"=""076467""",台灣50國票51購02,0,0,0,"224,000","93,000","131,000","224,000","93,000","131,000"
3059  ,華晶科          ,0,"1,000","-1,000","240,000","108,078","131,922","240,000","109,078","130,922"
"=""020039""",元大加權N       ,0,0,0,"154,000","24,000","130,000","154,000","24,000","130,000"
"=""050880""",萬海元大43購13  ,0,0,0,"130,000",0,"130,000","130,000",0,"130,000"
"=""055321""",健策元大47購01  ,0,0,0,"160,000","30,000","130,000","160,000","30,000","130,000"
"=""056008""",世芯元富4A購02  ,0,0,0,"130,000",0,"130,000","130,000",0,"130,000"
"=""056855""",台積電凱基45購20,0,0,0,"130,000",0,"130,000","130,000",0,"130,000"
"=""057945""",神達元大47購01  ,0,0,0,"130,000",0,"130,000","130,000",0,"130,000"
"=""058903""",國泰金元大45購01,0,0,0,"405,000","275,000","130,000","405,000","275,000","130,000"
"=""059090""",智原元富46購01  ,0,0,0,"130,000",0,"130,000","130,000",0,"130,000"
"=""060044""",川湖凱基46購04  ,0,0,0,"208,000","78,000","130,000","208,000","78,000","130,000"
"=""060901""",長榮國票47購02  ,0,0,0,"160,000","30,000","130,000","160,000","30,000","130,000"
"=""064086""",世紀鋼元大46購03,0,0,0,"140,000","10,000","130,000","140,000","10,000","130,000"
"=""065774""",泰金寶元大47購07,0,0,0,"215,000","85,000","130,000","215,000","85,000","130,000"
"=""065873""",和大台新47購01  ,0,0,0,"130,000",0,"130,000","130,000",0,"130,000"
"=""066667""",元債2X凱基4B購04,0,0,0,"136,000","6,000","130,000","136,000","6,000","130,000"
"=""066944""",日電貿富邦4A購01,0,0,0,"160,000","30,000","130,000","160,000","30,000","130,000"
"=""067783""",凌陽兆豐3B購01  ,0,0,0,"130,000",0,"130,000","130,000",0,"130,000"
"=""068138""",瑞軒富邦4A購01  ,0,0,0,"149,000","19,000","130,000","149,000","19,000","130,000"
"=""068694""",台積電凱基48購16,0,0,0,"130,000",0,"130,000","130,000",0,"130,000"
"=""069402""",緯創統一62購01  ,0,0,0,"130,000",0,"130,000","130,000",0,"130,000"
"=""069552""",漢唐群益48購03  ,0,0,0,"167,000","37,000","130,000","167,000","37,000","130,000"
"=""069814""",新日興永豐4A購01,0,0,0,"160,000","30,000","130,000","160,000","30,000","130,000"
"=""069820""",精銳永豐4B購01  ,0,0,0,"150,000","20,000","130,000","150,000","20,000","130,000"
"=""070976""",台灣50富邦49購08,0,0,0,"130,000",0,"130,000","130,000",0,"130,000"
"=""071431""",伊雲谷元富48購02,0,0,0,"130,000",0,"130,000","130,000",0,"130,000"
"=""071556""",迅得元大48購04  ,0,0,0,"140,000","10,000","130,000","140,000","10,000","130,000"
"=""071710""",威盛元富48購01  ,0,0,0,"130,000",0,"130,000","130,000",0,"130,000"
"=""071868""",南電凱基4A購01  ,0,0,0,"130,000",0,"130,000","130,000",0,"130,000"
"=""073148""",台積電元大59購02,0,0,0,"130,000",0,"130,000","130,000",0,"130,000"
"=""073674""",立積元大49購03  ,0,0,0,"132,000","2,000","130,000","132,000","2,000","130,000"
"=""074713""",嘉澤元富4A購03  ,0,0,0,"130,000",0,"130,000","130,000",0,"130,000"
"=""074982""",大同元大49購02  ,0,0,0,"140,000","10,000","130,000","140,000","10,000","130,000"
"=""075070""",裕民元富49購01  ,0,0,0,"130,000",0,"130,000","130,000",0,"130,000"
"=""076332""",臺股指元富51購03,0,0,0,"150,000","20,000","130,000","150,000","20,000","130,000"
"=""048810""",材料凱基43購08  ,0,0,0,"139,000","10,000","129,000","139,000","10,000","129,000"
"=""050456""",元債2X凱基44購02,0,0,0,"238,000","109,000","129,000","238,000","109,000","129,000"
"=""053948""",碩天兆豐44購02  ,0,0,0,"154,000","25,000","129,000","154,000","25,000","129,000"
"=""056806""",長榮兆豐47購01  ,0,0,0,"129,000",0,"129,000","129,000",0,"129,000"
"=""063204""",精誠群益46購02  ,0,0,0,"196,000","67,000","129,000","196,000","67,000","129,000"
"=""064933""",晶心科凱基47購01,0,0,0,"134,000","5,000","129,000","134,000","5,000","129,000"
"=""066603""",穎崴國票48購03  ,0,0,0,"129,000",0,"129,000","129,000",0,"129,000"
"=""069056""",神基凱基48購01  ,0,0,0,"129,000",0,"129,000","129,000",0,"129,000"
"=""072628""",三芳統一53購01  ,0,0,0,"129,000",0,"129,000","129,000",0,"129,000"
"=""072703""",日月光國票4A購02,0,0,0,"146,000","17,000","129,000","146,000","17,000","129,000"
"=""073956""",長榮中信49購04  ,0,0,0,"129,000",0,"129,000","129,000",0,"129,000"
"=""076150""",矽創國票4A購01  ,0,0,0,"153,000","24,000","129,000","153,000","24,000","129,000"
"=""076633""",長虹統一53購02  ,0,0,0,"160,000","31,000","129,000","160,000","31,000","129,000"
2515  ,中工            ,"109,000","11,000","98,000","70,000","39,000","31,000","179,000","50,000","129,000"
"=""035020""",華通凱基54購01  ,0,0,0,"395,000","267,000","128,000","395,000","267,000","128,000"
"=""050800""",台積電中信49購01,0,0,0,"388,000","260,000","128,000","388,000","260,000","128,000"
"=""050869""",鴻海元大47購03  ,0,0,0,"156,000","28,000","128,000","156,000","28,000","128,000"
"=""051862""",定穎控元大43購05,0,0,0,"200,000","72,000","128,000","200,000","72,000","128,000"
"=""059471""",美時國票46購01  ,0,0,0,"128,000",0,"128,000","128,000",0,"128,000"
"=""063763""",直得元富49購01  ,0,0,0,"128,000",0,"128,000","128,000",0,"128,000"
"=""065881""",元金2X凱基49購01,0,0,0,"133,000","5,000","128,000","133,000","5,000","128,000"
"=""066186""",台積電永豐47購17,0,0,0,"175,000","47,000","128,000","175,000","47,000","128,000"
"=""068507""",萬海元大4A購02  ,0,0,0,"267,000","139,000","128,000","267,000","139,000","128,000"
"=""068887""",聯發科元富4A購07,0,0,0,"138,000","10,000","128,000","138,000","10,000","128,000"
"=""071575""",盟立凱基49購01  ,0,0,0,"322,000","194,000","128,000","322,000","194,000","128,000"
"=""071903""",毅嘉統一52購02  ,0,0,0,"138,000","10,000","128,000","138,000","10,000","128,000"
"=""073256""",華城元富49購02  ,0,0,0,"128,000",0,"128,000","128,000",0,"128,000"
"=""052089""",飛宏兆豐45購01  ,0,0,0,"185,000","58,000","127,000","185,000","58,000","127,000"
"=""052783""",世紀鋼富邦47購01,0,0,0,"127,000",0,"127,000","127,000",0,"127,000"
"=""061847""",長榮群益48購05  ,0,0,0,"127,000",0,"127,000","127,000",0,"127,000"
"=""065234""",華新科凱基4A購01,0,0,0,"129,000","2,000","127,000","129,000","2,000","127,000"
"=""065799""",晟銘電國泰48購01,0,0,0,"140,000","13,000","127,000","140,000","13,000","127,000"
"=""068102""",佳能元富47購01  ,0,0,0,"127,000",0,"127,000","127,000",0,"127,000"
"=""070640""",中鋼凱基4B購01  ,0,0,0,"127,000",0,"127,000","127,000",0,"127,000"
"=""049660""",華孚富邦45購01  ,0,0,0,"156,000","30,000","126,000","156,000","30,000","126,000"
"=""051895""",慧洋兆豐45購01  ,0,0,0,"167,000","41,000","126,000","167,000","41,000","126,000"
"=""05734T""",聯發科中信37售01,0,0,0,"156,000","30,000","126,000","156,000","30,000","126,000"
"=""062326""",鴻海元大46購18  ,0,0,0,"126,000",0,"126,000","126,000",0,"126,000"
"=""066149""",華晶科統一55購01,0,0,0,"168,000","42,000","126,000","168,000","42,000","126,000"
"=""066364""",玉晶光元富51購03,0,0,0,"132,000","6,000","126,000","132,000","6,000","126,000"
"=""066382""",美債2X國票48購02,0,0,0,"167,000","41,000","126,000","167,000","41,000","126,000"
"=""069282""",聯發科元富4A購10,0,0,0,"141,000","15,000","126,000","141,000","15,000","126,000"
"=""072151""",中興電國泰49購01,0,0,0,"139,000","13,000","126,000","139,000","13,000","126,000"
"=""072290""",台積電元富4A購06,0,0,0,"126,000",0,"126,000","126,000",0,"126,000"
"=""072462""",中興電元大51購01,0,0,0,"126,000",0,"126,000","126,000",0,"126,000"
"=""072794""",川湖台新49購01  ,0,0,0,"146,000","20,000","126,000","146,000","20,000","126,000"
"=""074120""",元黃金元大53購01,0,0,0,"150,000","24,000","126,000","150,000","24,000","126,000"
"=""074864""",S&P正2中信4C購01,0,0,0,"126,000",0,"126,000","126,000",0,"126,000"
"=""076947""",盟立永豐4A購01  ,0,0,0,"126,000",0,"126,000","126,000",0,"126,000"
"=""051691""",上銀富邦43購01  ,0,0,0,"158,000","33,000","125,000","158,000","33,000","125,000"
"=""057579""",威盛群益45購05  ,0,0,0,"125,000",0,"125,000","125,000",0,"125,000"
"=""058257""",新唐凱基46購02  ,0,0,0,"130,000","5,000","125,000","130,000","5,000","125,000"
"=""059364""",萬海元大45購06  ,0,0,0,"125,000",0,"125,000","125,000",0,"125,000"
"=""060332""",堤維西元大46購01,0,0,0,"264,000","139,000","125,000","264,000","139,000","125,000"
"=""064839""",金像電永豐51購01,0,0,0,"125,000",0,"125,000","125,000",0,"125,000"
"=""065209""",精成科富邦49購01,0,0,0,"126,000","1,000","125,000","126,000","1,000","125,000"
"=""066118""",泰金寶凱基48購02,0,0,0,"125,000",0,"125,000","125,000",0,"125,000"
"=""068916""",景碩元大48購03  ,0,0,0,"150,000","25,000","125,000","150,000","25,000","125,000"
"=""069274""",滬深2X元富48購05,0,0,0,"155,000","30,000","125,000","155,000","30,000","125,000"
"=""069810""",上銀永豐49購02  ,0,0,0,"125,000",0,"125,000","125,000",0,"125,000"
"=""070905""",大成鋼凱基48購04,0,0,0,"125,000",0,"125,000","125,000",0,"125,000"
"=""072979""",信邦元大49購03  ,0,0,0,"246,000","121,000","125,000","246,000","121,000","125,000"
"=""074818""",玉晶光元大49購01,0,0,0,"140,000","15,000","125,000","140,000","15,000","125,000"
"=""020034""",元大IC設計N     ,0,0,0,"199,000","75,000","124,000","199,000","75,000","124,000"
"=""042942""",智邦元大55購02  ,0,0,0,"155,000","31,000","124,000","155,000","31,000","124,000"
"=""047273""",國巨元富48購01  ,0,0,0,"124,000",0,"124,000","124,000",0,"124,000"
"=""04986T""",智原國票37售03  ,0,0,0,"124,000",0,"124,000","124,000",0,"124,000"
"=""060307""",智邦群益46購04  ,0,0,0,"253,000","129,000","124,000","253,000","129,000","124,000"
"=""069913""",景碩元大48購04  ,0,0,0,"124,000",0,"124,000","124,000",0,"124,000"
"=""073502""",元債2X凱基55購01,0,0,0,"124,000",0,"124,000","124,000",0,"124,000"
"=""075822""",所羅門元大49購05,0,0,0,"134,000","10,000","124,000","134,000","10,000","124,000"
"=""076360""",台積電元大51購22,0,0,0,"124,000",0,"124,000","124,000",0,"124,000"
"=""04064T""",愛普元大34售08  ,0,0,0,"203,000","80,000","123,000","203,000","80,000","123,000"
"=""057616""",立積永豐48購01  ,0,0,0,"239,000","116,000","123,000","239,000","116,000","123,000"
"=""058677""",振樺電元富45購01,0,0,0,"128,000","5,000","123,000","128,000","5,000","123,000"
"=""060914""",訊芯國票47購02  ,0,0,0,"123,000",0,"123,000","123,000",0,"123,000"
"=""062050""",皇昌群益46購07  ,0,0,0,"163,000","40,000","123,000","163,000","40,000","123,000"
"=""063045""",雄獅富邦48購01  ,0,0,0,"129,000","6,000","123,000","129,000","6,000","123,000"
"=""063403""",大立光群益46購13,0,0,0,"143,000","20,000","123,000","143,000","20,000","123,000"
"=""064498""",華航群益46購04  ,0,0,0,"148,000","25,000","123,000","148,000","25,000","123,000"
"=""067431""",達興永豐47購02  ,0,0,0,"123,000",0,"123,000","123,000",0,"123,000"
"=""068610""",台光電元大4C購01,0,0,0,"124,000","1,000","123,000","124,000","1,000","123,000"
"=""068773""",臺股指凱基4C購08,0,0,0,"163,000","40,000","123,000","163,000","40,000","123,000"
"=""069514""",緯創永豐49購02  ,0,0,0,"123,000",0,"123,000","123,000",0,"123,000"
"=""069994""",台積電永豐62購02,0,0,0,"123,000",0,"123,000","123,000",0,"123,000"
"=""073088""",台積電元富49購19,0,0,0,"143,000","20,000","123,000","143,000","20,000","123,000"
"=""075051""",萬海富邦4A購02  ,0,0,0,"133,000","10,000","123,000","133,000","10,000","123,000"
"=""075936""",中租凱基49購03  ,0,0,0,"123,000",0,"123,000","123,000",0,"123,000"
"=""049817""",華碩群益43購02  ,0,0,0,"182,000","60,000","122,000","182,000","60,000","122,000"
"=""051592""",陽明統一49購04  ,0,0,0,"330,000","208,000","122,000","330,000","208,000","122,000"
"=""056377""",鴻準元大45購03  ,0,0,0,"122,000",0,"122,000","122,000",0,"122,000"
"=""057025""",微星富邦47購01  ,0,0,0,"145,000","23,000","122,000","145,000","23,000","122,000"
"=""057098""",天虹元大45購05  ,0,0,0,"122,000",0,"122,000","122,000",0,"122,000"
"=""058157""",碩天群益47購02  ,0,0,0,"192,000","70,000","122,000","192,000","70,000","122,000"
"=""058597""",景碩群益45購06  ,0,0,0,"122,000",0,"122,000","122,000",0,"122,000"
"=""061517""",天虹元富46購06  ,0,0,0,"142,000","20,000","122,000","142,000","20,000","122,000"
"=""064519""",緯創統一44購02  ,0,0,0,"165,000","43,000","122,000","165,000","43,000","122,000"
"=""064533""",碩天永豐46購02  ,0,0,0,"122,000",0,"122,000","122,000",0,"122,000"
"=""064888""",碩天群益47購03  ,0,0,0,"122,000",0,"122,000","122,000",0,"122,000"
"=""068195""",鴻海元富52購02  ,0,0,0,"122,000",0,"122,000","122,000",0,"122,000"
"=""068742""",昇陽半群益48購01,0,0,0,"130,000","8,000","122,000","130,000","8,000","122,000"
"=""070568""",世紀鋼群益51購01,0,0,0,"122,000",0,"122,000","122,000",0,"122,000"
"=""071177""",華孚永豐48購01  ,0,0,0,"123,000","1,000","122,000","123,000","1,000","122,000"
"=""071783""",神達元大48購18  ,0,0,0,"163,000","41,000","122,000","163,000","41,000","122,000"
"=""073133""",中興電元大49購06,0,0,0,"222,000","100,000","122,000","222,000","100,000","122,000"
"=""074305""",盟立元富49購02  ,0,0,0,"122,000",0,"122,000","122,000",0,"122,000"
"=""075486""",群創富邦49購01  ,0,0,0,"160,000","38,000","122,000","160,000","38,000","122,000"
"=""076011""",臻鼎元大49購01  ,0,0,0,"122,000",0,"122,000","122,000",0,"122,000"
"=""049347""",台光電國票44購01,0,0,0,"121,000",0,"121,000","121,000",0,"121,000"
"=""065625""",所羅門群益49購01,0,0,0,"121,000",0,"121,000","121,000",0,"121,000"
"=""065762""",中磊元大47購04  ,0,0,0,"121,000",0,"121,000","121,000",0,"121,000"
"=""03151T""",T50正2國票34售06,0,0,0,"250,000","130,000","120,000","250,000","130,000","120,000"
"=""03709T""",矽統群益34售04  ,0,0,0,"120,000",0,"120,000","120,000",0,"120,000"
"=""042590""",楠梓電凱基55購01,0,0,0,"120,000",0,"120,000","120,000",0,"120,000"
"=""044228""",jpp元富55購01   ,0,0,0,"120,000",0,"120,000","120,000",0,"120,000"
"=""045436""",聯發科元大55購16,0,0,0,"120,000",0,"120,000","120,000",0,"120,000"
"=""051164""",乙盛國票44購02  ,0,0,0,"200,000","80,000","120,000","200,000","80,000","120,000"
"=""052477""",世芯國泰46購02  ,0,0,0,"200,000","80,000","120,000","200,000","80,000","120,000"
"=""058058""",宏達電國票5B購01,0,0,0,"200,000","80,000","120,000","200,000","80,000","120,000"
"=""060660""",華城凱基47購01  ,0,0,0,"120,000",0,"120,000","120,000",0,"120,000"
"=""060900""",台光電國票47購03,0,0,0,"120,000",0,"120,000","120,000",0,"120,000"
"=""062018""",鉅祥國票47購02  ,0,0,0,"120,000",0,"120,000","120,000",0,"120,000"
"=""064778""",陽明元富51購01  ,0,0,0,"130,000","10,000","120,000","130,000","10,000","120,000"
"=""066090""",台塑凱基48購01  ,0,0,0,"190,000","70,000","120,000","190,000","70,000","120,000"
"=""066368""",臻鼎元富51購01  ,0,0,0,"125,000","5,000","120,000","125,000","5,000","120,000"
"=""067495""",SGBR2X元大47購06,0,0,0,"140,000","20,000","120,000","140,000","20,000","120,000"
"=""067625""",金像電兆豐3B購01,0,0,0,"147,000","27,000","120,000","147,000","27,000","120,000"
"=""067848""",華邦電凱基47購02,0,0,0,"195,000","75,000","120,000","195,000","75,000","120,000"
"=""067856""",世芯凱基47購14  ,0,0,0,"250,000","130,000","120,000","250,000","130,000","120,000"
"=""070405""",建漢元富4B購01  ,0,0,0,"136,000","16,000","120,000","136,000","16,000","120,000"
"=""071564""",鴻海凱基48購15  ,0,0,0,"392,000","272,000","120,000","392,000","272,000","120,000"
"=""071773""",智原元大51購02  ,0,0,0,"120,000",0,"120,000","120,000",0,"120,000"
"=""073285""",敬鵬永豐4A購01  ,0,0,0,"120,000",0,"120,000","120,000",0,"120,000"
"=""075786""",欣興國泰4A購01  ,0,0,0,"136,000","16,000","120,000","136,000","16,000","120,000"
"=""076029""",T50反1兆豐51購01,0,0,0,"150,000","30,000","120,000","150,000","30,000","120,000"
"=""076092""",偉詮電群益49購01,0,0,0,"120,000",0,"120,000","120,000",0,"120,000"
"=""076372""",強茂元大49購02  ,0,0,0,"143,000","23,000","120,000","143,000","23,000","120,000"
"=""076436""",臺股指凱基51購06,0,0,0,"120,000",0,"120,000","120,000",0,"120,000"
"=""047682""",創意富邦42購08  ,0,0,0,"120,000","1,000","119,000","120,000","1,000","119,000"
"=""050817""",光罩兆豐49購01  ,0,0,0,"119,000",0,"119,000","119,000",0,"119,000"
"=""057416""",貿聯元富4B購01  ,0,0,0,"284,000","165,000","119,000","284,000","165,000","119,000"
"=""067653""",大立光永豐48購02,0,0,0,"159,000","40,000","119,000","159,000","40,000","119,000"
"=""067873""",技嘉群益47購03  ,0,0,0,"119,000",0,"119,000","119,000",0,"119,000"
"=""069464""",台積電元大48購38,0,0,0,"161,000","42,000","119,000","161,000","42,000","119,000"
"=""06986U""",臺股指元富55售09,0,0,0,"119,000",0,"119,000","119,000",0,"119,000"
"=""071924""",鈺邦統一52購03  ,0,0,0,"119,000",0,"119,000","119,000",0,"119,000"
"=""072972""",皇昌元大49購05  ,0,0,0,"263,000","144,000","119,000","263,000","144,000","119,000"
"=""075668""",川湖永豐4C購02  ,0,0,0,"138,000","19,000","119,000","138,000","19,000","119,000"
"=""053245""",群光元大44購02  ,0,0,0,"155,000","37,000","118,000","155,000","37,000","118,000"
"=""057044""",陽明凱基47購03  ,0,0,0,"118,000",0,"118,000","118,000",0,"118,000"
"=""064859""",晶心科國泰48購01,0,0,0,"118,000",0,"118,000","118,000",0,"118,000"
"=""066057""",華晶科元富4A購01,0,0,0,"123,000","5,000","118,000","123,000","5,000","118,000"
"=""067915""",大立光元大47購17,0,0,0,"266,000","148,000","118,000","266,000","148,000","118,000"
"=""070482""",上銀統一51購01  ,0,0,0,"118,000",0,"118,000","118,000",0,"118,000"
"=""071284""",鴻海元富48購15  ,0,0,0,"158,000","40,000","118,000","158,000","40,000","118,000"
"=""072597""",滬深2X永豐4B購01,0,0,0,"118,000",0,"118,000","118,000",0,"118,000"
"=""072614""",神達永豐49購03  ,0,0,0,"132,000","14,000","118,000","132,000","14,000","118,000"
"=""073465""",群臺2X國票4B購01,0,0,0,"210,000","92,000","118,000","210,000","92,000","118,000"
2634  ,漢翔            ,"143,000","26,000","117,000","19,000","18,000","1,000","162,000","44,000","118,000"
"=""051911""",長榮航國泰45購08,0,0,0,"117,000",0,"117,000","117,000",0,"117,000"
"=""063644""",華通元大46購02  ,0,0,0,"117,000",0,"117,000","117,000",0,"117,000"
"=""069220""",大成鋼元富49購02,0,0,0,"117,000",0,"117,000","117,000",0,"117,000"
"=""070607""",波力元大48購01  ,0,0,0,"117,000",0,"117,000","117,000",0,"117,000"
"=""071408""",大立光兆豐48購03,0,0,0,"125,000","8,000","117,000","125,000","8,000","117,000"
"=""00639 """,富邦深100       ,"10,000","10,000",0,"495,551","378,613","116,938","505,551","388,613","116,938"
"=""038793""",敦陽科國票57購01,0,0,0,"130,000","14,000","116,000","130,000","14,000","116,000"
"=""040730""",臻鼎凱基54購09  ,0,0,0,"283,000","167,000","116,000","283,000","167,000","116,000"
"=""050411""",信錦國票44購02  ,0,0,0,"192,000","76,000","116,000","192,000","76,000","116,000"
"=""053542""",元黃金元大46購02,0,0,0,"275,000","159,000","116,000","275,000","159,000","116,000"
"=""056984""",道瓊2X國票46購02,0,0,0,"150,000","34,000","116,000","150,000","34,000","116,000"
"=""057284""",川湖台新45購03  ,0,0,0,"116,000",0,"116,000","116,000",0,"116,000"
"=""057333""",英業達群益45購03,0,0,0,"251,000","135,000","116,000","251,000","135,000","116,000"
"=""062634""",力積電中信47購02,0,0,0,"116,000",0,"116,000","116,000",0,"116,000"
"=""063507""",國巨中信4A購01  ,0,0,0,"288,000","172,000","116,000","288,000","172,000","116,000"
"=""064919""",智原凱基47購02  ,0,0,0,"154,000","38,000","116,000","154,000","38,000","116,000"
"=""066234""",泓德群益49購01  ,0,0,0,"116,000",0,"116,000","116,000",0,"116,000"
"=""067999""",鴻海群益47購21  ,0,0,0,"116,000",0,"116,000","116,000",0,"116,000"
"=""068667""",中興電永豐4A購01,0,0,0,"224,000","108,000","116,000","224,000","108,000","116,000"
"=""069416""",泓德統一58購01  ,0,0,0,"121,000","5,000","116,000","121,000","5,000","116,000"
"=""072913""",華友聯群益4B購01,0,0,0,"116,000",0,"116,000","116,000",0,"116,000"
"=""073379""",慧洋元大49購04  ,0,0,0,"116,000",0,"116,000","116,000",0,"116,000"
"=""074665""",華新群益49購05  ,0,0,0,"150,000","34,000","116,000","150,000","34,000","116,000"
"=""0052  """,富邦科技        ,"38,000",0,"38,000","175,296","98,269","77,027","213,296","98,269","115,027"
"=""04411T""",聯發科元大35售25,0,0,0,"127,000","12,000","115,000","127,000","12,000","115,000"
"=""059822""",台玻凱基45購02  ,0,0,0,"115,000",0,"115,000","115,000",0,"115,000"
"=""059863""",鴻準元富45購08  ,0,0,0,"219,000","104,000","115,000","219,000","104,000","115,000"
"=""061763""",長榮航元富46購02,0,0,0,"131,000","16,000","115,000","131,000","16,000","115,000"
"=""062034""",長榮航國泰48購01,0,0,0,"115,000",0,"115,000","115,000",0,"115,000"
"=""062709""",緯穎永豐48購04  ,0,0,0,"151,000","36,000","115,000","151,000","36,000","115,000"
"=""063637""",香港2X元大48購02,0,0,0,"115,000",0,"115,000","115,000",0,"115,000"
"=""064844""",皇翔永豐4A購01  ,0,0,0,"115,000",0,"115,000","115,000",0,"115,000"
"=""067293""",長榮群益47購05  ,0,0,0,"115,000",0,"115,000","115,000",0,"115,000"
"=""067502""",華通元大47購13  ,0,0,0,"115,000",0,"115,000","115,000",0,"115,000"
"=""068546""",聯發科兆豐48購02,0,0,0,"212,000","97,000","115,000","212,000","97,000","115,000"
"=""069672""",健策元大48購04  ,0,0,0,"209,000","94,000","115,000","209,000","94,000","115,000"
"=""069855""",精成科群益49購03,0,0,0,"207,000","92,000","115,000","207,000","92,000","115,000"
"=""072267""",材料元大48購22  ,0,0,0,"115,000",0,"115,000","115,000",0,"115,000"
"=""073546""",台灣50中信41購01,0,0,0,"115,000",0,"115,000","115,000",0,"115,000"
"=""074953""",巨大元富4A購01  ,0,0,0,"115,000",0,"115,000","115,000",0,"115,000"
"=""054771""",滬深2X凱基44購10,0,0,0,"114,000",0,"114,000","114,000",0,"114,000"
"=""060626""",建漢國票47購01  ,0,0,0,"120,000","6,000","114,000","120,000","6,000","114,000"
"=""066049""",穎崴國泰48購01  ,0,0,0,"121,000","7,000","114,000","121,000","7,000","114,000"
"=""066412""",和椿國票47購02  ,0,0,0,"114,000",0,"114,000","114,000",0,"114,000"
"=""070316""",亞德客元大48購03,0,0,0,"129,000","15,000","114,000","129,000","15,000","114,000"
"=""071454""",元債2X永豐4A購01,0,0,0,"116,000","2,000","114,000","116,000","2,000","114,000"
2345  ,智邦            ,"262,000","54,000","208,000","22,000","116,560","-94,560","284,000","170,560","113,440"
"=""00913 """,兆豐台灣晶圓製造,0,0,0,"525,161","412,014","113,147","525,161","412,014","113,147"
"=""051398""",南電富邦46購02  ,0,0,0,"115,000","2,000","113,000","115,000","2,000","113,000"
"=""056667""",世芯國票47購04  ,0,0,0,"148,000","35,000","113,000","148,000","35,000","113,000"
"=""056817""",技嘉凱基43購02  ,0,0,0,"113,000",0,"113,000","113,000",0,"113,000"
"=""059985""",陽明元大48購03  ,0,0,0,"113,000",0,"113,000","113,000",0,"113,000"
"=""065581""",明泰兆豐3B購01  ,0,0,0,"148,000","35,000","113,000","148,000","35,000","113,000"
"=""071478""",滬深2X永豐49購03,0,0,0,"156,000","43,000","113,000","156,000","43,000","113,000"
"=""075541""",友達凱基49購02  ,0,0,0,"113,000",0,"113,000","113,000",0,"113,000"
"=""076604""",威盛元富49購02  ,0,0,0,"292,000","179,000","113,000","292,000","179,000","113,000"
"=""059019""",長榮航台新45購01,0,0,0,"137,000","25,000","112,000","137,000","25,000","112,000"
"=""063662""",新日興元大46購05,0,0,0,"112,000",0,"112,000","112,000",0,"112,000"
"=""065404""",T50反1元大4C購02,0,0,0,"530,000","418,000","112,000","530,000","418,000","112,000"
"=""066433""",日月光統一51購02,0,0,0,"112,000",0,"112,000","112,000",0,"112,000"
"=""066642""",緯穎永豐47購09  ,0,0,0,"112,000",0,"112,000","112,000",0,"112,000"
"=""066701""",立積統一43購01  ,0,0,0,"112,000",0,"112,000","112,000",0,"112,000"
"=""068420""",世芯元富48購09  ,0,0,0,"168,000","56,000","112,000","168,000","56,000","112,000"
"=""070727""",大成鋼永豐4B購01,0,0,0,"146,000","34,000","112,000","146,000","34,000","112,000"
"=""071265""",晟銘電凱基48購03,0,0,0,"117,000","5,000","112,000","117,000","5,000","112,000"
"=""071648""",川湖凱基4A購02  ,0,0,0,"152,000","40,000","112,000","152,000","40,000","112,000"
"=""071831""",瑞昱富邦4B購01  ,0,0,0,"122,000","10,000","112,000","122,000","10,000","112,000"
"=""073685""",大成鋼國泰4A購01,0,0,0,"125,000","13,000","112,000","125,000","13,000","112,000"
"=""03052T""",金像電凱基32售13,0,0,0,"411,000","300,000","111,000","411,000","300,000","111,000"
"=""047652""",聯電群益43購04  ,0,0,0,"198,000","87,000","111,000","198,000","87,000","111,000"
"=""052360""",八貫群益47購01  ,0,0,0,"118,000","7,000","111,000","118,000","7,000","111,000"
"=""071035""",矽格統一4C購01  ,0,0,0,"111,000",0,"111,000","111,000",0,"111,000"
"=""071879""",大成鋼永豐4C購01,0,0,0,"113,000","2,000","111,000","113,000","2,000","111,000"
"=""072266""",材料元大48購21  ,0,0,0,"192,000","81,000","111,000","192,000","81,000","111,000"
"=""04475T""",華通群益35售03  ,0,0,0,"110,000",0,"110,000","110,000",0,"110,000"
"=""046239""",為升國票43購01  ,0,0,0,"110,000",0,"110,000","110,000",0,"110,000"
"=""047030""",緯穎中信42購04  ,0,0,0,"110,000",0,"110,000","110,000",0,"110,000"
"=""048478""",創意元富58購01  ,0,0,0,"141,000","31,000","110,000","141,000","31,000","110,000"
"=""049334""",玉晶光群益45購01,0,0,0,"110,000",0,"110,000","110,000",0,"110,000"
"=""052111""",TPK群益45購01   ,0,0,0,"110,000",0,"110,000","110,000",0,"110,000"
"=""054359""",台積電中信47購05,0,0,0,"111,000","1,000","110,000","111,000","1,000","110,000"
"=""055490""",皇昌元大44購07  ,0,0,0,"110,000",0,"110,000","110,000",0,"110,000"
"=""055703""",愛普富邦46購02  ,0,0,0,"110,000",0,"110,000","110,000",0,"110,000"
"=""056152""",奇鋐台新44購01  ,0,0,0,"110,000",0,"110,000","110,000",0,"110,000"
"=""056198""",世芯國票46購04  ,0,0,0,"110,000",0,"110,000","110,000",0,"110,000"
"=""057583""",漢翔群益47購01  ,0,0,0,"157,000","47,000","110,000","157,000","47,000","110,000"
"=""057795""",鴻準統一4B購04  ,0,0,0,"110,000",0,"110,000","110,000",0,"110,000"
"=""058666""",長榮台新46購01  ,0,0,0,"186,000","76,000","110,000","186,000","76,000","110,000"
"=""060777""",世芯元大46購13  ,0,0,0,"110,000",0,"110,000","110,000",0,"110,000"
"=""060783""",保瑞元大46購07  ,0,0,0,"110,000",0,"110,000","110,000",0,"110,000"
"=""062171""",力積電中信47購01,0,0,0,"270,000","160,000","110,000","270,000","160,000","110,000"
"=""062196""",世芯永豐49購04  ,0,0,0,"110,000",0,"110,000","110,000",0,"110,000"
"=""064111""",友達群益47購01  ,0,0,0,"110,000",0,"110,000","110,000",0,"110,000"
"=""067174""",力智元大47購01  ,0,0,0,"110,000",0,"110,000","110,000",0,"110,000"
"=""067826""",辛耘永豐49購01  ,0,0,0,"190,000","80,000","110,000","190,000","80,000","110,000"
"=""067902""",鴻海元大47購22  ,0,0,0,"206,000","96,000","110,000","206,000","96,000","110,000"
"=""069340""",台積電凱基5B購04,0,0,0,"110,000",0,"110,000","110,000",0,"110,000"
"=""070117""",晟銘電元大4B購02,0,0,0,"110,000",0,"110,000","110,000",0,"110,000"
"=""072595""",緯穎中信4A購02  ,0,0,0,"114,000","4,000","110,000","114,000","4,000","110,000"
"=""08314U""",緯穎統一33售01  ,0,0,0,"120,000","10,000","110,000","120,000","10,000","110,000"
"=""051596""",京鼎統一49購02  ,0,0,0,"109,000",0,"109,000","109,000",0,"109,000"
"=""057105""",信錦群益46購01  ,0,0,0,"165,000","56,000","109,000","165,000","56,000","109,000"
"=""065151""",王道銀群益48購01,0,0,0,"114,000","5,000","109,000","114,000","5,000","109,000"
"=""067463""",聯發科凱基47購09,0,0,0,"115,000","6,000","109,000","115,000","6,000","109,000"
"=""068237""",東元國票49購01  ,0,0,0,"154,000","45,000","109,000","154,000","45,000","109,000"
"=""073392""",華碩元富41購01  ,0,0,0,"109,000",0,"109,000","109,000",0,"109,000"
"=""075845""",貿聯元大49購03  ,0,0,0,"119,000","10,000","109,000","119,000","10,000","109,000"
2748  ,雲品            ,"110,000",537,"109,463",0,731,-731,"110,000","1,268","108,732"
"=""053810""",陽明國票45購04  ,0,0,0,"108,000",0,"108,000","108,000",0,"108,000"
"=""054746""",臺股指富邦51購01,0,0,0,"108,000",0,"108,000","108,000",0,"108,000"
"=""055226""",川湖凱基47購03  ,0,0,0,"108,000",0,"108,000","108,000",0,"108,000"
"=""056002""",鴻準元富44購02  ,0,0,0,"108,000",0,"108,000","108,000",0,"108,000"
"=""058455""",世紀鋼永豐46購05,0,0,0,"108,000",0,"108,000","108,000",0,"108,000"
"=""058750""",緯穎群益45購14  ,0,0,0,"108,000",0,"108,000","108,000",0,"108,000"
"=""063170""",世芯元富47購07  ,0,0,0,"110,000","2,000","108,000","110,000","2,000","108,000"
"=""064926""",啟�硈肭�48購02  ,0,0,0,"168,000","60,000","108,000","168,000","60,000","108,000"
"=""065537""",裕民富邦49購01  ,0,0,0,"108,000",0,"108,000","108,000",0,"108,000"
"=""066432""",日月光統一51購01,0,0,0,"108,000",0,"108,000","108,000",0,"108,000"
"=""066471""",大立光元大47購09,0,0,0,"310,000","202,000","108,000","310,000","202,000","108,000"
"=""066480""",群創元大47購07  ,0,0,0,"198,000","90,000","108,000","198,000","90,000","108,000"
"=""067267""",來億國票47購01  ,0,0,0,"158,000","50,000","108,000","158,000","50,000","108,000"
"=""067280""",香港2X群益4A購02,0,0,0,"108,000",0,"108,000","108,000",0,"108,000"
"=""073942""",臺股指富邦56購02,0,0,0,"108,000",0,"108,000","108,000",0,"108,000"
"=""076640""",國巨凱基4A購05  ,0,0,0,"233,000","125,000","108,000","233,000","125,000","108,000"
"=""076838""",長榮富邦4C購01  ,0,0,0,"197,000","89,000","108,000","197,000","89,000","108,000"
"=""051340""",大立光國泰45購04,0,0,0,"107,000",0,"107,000","107,000",0,"107,000"
"=""051875""",祥碩富邦45購01  ,0,0,0,"159,000","52,000","107,000","159,000","52,000","107,000"
"=""052008""",虹堡元富46購01  ,0,0,0,"226,000","119,000","107,000","226,000","119,000","107,000"
"=""052090""",亞光兆豐45購02  ,0,0,0,"117,000","10,000","107,000","117,000","10,000","107,000"
"=""059434""",寶成群益45購02  ,0,0,0,"107,000",0,"107,000","107,000",0,"107,000"
"=""059436""",元債2X富邦4B購02,0,0,0,"107,000",0,"107,000","107,000",0,"107,000"
"=""059574""",偉訓元大45購04  ,0,0,0,"107,000",0,"107,000","107,000",0,"107,000"
"=""061378""",世芯兆豐47購01  ,0,0,0,"223,000","116,000","107,000","223,000","116,000","107,000"
"=""064707""",國巨群益46購09  ,0,0,0,"107,000",0,"107,000","107,000",0,"107,000"
"=""069313""",智易國票4A購01  ,0,0,0,"160,000","53,000","107,000","160,000","53,000","107,000"
"=""070677""",宇隆統一52購03  ,0,0,0,"112,000","5,000","107,000","112,000","5,000","107,000"
"=""070779""",南亞科元富48購01,0,0,0,"112,000","5,000","107,000","112,000","5,000","107,000"
"=""072367""",中502X元富48購08,0,0,0,"111,000","4,000","107,000","111,000","4,000","107,000"
"=""072579""",臺股指凱基49購31,0,0,0,"108,000","1,000","107,000","108,000","1,000","107,000"
"=""04432T""",智原統一39售06  ,0,0,0,"116,000","10,000","106,000","116,000","10,000","106,000"
"=""044542""",緯穎凱基55購10  ,0,0,0,"223,000","117,000","106,000","223,000","117,000","106,000"
"=""056048""",正崴富邦47購01  ,0,0,0,"111,000","5,000","106,000","111,000","5,000","106,000"
"=""062190""",大立光永豐46購06,0,0,0,"547,000","441,000","106,000","547,000","441,000","106,000"
"=""064765""",滬深2X元富47購01,0,0,0,"189,000","83,000","106,000","189,000","83,000","106,000"
"=""064781""",FBNQ2X元大49購01,0,0,0,"124,000","18,000","106,000","124,000","18,000","106,000"
"=""065296""",台達電統一4C購01,0,0,0,"106,000",0,"106,000","106,000",0,"106,000"
"=""066429""",嘉澤統一57購02  ,0,0,0,"106,000",0,"106,000","106,000",0,"106,000"
"=""066993""",上銀凱基49購03  ,0,0,0,"106,000",0,"106,000","106,000",0,"106,000"
"=""069575""",國巨統一52購01  ,0,0,0,"106,000",0,"106,000","106,000",0,"106,000"
"=""070944""",華新國票49購01  ,0,0,0,"116,000","10,000","106,000","116,000","10,000","106,000"
"=""072364""",道瓊銀元富48購02,0,0,0,"106,000",0,"106,000","106,000",0,"106,000"
"=""072550""",華城凱基49購03  ,0,0,0,"136,000","30,000","106,000","136,000","30,000","106,000"
"=""072858""",三芳統一52購04  ,0,0,0,"106,000",0,"106,000","106,000",0,"106,000"
"=""074733""",永崴控國票4A購02,0,0,0,"106,000",0,"106,000","106,000",0,"106,000"
"=""076068""",健策統一53購01  ,0,0,0,"111,000","5,000","106,000","111,000","5,000","106,000"
"=""076505""",亞力元大49購02  ,0,0,0,"134,000","28,000","106,000","134,000","28,000","106,000"
"=""038946""",精誠凱基55購01  ,0,0,0,"105,000",0,"105,000","105,000",0,"105,000"
"=""042923""",南茂富邦56購01  ,0,0,0,"105,000",0,"105,000","105,000",0,"105,000"
"=""046315""",旺宏元大45購01  ,0,0,0,"105,000",0,"105,000","105,000",0,"105,000"
"=""050164""",龍德船國票44購01,0,0,0,"155,000","50,000","105,000","155,000","50,000","105,000"
"=""050882""",健和興元大43購07,0,0,0,"230,000","125,000","105,000","230,000","125,000","105,000"
"=""05390T""",華城元大36售12  ,0,0,0,"105,000",0,"105,000","105,000",0,"105,000"
"=""05515T""",聯發科群益39售07,0,0,0,"105,000",0,"105,000","105,000",0,"105,000"
"=""055589""",聯發科凱基44購10,0,0,0,"105,000",0,"105,000","105,000",0,"105,000"
"=""061231""",世芯元大46購16  ,0,0,0,"112,000","7,000","105,000","112,000","7,000","105,000"
"=""061538""",愛普中信47購01  ,0,0,0,"105,000",0,"105,000","105,000",0,"105,000"
"=""061735""",牧德統一53購01  ,0,0,0,"155,000","50,000","105,000","155,000","50,000","105,000"
"=""065493""",南亞中信47購01  ,0,0,0,"110,000","5,000","105,000","110,000","5,000","105,000"
"=""065640""",台耀群益47購02  ,0,0,0,"105,000",0,"105,000","105,000",0,"105,000"
"=""069188""",辛耘統一52購01  ,0,0,0,"107,000","2,000","105,000","107,000","2,000","105,000"
"=""069767""",波力國票48購01  ,0,0,0,"105,000",0,"105,000","105,000",0,"105,000"
"=""070541""",大成鋼群益48購04,0,0,0,"105,000",0,"105,000","105,000",0,"105,000"
"=""074753""",台郡統一55購01  ,0,0,0,"105,000",0,"105,000","105,000",0,"105,000"
"=""075981""",達發群益49購02  ,0,0,0,"105,000",0,"105,000","105,000",0,"105,000"
"=""08967U""",欣興凱基33售11  ,0,0,0,"125,000","20,000","105,000","125,000","20,000","105,000"
"=""051369""",智邦元大46購02  ,0,0,0,"125,000","21,000","104,000","125,000","21,000","104,000"
"=""061285""",盟立永豐47購01  ,0,0,0,"131,000","27,000","104,000","131,000","27,000","104,000"
"=""062590""",威強電元大46購03,0,0,0,"104,000",0,"104,000","104,000",0,"104,000"
"=""063516""",FBNQ2X國票49購01,0,0,0,"115,000","11,000","104,000","115,000","11,000","104,000"
"=""064881""",智原群益49購01  ,0,0,0,"257,000","153,000","104,000","257,000","153,000","104,000"
"=""068981""",旺宏兆豐52購01  ,0,0,0,"104,000",0,"104,000","104,000",0,"104,000"
"=""069858""",啟�硌s益4A購02  ,0,0,0,"105,000","1,000","104,000","105,000","1,000","104,000"
"=""070553""",健策群益52購03  ,0,0,0,"104,000",0,"104,000","104,000",0,"104,000"
"=""072319""",T50正2永豐48購03,0,0,0,"104,000",0,"104,000","104,000",0,"104,000"
"=""074278""",皇昌群益49購07  ,0,0,0,"104,000",0,"104,000","104,000",0,"104,000"
"=""076237""",鴻海永豐49購12  ,0,0,0,"114,000","10,000","104,000","114,000","10,000","104,000"
"=""037193""",八方國票54購01  ,0,0,0,"103,000",0,"103,000","103,000",0,"103,000"
"=""057219""",正崴統一4C購01  ,0,0,0,"141,000","38,000","103,000","141,000","38,000","103,000"
"=""061957""",國企2X凱基4A購01,0,0,0,"115,000","12,000","103,000","115,000","12,000","103,000"
"=""067456""",台灣50凱基4B購02,0,0,0,"103,000",0,"103,000","103,000",0,"103,000"
"=""069052""",億光凱基48購01  ,0,0,0,"103,000",0,"103,000","103,000",0,"103,000"
"=""069956""",晟銘電群益49購01,0,0,0,"113,000","10,000","103,000","113,000","10,000","103,000"
"=""071569""",所羅門凱基48購05,0,0,0,"145,000","42,000","103,000","145,000","42,000","103,000"
"=""073522""",慧洋凱基49購01  ,0,0,0,"103,000",0,"103,000","103,000",0,"103,000"
"=""074700""",台達電元富4A購01,0,0,0,"103,000",0,"103,000","103,000",0,"103,000"
"=""075400""",臺股指群益53購01,0,0,0,"103,000",0,"103,000","103,000",0,"103,000"
"=""075523""",材料元富49購07  ,0,0,0,"155,000","52,000","103,000","155,000","52,000","103,000"
"=""048192""",潤泰新中信43購01,0,0,0,"242,000","140,000","102,000","242,000","140,000","102,000"
"=""049709""",美時元富59購01  ,0,0,0,"102,000",0,"102,000","102,000",0,"102,000"
"=""050455""",世芯群益43購06  ,0,0,0,"102,000",0,"102,000","102,000",0,"102,000"
"=""051256""",臺股指法興43購15,0,0,0,"102,000",0,"102,000","102,000",0,"102,000"
"=""051703""",中信金永豐45購01,0,0,0,"112,000","10,000","102,000","112,000","10,000","102,000"
"=""056259""",世芯元大47購04  ,0,0,0,"109,000","7,000","102,000","109,000","7,000","102,000"
"=""060456""",緯創群益46購03  ,0,0,0,"102,000",0,"102,000","102,000",0,"102,000"
"=""061339""",長榮航凱基47購01,0,0,0,"325,000","223,000","102,000","325,000","223,000","102,000"
"=""061533""",緯創中信47購03  ,0,0,0,"102,000",0,"102,000","102,000",0,"102,000"
"=""062632""",力積電中信46購02,0,0,0,"102,000",0,"102,000","102,000",0,"102,000"
"=""062667""",緯穎凱基46購08  ,0,0,0,"124,000","22,000","102,000","124,000","22,000","102,000"
"=""063858""",材料群益47購04  ,0,0,0,"103,000","1,000","102,000","103,000","1,000","102,000"
"=""063902""",愛普元大46購02  ,0,0,0,"102,000",0,"102,000","102,000",0,"102,000"
"=""063925""",元金2X國票48購01,0,0,0,"109,000","7,000","102,000","109,000","7,000","102,000"
"=""065091""",玉晶光台新47購01,0,0,0,"124,000","22,000","102,000","124,000","22,000","102,000"
"=""065233""",一詮凱基4B購01  ,0,0,0,"102,000",0,"102,000","102,000",0,"102,000"
"=""065937""",臻鼎元富47購02  ,0,0,0,"102,000",0,"102,000","102,000",0,"102,000"
"=""067691""",S&P反1元大4A購01,0,0,0,"102,000",0,"102,000","102,000",0,"102,000"
"=""068283""",創意凱基48購03  ,0,0,0,"102,000",0,"102,000","102,000",0,"102,000"
"=""069310""",神基國票4B購01  ,0,0,0,"110,000","8,000","102,000","110,000","8,000","102,000"
"=""069468""",所羅門元大48購03,0,0,0,"104,000","2,000","102,000","104,000","2,000","102,000"
"=""069637""",創意凱基4A購03  ,0,0,0,"133,000","31,000","102,000","133,000","31,000","102,000"
"=""072202""",一詮凱基51購01  ,0,0,0,"198,000","96,000","102,000","198,000","96,000","102,000"
"=""073165""",海華元大49購01  ,0,0,0,"132,000","30,000","102,000","132,000","30,000","102,000"
"=""074402""",日月光國票4A購03,0,0,0,"122,000","20,000","102,000","122,000","20,000","102,000"
"=""075042""",美利達群益49購01,0,0,0,"104,000","2,000","102,000","104,000","2,000","102,000"
"=""03895C""",臺股指凱基35牛04,0,0,0,"102,000","1,000","101,000","102,000","1,000","101,000"
"=""047921""",力積電凱基42購01,0,0,0,"592,000","491,000","101,000","592,000","491,000","101,000"
"=""048874""",香港2X凱基43購07,0,0,0,"101,000",0,"101,000","101,000",0,"101,000"
"=""050223""",臺股指群益44購08,0,0,0,"293,000","192,000","101,000","293,000","192,000","101,000"
"=""053281""",中石化中信44購01,0,0,0,"106,000","5,000","101,000","106,000","5,000","101,000"
"=""054443""",京元電群益49購01,0,0,0,"101,000",0,"101,000","101,000",0,"101,000"
"=""05461T""",台積電元富39售09,0,0,0,"112,000","11,000","101,000","112,000","11,000","101,000"
"=""061845""",皇昌群益46購06  ,0,0,0,"130,000","29,000","101,000","130,000","29,000","101,000"
"=""062085""",聯發科元大46購05,0,0,0,"119,000","18,000","101,000","119,000","18,000","101,000"
"=""062506""",神達元富46購01  ,0,0,0,"101,000",0,"101,000","101,000",0,"101,000"
"=""065480""",凌華國票48購01  ,0,0,0,"203,000","102,000","101,000","203,000","102,000","101,000"
"=""065824""",大亞統一51購01  ,0,0,0,"203,000","102,000","101,000","203,000","102,000","101,000"
"=""066994""",鴻海凱基47購20  ,0,0,0,"101,000",0,"101,000","101,000",0,"101,000"
"=""067042""",大立光永豐47購04,0,0,0,"101,000",0,"101,000","101,000",0,"101,000"
"=""067924""",精成科元大47購07,0,0,0,"101,000",0,"101,000","101,000",0,"101,000"
"=""068661""",力積電統一54購03,0,0,0,"159,000","58,000","101,000","159,000","58,000","101,000"
"=""069426""",華通群益48購03  ,0,0,0,"101,000",0,"101,000","101,000",0,"101,000"
"=""070158""",大立光富邦49購03,0,0,0,"101,000",0,"101,000","101,000",0,"101,000"
"=""072865""",文曄統一53購02  ,0,0,0,"153,000","52,000","101,000","153,000","52,000","101,000"
"=""073554""",台積電群益4B購13,0,0,0,"245,000","144,000","101,000","245,000","144,000","101,000"
"=""075576""",長榮元大51購04  ,0,0,0,"137,000","36,000","101,000","137,000","36,000","101,000"
"=""03181T""",美費半國票33售02,0,0,0,"100,000",0,"100,000","100,000",0,"100,000"
"=""038817""",台達電統一6A購01,0,0,0,"107,000","7,000","100,000","107,000","7,000","100,000"
"=""03952T""",臺股指國泰34售03,0,0,0,"100,000",0,"100,000","100,000",0,"100,000"
"=""041267""",東元元大54購10  ,0,0,0,"100,000",0,"100,000","100,000",0,"100,000"
"=""04180T""",鴻海永豐35售01  ,0,0,0,"100,000",0,"100,000","100,000",0,"100,000"
"=""04343T""",聯詠凱基35售02  ,0,0,0,"100,000",0,"100,000","100,000",0,"100,000"
"=""045975""",奇鋐統一48購02  ,0,0,0,"100,000",0,"100,000","100,000",0,"100,000"
"=""047440""",台積電凱基58購08,0,0,0,"100,000",0,"100,000","100,000",0,"100,000"
"=""047671""",技嘉富邦42購06  ,0,0,0,"100,000",0,"100,000","100,000",0,"100,000"
"=""047729""",德律統一46購01  ,0,0,0,"100,000",0,"100,000","100,000",0,"100,000"
"=""049082""",微星元大43購02  ,0,0,0,"102,000","2,000","100,000","102,000","2,000","100,000"
"=""049809""",大銀元大43購05  ,0,0,0,"100,000",0,"100,000","100,000",0,"100,000"
"=""050310""",緯創凱基3A購01  ,0,0,0,"100,000",0,"100,000","100,000",0,"100,000"
"=""051917""",潤隆群益47購01  ,0,0,0,"100,000",0,"100,000","100,000",0,"100,000"
"=""05293T""",鴻海富邦3C售03  ,0,0,0,"100,000",0,"100,000","100,000",0,"100,000"
"=""053011""",大銀統一54購01  ,0,0,0,"100,000",0,"100,000","100,000",0,"100,000"
"=""053716""",致茂群益44購02  ,0,0,0,"100,000",0,"100,000","100,000",0,"100,000"
"=""053955""",滬深2X永豐45購08,0,0,0,"110,000","10,000","100,000","110,000","10,000","100,000"
"=""054034""",儲能元大45購01  ,0,0,0,"174,000","74,000","100,000","174,000","74,000","100,000"
"=""05417T""",智邦群益36售05  ,0,0,0,"100,000",0,"100,000","100,000",0,"100,000"
"=""054436""",台達電群益44購06,0,0,0,"100,000",0,"100,000","100,000",0,"100,000"
"=""054490""",神達元大44購01  ,0,0,0,"100,000",0,"100,000","100,000",0,"100,000"
"=""054866""",盟立元大48購02  ,0,0,0,"100,000",0,"100,000","100,000",0,"100,000"
"=""055069""",南亞科群益46購02,0,0,0,"100,000",0,"100,000","100,000",0,"100,000"
"=""055654""",台光電群益46購01,0,0,0,"100,000",0,"100,000","100,000",0,"100,000"
"=""056113""",佳必琪元大44購04,0,0,0,"100,000",0,"100,000","100,000",0,"100,000"
"=""056317""",T50反1元富48購02,0,0,0,"100,000",0,"100,000","100,000",0,"100,000"
"=""056429""",創意群益45購03  ,0,0,0,"100,000",0,"100,000","100,000",0,"100,000"
"=""057173""",技嘉凱基45購04  ,0,0,0,"108,000","8,000","100,000","108,000","8,000","100,000"
"=""057540""",技嘉元大45購10  ,0,0,0,"209,000","109,000","100,000","209,000","109,000","100,000"
"=""058018""",美時凱基48購01  ,0,0,0,"100,000",0,"100,000","100,000",0,"100,000"
"=""058321""",台積電群益45購17,0,0,0,"188,000","88,000","100,000","188,000","88,000","100,000"
"=""058581""",大同群益45購02  ,0,0,0,"100,000",0,"100,000","100,000",0,"100,000"
"=""058871""",台灣50元大45購16,0,0,0,"100,000",0,"100,000","100,000",0,"100,000"
"=""059047""",矽統統一4B購01  ,0,0,0,"102,000","2,000","100,000","102,000","2,000","100,000"
"=""059292""",美時國泰47購01  ,0,0,0,"100,000",0,"100,000","100,000",0,"100,000"
"=""060107""",大同富邦49購01  ,0,0,0,"100,000",0,"100,000","100,000",0,"100,000"
"=""060207""",嘉澤永豐46購01  ,0,0,0,"100,000",0,"100,000","100,000",0,"100,000"
"=""061552""",波力永豐47購01  ,0,0,0,"114,000","14,000","100,000","114,000","14,000","100,000"
"=""061752""",鴻海元富46購05  ,0,0,0,"100,000",0,"100,000","100,000",0,"100,000"
"=""062217""",中502X元富46購02,0,0,0,"100,000",0,"100,000","100,000",0,"100,000"
"=""062405""",鴻海中信46購03  ,0,0,0,"100,000",0,"100,000","100,000",0,"100,000"
"=""062690""",台光電永豐46購07,0,0,0,"605,000","505,000","100,000","605,000","505,000","100,000"
"=""063187""",金像電群益46購05,0,0,0,"100,000",0,"100,000","100,000",0,"100,000"
"=""063424""",A50正2元大47購02,0,0,0,"100,000",0,"100,000","100,000",0,"100,000"
"=""063491""",祥碩富邦47購02  ,0,0,0,"116,000","16,000","100,000","116,000","16,000","100,000"
"=""064043""",中興電元大46購02,0,0,0,"100,000",0,"100,000","100,000",0,"100,000"
"=""064137""",矽力群益46購06  ,0,0,0,"100,000",0,"100,000","100,000",0,"100,000"
"=""064413""",台積電凱基47購18,0,0,0,"100,000",0,"100,000","100,000",0,"100,000"
"=""065830""",致茂統一51購01  ,0,0,0,"100,000",0,"100,000","100,000",0,"100,000"
"=""066233""",泓德群益48購01  ,0,0,0,"100,000",0,"100,000","100,000",0,"100,000"
"=""067239""",長榮元富51購03  ,0,0,0,"106,000","6,000","100,000","106,000","6,000","100,000"
"=""067307""",愛普群益47購07  ,0,0,0,"100,000",0,"100,000","100,000",0,"100,000"
"=""067842""",中鋼凱基47購01  ,0,0,0,"100,000",0,"100,000","100,000",0,"100,000"
"=""068125""",臺股指元富47購11,0,0,0,"100,000",0,"100,000","100,000",0,"100,000"
"=""068394""",創意統一56購01  ,0,0,0,"100,000",0,"100,000","100,000",0,"100,000"
"=""069384""",大成鋼統一52購05,0,0,0,"105,000","5,000","100,000","105,000","5,000","100,000"
"=""069527""",TPK國票49購01   ,0,0,0,"100,000",0,"100,000","100,000",0,"100,000"
"=""069561""",新日興群益48購01,0,0,0,"100,000",0,"100,000","100,000",0,"100,000"
"=""069837""",佳能群益4B購01  ,0,0,0,"250,000","150,000","100,000","250,000","150,000","100,000"
"=""070390""",元債2X永豐43購01,0,0,0,"100,000",0,"100,000","100,000",0,"100,000"
"=""071437""",微星國票4B購01  ,0,0,0,"220,000","120,000","100,000","220,000","120,000","100,000"
"=""071900""",華城統一54購01  ,0,0,0,"100,000",0,"100,000","100,000",0,"100,000"
"=""072024""",大成鋼元大48購20,0,0,0,"100,000",0,"100,000","100,000",0,"100,000"
"=""072333""",滬深2X統一51購02,0,0,0,"100,000",0,"100,000","100,000",0,"100,000"
"=""072505""",鈺齊元大48購05  ,0,0,0,"100,000",0,"100,000","100,000",0,"100,000"
"=""073253""",FBNQ2X元富49購03,0,0,0,"101,000","1,000","100,000","101,000","1,000","100,000"
"=""073635""",順德元大49購02  ,0,0,0,"100,000",0,"100,000","100,000",0,"100,000"
"=""074042""",台泥凱基52購01  ,0,0,0,"100,000",0,"100,000","100,000",0,"100,000"
"=""074255""",一詮統一4C購02  ,0,0,0,"100,000",0,"100,000","100,000",0,"100,000"
"=""074846""",華邦電國泰4A購02,0,0,0,"132,000","32,000","100,000","132,000","32,000","100,000"
"=""075466""",緯穎元大51購02  ,0,0,0,"100,000",0,"100,000","100,000",0,"100,000"
"=""077115""",華邦電元大4C購01,0,0,0,"110,000","10,000","100,000","110,000","10,000","100,000"
"=""08334U""",英業達元富33售10,0,0,0,"100,000",0,"100,000","100,000",0,"100,000"
2367  ,燿華            ,1,"11,000","-10,999","127,000","17,000","110,000","127,001","28,000","99,001"
"=""03771T""",富邦金凱基34售01,0,0,0,"100,000","1,000","99,000","100,000","1,000","99,000"
"=""050834""",所羅門統一53購01,0,0,0,"108,000","9,000","99,000","108,000","9,000","99,000"
"=""053270""",南港永豐46購01  ,0,0,0,"400,000","301,000","99,000","400,000","301,000","99,000"
"=""053324""",滬深2X群益44購05,0,0,0,"180,000","81,000","99,000","180,000","81,000","99,000"
"=""053940""",訊芯統一4A購02  ,0,0,0,"99,000",0,"99,000","99,000",0,"99,000"
"=""055755""",景碩國泰46購03  ,0,0,0,"99,000",0,"99,000","99,000",0,"99,000"
"=""056353""",零壹凱基46購01  ,0,0,0,"100,000","1,000","99,000","100,000","1,000","99,000"
"=""057119""",威盛群益47購03  ,0,0,0,"151,000","52,000","99,000","151,000","52,000","99,000"
"=""058121""",緯穎元大45購18  ,0,0,0,"99,000",0,"99,000","99,000",0,"99,000"
"=""062254""",大立光凱基48購03,0,0,0,"188,000","89,000","99,000","188,000","89,000","99,000"
"=""064124""",聯詠群益46購02  ,0,0,0,"104,000","5,000","99,000","104,000","5,000","99,000"
"=""064475""",臺股指元大4C購05,0,0,0,"100,000","1,000","99,000","100,000","1,000","99,000"
"=""065133""",鴻海群益47購12  ,0,0,0,"99,000",0,"99,000","99,000",0,"99,000"
"=""065405""",A50正2元大49購01,0,0,0,"99,000",0,"99,000","99,000",0,"99,000"
"=""066331""",華新兆豐47購01  ,0,0,0,"184,000","85,000","99,000","184,000","85,000","99,000"
"=""066764""",聯發科元大47購12,0,0,0,"99,000",0,"99,000","99,000",0,"99,000"
"=""069189""",中興電統一3C購02,0,0,0,"101,000","2,000","99,000","101,000","2,000","99,000"
"=""070115""",晟銘電元大48購01,0,0,0,"99,000",0,"99,000","99,000",0,"99,000"
"=""071979""",宏致元富4B購02  ,0,0,0,"99,000",0,"99,000","99,000",0,"99,000"
"=""073947""",鈺齊第一49購01  ,0,0,0,"114,000","15,000","99,000","114,000","15,000","99,000"
"=""075346""",所羅門凱基4B購03,0,0,0,"100,000","1,000","99,000","100,000","1,000","99,000"
"=""075503""",群創永豐49購03  ,0,0,0,"103,000","4,000","99,000","103,000","4,000","99,000"
"=""075581""",慧洋元大49購15  ,0,0,0,"150,000","51,000","99,000","150,000","51,000","99,000"
"=""047275""",京元電元富48購01,0,0,0,"100,000","2,000","98,000","100,000","2,000","98,000"
"=""052428""",偉詮電富邦46購01,0,0,0,"200,000","102,000","98,000","200,000","102,000","98,000"
"=""057561""",臺股指元大46購14,0,0,0,"98,000",0,"98,000","98,000",0,"98,000"
"=""060935""",一詮凱基48購01  ,0,0,0,"108,000","10,000","98,000","108,000","10,000","98,000"
"=""061550""",緯穎永豐49購02  ,0,0,0,"99,000","1,000","98,000","99,000","1,000","98,000"
"=""062277""",元債2X群益46購02,0,0,0,"118,000","20,000","98,000","118,000","20,000","98,000"
"=""062809""",聯發科元大46購09,0,0,0,"98,000",0,"98,000","98,000",0,"98,000"
"=""063147""",電子類凱基46購04,0,0,0,"98,000",0,"98,000","98,000",0,"98,000"
"=""063978""",上銀兆豐4C購01  ,0,0,0,"98,000",0,"98,000","98,000",0,"98,000"
"=""064647""",融程電台新46購01,0,0,0,"110,000","12,000","98,000","110,000","12,000","98,000"
"=""065472""",嘉晶國票48購01  ,0,0,0,"105,000","7,000","98,000","105,000","7,000","98,000"
"=""066369""",洋基元富47購03  ,0,0,0,"267,000","169,000","98,000","267,000","169,000","98,000"
"=""066580""",萬海元富47購02  ,0,0,0,"121,000","23,000","98,000","121,000","23,000","98,000"
"=""066893""",洋基元富47購05  ,0,0,0,"108,000","10,000","98,000","108,000","10,000","98,000"
"=""067037""",鴻準永豐51購01  ,0,0,0,"100,000","2,000","98,000","100,000","2,000","98,000"
"=""069328""",昇陽半國票4A購01,0,0,0,"98,000",0,"98,000","98,000",0,"98,000"
"=""070897""",SGBR2X凱基51購01,0,0,0,"98,000",0,"98,000","98,000",0,"98,000"
"=""071649""",鴻海凱基48購16  ,0,0,0,"137,000","39,000","98,000","137,000","39,000","98,000"
"=""072017""",滬深2X元大4C購03,0,0,0,"98,000",0,"98,000","98,000",0,"98,000"
"=""072867""",達興統一53購05  ,0,0,0,"111,000","13,000","98,000","111,000","13,000","98,000"
"=""075048""",華邦電富邦49購02,0,0,0,"98,000",0,"98,000","98,000",0,"98,000"
"=""076821""",立積國票49購02  ,0,0,0,"98,000",0,"98,000","98,000",0,"98,000"
"=""08235U""",欣興兆豐37售02  ,0,0,0,"108,000","10,000","98,000","108,000","10,000","98,000"
"=""00904 """,新光臺灣半導體30,0,0,0,"1,068,375","970,556","97,819","1,068,375","970,556","97,819"
"=""051800""",滬深2X凱基46購01,0,0,0,"100,000","3,000","97,000","100,000","3,000","97,000"
"=""053113""",上証2X凱基46購04,0,0,0,"349,000","252,000","97,000","349,000","252,000","97,000"
"=""055408""",川湖中信48購01  ,0,0,0,"168,000","71,000","97,000","168,000","71,000","97,000"
"=""056697""",凱基金元大47購04,0,0,0,"168,000","71,000","97,000","168,000","71,000","97,000"
"=""056871""",萬海台新45購02  ,0,0,0,"117,000","20,000","97,000","117,000","20,000","97,000"
"=""059978""",一詮元大45購05  ,0,0,0,"107,000","10,000","97,000","107,000","10,000","97,000"
"=""061341""",緯創凱基46購06  ,0,0,0,"100,000","3,000","97,000","100,000","3,000","97,000"
"=""063823""",矽創凱基46購02  ,0,0,0,"98,000","1,000","97,000","98,000","1,000","97,000"
"=""065693""",世紀鋼凱基47購05,0,0,0,"110,000","13,000","97,000","110,000","13,000","97,000"
"=""065748""",世芯元大47購17  ,0,0,0,"103,000","6,000","97,000","103,000","6,000","97,000"
"=""065788""",台積電富邦51購01,0,0,0,"157,000","60,000","97,000","157,000","60,000","97,000"
"=""065996""",為升群益47購01  ,0,0,0,"544,000","447,000","97,000","544,000","447,000","97,000"
"=""066811""",祥碩統一49購01  ,0,0,0,"117,000","20,000","97,000","117,000","20,000","97,000"
"=""069452""",保瑞群益48購01  ,0,0,0,"97,000",0,"97,000","97,000",0,"97,000"
"=""069723""",百和第一48購01  ,0,0,0,"110,000","13,000","97,000","110,000","13,000","97,000"
"=""072541""",振樺電第一49購01,0,0,0,"97,000",0,"97,000","97,000",0,"97,000"
"=""074388""",英業達國票4A購01,0,0,0,"98,000","1,000","97,000","98,000","1,000","97,000"
"=""074635""",信錦統一43購02  ,0,0,0,"97,000",0,"97,000","97,000",0,"97,000"
"=""03364T""",聯電元富33售01  ,0,0,0,"141,000","45,000","96,000","141,000","45,000","96,000"
"=""042859""",士電統一49購02  ,0,0,0,"101,000","5,000","96,000","101,000","5,000","96,000"
"=""046082""",美債2X群益44購01,0,0,0,"96,000",0,"96,000","96,000",0,"96,000"
"=""047565""",創意永豐45購03  ,0,0,0,"147,000","51,000","96,000","147,000","51,000","96,000"
"=""05759T""",長榮元大37售36  ,0,0,0,"220,000","124,000","96,000","220,000","124,000","96,000"
"=""059476""",仁寶國票46購03  ,0,0,0,"136,000","40,000","96,000","136,000","40,000","96,000"
"=""062997""",台塑群益46購06  ,0,0,0,"96,000",0,"96,000","96,000",0,"96,000"
"=""063032""",臺股指群益46購20,0,0,0,"363,000","267,000","96,000","363,000","267,000","96,000"
"=""063629""",材料群益47購03  ,0,0,0,"111,000","15,000","96,000","111,000","15,000","96,000"
"=""065355""",鴻海群益47購13  ,0,0,0,"100,000","4,000","96,000","100,000","4,000","96,000"
"=""065408""",國企2X元大49購02,0,0,0,"96,000",0,"96,000","96,000",0,"96,000"
"=""065652""",台灣50凱基4B購01,0,0,0,"130,000","34,000","96,000","130,000","34,000","96,000"
"=""068479""",創意群益49購06  ,0,0,0,"356,000","260,000","96,000","356,000","260,000","96,000"
"=""068929""",至上兆豐3C購01  ,0,0,0,"96,000",0,"96,000","96,000",0,"96,000"
"=""071771""",裕民元大48購09  ,0,0,0,"164,000","68,000","96,000","164,000","68,000","96,000"
"=""072956""",華城元大51購01  ,0,0,0,"206,000","110,000","96,000","206,000","110,000","96,000"
"=""073255""",道瓊銀元富49購03,0,0,0,"106,000","10,000","96,000","106,000","10,000","96,000"
"=""03694T""",健策元大34售08  ,0,0,0,"95,000",0,"95,000","95,000",0,"95,000"
"=""04609T""",台積電凱基3B售03,0,0,0,"101,000","6,000","95,000","101,000","6,000","95,000"
"=""049666""",美債2X元大46購03,0,0,0,"135,000","40,000","95,000","135,000","40,000","95,000"
"=""053751""",上銀永豐44購02  ,0,0,0,"100,000","5,000","95,000","100,000","5,000","95,000"
"=""055139""",上証2X富邦48購01,0,0,0,"175,000","80,000","95,000","175,000","80,000","95,000"
"=""055386""",東科凱基44購02  ,0,0,0,"98,000","3,000","95,000","98,000","3,000","95,000"
"=""055845""",台亞凱基44購02  ,0,0,0,"95,000",0,"95,000","95,000",0,"95,000"
"=""056100""",奇鋐元大44購15  ,0,0,0,"130,000","35,000","95,000","130,000","35,000","95,000"
"=""058127""",聯電群益4A購01  ,0,0,0,"95,000",0,"95,000","95,000",0,"95,000"
"=""058612""",皇昌富邦48購01  ,0,0,0,"100,000","5,000","95,000","100,000","5,000","95,000"
"=""064688""",玉晶光元大46購12,0,0,0,"95,000",0,"95,000","95,000",0,"95,000"
"=""065465""",興勤國票48購01  ,0,0,0,"95,000",0,"95,000","95,000",0,"95,000"
"=""066774""",玉晶光元大47購17,0,0,0,"97,000","2,000","95,000","97,000","2,000","95,000"
"=""068419""",宏致元富4B購01  ,0,0,0,"150,000","55,000","95,000","150,000","55,000","95,000"
"=""068790""",立積富邦4A購01  ,0,0,0,"95,000",0,"95,000","95,000",0,"95,000"
"=""069542""",精銳兆豐4A購02  ,0,0,0,"95,000",0,"95,000","95,000",0,"95,000"
"=""070804""",台化國票48購02  ,0,0,0,"95,000",0,"95,000","95,000",0,"95,000"
"=""071787""",材料元大48購17  ,0,0,0,"386,000","291,000","95,000","386,000","291,000","95,000"
"=""072029""",台積電元大48購56,0,0,0,"123,000","28,000","95,000","123,000","28,000","95,000"
"=""072761""",勤誠元大49購01  ,0,0,0,"96,000","1,000","95,000","96,000","1,000","95,000"
"=""073178""",上銀統一54購03  ,0,0,0,"95,000",0,"95,000","95,000",0,"95,000"
"=""073778""",新興凱基49購01  ,0,0,0,"95,000",0,"95,000","95,000",0,"95,000"
"=""074114""",愛普群益49購01  ,0,0,0,"95,000",0,"95,000","95,000",0,"95,000"
"=""074640""",裕民凱基51購01  ,0,0,0,"95,000",0,"95,000","95,000",0,"95,000"
"=""075859""",鉅祥中信4B購01  ,0,0,0,"237,000","142,000","95,000","237,000","142,000","95,000"
"=""075952""",台積電群益4A購27,0,0,0,"115,000","20,000","95,000","115,000","20,000","95,000"
"=""076808""",中興電國票4A購03,0,0,0,"100,000","5,000","95,000","100,000","5,000","95,000"
"=""07920U""",臺股指元大34售18,0,0,0,"100,000","5,000","95,000","100,000","5,000","95,000"
"=""00912 """,中信臺灣智慧50  ,0,0,0,"501,457","406,765","94,692","501,457","406,765","94,692"
"=""048348""",緯穎群益42購04  ,0,0,0,"94,000",0,"94,000","94,000",0,"94,000"
"=""055080""",辛耘群益46購02  ,0,0,0,"199,000","105,000","94,000","199,000","105,000","94,000"
"=""060162""",英業達元大46購02,0,0,0,"141,000","47,000","94,000","141,000","47,000","94,000"
"=""061913""",緯穎元大46購22  ,0,0,0,"106,000","12,000","94,000","106,000","12,000","94,000"
"=""061996""",台玻元富46購02  ,0,0,0,"104,000","10,000","94,000","104,000","10,000","94,000"
"=""063439""",鴻海元大46購28  ,0,0,0,"104,000","10,000","94,000","104,000","10,000","94,000"
"=""064856""",立隆電國泰48購01,0,0,0,"200,000","106,000","94,000","200,000","106,000","94,000"
"=""065897""",智邦凱基48購05  ,0,0,0,"127,000","33,000","94,000","127,000","33,000","94,000"
"=""066176""",高力統一41購01  ,0,0,0,"154,000","60,000","94,000","154,000","60,000","94,000"
"=""066391""",智原統一45購01  ,0,0,0,"124,000","30,000","94,000","124,000","30,000","94,000"
"=""066714""",國巨群益47購02  ,0,0,0,"94,000",0,"94,000","94,000",0,"94,000"
"=""069197""",華航統一3C購01  ,0,0,0,"99,000","5,000","94,000","99,000","5,000","94,000"
"=""069399""",智原統一56購01  ,0,0,0,"94,000",0,"94,000","94,000",0,"94,000"
"=""069453""",帝寶群益49購01  ,0,0,0,"94,000",0,"94,000","94,000",0,"94,000"
"=""069517""",元油反元富48購01,0,0,0,"94,000",0,"94,000","94,000",0,"94,000"
"=""070205""",晟銘電中信48購01,0,0,0,"104,000","10,000","94,000","104,000","10,000","94,000"
"=""073433""",華新第一49購02  ,0,0,0,"125,000","31,000","94,000","125,000","31,000","94,000"
2017  ,官田鋼          ,"102,000","8,000","94,000",0,0,0,"102,000","8,000","94,000"
9945  ,潤泰新          ,"125,000","45,086","79,914","14,000",0,"14,000","139,000","45,086","93,914"
"=""03407T""",定穎控元富36售03,0,0,0,"93,000",0,"93,000","93,000",0,"93,000"
"=""057649""",臺股指凱基46購14,0,0,0,"350,000","257,000","93,000","350,000","257,000","93,000"
"=""064490""",台積電群益46購28,0,0,0,"93,000",0,"93,000","93,000",0,"93,000"
"=""070527""",川湖永豐4B購01  ,0,0,0,"100,000","7,000","93,000","100,000","7,000","93,000"
"=""070688""",盟立統一52購03  ,0,0,0,"95,000","2,000","93,000","95,000","2,000","93,000"
"=""074289""",晶心科群益49購04,0,0,0,"109,000","16,000","93,000","109,000","16,000","93,000"
"=""076285""",大成鋼凱基4B購03,0,0,0,"110,000","17,000","93,000","110,000","17,000","93,000"
"=""00728 """,第一金工業30    ,0,0,0,"445,000","352,123","92,877","445,000","352,123","92,877"
"=""052013""",上証2X國票44購04,0,0,0,"141,000","49,000","92,000","141,000","49,000","92,000"
"=""053757""",世芯永豐44購07  ,0,0,0,"95,000","3,000","92,000","95,000","3,000","92,000"
"=""057082""",緯創元大45購10  ,0,0,0,"92,000",0,"92,000","92,000",0,"92,000"
"=""060571""",華城元大47購03  ,0,0,0,"97,000","5,000","92,000","97,000","5,000","92,000"
"=""061602""",邁達特國票46購01,0,0,0,"100,000","8,000","92,000","100,000","8,000","92,000"
"=""062314""",A50元大46購01   ,0,0,0,"92,000",0,"92,000","92,000",0,"92,000"
"=""062555""",T50反1元大47購07,0,0,0,"92,000",0,"92,000","92,000",0,"92,000"
"=""062660""",神達凱基46購06  ,0,0,0,"92,000",0,"92,000","92,000",0,"92,000"
"=""063062""",宇隆永豐47購01  ,0,0,0,"102,000","10,000","92,000","102,000","10,000","92,000"
"=""063074""",上銀統一54購01  ,0,0,0,"114,000","22,000","92,000","114,000","22,000","92,000"
"=""066904""",劍麟群益4B購01  ,0,0,0,"93,000","1,000","92,000","93,000","1,000","92,000"
"=""068688""",世芯元富48購10  ,0,0,0,"102,000","10,000","92,000","102,000","10,000","92,000"
"=""070001""",創意永豐49購04  ,0,0,0,"92,000",0,"92,000","92,000",0,"92,000"
"=""071045""",中鋼中信48購02  ,0,0,0,"92,000",0,"92,000","92,000",0,"92,000"
"=""072774""",所羅門群益4B購02,0,0,0,"203,000","111,000","92,000","203,000","111,000","92,000"
"=""075164""",群光凱基49購01  ,0,0,0,"92,000",0,"92,000","92,000",0,"92,000"
"=""075502""",創意永豐4B購03  ,0,0,0,"102,000","10,000","92,000","102,000","10,000","92,000"
3034  ,聯詠            ,"126,011","62,630","63,381","62,378","34,200","28,178","188,389","96,830","91,559"
"=""060045""",中華凱基46購03  ,0,0,0,"96,000","5,000","91,000","96,000","5,000","91,000"
"=""060353""",長榮元大46購04  ,0,0,0,"171,000","80,000","91,000","171,000","80,000","91,000"
"=""062066""",波力群益46購01  ,0,0,0,"190,000","99,000","91,000","190,000","99,000","91,000"
"=""065692""",鈺齊凱基47購01  ,0,0,0,"96,000","5,000","91,000","96,000","5,000","91,000"
"=""065780""",微星統一3B購01  ,0,0,0,"135,000","44,000","91,000","135,000","44,000","91,000"
"=""067910""",聯發科元大47購21,0,0,0,"121,000","30,000","91,000","121,000","30,000","91,000"
"=""068006""",奇鋐群益47購06  ,0,0,0,"91,000",0,"91,000","91,000",0,"91,000"
"=""068167""",力積電統一55購01,0,0,0,"91,000",0,"91,000","91,000",0,"91,000"
"=""070603""",保瑞元大48購04  ,0,0,0,"91,000",0,"91,000","91,000",0,"91,000"
"=""071576""",鉅祥凱基49購01  ,0,0,0,"91,000",0,"91,000","91,000",0,"91,000"
"=""072098""",華城永豐4A購03  ,0,0,0,"91,000",0,"91,000","91,000",0,"91,000"
"=""074587""",欣興元大49購12  ,0,0,0,"91,000",0,"91,000","91,000",0,"91,000"
"=""076437""",漢翔統一53購03  ,0,0,0,"129,000","38,000","91,000","129,000","38,000","91,000"
"=""00926 """,凱基全球菁英55  ,0,0,0,"832,000","742,000","90,000","832,000","742,000","90,000"
"=""04423T""",智原永豐35售01  ,0,0,0,"100,000","10,000","90,000","100,000","10,000","90,000"
"=""047394""",長榮航統一3C購01,0,0,0,"100,000","10,000","90,000","100,000","10,000","90,000"
"=""04773T""",臺股指國票35售13,0,0,0,"130,000","40,000","90,000","130,000","40,000","90,000"
"=""051929""",貿聯群益43購03  ,0,0,0,"93,000","3,000","90,000","93,000","3,000","90,000"
"=""051990""",天鈺元大43購01  ,0,0,0,"90,000",0,"90,000","90,000",0,"90,000"
"=""052333""",鴻海中信46購02  ,0,0,0,"90,000",0,"90,000","90,000",0,"90,000"
"=""052427""",長華元大43購14  ,0,0,0,"90,000",0,"90,000","90,000",0,"90,000"
"=""052454""",滬深2X元富4A購01,0,0,0,"200,000","110,000","90,000","200,000","110,000","90,000"
"=""054723""",雲豹統一5A購01  ,0,0,0,"90,000",0,"90,000","90,000",0,"90,000"
"=""058246""",京元電凱基45購03,0,0,0,"163,000","73,000","90,000","163,000","73,000","90,000"
"=""059644""",台達電永豐47購01,0,0,0,"94,000","4,000","90,000","94,000","4,000","90,000"
"=""060313""",一詮群益4B購01  ,0,0,0,"370,000","280,000","90,000","370,000","280,000","90,000"
"=""060980""",中502X群益46購02,0,0,0,"97,000","7,000","90,000","97,000","7,000","90,000"
"=""061831""",臺股指凱基49購18,0,0,0,"90,000",0,"90,000","90,000",0,"90,000"
"=""061908""",乙盛元大4A購01  ,0,0,0,"90,000",0,"90,000","90,000",0,"90,000"
"=""063996""",啟�痐葩I4C購01  ,0,0,0,"90,000",0,"90,000","90,000",0,"90,000"
"=""064120""",長榮航群益46購07,0,0,0,"90,000",0,"90,000","90,000",0,"90,000"
"=""065211""",台達電兆豐48購01,0,0,0,"90,000",0,"90,000","90,000",0,"90,000"
"=""065725""",輔信元大47購01  ,0,0,0,"132,000","42,000","90,000","132,000","42,000","90,000"
"=""067206""",長榮凱基47購06  ,0,0,0,"90,000",0,"90,000","90,000",0,"90,000"
"=""067937""",佳能台新47購01  ,0,0,0,"90,000",0,"90,000","90,000",0,"90,000"
"=""068499""",台積電元大48購19,0,0,0,"90,000",0,"90,000","90,000",0,"90,000"
"=""068603""",鴻海元大48購10  ,0,0,0,"210,000","120,000","90,000","210,000","120,000","90,000"
"=""069017""",昇陽半國票49購01,0,0,0,"142,000","52,000","90,000","142,000","52,000","90,000"
"=""069191""",上銀統一3C購01  ,0,0,0,"90,000",0,"90,000","90,000",0,"90,000"
"=""069465""",台積電元大48購39,0,0,0,"90,000",0,"90,000","90,000",0,"90,000"
"=""069560""",欣興群益4A購01  ,0,0,0,"170,000","80,000","90,000","170,000","80,000","90,000"
"=""069570""",FANG+統一51購01 ,0,0,0,"90,000",0,"90,000","90,000",0,"90,000"
"=""072538""",智原富邦4B購02  ,0,0,0,"180,000","90,000","90,000","180,000","90,000","90,000"
"=""072749""",群創元大49購01  ,0,0,0,"90,000",0,"90,000","90,000",0,"90,000"
"=""073506""",宏�硌s益41購01  ,0,0,0,"90,000",0,"90,000","90,000",0,"90,000"
"=""074542""",億光群益49購01  ,0,0,0,"90,000",0,"90,000","90,000",0,"90,000"
"=""074811""",威強電元大49購04,0,0,0,"130,000","40,000","90,000","130,000","40,000","90,000"
"=""075007""",南電元大49購01  ,0,0,0,"100,000","10,000","90,000","100,000","10,000","90,000"
"=""075135""",長榮統一47購02  ,0,0,0,"90,000",0,"90,000","90,000",0,"90,000"
"=""075752""",裕民群益49購01  ,0,0,0,"90,000",0,"90,000","90,000",0,"90,000"
"=""076723""",奇鋐元大4C購01  ,0,0,0,"181,000","91,000","90,000","181,000","91,000","90,000"
"=""08496U""",辛耘群益31售05  ,0,0,0,"90,000",0,"90,000","90,000",0,"90,000"
"=""08898U""",仁寶元富32售08  ,0,0,0,"90,000",0,"90,000","90,000",0,"90,000"
"=""03610B""",臺股指凱基34熊07,0,0,0,"110,000","21,000","89,000","110,000","21,000","89,000"
"=""03900T""",川湖國泰36售03  ,0,0,0,"332,000","243,000","89,000","332,000","243,000","89,000"
"=""055520""",一詮國票45購01  ,0,0,0,"100,000","11,000","89,000","100,000","11,000","89,000"
"=""058584""",建準群益45購06  ,0,0,0,"109,000","20,000","89,000","109,000","20,000","89,000"
"=""059921""",亞翔群益45購04  ,0,0,0,"177,000","88,000","89,000","177,000","88,000","89,000"
"=""066006""",台積電群益47購30,0,0,0,"90,000","1,000","89,000","90,000","1,000","89,000"
"=""066388""",智原統一3B購04  ,0,0,0,"109,000","20,000","89,000","109,000","20,000","89,000"
"=""066456""",台積電元大4B購02,0,0,0,"361,000","272,000","89,000","361,000","272,000","89,000"
"=""066522""",晶碩群益47購01  ,0,0,0,"113,000","24,000","89,000","113,000","24,000","89,000"
"=""067708""",矽統元大47購05  ,0,0,0,"89,000",0,"89,000","89,000",0,"89,000"
"=""070049""",中砂國泰49購01  ,0,0,0,"89,000",0,"89,000","89,000",0,"89,000"
"=""076668""",鴻海群益49購13  ,0,0,0,"100,000","11,000","89,000","100,000","11,000","89,000"
1611  ,中電            ,"89,000",0,"89,000",0,0,0,"89,000",0,"89,000"
"=""056869""",晶心科凱基46購01,0,0,0,"98,000","10,000","88,000","98,000","10,000","88,000"
"=""060360""",國泰金元大4C購01,0,0,0,"275,000","187,000","88,000","275,000","187,000","88,000"
"=""063012""",國票金群益47購01,0,0,0,"108,000","20,000","88,000","108,000","20,000","88,000"
"=""065901""",美食凱基48購01  ,0,0,0,"138,000","50,000","88,000","138,000","50,000","88,000"
"=""067646""",南亞永豐4A購01  ,0,0,0,"98,000","10,000","88,000","98,000","10,000","88,000"
"=""068669""",中砂永豐4B購01  ,0,0,0,"205,000","117,000","88,000","205,000","117,000","88,000"
"=""073715""",大立光國票4A購02,0,0,0,"103,000","15,000","88,000","103,000","15,000","88,000"
"=""074379""",台泥國票4A購02  ,0,0,0,"96,000","8,000","88,000","96,000","8,000","88,000"
"=""075458""",立積元大49購05  ,0,0,0,"88,000",0,"88,000","88,000",0,"88,000"
"=""006206""",元大上證50      ,0,0,0,"155,027","67,372","87,655","155,027","67,372","87,655"
"=""00635U""",期元大S&P黃金   ,0,0,0,"108,433","20,829","87,604","108,433","20,829","87,604"
"=""052500""",裕民永豐46購01  ,0,0,0,"87,000",0,"87,000","87,000",0,"87,000"
"=""055299""",威盛元大44購19  ,0,0,0,"87,000",0,"87,000","87,000",0,"87,000"
"=""057870""",鴻海富邦49購01  ,0,0,0,"87,000",0,"87,000","87,000",0,"87,000"
"=""062772""",偉訓群益48購02  ,0,0,0,"90,000","3,000","87,000","90,000","3,000","87,000"
"=""064333""",盟立凱基47購02  ,0,0,0,"89,000","2,000","87,000","89,000","2,000","87,000"
"=""064702""",愛普元大4A購02  ,0,0,0,"120,000","33,000","87,000","120,000","33,000","87,000"
"=""065092""",威盛統一3B購01  ,0,0,0,"132,000","45,000","87,000","132,000","45,000","87,000"
"=""065288""",台塑統一4B購01  ,0,0,0,"147,000","60,000","87,000","147,000","60,000","87,000"
"=""065587""",三芳國票48購01  ,0,0,0,"228,000","141,000","87,000","228,000","141,000","87,000"
"=""068529""",大成鋼第一48購01,0,0,0,"94,000","7,000","87,000","94,000","7,000","87,000"
"=""071155""",晶心科元大4B購01,0,0,0,"105,000","18,000","87,000","105,000","18,000","87,000"
"=""071668""",亞翔凱基48購05  ,0,0,0,"87,000",0,"87,000","87,000",0,"87,000"
"=""072019""",台泥元大51購01  ,0,0,0,"87,000",0,"87,000","87,000",0,"87,000"
"=""072041""",長榮航元大49購01,0,0,0,"97,000","10,000","87,000","97,000","10,000","87,000"
"=""072493""",材料元大48購24  ,0,0,0,"127,000","40,000","87,000","127,000","40,000","87,000"
"=""072719""",華新元大49購02  ,0,0,0,"94,000","7,000","87,000","94,000","7,000","87,000"
"=""073318""",台灣50台新49購02,0,0,0,"87,000",0,"87,000","87,000",0,"87,000"
"=""043775""",碩天元富55購01  ,0,0,0,"281,000","195,000","86,000","281,000","195,000","86,000"
"=""051157""",華紙國票44購01  ,0,0,0,"106,000","20,000","86,000","106,000","20,000","86,000"
"=""061558""",鴻準凱基46購05  ,0,0,0,"86,000",0,"86,000","86,000",0,"86,000"
"=""061983""",精成科凱基46購01,0,0,0,"86,000",0,"86,000","86,000",0,"86,000"
"=""063253""",創意元大46購11  ,0,0,0,"106,000","20,000","86,000","106,000","20,000","86,000"
"=""063778""",精銳元富46購01  ,0,0,0,"86,000",0,"86,000","86,000",0,"86,000"
"=""064737""",元晶群益46購01  ,0,0,0,"170,000","84,000","86,000","170,000","84,000","86,000"
"=""065666""",所羅門凱基4B購01,0,0,0,"86,000",0,"86,000","86,000",0,"86,000"
"=""068120""",亞翔元富47購03  ,0,0,0,"190,000","104,000","86,000","190,000","104,000","86,000"
"=""071081""",鴻準群益48購03  ,0,0,0,"86,000",0,"86,000","86,000",0,"86,000"
"=""072845""",大同凱基49購01  ,0,0,0,"301,000","215,000","86,000","301,000","215,000","86,000"
"=""076823""",力成國票4A購02  ,0,0,0,"115,000","29,000","86,000","115,000","29,000","86,000"
"=""03285T""",滬深2X元大36售03,0,0,0,"140,000","55,000","85,000","140,000","55,000","85,000"
"=""03889T""",聯電元大34售10  ,0,0,0,"85,000",0,"85,000","85,000",0,"85,000"
"=""03921C""",臺股指凱基41牛01,0,0,0,"90,000","5,000","85,000","90,000","5,000","85,000"
"=""050271""",台灣50元富43購05,0,0,0,"85,000",0,"85,000","85,000",0,"85,000"
"=""051313""",台積電元富49購03,0,0,0,"103,000","18,000","85,000","103,000","18,000","85,000"
"=""052043""",怡利電凱基45購01,0,0,0,"88,000","3,000","85,000","88,000","3,000","85,000"
"=""052262""",滬深2X元富43購09,0,0,0,"95,000","10,000","85,000","95,000","10,000","85,000"
"=""055506""",盛群元大44購02  ,0,0,0,"105,000","20,000","85,000","105,000","20,000","85,000"
"=""061592""",大同國票47購01  ,0,0,0,"296,000","211,000","85,000","296,000","211,000","85,000"
"=""061830""",臺股指凱基49購17,0,0,0,"191,000","106,000","85,000","191,000","106,000","85,000"
"=""064849""",亞翔台新47購01  ,0,0,0,"102,000","17,000","85,000","102,000","17,000","85,000"
"=""066133""",國巨統一51購04  ,0,0,0,"101,000","16,000","85,000","101,000","16,000","85,000"
"=""066872""",聯發科元富5A購02,0,0,0,"314,000","229,000","85,000","314,000","229,000","85,000"
"=""066982""",臺股指元大4B購07,0,0,0,"85,000",0,"85,000","85,000",0,"85,000"
"=""068831""",藍天統一58購01  ,0,0,0,"96,000","11,000","85,000","96,000","11,000","85,000"
"=""069270""",華碩台新48購02  ,0,0,0,"104,000","19,000","85,000","104,000","19,000","85,000"
"=""070252""",台灣50元富48購08,0,0,0,"148,000","63,000","85,000","148,000","63,000","85,000"
"=""071099""",臺股指群益52購02,0,0,0,"114,000","29,000","85,000","114,000","29,000","85,000"
"=""071333""",大銀統一52購01  ,0,0,0,"85,000",0,"85,000","85,000",0,"85,000"
"=""071958""",精成科群益48購01,0,0,0,"85,000",0,"85,000","85,000",0,"85,000"
"=""074155""",神達元大4C購02  ,0,0,0,"85,000",0,"85,000","85,000",0,"85,000"
"=""041247""",川湖群益54購12  ,0,0,0,"105,000","21,000","84,000","105,000","21,000","84,000"
"=""046505""",景碩元大43購10  ,0,0,0,"120,000","36,000","84,000","120,000","36,000","84,000"
"=""050996""",創意國票44購04  ,0,0,0,"231,000","147,000","84,000","231,000","147,000","84,000"
"=""056947""",美時富邦47購02  ,0,0,0,"86,000","2,000","84,000","86,000","2,000","84,000"
"=""059552""",台玻元大45購01  ,0,0,0,"128,000","44,000","84,000","128,000","44,000","84,000"
"=""061420""",緯穎群益46購14  ,0,0,0,"84,000",0,"84,000","84,000",0,"84,000"
"=""062773""",偉訓群益4A購01  ,0,0,0,"193,000","109,000","84,000","193,000","109,000","84,000"
"=""063309""",世芯永豐4A購04  ,0,0,0,"84,000",0,"84,000","84,000",0,"84,000"
"=""063836""",鴻海群益47購10  ,0,0,0,"163,000","79,000","84,000","163,000","79,000","84,000"
"=""064454""",新日興元大49購02,0,0,0,"111,000","27,000","84,000","111,000","27,000","84,000"
"=""067909""",聯發科元大47購20,0,0,0,"84,000",0,"84,000","84,000",0,"84,000"
"=""068785""",材料富邦49購02  ,0,0,0,"187,000","103,000","84,000","187,000","103,000","84,000"
"=""068983""",台光電兆豐48購01,0,0,0,"149,000","65,000","84,000","149,000","65,000","84,000"
"=""070137""",伊雲谷元大48購02,0,0,0,"192,000","108,000","84,000","192,000","108,000","84,000"
"=""072909""",T50正2群益4A購02,0,0,0,"174,000","90,000","84,000","174,000","90,000","84,000"
"=""073945""",富世達第一49購01,0,0,0,"84,000",0,"84,000","84,000",0,"84,000"
"=""074746""",嘉澤國泰4A購01  ,0,0,0,"86,000","2,000","84,000","86,000","2,000","84,000"
"=""075163""",台光電凱基4C購01,0,0,0,"96,000","12,000","84,000","96,000","12,000","84,000"
"=""076059""",AES永豐4C購01   ,0,0,0,"123,000","39,000","84,000","123,000","39,000","84,000"
"=""076937""",晟銘電台新49購01,0,0,0,"87,000","3,000","84,000","87,000","3,000","84,000"
2891  ,中信金          ,"202,000","82,999","119,001","61,000","96,015","-35,015","263,000","179,014","83,986"
9904  ,寶成            ,"24,000","2,258","21,742","61,421",0,"61,421","85,421","2,258","83,163"
"=""020028""",元大特選電動車N ,0,0,0,"97,000","14,000","83,000","97,000","14,000","83,000"
"=""04284T""",鴻海元大35售16  ,0,0,0,"83,000",0,"83,000","83,000",0,"83,000"
"=""055796""",欣巴巴永豐44購01,0,0,0,"103,000","20,000","83,000","103,000","20,000","83,000"
"=""056351""",大立光凱基47購02,0,0,0,"83,000",0,"83,000","83,000",0,"83,000"
"=""056897""",奇鋐元大45購11  ,0,0,0,"83,000",0,"83,000","83,000",0,"83,000"
"=""063177""",T50正2群益46購08,0,0,0,"178,000","95,000","83,000","178,000","95,000","83,000"
"=""065447""",啟�痐舅j51購02  ,0,0,0,"83,000",0,"83,000","83,000",0,"83,000"
"=""065710""",台積電元大47購14,0,0,0,"108,000","25,000","83,000","108,000","25,000","83,000"
"=""066809""",群光統一51購01  ,0,0,0,"89,000","6,000","83,000","89,000","6,000","83,000"
"=""067559""",臺股指群益47購07,0,0,0,"83,000",0,"83,000","83,000",0,"83,000"
"=""067932""",中砂富邦49購01  ,0,0,0,"83,000",0,"83,000","83,000",0,"83,000"
"=""068033""",大立光元大47購20,0,0,0,"83,000",0,"83,000","83,000",0,"83,000"
"=""068415""",藍天元富48購01  ,0,0,0,"83,000",0,"83,000","83,000",0,"83,000"
"=""068963""",智原富邦4C購01  ,0,0,0,"83,000",0,"83,000","83,000",0,"83,000"
"=""069708""",華通統一43購01  ,0,0,0,"100,000","17,000","83,000","100,000","17,000","83,000"
"=""070437""",材料國泰49購02  ,0,0,0,"402,000","319,000","83,000","402,000","319,000","83,000"
"=""072322""",皇昌永豐48購04  ,0,0,0,"83,000",0,"83,000","83,000",0,"83,000"
"=""073086""",大成鋼元富49購05,0,0,0,"83,000",0,"83,000","83,000",0,"83,000"
"=""076233""",臺股指元大55購01,0,0,0,"260,000","177,000","83,000","260,000","177,000","83,000"
3006  ,晶豪科          ,"226,000","163,471","62,529","78,224","58,000","20,224","304,224","221,471","82,753"
"=""046761""",緯創凱基43購06  ,0,0,0,"82,000",0,"82,000","82,000",0,"82,000"
"=""047666""",世紀鋼群益43購05,0,0,0,"82,000",0,"82,000","82,000",0,"82,000"
"=""052246""",聯發科國泰46購01,0,0,0,"161,000","79,000","82,000","161,000","79,000","82,000"
"=""054309""",滬深2X群益44購11,0,0,0,"82,000",0,"82,000","82,000",0,"82,000"
"=""059016""",臺股指富邦52購01,0,0,0,"82,000",0,"82,000","82,000",0,"82,000"
"=""061461""",鴻準元大46購11  ,0,0,0,"84,000","2,000","82,000","84,000","2,000","82,000"
"=""064644""",緯創元富3A購01  ,0,0,0,"300,000","218,000","82,000","300,000","218,000","82,000"
"=""064857""",陽明國泰48購02  ,0,0,0,"142,000","60,000","82,000","142,000","60,000","82,000"
"=""066285""",精成科元大47購01,0,0,0,"132,000","50,000","82,000","132,000","50,000","82,000"
"=""067738""",友達群益4B購01  ,0,0,0,"200,000","118,000","82,000","200,000","118,000","82,000"
"=""068964""",欣興富邦4B購01  ,0,0,0,"349,000","267,000","82,000","349,000","267,000","82,000"
"=""069250""",台積電富邦48購07,0,0,0,"182,000","100,000","82,000","182,000","100,000","82,000"
"=""069401""",欣興統一52購03  ,0,0,0,"82,000",0,"82,000","82,000",0,"82,000"
"=""069816""",嘉澤永豐4A購01  ,0,0,0,"82,000",0,"82,000","82,000",0,"82,000"
"=""070092""",創意凱基49購01  ,0,0,0,"92,000","10,000","82,000","92,000","10,000","82,000"
"=""072042""",慧洋元大48購04  ,0,0,0,"86,000","4,000","82,000","86,000","4,000","82,000"
"=""072871""",巨大統一53購02  ,0,0,0,"82,000",0,"82,000","82,000",0,"82,000"
"=""072928""",聯發科群益49購03,0,0,0,"82,000",0,"82,000","82,000",0,"82,000"
"=""074489""",龍德船元富49購01,0,0,0,"125,000","43,000","82,000","125,000","43,000","82,000"
3044  ,健鼎            ,"103,501","45,019","58,482","42,000","18,800","23,200","145,501","63,819","81,682"
"=""04305T""",威盛元富35售05  ,0,0,0,"81,000",0,"81,000","81,000",0,"81,000"
"=""051131""",新日興凱基43購09,0,0,0,"82,000","1,000","81,000","82,000","1,000","81,000"
"=""05287T""",長榮元富36售06  ,0,0,0,"81,000",0,"81,000","81,000",0,"81,000"
"=""053487""",昇陽半元富4A購01,0,0,0,"101,000","20,000","81,000","101,000","20,000","81,000"
"=""05765T""",力積電元富37售01,0,0,0,"81,000",0,"81,000","81,000",0,"81,000"
"=""058819""",台積電永豐45購12,0,0,0,"381,000","300,000","81,000","381,000","300,000","81,000"
"=""063418""",達發群益48購03  ,0,0,0,"82,000","1,000","81,000","82,000","1,000","81,000"
"=""065140""",威盛群益47購06  ,0,0,0,"81,000",0,"81,000","81,000",0,"81,000"
"=""065553""",國巨元富47購04  ,0,0,0,"85,000","4,000","81,000","85,000","4,000","81,000"
"=""065648""",啟�硌s益47購04  ,0,0,0,"81,000",0,"81,000","81,000",0,"81,000"
"=""066865""",鴻準元富47購02  ,0,0,0,"141,000","60,000","81,000","141,000","60,000","81,000"
"=""071818""",日月光國票4A購01,0,0,0,"81,000",0,"81,000","81,000",0,"81,000"
"=""071819""",樺漢國票49購01  ,0,0,0,"81,000",0,"81,000","81,000",0,"81,000"
"=""071856""",裕民凱基48購03  ,0,0,0,"135,000","54,000","81,000","135,000","54,000","81,000"
"=""072993""",菱光元大49購01  ,0,0,0,"111,000","30,000","81,000","111,000","30,000","81,000"
"=""073579""",迅得群益49購03  ,0,0,0,"95,000","14,000","81,000","95,000","14,000","81,000"
"=""074867""",南亞科中信4B購01,0,0,0,"82,000","1,000","81,000","82,000","1,000","81,000"
"=""074941""",金像電元富49購02,0,0,0,"184,000","103,000","81,000","184,000","103,000","81,000"
"=""075330""",T50正2凱基49購07,0,0,0,"81,000",0,"81,000","81,000",0,"81,000"
"=""075362""",臺股指凱基49購34,0,0,0,"96,000","15,000","81,000","96,000","15,000","81,000"
"=""075789""",群高息元富49購01,0,0,0,"81,000",0,"81,000","81,000",0,"81,000"
"=""076007""",晶豪科元大49購05,0,0,0,"81,000",0,"81,000","81,000",0,"81,000"
"=""043873""",奇鋐凱基55購08  ,0,0,0,"80,000",0,"80,000","80,000",0,"80,000"
"=""044794""",振樺電統一4A購01,0,0,0,"90,000","10,000","80,000","90,000","10,000","80,000"
"=""045008""",智邦富邦57購02  ,0,0,0,"80,000",0,"80,000","80,000",0,"80,000"
"=""04864T""",聯發科凱基37售12,0,0,0,"100,000","20,000","80,000","100,000","20,000","80,000"
"=""050410""",華友聯國票44購01,0,0,0,"80,000",0,"80,000","80,000",0,"80,000"
"=""051420""",裕隆兆豐43購01  ,0,0,0,"80,000",0,"80,000","80,000",0,"80,000"
"=""051972""",光寶科凱基3A購03,0,0,0,"80,000",0,"80,000","80,000",0,"80,000"
"=""05200T""",聯發科群益36售05,0,0,0,"80,000",0,"80,000","80,000",0,"80,000"
"=""052017""",華通國票44購04  ,0,0,0,"96,000","16,000","80,000","96,000","16,000","80,000"
"=""052905""",建漢國票45購02  ,0,0,0,"80,000",0,"80,000","80,000",0,"80,000"
"=""05454T""",南電凱基36售04  ,0,0,0,"80,000",0,"80,000","80,000",0,"80,000"
"=""054664""",鴻海元大44購22  ,0,0,0,"100,000","20,000","80,000","100,000","20,000","80,000"
"=""055836""",美債2X凱基48購04,0,0,0,"95,000","15,000","80,000","95,000","15,000","80,000"
"=""056156""",緯創富邦46購02  ,0,0,0,"80,000",0,"80,000","80,000",0,"80,000"
"=""056831""",南電統一4B購01  ,0,0,0,"80,000",0,"80,000","80,000",0,"80,000"
"=""057462""",潤泰新永豐45購02,0,0,0,"85,000","5,000","80,000","85,000","5,000","80,000"
"=""05747T""",創意凱基37售07  ,0,0,0,"80,000",0,"80,000","80,000",0,"80,000"
"=""05763T""",長榮元富37售09  ,0,0,0,"80,000",0,"80,000","80,000",0,"80,000"
"=""057880""",寶成富邦47購01  ,0,0,0,"80,000",0,"80,000","80,000",0,"80,000"
"=""05892T""",群創台新37售01  ,0,0,0,"80,000",0,"80,000","80,000",0,"80,000"
"=""058932""",正崴群益45購01  ,0,0,0,"132,000","52,000","80,000","132,000","52,000","80,000"
"=""059456""",中華元富45購03  ,0,0,0,"90,000","10,000","80,000","90,000","10,000","80,000"
"=""061348""",緯穎凱基46購06  ,0,0,0,"80,000",0,"80,000","80,000",0,"80,000"
"=""062423""",皇昌永豐4A購01  ,0,0,0,"110,000","30,000","80,000","110,000","30,000","80,000"
"=""062764""",智邦群益48購04  ,0,0,0,"120,000","40,000","80,000","120,000","40,000","80,000"
"=""062984""",嘉澤元大49購02  ,0,0,0,"80,000",0,"80,000","80,000",0,"80,000"
"=""063160""",亞光元富51購01  ,0,0,0,"118,000","38,000","80,000","118,000","38,000","80,000"
"=""063642""",上銀元大46購03  ,0,0,0,"80,000",0,"80,000","80,000",0,"80,000"
"=""063668""",祥碩元大46購06  ,0,0,0,"80,000",0,"80,000","80,000",0,"80,000"
"=""064063""",晟銘電元大46購03,0,0,0,"114,000","34,000","80,000","114,000","34,000","80,000"
"=""064996""",世紀鋼元富51購01,0,0,0,"80,000",0,"80,000","80,000",0,"80,000"
"=""066481""",群創元大47購08  ,0,0,0,"84,000","4,000","80,000","84,000","4,000","80,000"
"=""066685""",景碩凱基49購01  ,0,0,0,"100,000","20,000","80,000","100,000","20,000","80,000"
"=""066844""",迅得凱基49購01  ,0,0,0,"90,000","10,000","80,000","90,000","10,000","80,000"
"=""067076""",信邦群益47購02  ,0,0,0,"81,000","1,000","80,000","81,000","1,000","80,000"
"=""067324""",鴻海元大47購16  ,0,0,0,"80,000",0,"80,000","80,000",0,"80,000"
"=""068596""",金像電凱基3A購02,0,0,0,"80,000",0,"80,000","80,000",0,"80,000"
"=""068779""",精成科國泰49購01,0,0,0,"255,000","175,000","80,000","255,000","175,000","80,000"
"=""068930""",聯電統一3C購01  ,0,0,0,"80,000",0,"80,000","80,000",0,"80,000"
"=""068995""",緯穎國泰49購02  ,0,0,0,"80,000",0,"80,000","80,000",0,"80,000"
"=""069695""",中砂富邦49購02  ,0,0,0,"80,000",0,"80,000","80,000",0,"80,000"
"=""069730""",川湖富邦49購02  ,0,0,0,"80,000",0,"80,000","80,000",0,"80,000"
"=""071221""",可成富邦48購02  ,0,0,0,"80,000",0,"80,000","80,000",0,"80,000"
"=""071244""",香港反凱基4A購01,0,0,0,"80,000",0,"80,000","80,000",0,"80,000"
"=""071423""",中502X元富48購05,0,0,0,"180,000","100,000","80,000","180,000","100,000","80,000"
"=""071798""",FB臺反國票4A購01,0,0,0,"80,000",0,"80,000","80,000",0,"80,000"
"=""072192""",華城凱基48購07  ,0,0,0,"241,000","161,000","80,000","241,000","161,000","80,000"
"=""072433""",華城凱基4C購01  ,0,0,0,"80,000",0,"80,000","80,000",0,"80,000"
"=""072439""",英業達凱基49購03,0,0,0,"80,000",0,"80,000","80,000",0,"80,000"
"=""073026""",亞翔永豐49購03  ,0,0,0,"80,000",0,"80,000","80,000",0,"80,000"
"=""074158""",崇越元大49購01  ,0,0,0,"170,000","90,000","80,000","170,000","90,000","80,000"
"=""074520""",全漢凱基49購01  ,0,0,0,"82,000","2,000","80,000","82,000","2,000","80,000"
"=""075368""",華城群益4C購03  ,0,0,0,"80,000",0,"80,000","80,000",0,"80,000"
"=""075568""",智邦元大4A購05  ,0,0,0,"80,000",0,"80,000","80,000",0,"80,000"
"=""075803""",玉晶光元富49購03,0,0,0,"142,000","62,000","80,000","142,000","62,000","80,000"
"=""07651U""",台積電凱基36售04,0,0,0,"80,000",0,"80,000","80,000",0,"80,000"
"=""048108""",潤隆國票43購01  ,0,0,0,"79,000",0,"79,000","79,000",0,"79,000"
"=""051248""",日月光富邦43購01,0,0,0,"82,000","3,000","79,000","82,000","3,000","79,000"
"=""055648""",廣宇群益4A購01  ,0,0,0,"79,000",0,"79,000","79,000",0,"79,000"
"=""058118""",材料元大45購05  ,0,0,0,"83,000","4,000","79,000","83,000","4,000","79,000"
"=""05829T""",長榮凱基37售22  ,0,0,0,"79,000",0,"79,000","79,000",0,"79,000"
"=""05831T""",創意凱基37售11  ,0,0,0,"99,000","20,000","79,000","99,000","20,000","79,000"
"=""058636""",台塑凱基46購01  ,0,0,0,"83,000","4,000","79,000","83,000","4,000","79,000"
"=""061121""",元債2X元富5C購01,0,0,0,"79,000",0,"79,000","79,000",0,"79,000"
"=""062059""",世芯群益46購12  ,0,0,0,"81,000","2,000","79,000","81,000","2,000","79,000"
"=""064904""",元債2X凱基52購01,0,0,0,"159,000","80,000","79,000","159,000","80,000","79,000"
"=""066534""",華通凱基47購03  ,0,0,0,"224,000","145,000","79,000","224,000","145,000","79,000"
"=""066787""",台塑中信48購01  ,0,0,0,"79,000",0,"79,000","79,000",0,"79,000"
"=""067070""",長榮群益48購07  ,0,0,0,"79,000",0,"79,000","79,000",0,"79,000"
"=""068675""",聯發科永豐4B購02,0,0,0,"79,000",0,"79,000","79,000",0,"79,000"
"=""068692""",鴻海凱基48購06  ,0,0,0,"79,000",0,"79,000","79,000",0,"79,000"
"=""072263""",神達元大48購21  ,0,0,0,"79,000",0,"79,000","79,000",0,"79,000"
"=""072789""",廣宇永豐49購01  ,0,0,0,"284,000","205,000","79,000","284,000","205,000","79,000"
"=""075975""",時碩群益49購01  ,0,0,0,"81,000","2,000","79,000","81,000","2,000","79,000"
"=""00648R""",元大S&P500反1   ,0,0,0,"136,000","57,369","78,631","136,000","57,369","78,631"
"=""047674""",神基富邦46購01  ,0,0,0,"93,000","15,000","78,000","93,000","15,000","78,000"
"=""050363""",毅嘉元大49購02  ,0,0,0,"78,000",0,"78,000","78,000",0,"78,000"
"=""050768""",智邦元大43購01  ,0,0,0,"80,000","2,000","78,000","80,000","2,000","78,000"
"=""051037""",亞翔凱基47購02  ,0,0,0,"114,000","36,000","78,000","114,000","36,000","78,000"
"=""05460T""",鴻海元富3C售03  ,0,0,0,"78,000",0,"78,000","78,000",0,"78,000"
"=""05464T""",大立光元富36售21,0,0,0,"78,000",0,"78,000","78,000",0,"78,000"
"=""05620T""",長榮元富38售04  ,0,0,0,"78,000",0,"78,000","78,000",0,"78,000"
"=""062687""",台積電永豐54購01,0,0,0,"78,000",0,"78,000","78,000",0,"78,000"
"=""062752""",樺漢富邦47購01  ,0,0,0,"78,000",0,"78,000","78,000",0,"78,000"
"=""066185""",國巨永豐47購03  ,0,0,0,"235,000","157,000","78,000","235,000","157,000","78,000"
"=""068716""",臺股指凱基4C購07,0,0,0,"78,000",0,"78,000","78,000",0,"78,000"
"=""068873""",精銳永豐48購02  ,0,0,0,"195,000","117,000","78,000","195,000","117,000","78,000"
"=""069221""",大成鋼元富52購02,0,0,0,"159,000","81,000","78,000","159,000","81,000","78,000"
"=""070864""",皇昌元大48購09  ,0,0,0,"78,000",0,"78,000","78,000",0,"78,000"
"=""071724""",華泰統一52購02  ,0,0,0,"78,000",0,"78,000","78,000",0,"78,000"
"=""072666""",貿聯元富49購02  ,0,0,0,"126,000","48,000","78,000","126,000","48,000","78,000"
"=""074299""",台積電元富4A購08,0,0,0,"230,000","152,000","78,000","230,000","152,000","78,000"
"=""075322""",友訊元富49購01  ,0,0,0,"146,000","68,000","78,000","146,000","68,000","78,000"
"=""04857T""",臺股指凱基3A售20,0,0,0,"320,000","243,000","77,000","320,000","243,000","77,000"
"=""050971""",材料元富43購06  ,0,0,0,"215,000","138,000","77,000","215,000","138,000","77,000"
"=""052215""",創意元富43購02  ,0,0,0,"77,000",0,"77,000","77,000",0,"77,000"
"=""053409""",貿聯元大4A購02  ,0,0,0,"77,000",0,"77,000","77,000",0,"77,000"
"=""063986""",華碩元富4C購01  ,0,0,0,"79,000","2,000","77,000","79,000","2,000","77,000"
"=""066318""",華碩永豐4A購01  ,0,0,0,"102,000","25,000","77,000","102,000","25,000","77,000"
"=""066451""",台玻元大47購02  ,0,0,0,"77,000",0,"77,000","77,000",0,"77,000"
"=""066963""",聯發科元大47購14,0,0,0,"79,000","2,000","77,000","79,000","2,000","77,000"
"=""068469""",聯發科群益48購07,0,0,0,"77,000",0,"77,000","77,000",0,"77,000"
"=""069892""",台虹凱基49購01  ,0,0,0,"77,000",0,"77,000","77,000",0,"77,000"
"=""070736""",富華新永豐48購01,0,0,0,"95,000","18,000","77,000","95,000","18,000","77,000"
"=""070915""",長榮凱基48購07  ,0,0,0,"124,000","47,000","77,000","124,000","47,000","77,000"
"=""070995""",華新統一52購04  ,0,0,0,"140,000","63,000","77,000","140,000","63,000","77,000"
"=""072313""",保瑞兆豐4A購01  ,0,0,0,"77,000",0,"77,000","77,000",0,"77,000"
"=""073629""",台積電元大49購14,0,0,0,"77,000",0,"77,000","77,000",0,"77,000"
"=""075344""",聯強凱基49購01  ,0,0,0,"175,000","98,000","77,000","175,000","98,000","77,000"
"=""04372T""",創意凱基36售11  ,0,0,0,"76,000",0,"76,000","76,000",0,"76,000"
"=""04393T""",飛宏永豐36售01  ,0,0,0,"76,000",0,"76,000","76,000",0,"76,000"
"=""047243""",士電統一51購01  ,0,0,0,"76,000",0,"76,000","76,000",0,"76,000"
"=""049083""",微星元大43購03  ,0,0,0,"175,000","99,000","76,000","175,000","99,000","76,000"
"=""05159T""",英業達群益36售09,0,0,0,"94,000","18,000","76,000","94,000","18,000","76,000"
"=""051649""",燿華群益43購04  ,0,0,0,"109,000","33,000","76,000","109,000","33,000","76,000"
"=""05360T""",長榮凱基36售12  ,0,0,0,"76,000",0,"76,000","76,000",0,"76,000"
"=""054236""",大立光台新44購01,0,0,0,"80,000","4,000","76,000","80,000","4,000","76,000"
"=""057842""",川湖凱基45購05  ,0,0,0,"76,000",0,"76,000","76,000",0,"76,000"
"=""058826""",健鼎永豐45購01  ,0,0,0,"174,000","98,000","76,000","174,000","98,000","76,000"
"=""05963T""",台積電元大37售09,0,0,0,"191,000","115,000","76,000","191,000","115,000","76,000"
"=""060108""",南亞科富邦47購01,0,0,0,"76,000",0,"76,000","76,000",0,"76,000"
"=""061068""",川湖統一4B購02  ,0,0,0,"100,000","24,000","76,000","100,000","24,000","76,000"
"=""063736""",鴻海國票48購03  ,0,0,0,"76,000",0,"76,000","76,000",0,"76,000"
"=""063758""",台灣50元富46購21,0,0,0,"76,000",0,"76,000","76,000",0,"76,000"
"=""068609""",大同元大48購01  ,0,0,0,"116,000","40,000","76,000","116,000","40,000","76,000"
"=""069606""",鈺邦統一52購02  ,0,0,0,"76,000",0,"76,000","76,000",0,"76,000"
"=""071354""",中鋼元大48購05  ,0,0,0,"145,000","69,000","76,000","145,000","69,000","76,000"
"=""071880""",大同永豐48購01  ,0,0,0,"143,000","67,000","76,000","143,000","67,000","76,000"
"=""072665""",世芯元富52購05  ,0,0,0,"86,000","10,000","76,000","86,000","10,000","76,000"
"=""073005""",穎崴富邦4C購01  ,0,0,0,"90,000","14,000","76,000","90,000","14,000","76,000"
"=""073353""",慧洋群益49購02  ,0,0,0,"76,000",0,"76,000","76,000",0,"76,000"
"=""073691""",S&P反1中信4B購01,0,0,0,"76,000",0,"76,000","76,000",0,"76,000"
"=""074737""",永道國票4A購02  ,0,0,0,"76,000",0,"76,000","76,000",0,"76,000"
"=""075185""",中鋼群益52購01  ,0,0,0,"76,000",0,"76,000","76,000",0,"76,000"
"=""075369""",華新群益49購07  ,0,0,0,"76,000",0,"76,000","76,000",0,"76,000"
"=""075862""",台積電永豐49購19,0,0,0,"76,000",0,"76,000","76,000",0,"76,000"
"=""076106""",新唐群益49購02  ,0,0,0,"166,000","90,000","76,000","166,000","90,000","76,000"
"=""076152""",大立光國泰4A購02,0,0,0,"98,000","22,000","76,000","98,000","22,000","76,000"
"=""076245""",同欣電永豐49購01,0,0,0,"86,000","10,000","76,000","86,000","10,000","76,000"
"=""076256""",台積電群益49購36,0,0,0,"80,000","4,000","76,000","80,000","4,000","76,000"
"=""038706""",美時國泰55購01  ,0,0,0,"75,000",0,"75,000","75,000",0,"75,000"
"=""04409T""",勤誠群益39售02  ,0,0,0,"90,000","15,000","75,000","90,000","15,000","75,000"
"=""048625""",技嘉統一48購05  ,0,0,0,"307,000","232,000","75,000","307,000","232,000","75,000"
"=""04930T""",華新科中信38售04,0,0,0,"78,000","3,000","75,000","78,000","3,000","75,000"
"=""049836""",緯穎群益43購06  ,0,0,0,"75,000",0,"75,000","75,000",0,"75,000"
"=""049955""",長榮國泰45購05  ,0,0,0,"225,000","150,000","75,000","225,000","150,000","75,000"
"=""050292""",建漢國票44購02  ,0,0,0,"75,000",0,"75,000","75,000",0,"75,000"
"=""053195""",元油反元富44購01,0,0,0,"75,000",0,"75,000","75,000",0,"75,000"
"=""058729""",台積電群益45購20,0,0,0,"264,000","189,000","75,000","264,000","189,000","75,000"
"=""059632""",建漢國票46購02  ,0,0,0,"75,000",0,"75,000","75,000",0,"75,000"
"=""059663""",同欣電永豐46購01,0,0,0,"92,000","17,000","75,000","92,000","17,000","75,000"
"=""063425""",元油反元大47購01,0,0,0,"85,000","10,000","75,000","85,000","10,000","75,000"
"=""065364""",晟銘電群益47購02,0,0,0,"80,000","5,000","75,000","80,000","5,000","75,000"
"=""065583""",鈺齊元富47購01  ,0,0,0,"75,000",0,"75,000","75,000",0,"75,000"
"=""067509""",元債2X元富3B購01,0,0,0,"100,000","25,000","75,000","100,000","25,000","75,000"
"=""067982""",鉅祥統一54購01  ,0,0,0,"80,000","5,000","75,000","80,000","5,000","75,000"
"=""068009""",創意群益49購04  ,0,0,0,"81,000","6,000","75,000","81,000","6,000","75,000"
"=""068297""",中興電元大4B購02,0,0,0,"594,000","519,000","75,000","594,000","519,000","75,000"
"=""068767""",力積電凱基48購05,0,0,0,"75,000",0,"75,000","75,000",0,"75,000"
"=""069321""",材料國票49購01  ,0,0,0,"75,000",0,"75,000","75,000",0,"75,000"
"=""070495""",萬海統一4C購01  ,0,0,0,"175,000","100,000","75,000","175,000","100,000","75,000"
"=""070505""",貿聯統一52購04  ,0,0,0,"75,000",0,"75,000","75,000",0,"75,000"
"=""070810""",直得國票49購02  ,0,0,0,"675,000","600,000","75,000","675,000","600,000","75,000"
"=""071957""",立積群益48購08  ,0,0,0,"76,000","1,000","75,000","76,000","1,000","75,000"
"=""072170""",聚陽國票49購01  ,0,0,0,"75,000",0,"75,000","75,000",0,"75,000"
"=""072435""",上銀凱基49購07  ,0,0,0,"75,000",0,"75,000","75,000",0,"75,000"
"=""072976""",晶豪科元大49購02,0,0,0,"75,000",0,"75,000","75,000",0,"75,000"
"=""073100""",緯穎元富4A購03  ,0,0,0,"75,000",0,"75,000","75,000",0,"75,000"
"=""073373""",台積電元大49購10,0,0,0,"75,000",0,"75,000","75,000",0,"75,000"
"=""075082""",台積電國票4A購11,0,0,0,"75,000",0,"75,000","75,000",0,"75,000"
"=""075806""",迎廣元富49購03  ,0,0,0,"130,000","55,000","75,000","130,000","55,000","75,000"
2489  ,瑞軒            ,"87,000","12,000","75,000",0,0,0,"87,000","12,000","75,000"
"=""061386""",上証2X群益46購07,0,0,0,"74,000",0,"74,000","74,000",0,"74,000"
"=""061549""",緯穎永豐49購01  ,0,0,0,"74,000",0,"74,000","74,000",0,"74,000"
"=""063727""",聯茂中信48購01  ,0,0,0,"104,000","30,000","74,000","104,000","30,000","74,000"
"=""063830""",直得群益46購01  ,0,0,0,"74,000",0,"74,000","74,000",0,"74,000"
"=""063917""",鴻海中信4C購02  ,0,0,0,"87,000","13,000","74,000","87,000","13,000","74,000"
"=""065351""",川湖群益47購06  ,0,0,0,"173,000","99,000","74,000","173,000","99,000","74,000"
"=""066130""",直得統一61購01  ,0,0,0,"74,000",0,"74,000","74,000",0,"74,000"
"=""067286""",鴻海群益47購19  ,0,0,0,"103,000","29,000","74,000","103,000","29,000","74,000"
"=""068119""",亞翔元富47購02  ,0,0,0,"76,000","2,000","74,000","76,000","2,000","74,000"
"=""068896""",鴻海元大48購11  ,0,0,0,"74,000",0,"74,000","74,000",0,"74,000"
"=""069908""",輔信元大48購02  ,0,0,0,"80,000","6,000","74,000","80,000","6,000","74,000"
"=""070466""",大立光凱基48購09,0,0,0,"155,000","81,000","74,000","155,000","81,000","74,000"
"=""070679""",旺宏統一4C購01  ,0,0,0,"150,000","76,000","74,000","150,000","76,000","74,000"
"=""071698""",穎崴群益4A購01  ,0,0,0,"301,000","227,000","74,000","301,000","227,000","74,000"
"=""072112""",鈺齊永豐4A購01  ,0,0,0,"74,000",0,"74,000","74,000",0,"74,000"
"=""03403T""",中砂國票34售02  ,0,0,0,"73,000",0,"73,000","73,000",0,"73,000"
"=""055779""",群創中信47購01  ,0,0,0,"73,000",0,"73,000","73,000",0,"73,000"
"=""055812""",技嘉群益4C購01  ,0,0,0,"73,000",0,"73,000","73,000",0,"73,000"
"=""056130""",鴻準國泰46購02  ,0,0,0,"73,000",0,"73,000","73,000",0,"73,000"
"=""05726T""",來頡元大37售05  ,0,0,0,"73,000",0,"73,000","73,000",0,"73,000"
"=""058017""",東鹼凱基46購01  ,0,0,0,"73,000",0,"73,000","73,000",0,"73,000"
"=""065503""",陽明永豐51購01  ,0,0,0,"74,000","1,000","73,000","74,000","1,000","73,000"
"=""066781""",緯穎元大4B購01  ,0,0,0,"81,000","8,000","73,000","81,000","8,000","73,000"
"=""067661""",臺股指永豐4B購06,0,0,0,"229,000","156,000","73,000","229,000","156,000","73,000"
"=""068263""",台灣50凱基52購01,0,0,0,"119,000","46,000","73,000","119,000","46,000","73,000"
"=""070200""",材料統一56購02  ,0,0,0,"93,000","20,000","73,000","93,000","20,000","73,000"
"=""071854""",旺宏凱基48購04  ,0,0,0,"73,000",0,"73,000","73,000",0,"73,000"
"=""072099""",鴻海永豐49購09  ,0,0,0,"159,000","86,000","73,000","159,000","86,000","73,000"
"=""072966""",台積電元大59購01,0,0,0,"73,000",0,"73,000","73,000",0,"73,000"
"=""073264""",台積電元富49購21,0,0,0,"253,000","180,000","73,000","253,000","180,000","73,000"
"=""073362""",緯穎群益49購03  ,0,0,0,"95,000","22,000","73,000","95,000","22,000","73,000"
"=""073797""",臺股指凱基49購33,0,0,0,"93,000","20,000","73,000","93,000","20,000","73,000"
"=""076104""",智易群益4A購02  ,0,0,0,"123,000","50,000","73,000","123,000","50,000","73,000"
"=""076993""",T50反1元富49購04,0,0,0,"73,000",0,"73,000","73,000",0,"73,000"
"=""046559""",臺股指凱基43購63,0,0,0,"72,000",0,"72,000","72,000",0,"72,000"
"=""047263""",新日興統一47購04,0,0,0,"106,000","34,000","72,000","106,000","34,000","72,000"
"=""05157T""",啟�痐葩I36售04  ,0,0,0,"81,000","9,000","72,000","81,000","9,000","72,000"
"=""052219""",定穎控元富43購03,0,0,0,"72,000",0,"72,000","72,000",0,"72,000"
"=""052735""",滬深2X統一51購01,0,0,0,"72,000",0,"72,000","72,000",0,"72,000"
"=""05380T""",長榮元富39售02  ,0,0,0,"79,000","7,000","72,000","79,000","7,000","72,000"
"=""055336""",志聖兆豐46購01  ,0,0,0,"82,000","10,000","72,000","82,000","10,000","72,000"
"=""059229""",智邦國票46購03  ,0,0,0,"72,000",0,"72,000","72,000",0,"72,000"
"=""061805""",偉詮電凱基46購01,0,0,0,"72,000",0,"72,000","72,000",0,"72,000"
"=""062928""",緯穎凱基47購03  ,0,0,0,"75,000","3,000","72,000","75,000","3,000","72,000"
"=""063018""",世芯群益46購15  ,0,0,0,"110,000","38,000","72,000","110,000","38,000","72,000"
"=""063030""",臺股指群益46購18,0,0,0,"78,000","6,000","72,000","78,000","6,000","72,000"
"=""065805""",英業達國票49購01,0,0,0,"78,000","6,000","72,000","78,000","6,000","72,000"
"=""065880""",威盛群益43購02  ,0,0,0,"72,000",0,"72,000","72,000",0,"72,000"
"=""068892""",立積元富52購01  ,0,0,0,"72,000",0,"72,000","72,000",0,"72,000"
"=""070530""",台積電永豐61購01,0,0,0,"82,000","10,000","72,000","82,000","10,000","72,000"
"=""070585""",皇昌元大48購08  ,0,0,0,"85,000","13,000","72,000","85,000","13,000","72,000"
"=""070632""",台塑化富邦4B購01,0,0,0,"122,000","50,000","72,000","122,000","50,000","72,000"
"=""074485""",創意元富49購04  ,0,0,0,"108,000","36,000","72,000","108,000","36,000","72,000"
"=""074570""",大成鋼元大49購10,0,0,0,"72,000",0,"72,000","72,000",0,"72,000"
"=""074884""",富世達永豐49購01,0,0,0,"74,000","2,000","72,000","74,000","2,000","72,000"
"=""074955""",T50正2元大49購04,0,0,0,"306,000","234,000","72,000","306,000","234,000","72,000"
"=""075200""",神達群益49購06  ,0,0,0,"82,000","10,000","72,000","82,000","10,000","72,000"
"=""075363""",臺股指凱基49購35,0,0,0,"318,000","246,000","72,000","318,000","246,000","72,000"
"=""075423""",華城元大49購24  ,0,0,0,"256,000","184,000","72,000","256,000","184,000","72,000"
"=""076410""",國企2X凱基53購01,0,0,0,"72,000",0,"72,000","72,000",0,"72,000"
2014  ,中鴻            ,"4,000","16,000","-12,000","103,000","19,000","84,000","107,000","35,000","72,000"
"=""00908 """,富邦入息REITs+  ,0,0,0,"287,000","215,345","71,655","287,000","215,345","71,655"
"=""04468T""",聯發科凱基35售17,0,0,0,"71,000",0,"71,000","71,000",0,"71,000"
"=""04484T""",聯詠國票35售01  ,0,0,0,"71,000",0,"71,000","71,000",0,"71,000"
"=""046759""",亞光凱基43購03  ,0,0,0,"71,000",0,"71,000","71,000",0,"71,000"
"=""055072""",全新群益46購03  ,0,0,0,"76,000","5,000","71,000","76,000","5,000","71,000"
"=""055950""",定穎控元大44購03,0,0,0,"71,000",0,"71,000","71,000",0,"71,000"
"=""065921""",聯發科元富47購11,0,0,0,"99,000","28,000","71,000","99,000","28,000","71,000"
"=""067211""",華晶科凱基47購03,0,0,0,"120,000","49,000","71,000","120,000","49,000","71,000"
"=""068342""",台積電永豐48購09,0,0,0,"71,000",0,"71,000","71,000",0,"71,000"
"=""071162""",上証2X永豐4A購01,0,0,0,"85,000","14,000","71,000","85,000","14,000","71,000"
"=""071168""",華邦電永豐49購01,0,0,0,"71,000",0,"71,000","71,000",0,"71,000"
"=""073142""",中鴻元大49購04  ,0,0,0,"85,000","14,000","71,000","85,000","14,000","71,000"
"=""073792""",亞翔凱基52購01  ,0,0,0,"74,000","3,000","71,000","74,000","3,000","71,000"
"=""073900""",聯發科群益49購05,0,0,0,"71,000",0,"71,000","71,000",0,"71,000"
"=""074014""",三芳元富4B購01  ,0,0,0,"71,000",0,"71,000","71,000",0,"71,000"
"=""075695""",所羅門富邦4A購03,0,0,0,"71,000",0,"71,000","71,000",0,"71,000"
"=""03049T""",金像電統一35售08,0,0,0,"150,000","80,000","70,000","150,000","80,000","70,000"
"=""03807T""",矽統國票35售03  ,0,0,0,"110,000","40,000","70,000","110,000","40,000","70,000"
"=""04803T""",台灣50元富36售01,0,0,0,"70,000",0,"70,000","70,000",0,"70,000"
"=""049618""",皇昌群益43購02  ,0,0,0,"70,000",0,"70,000","70,000",0,"70,000"
"=""05193T""",啟�痐葩I36售06  ,0,0,0,"81,000","11,000","70,000","81,000","11,000","70,000"
"=""052516""",長榮太統一56購01,0,0,0,"70,000",0,"70,000","70,000",0,"70,000"
"=""052955""",劍麟群益45購01  ,0,0,0,"70,000",0,"70,000","70,000",0,"70,000"
"=""053251""",萬海元大4A購01  ,0,0,0,"70,000",0,"70,000","70,000",0,"70,000"
"=""053956""",滬深2X永豐45購09,0,0,0,"70,000",0,"70,000","70,000",0,"70,000"
"=""054035""",台化元大44購01  ,0,0,0,"90,000","20,000","70,000","90,000","20,000","70,000"
"=""054591""",台積電群益4A購10,0,0,0,"70,000",0,"70,000","70,000",0,"70,000"
"=""056395""",樺漢元大45購01  ,0,0,0,"70,000",0,"70,000","70,000",0,"70,000"
"=""056576""",緯創元大45購01  ,0,0,0,"140,000","70,000","70,000","140,000","70,000","70,000"
"=""056577""",緯創元大45購02  ,0,0,0,"309,000","239,000","70,000","309,000","239,000","70,000"
"=""058512""",創意凱基4B購01  ,0,0,0,"164,000","94,000","70,000","164,000","94,000","70,000"
"=""058633""",A50正2凱基45購03,0,0,0,"195,000","125,000","70,000","195,000","125,000","70,000"
"=""058906""",緯創元大45購30  ,0,0,0,"70,000",0,"70,000","70,000",0,"70,000"
"=""058948""",訊芯群益47購01  ,0,0,0,"72,000","2,000","70,000","72,000","2,000","70,000"
"=""059152""",智原群益47購02  ,0,0,0,"70,000",0,"70,000","70,000",0,"70,000"
"=""059249""",台光電凱基47購02,0,0,0,"149,000","79,000","70,000","149,000","79,000","70,000"
"=""059590""",振樺電元大45購02,0,0,0,"70,000",0,"70,000","70,000",0,"70,000"
"=""060109""",鉅祥富邦48購01  ,0,0,0,"70,000",0,"70,000","70,000",0,"70,000"
"=""060110""",奇鋐富邦47購04  ,0,0,0,"70,000",0,"70,000","70,000",0,"70,000"
"=""060268""",仲琦國票46購01  ,0,0,0,"82,000","12,000","70,000","82,000","12,000","70,000"
"=""061690""",敦泰群益46購02  ,0,0,0,"100,000","30,000","70,000","100,000","30,000","70,000"
"=""061717""",美時永豐47購01  ,0,0,0,"70,000",0,"70,000","70,000",0,"70,000"
"=""062676""",群創國票46購02  ,0,0,0,"100,000","30,000","70,000","100,000","30,000","70,000"
"=""062963""",大同元大46購17  ,0,0,0,"71,000","1,000","70,000","71,000","1,000","70,000"
"=""064195""",宇隆國票47購03  ,0,0,0,"70,000",0,"70,000","70,000",0,"70,000"
"=""064293""",智原元大4B購02  ,0,0,0,"120,000","50,000","70,000","120,000","50,000","70,000"
"=""064595""",材料中信47購02  ,0,0,0,"133,000","63,000","70,000","133,000","63,000","70,000"
"=""064821""",中磊元大47購02  ,0,0,0,"108,000","38,000","70,000","108,000","38,000","70,000"
"=""064897""",愛普群益47購03  ,0,0,0,"70,000",0,"70,000","70,000",0,"70,000"
"=""066576""",台塑元富47購03  ,0,0,0,"656,000","586,000","70,000","656,000","586,000","70,000"
"=""066948""",美債2X元大4A購01,0,0,0,"80,000","10,000","70,000","80,000","10,000","70,000"
"=""067831""",世紀鋼永豐4B購01,0,0,0,"70,000",0,"70,000","70,000",0,"70,000"
"=""067900""",亞德客元大47購05,0,0,0,"80,000","10,000","70,000","80,000","10,000","70,000"
"=""070046""",晶心科國票48購02,0,0,0,"120,000","50,000","70,000","120,000","50,000","70,000"
"=""070900""",亞力凱基48購02  ,0,0,0,"70,000",0,"70,000","70,000",0,"70,000"
"=""070916""",裕民凱基49購01  ,0,0,0,"80,000","10,000","70,000","80,000","10,000","70,000"
"=""071074""",元債2X永豐48購01,0,0,0,"70,000",0,"70,000","70,000",0,"70,000"
"=""071637""",達興兆豐48購01  ,0,0,0,"70,000",0,"70,000","70,000",0,"70,000"
"=""074227""",強茂凱基49購01  ,0,0,0,"70,000",0,"70,000","70,000",0,"70,000"
"=""074369""",材料元大51購07  ,0,0,0,"70,000",0,"70,000","70,000",0,"70,000"
"=""074425""",聯發科中信49購06,0,0,0,"70,000",0,"70,000","70,000",0,"70,000"
"=""075331""",中502X凱基53購02,0,0,0,"70,000",0,"70,000","70,000",0,"70,000"
"=""075897""",碩天富邦4A購02  ,0,0,0,"280,000","210,000","70,000","280,000","210,000","70,000"
"=""076760""",天鈺永豐4C購01  ,0,0,0,"70,000",0,"70,000","70,000",0,"70,000"
2492  ,華新科          ,"35,000","8,722","26,278","57,460","14,000","43,460","92,460","22,722","69,738"
"=""046508""",辛耘元大43購03  ,0,0,0,"69,000",0,"69,000","69,000",0,"69,000"
"=""058176""",緯穎中信47購01  ,0,0,0,"396,000","327,000","69,000","396,000","327,000","69,000"
"=""059121""",長榮凱基46購05  ,0,0,0,"70,000","1,000","69,000","70,000","1,000","69,000"
"=""059548""",美債2X元大4B購02,0,0,0,"89,000","20,000","69,000","89,000","20,000","69,000"
"=""060691""",台光電永豐47購01,0,0,0,"119,000","50,000","69,000","119,000","50,000","69,000"
"=""062246""",台光電凱基46購07,0,0,0,"69,000",0,"69,000","69,000",0,"69,000"
"=""063271""",陽明元富4C購01  ,0,0,0,"69,000",0,"69,000","69,000",0,"69,000"
"=""063821""",洋基凱基46購02  ,0,0,0,"69,000",0,"69,000","69,000",0,"69,000"
"=""064088""",臺股指元大46購45,0,0,0,"292,000","223,000","69,000","292,000","223,000","69,000"
"=""065320""",新日興統一51購02,0,0,0,"74,000","5,000","69,000","74,000","5,000","69,000"
"=""066566""",建準統一3B購02  ,0,0,0,"100,000","31,000","69,000","100,000","31,000","69,000"
"=""068041""",創意元大47購02  ,0,0,0,"90,000","21,000","69,000","90,000","21,000","69,000"
"=""071236""",大銀第一48購01  ,0,0,0,"70,000","1,000","69,000","70,000","1,000","69,000"
"=""071723""",華泰統一52購01  ,0,0,0,"69,000",0,"69,000","69,000",0,"69,000"
"=""072095""",羅昇中信4A購01  ,0,0,0,"69,000",0,"69,000","69,000",0,"69,000"
"=""072186""",元石油凱基48購01,0,0,0,"69,000",0,"69,000","69,000",0,"69,000"
"=""072793""",中鴻台新49購01  ,0,0,0,"154,000","85,000","69,000","154,000","85,000","69,000"
"=""074365""",欣興元大49購10  ,0,0,0,"140,000","71,000","69,000","140,000","71,000","69,000"
"=""076051""",南亞科永豐49購07,0,0,0,"96,000","27,000","69,000","96,000","27,000","69,000"
"=""076258""",華邦電群益49購08,0,0,0,"89,000","20,000","69,000","89,000","20,000","69,000"
"=""03524T""",敦泰國票34售03  ,0,0,0,"68,000",0,"68,000","68,000",0,"68,000"
"=""045456""",同欣電元大55購04,0,0,0,"74,000","6,000","68,000","74,000","6,000","68,000"
"=""052395""",臺股指群益43購31,0,0,0,"263,000","195,000","68,000","263,000","195,000","68,000"
"=""05301T""",大立光群益38售08,0,0,0,"68,000",0,"68,000","68,000",0,"68,000"
"=""05303T""",緯創群益36售15  ,0,0,0,"166,000","98,000","68,000","166,000","98,000","68,000"
"=""057878""",神達富邦48購01  ,0,0,0,"70,000","2,000","68,000","70,000","2,000","68,000"
"=""062505""",華航元富46購03  ,0,0,0,"104,000","36,000","68,000","104,000","36,000","68,000"
"=""063088""",華晶科國票47購01,0,0,0,"68,000",0,"68,000","68,000",0,"68,000"
"=""065283""",彩晶永豐4A購01  ,0,0,0,"78,000","10,000","68,000","78,000","10,000","68,000"
"=""065985""",矽力元大47購02  ,0,0,0,"68,000",0,"68,000","68,000",0,"68,000"
"=""066366""",材料元富47購02  ,0,0,0,"126,000","58,000","68,000","126,000","58,000","68,000"
"=""067082""",台積電凱基47購01,0,0,0,"208,000","140,000","68,000","208,000","140,000","68,000"
"=""067556""",臺股指群益47購04,0,0,0,"68,000",0,"68,000","68,000",0,"68,000"
"=""069958""",京鼎群益49購01  ,0,0,0,"93,000","25,000","68,000","93,000","25,000","68,000"
"=""072097""",聚陽永豐49購01  ,0,0,0,"232,000","164,000","68,000","232,000","164,000","68,000"
"=""072236""",合機元大48購05  ,0,0,0,"125,000","57,000","68,000","125,000","57,000","68,000"
"=""074415""",矽創第一49購01  ,0,0,0,"83,000","15,000","68,000","83,000","15,000","68,000"
"=""075446""",萬海元大49購06  ,0,0,0,"108,000","40,000","68,000","108,000","40,000","68,000"
"=""076774""",大同群益49購05  ,0,0,0,"68,000",0,"68,000","68,000",0,"68,000"
8996  ,高力            ,"80,692","14,413","66,279","74,869","73,499","1,370","155,561","87,912","67,649"
"=""044948""",日電貿元大55購04,0,0,0,"105,000","38,000","67,000","105,000","38,000","67,000"
"=""048469""",士電元富48購01  ,0,0,0,"95,000","28,000","67,000","95,000","28,000","67,000"
"=""05032T""",高力群益36售03  ,0,0,0,"67,000",0,"67,000","67,000",0,"67,000"
"=""051395""",亞光富邦45購01  ,0,0,0,"116,000","49,000","67,000","116,000","49,000","67,000"
"=""057477""",健策國票46購03  ,0,0,0,"88,000","21,000","67,000","88,000","21,000","67,000"
"=""058078""",合機元富45購01  ,0,0,0,"177,000","110,000","67,000","177,000","110,000","67,000"
"=""058611""",臺股指群益4B購04,0,0,0,"249,000","182,000","67,000","249,000","182,000","67,000"
"=""059153""",嘉澤群益45購06  ,0,0,0,"79,000","12,000","67,000","79,000","12,000","67,000"
"=""062651""",台光電凱基46購08,0,0,0,"160,000","93,000","67,000","160,000","93,000","67,000"
"=""062794""",臺指反元大46購02,0,0,0,"135,000","68,000","67,000","135,000","68,000","67,000"
"=""063761""",道瓊銀元富46購01,0,0,0,"67,000",0,"67,000","67,000",0,"67,000"
"=""064261""",T50反1元大4A購02,0,0,0,"67,000",0,"67,000","67,000",0,"67,000"
"=""065069""",復盛元大47購01  ,0,0,0,"84,000","17,000","67,000","84,000","17,000","67,000"
"=""065131""",橋椿群益48購01  ,0,0,0,"67,000",0,"67,000","67,000",0,"67,000"
"=""066141""",聯發科統一61購01,0,0,0,"92,000","25,000","67,000","92,000","25,000","67,000"
"=""067053""",來億永豐47購01  ,0,0,0,"160,000","93,000","67,000","160,000","93,000","67,000"
"=""070354""",永道元大48購04  ,0,0,0,"67,000",0,"67,000","67,000",0,"67,000"
"=""073621""",上銀元大49購07  ,0,0,0,"77,000","10,000","67,000","77,000","10,000","67,000"
"=""074456""",臺指反國票59購01,0,0,0,"67,000",0,"67,000","67,000",0,"67,000"
"=""04843T""",香港2X國票38售01,0,0,0,"151,000","85,000","66,000","151,000","85,000","66,000"
"=""049075""",中高息元大45購01,0,0,0,"66,000",0,"66,000","66,000",0,"66,000"
"=""05228T""",士電群益36售06  ,0,0,0,"66,000",0,"66,000","66,000",0,"66,000"
"=""05321T""",長榮永豐37售01  ,0,0,0,"86,000","20,000","66,000","86,000","20,000","66,000"
"=""05668T""",長榮凱基37售17  ,0,0,0,"66,000",0,"66,000","66,000",0,"66,000"
"=""057893""",裕隆國票46購01  ,0,0,0,"76,000","10,000","66,000","76,000","10,000","66,000"
"=""058384""",宏致國票45購03  ,0,0,0,"240,000","174,000","66,000","240,000","174,000","66,000"
"=""059277""",萬海永豐45購04  ,0,0,0,"70,000","4,000","66,000","70,000","4,000","66,000"
"=""061846""",長榮群益48購04  ,0,0,0,"87,000","21,000","66,000","87,000","21,000","66,000"
"=""061969""",海悅凱基46購03  ,0,0,0,"93,000","27,000","66,000","93,000","27,000","66,000"
"=""062272""",T50反1群益46購03,0,0,0,"66,000",0,"66,000","66,000",0,"66,000"
"=""062493""",國企2X元富46購02,0,0,0,"66,000",0,"66,000","66,000",0,"66,000"
"=""063010""",聯發科群益4C購02,0,0,0,"191,000","125,000","66,000","191,000","125,000","66,000"
"=""063399""",聯發科群益48購04,0,0,0,"75,000","9,000","66,000","75,000","9,000","66,000"
"=""067652""",聯發科永豐48購04,0,0,0,"166,000","100,000","66,000","166,000","100,000","66,000"
"=""067986""",祥碩統一51購01  ,0,0,0,"104,000","38,000","66,000","104,000","38,000","66,000"
"=""069818""",世芯永豐4B購06  ,0,0,0,"66,000",0,"66,000","66,000",0,"66,000"
"=""070867""",富邦金元大48購03,0,0,0,"75,000","9,000","66,000","75,000","9,000","66,000"
"=""072226""",台灣50元大4B購02,0,0,0,"66,000",0,"66,000","66,000",0,"66,000"
"=""072316""",川湖中信49購02  ,0,0,0,"66,000",0,"66,000","66,000",0,"66,000"
"=""073083""",華城元富49購01  ,0,0,0,"76,000","10,000","66,000","76,000","10,000","66,000"
"=""073766""",和大凱基4C購01  ,0,0,0,"66,000",0,"66,000","66,000",0,"66,000"
"=""00689R""",國泰20年美債反1 ,0,0,0,"173,000","108,000","65,000","173,000","108,000","65,000"
"=""047312""",台積電元大43購69,0,0,0,"65,000",0,"65,000","65,000",0,"65,000"
"=""048903""",群創統一4C購01  ,0,0,0,"65,000",0,"65,000","65,000",0,"65,000"
"=""050359""",華通元大48購02  ,0,0,0,"262,000","197,000","65,000","262,000","197,000","65,000"
"=""050684""",上銀元富43購01  ,0,0,0,"65,000",0,"65,000","65,000",0,"65,000"
"=""052052""",富邦媒凱基43購01,0,0,0,"65,000",0,"65,000","65,000",0,"65,000"
"=""052372""",正崴群益43購05  ,0,0,0,"65,000",0,"65,000","65,000",0,"65,000"
"=""054719""",矽統統一54購01  ,0,0,0,"75,000","10,000","65,000","75,000","10,000","65,000"
"=""055556""",志聖永豐44購01  ,0,0,0,"65,000",0,"65,000","65,000",0,"65,000"
"=""058036""",世紀鋼凱基45購06,0,0,0,"91,000","26,000","65,000","91,000","26,000","65,000"
"=""059407""",永崴控統一55購01,0,0,0,"70,000","5,000","65,000","70,000","5,000","65,000"
"=""059682""",長榮凱基46購08  ,0,0,0,"75,000","10,000","65,000","75,000","10,000","65,000"
"=""059925""",振樺電群益45購01,0,0,0,"65,000",0,"65,000","65,000",0,"65,000"
"=""063203""",精銳群益48購01  ,0,0,0,"65,000",0,"65,000","65,000",0,"65,000"
"=""063654""",金像電元大46購05,0,0,0,"65,000",0,"65,000","65,000",0,"65,000"
"=""063910""",國巨統一4C購01  ,0,0,0,"65,000",0,"65,000","65,000",0,"65,000"
"=""064883""",新日興群益47購03,0,0,0,"242,000","177,000","65,000","242,000","177,000","65,000"
"=""066966""",長榮元大47購07  ,0,0,0,"138,000","73,000","65,000","138,000","73,000","65,000"
"=""069937""",臺股指元大4C購12,0,0,0,"75,000","10,000","65,000","75,000","10,000","65,000"
"=""070551""",奇鋐群益52購03  ,0,0,0,"65,000",0,"65,000","65,000",0,"65,000"
"=""070555""",神達群益48購06  ,0,0,0,"100,000","35,000","65,000","100,000","35,000","65,000"
"=""071257""",台積電凱基48購26,0,0,0,"65,000",0,"65,000","65,000",0,"65,000"
"=""072798""",中華電國泰49購01,0,0,0,"65,000",0,"65,000","65,000",0,"65,000"
"=""072851""",華晶科凱基51購01,0,0,0,"85,000","20,000","65,000","85,000","20,000","65,000"
"=""073049""",台玻凱基4A購01  ,0,0,0,"65,000",0,"65,000","65,000",0,"65,000"
"=""073319""",台積電台新49購03,0,0,0,"65,000",0,"65,000","65,000",0,"65,000"
"=""074165""",臺股指元大49購36,0,0,0,"65,000",0,"65,000","65,000",0,"65,000"
"=""074487""",永崴控元富49購02,0,0,0,"65,000",0,"65,000","65,000",0,"65,000"
"=""074527""",永崴控凱基49購01,0,0,0,"75,000","10,000","65,000","75,000","10,000","65,000"
"=""076545""",T50反1富邦51購02,0,0,0,"69,000","4,000","65,000","69,000","4,000","65,000"
"=""076564""",慧洋國票4B購02  ,0,0,0,"73,000","8,000","65,000","73,000","8,000","65,000"
"=""076665""",華新群益49購08  ,0,0,0,"65,000",0,"65,000","65,000",0,"65,000"
"=""046232""",臺股指群益43購05,0,0,0,"64,000",0,"64,000","64,000",0,"64,000"
"=""047091""",台達電國泰44購01,0,0,0,"74,000","10,000","64,000","74,000","10,000","64,000"
"=""048017""",美時兆豐44購01  ,0,0,0,"64,000",0,"64,000","64,000",0,"64,000"
"=""04963T""",啟�硈肭�37售02  ,0,0,0,"70,000","6,000","64,000","70,000","6,000","64,000"
"=""052416""",萬海元大44購02  ,0,0,0,"115,000","51,000","64,000","115,000","51,000","64,000"
"=""053981""",奇鋐凱基45購02  ,0,0,0,"74,000","10,000","64,000","74,000","10,000","64,000"
"=""054033""",A50正2元大44購03,0,0,0,"76,000","12,000","64,000","76,000","12,000","64,000"
"=""056252""",慧洋元大44購03  ,0,0,0,"71,000","7,000","64,000","71,000","7,000","64,000"
"=""05796T""",威盛群益37售08  ,0,0,0,"64,000",0,"64,000","64,000",0,"64,000"
"=""058708""",世芯國票47購09  ,0,0,0,"98,000","34,000","64,000","98,000","34,000","64,000"
"=""059923""",同欣電群益45購02,0,0,0,"131,000","67,000","64,000","131,000","67,000","64,000"
"=""062122""",達發國泰48購01  ,0,0,0,"64,000",0,"64,000","64,000",0,"64,000"
"=""062342""",亞光元大46購06  ,0,0,0,"104,000","40,000","64,000","104,000","40,000","64,000"
"=""062597""",永崴控元大46購01,0,0,0,"64,000",0,"64,000","64,000",0,"64,000"
"=""062741""",智邦富邦47購01  ,0,0,0,"75,000","11,000","64,000","75,000","11,000","64,000"
"=""066053""",直得元富51購01  ,0,0,0,"64,000",0,"64,000","64,000",0,"64,000"
"=""066175""",高力統一3B購02  ,0,0,0,"64,000",0,"64,000","64,000",0,"64,000"
"=""066463""",聯發科元大47購08,0,0,0,"98,000","34,000","64,000","98,000","34,000","64,000"
"=""067473""",台塑化凱基47購02,0,0,0,"125,000","61,000","64,000","125,000","61,000","64,000"
"=""068024""",鴻海元大47購26  ,0,0,0,"64,000",0,"64,000","64,000",0,"64,000"
"=""068472""",台表科兆豐3B購01,0,0,0,"64,000",0,"64,000","64,000",0,"64,000"
"=""068647""",聯發科統一62購02,0,0,0,"64,000",0,"64,000","64,000",0,"64,000"
"=""072684""",台積電國票4B購02,0,0,0,"133,000","69,000","64,000","133,000","69,000","64,000"
"=""073027""",啟�皏藕�4A購01  ,0,0,0,"84,000","20,000","64,000","84,000","20,000","64,000"
"=""073257""",亞德客元富49購01,0,0,0,"64,000",0,"64,000","64,000",0,"64,000"
"=""073555""",仁寶中信41購01  ,0,0,0,"74,000","10,000","64,000","74,000","10,000","64,000"
"=""073781""",奇鋐凱基4A購02  ,0,0,0,"75,000","11,000","64,000","75,000","11,000","64,000"
5269  ,祥碩            ,"75,000","26,000","49,000","28,915","13,992","14,923","103,915","39,992","63,923"
"=""04288T""",瑞昱元大35售01  ,0,0,0,"63,000",0,"63,000","63,000",0,"63,000"
"=""050443""",台積電群益44購32,0,0,0,"63,000",0,"63,000","63,000",0,"63,000"
"=""054575""",零壹統一4C購02  ,0,0,0,"88,000","25,000","63,000","88,000","25,000","63,000"
"=""057371""",技嘉富邦47購01  ,0,0,0,"85,000","22,000","63,000","85,000","22,000","63,000"
"=""057909""",世紀鋼國票46購02,0,0,0,"74,000","11,000","63,000","74,000","11,000","63,000"
"=""059388""",日月光兆豐46購01,0,0,0,"67,000","4,000","63,000","67,000","4,000","63,000"
"=""060026""",正崴元富4C購01  ,0,0,0,"86,000","23,000","63,000","86,000","23,000","63,000"
"=""062141""",T50反1富邦49購04,0,0,0,"74,000","11,000","63,000","74,000","11,000","63,000"
"=""062587""",凱基金元大4B購02,0,0,0,"63,000",0,"63,000","63,000",0,"63,000"
"=""063387""",亞力群益46購02  ,0,0,0,"111,000","48,000","63,000","111,000","48,000","63,000"
"=""063713""",精銳統一52購02  ,0,0,0,"83,000","20,000","63,000","83,000","20,000","63,000"
"=""066251""",和椿國票47購01  ,0,0,0,"73,000","10,000","63,000","73,000","10,000","63,000"
"=""068416""",凱美元富48購01  ,0,0,0,"63,000",0,"63,000","63,000",0,"63,000"
"=""069559""",奇鋐群益4A購01  ,0,0,0,"119,000","56,000","63,000","119,000","56,000","63,000"
"=""069825""",精成科永豐49購02,0,0,0,"63,000",0,"63,000","63,000",0,"63,000"
"=""075736""",華城群益49購09  ,0,0,0,"63,000",0,"63,000","63,000",0,"63,000"
"=""076594""",緯穎永豐49購07  ,0,0,0,"63,000",0,"63,000","63,000",0,"63,000"
"=""076708""",智邦元大49購14  ,0,0,0,"68,000","5,000","63,000","68,000","5,000","63,000"
"=""05599T""",中鴻元大37售03  ,0,0,0,"62,000",0,"62,000","62,000",0,"62,000"
"=""059767""",世芯元大45購26  ,0,0,0,"100,000","38,000","62,000","100,000","38,000","62,000"
"=""060282""",台灣50富邦48購03,0,0,0,"62,000",0,"62,000","62,000",0,"62,000"
"=""060776""",技嘉永豐3A購01  ,0,0,0,"62,000",0,"62,000","62,000",0,"62,000"
"=""061500""",樺漢兆豐48購01  ,0,0,0,"67,000","5,000","62,000","67,000","5,000","62,000"
"=""061782""",台中銀國票47購01,0,0,0,"67,000","5,000","62,000","67,000","5,000","62,000"
"=""064851""",T50反1國泰48購01,0,0,0,"140,000","78,000","62,000","140,000","78,000","62,000"
"=""066017""",勤誠統一43購01  ,0,0,0,"62,000",0,"62,000","62,000",0,"62,000"
"=""066201""",川湖永豐3B購01  ,0,0,0,"175,000","113,000","62,000","175,000","113,000","62,000"
"=""066479""",群創元大47購06  ,0,0,0,"131,000","69,000","62,000","131,000","69,000","62,000"
"=""066558""",神達凱基47購06  ,0,0,0,"88,000","26,000","62,000","88,000","26,000","62,000"
"=""068117""",世芯元富47購16  ,0,0,0,"62,000",0,"62,000","62,000",0,"62,000"
"=""068923""",精銳元大4A購01  ,0,0,0,"62,000",0,"62,000","62,000",0,"62,000"
"=""071921""",矽格統一52購01  ,0,0,0,"63,000","1,000","62,000","63,000","1,000","62,000"
"=""072693""",台積電國票63購01,0,0,0,"62,000",0,"62,000","62,000",0,"62,000"
"=""076095""",一詮群益49購05  ,0,0,0,"82,000","20,000","62,000","82,000","20,000","62,000"
4746  ,台耀            ,"40,000",0,"40,000","36,130","15,104","21,026","76,130","15,104","61,026"
"=""04095T""",緯創中信34售02  ,0,0,0,"100,000","39,000","61,000","100,000","39,000","61,000"
"=""04354T""",美時國票35售04  ,0,0,0,"61,000",0,"61,000","61,000",0,"61,000"
"=""049420""",美費半元富59購01,0,0,0,"213,000","152,000","61,000","213,000","152,000","61,000"
"=""056948""",川湖富邦48購01  ,0,0,0,"61,000",0,"61,000","61,000",0,"61,000"
"=""057812""",潤泰全元富4B購01,0,0,0,"61,000",0,"61,000","61,000",0,"61,000"
"=""058467""",中興電國票45購03,0,0,0,"61,000",0,"61,000","61,000",0,"61,000"
"=""059160""",東陽元大45購01  ,0,0,0,"61,000",0,"61,000","61,000",0,"61,000"
"=""059360""",新興元大45購04  ,0,0,0,"129,000","68,000","61,000","129,000","68,000","61,000"
"=""060916""",川湖國泰48購02  ,0,0,0,"141,000","80,000","61,000","141,000","80,000","61,000"
"=""061843""",燿華群益46購02  ,0,0,0,"61,000",0,"61,000","61,000",0,"61,000"
"=""061988""",永道凱基46購01  ,0,0,0,"61,000",0,"61,000","61,000",0,"61,000"
"=""062664""",精誠凱基46購04  ,0,0,0,"81,000","20,000","61,000","81,000","20,000","61,000"
"=""063995""",智易元富4C購01  ,0,0,0,"354,000","293,000","61,000","354,000","293,000","61,000"
"=""064211""",潤弘永豐47購01  ,0,0,0,"67,000","6,000","61,000","67,000","6,000","61,000"
"=""064969""",群創國泰48購02  ,0,0,0,"61,000",0,"61,000","61,000",0,"61,000"
"=""065060""",神達元大47購09  ,0,0,0,"67,000","6,000","61,000","67,000","6,000","61,000"
"=""065158""",炎洲群益48購01  ,0,0,0,"61,000",0,"61,000","61,000",0,"61,000"
"=""065590""",圓剛國票47購01  ,0,0,0,"61,000",0,"61,000","61,000",0,"61,000"
"=""066194""",緯創永豐4B購01  ,0,0,0,"61,000",0,"61,000","61,000",0,"61,000"
"=""067543""",全新群益47購05  ,0,0,0,"61,000",0,"61,000","61,000",0,"61,000"
"=""068830""",華碩統一52購01  ,0,0,0,"61,000",0,"61,000","61,000",0,"61,000"
"=""069665""",京元電元大4C購02,0,0,0,"66,000","5,000","61,000","66,000","5,000","61,000"
"=""070005""",材料永豐4A購02  ,0,0,0,"61,000",0,"61,000","61,000",0,"61,000"
"=""072428""",滬深2X凱基4A購07,0,0,0,"102,000","41,000","61,000","102,000","41,000","61,000"
"=""073198""",台塑群益49購04  ,0,0,0,"63,000","2,000","61,000","63,000","2,000","61,000"
"=""074966""",華城元大49購23  ,0,0,0,"69,000","8,000","61,000","69,000","8,000","61,000"
"=""076080""",台積電群益49購32,0,0,0,"161,000","100,000","61,000","161,000","100,000","61,000"
"=""076155""",慧洋台新49購01  ,0,0,0,"91,000","30,000","61,000","91,000","30,000","61,000"
"=""077100""",華城元大49購29  ,0,0,0,"61,000",0,"61,000","61,000",0,"61,000"
2460  ,建通            ,"66,000","5,000","61,000",0,0,0,"66,000","5,000","61,000"
9939  ,宏全            ,"59,004","10,313","48,691","12,000",0,"12,000","71,004","10,313","60,691"
"=""00903 """,富邦元宇宙      ,0,0,0,"973,263","913,000","60,263","973,263","913,000","60,263"
"=""03326T""",聯發科群益33售06,0,0,0,"60,000",0,"60,000","60,000",0,"60,000"
"=""040167""",上銀國泰55購02  ,0,0,0,"60,000",0,"60,000","60,000",0,"60,000"
"=""04407T""",勤誠群益35售07  ,0,0,0,"60,000",0,"60,000","60,000",0,"60,000"
"=""045005""",台化富邦57購01  ,0,0,0,"60,000",0,"60,000","60,000",0,"60,000"
"=""045439""",萬海元大5B購01  ,0,0,0,"60,000",0,"60,000","60,000",0,"60,000"
"=""046296""",台灣50元大44購02,0,0,0,"60,000",0,"60,000","60,000",0,"60,000"
"=""046974""",世紀鋼元富42購04,0,0,0,"60,000",0,"60,000","60,000",0,"60,000"
"=""047239""",辛耘永豐45購01  ,0,0,0,"68,000","8,000","60,000","68,000","8,000","60,000"
"=""047954""",鴻海群益44購15  ,0,0,0,"240,000","180,000","60,000","240,000","180,000","60,000"
"=""048490""",新光金永豐44購02,0,0,0,"110,000","50,000","60,000","110,000","50,000","60,000"
"=""05061T""",啟�硌s益36售05  ,0,0,0,"60,000",0,"60,000","60,000",0,"60,000"
"=""050826""",佳世達國泰45購01,0,0,0,"205,000","145,000","60,000","205,000","145,000","60,000"
"=""050885""",辛耘元大43購06  ,0,0,0,"60,000",0,"60,000","60,000",0,"60,000"
"=""051367""",科妍元大43購03  ,0,0,0,"60,000",0,"60,000","60,000",0,"60,000"
"=""054025""",晶心科元富4A購01,0,0,0,"75,000","15,000","60,000","75,000","15,000","60,000"
"=""054901""",長榮航元富44購02,0,0,0,"60,000",0,"60,000","60,000",0,"60,000"
"=""05629T""",矽力凱基37售01  ,0,0,0,"60,000",0,"60,000","60,000",0,"60,000"
"=""057615""",永崴控永豐46購01,0,0,0,"200,000","140,000","60,000","200,000","140,000","60,000"
"=""057656""",亞泥元富45購01  ,0,0,0,"60,000",0,"60,000","60,000",0,"60,000"
"=""057740""",立積元大45購04  ,0,0,0,"60,000",0,"60,000","60,000",0,"60,000"
"=""058010""",香港2X凱基46購03,0,0,0,"149,000","89,000","60,000","149,000","89,000","60,000"
"=""058451""",世芯永豐4C購01  ,0,0,0,"60,000",0,"60,000","60,000",0,"60,000"
"=""063011""",中工群益46購01  ,0,0,0,"80,000","20,000","60,000","80,000","20,000","60,000"
"=""063566""",致茂永豐46購01  ,0,0,0,"82,000","22,000","60,000","82,000","22,000","60,000"
"=""063682""",上銀富邦47購01  ,0,0,0,"84,000","24,000","60,000","84,000","24,000","60,000"
"=""064591""",新光金中信46購01,0,0,0,"63,000","3,000","60,000","63,000","3,000","60,000"
"=""064599""",宏泰群益3A購01  ,0,0,0,"60,000",0,"60,000","60,000",0,"60,000"
"=""064925""",啟�硈肭�48購01  ,0,0,0,"60,000",0,"60,000","60,000",0,"60,000"
"=""065496""",為升中信47購01  ,0,0,0,"60,000",0,"60,000","60,000",0,"60,000"
"=""066537""",國巨凱基47購04  ,0,0,0,"115,000","55,000","60,000","115,000","55,000","60,000"
"=""066598""",智易國票49購01  ,0,0,0,"60,000",0,"60,000","60,000",0,"60,000"
"=""066671""",川湖凱基47購05  ,0,0,0,"60,000",0,"60,000","60,000",0,"60,000"
"=""066814""",S&P正2凱基48購01,0,0,0,"260,000","200,000","60,000","260,000","200,000","60,000"
"=""066863""",台積電元富47購21,0,0,0,"83,000","23,000","60,000","83,000","23,000","60,000"
"=""067246""",愛普元富47購02  ,0,0,0,"60,000",0,"60,000","60,000",0,"60,000"
"=""067588""",台灣50元富47購15,0,0,0,"60,000",0,"60,000","60,000",0,"60,000"
"=""067735""",台化群益4B購01  ,0,0,0,"270,000","210,000","60,000","270,000","210,000","60,000"
"=""070394""",啟�硒I邦4B購01  ,0,0,0,"60,000",0,"60,000","60,000",0,"60,000"
"=""071775""",景碩元大48購06  ,0,0,0,"103,000","43,000","60,000","103,000","43,000","60,000"
"=""072107""",新日興永豐4B購01,0,0,0,"60,000",0,"60,000","60,000",0,"60,000"
"=""072108""",大銀永豐56購01  ,0,0,0,"60,000",0,"60,000","60,000",0,"60,000"
"=""072365""",中50元富48購03  ,0,0,0,"60,000",0,"60,000","60,000",0,"60,000"
"=""072655""",國巨元富49購01  ,0,0,0,"60,000",0,"60,000","60,000",0,"60,000"
"=""073419""",臺股指富邦47購01,0,0,0,"70,000","10,000","60,000","70,000","10,000","60,000"
"=""073825""",材料元富59購01  ,0,0,0,"60,000",0,"60,000","60,000",0,"60,000"
"=""074449""",台積電永豐4A購11,0,0,0,"60,000",0,"60,000","60,000",0,"60,000"
"=""074589""",富華新元大49購01,0,0,0,"60,000",0,"60,000","60,000",0,"60,000"
"=""075623""",台光電群益49購03,0,0,0,"60,000",0,"60,000","60,000",0,"60,000"
"=""076005""",長榮元大51購06  ,0,0,0,"72,000","12,000","60,000","72,000","12,000","60,000"
"=""076039""",鴻海中信49購06  ,0,0,0,"117,000","57,000","60,000","117,000","57,000","60,000"
"=""076206""",南亞科元大49購20,0,0,0,"60,000",0,"60,000","60,000",0,"60,000"
"=""076646""",建準凱基49購03  ,0,0,0,"258,000","198,000","60,000","258,000","198,000","60,000"
"=""076906""",台積電凱基49購35,0,0,0,"111,000","51,000","60,000","111,000","51,000","60,000"
"=""077038""",裕民群益49購02  ,0,0,0,"64,000","4,000","60,000","64,000","4,000","60,000"
"=""00708L""",期元大S&P黃金正2,0,0,0,"146,185","87,001","59,184","146,185","87,001","59,184"
"=""00633L""",富邦上証正2     ,0,0,0,"6,529,000","6,470,000","59,000","6,529,000","6,470,000","59,000"
"=""04450T""",愛普國票35售04  ,0,0,0,"60,000","1,000","59,000","60,000","1,000","59,000"
"=""047543""",亞光第一45購01  ,0,0,0,"60,000","1,000","59,000","60,000","1,000","59,000"
"=""051978""",英業達凱基3A購02,0,0,0,"63,000","4,000","59,000","63,000","4,000","59,000"
"=""052187""",天鈺國票44購02  ,0,0,0,"184,000","125,000","59,000","184,000","125,000","59,000"
"=""055478""",台積電元大46購08,0,0,0,"60,000","1,000","59,000","60,000","1,000","59,000"
"=""055789""",世芯永豐44購09  ,0,0,0,"81,000","22,000","59,000","81,000","22,000","59,000"
"=""055909""",穎崴元富47購01  ,0,0,0,"60,000","1,000","59,000","60,000","1,000","59,000"
"=""056390""",世芯元大45購07  ,0,0,0,"59,000",0,"59,000","59,000",0,"59,000"
"=""057633""",精元凱基46購01  ,0,0,0,"405,000","346,000","59,000","405,000","346,000","59,000"
"=""058061""",世芯國票45購09  ,0,0,0,"59,000",0,"59,000","59,000",0,"59,000"
"=""059161""",華友聯元大45購02,0,0,0,"60,000","1,000","59,000","60,000","1,000","59,000"
"=""059271""",英業達永豐46購05,0,0,0,"59,000",0,"59,000","59,000",0,"59,000"
"=""059413""",台玻群益47購01  ,0,0,0,"60,000","1,000","59,000","60,000","1,000","59,000"
"=""060767""",長榮元大4B購02  ,0,0,0,"133,000","74,000","59,000","133,000","74,000","59,000"
"=""063236""",漢唐元大46購08  ,0,0,0,"60,000","1,000","59,000","60,000","1,000","59,000"
"=""066616""",洋基國泰48購02  ,0,0,0,"60,000","1,000","59,000","60,000","1,000","59,000"
"=""067176""",力智元大47購03  ,0,0,0,"59,000",0,"59,000","59,000",0,"59,000"
"=""067659""",臺股指永豐4B購04,0,0,0,"61,000","2,000","59,000","61,000","2,000","59,000"
"=""069181""",鴻海富邦3C購01  ,0,0,0,"59,000",0,"59,000","59,000",0,"59,000"
"=""069302""",緯穎元富48購04  ,0,0,0,"60,000","1,000","59,000","60,000","1,000","59,000"
"=""070491""",京城統一54購01  ,0,0,0,"59,000",0,"59,000","59,000",0,"59,000"
"=""072339""",聯發科統一5A購01,0,0,0,"79,000","20,000","59,000","79,000","20,000","59,000"
"=""073642""",英業達統一41購02,0,0,0,"60,000","1,000","59,000","60,000","1,000","59,000"
"=""074376""",FBNQ2X國票4B購01,0,0,0,"59,000",0,"59,000","59,000",0,"59,000"
"=""075543""",長榮凱基49購05  ,0,0,0,"172,000","113,000","59,000","172,000","113,000","59,000"
"=""075683""",來億永豐49購01  ,0,0,0,"132,000","73,000","59,000","132,000","73,000","59,000"
"=""076485""",大立光群益49購10,0,0,0,"72,000","13,000","59,000","72,000","13,000","59,000"
2845  ,遠東銀          ,0,0,0,"59,000",0,"59,000","59,000",0,"59,000"
"=""049273""",國企2X凱基49購01,0,0,0,"71,000","13,000","58,000","71,000","13,000","58,000"
"=""051173""",技嘉國泰45購03  ,0,0,0,"60,000","2,000","58,000","60,000","2,000","58,000"
"=""052108""",創意群益49購01  ,0,0,0,"58,000",0,"58,000","58,000",0,"58,000"
"=""052121""",中信金統一45購03,0,0,0,"59,000","1,000","58,000","59,000","1,000","58,000"
"=""057134""",景碩群益45購03  ,0,0,0,"308,000","250,000","58,000","308,000","250,000","58,000"
"=""057538""",友訊元大45購04  ,0,0,0,"58,000",0,"58,000","58,000",0,"58,000"
"=""058736""",建準群益45購07  ,0,0,0,"58,000",0,"58,000","58,000",0,"58,000"
"=""059390""",亞翔台新45購01  ,0,0,0,"69,000","11,000","58,000","69,000","11,000","58,000"
"=""059930""",和大國票46購04  ,0,0,0,"58,000",0,"58,000","58,000",0,"58,000"
"=""060379""",臺股指元大46購24,0,0,0,"58,000",0,"58,000","58,000",0,"58,000"
"=""061116""",凱美國票4A購01  ,0,0,0,"58,000",0,"58,000","58,000",0,"58,000"
"=""062060""",貿聯群益46購07  ,0,0,0,"58,000",0,"58,000","58,000",0,"58,000"
"=""063667""",臻鼎元大46購14  ,0,0,0,"60,000","2,000","58,000","60,000","2,000","58,000"
"=""064493""",南亞科群益48購03,0,0,0,"58,000",0,"58,000","58,000",0,"58,000"
"=""064962""",泰銘永豐47購01  ,0,0,0,"58,000",0,"58,000","58,000",0,"58,000"
"=""065712""",台積電元大47購16,0,0,0,"80,000","22,000","58,000","80,000","22,000","58,000"
"=""066466""",盟立元大47購06  ,0,0,0,"108,000","50,000","58,000","108,000","50,000","58,000"
"=""066572""",健策中信47購01  ,0,0,0,"164,000","106,000","58,000","164,000","106,000","58,000"
"=""066582""",嘉澤元富47購07  ,0,0,0,"68,000","10,000","58,000","68,000","10,000","58,000"
"=""066610""",奇鋐兆豐47購02  ,0,0,0,"58,000",0,"58,000","58,000",0,"58,000"
"=""067720""",奇鋐元大4B購02  ,0,0,0,"78,000","20,000","58,000","78,000","20,000","58,000"
"=""067855""",辛耘凱基47購04  ,0,0,0,"98,000","40,000","58,000","98,000","40,000","58,000"
"=""068044""",精成科元大47購08,0,0,0,"145,000","87,000","58,000","145,000","87,000","58,000"
"=""073927""",慧洋富邦49購02  ,0,0,0,"58,000",0,"58,000","58,000",0,"58,000"
"=""074016""",中鋼元富49購02  ,0,0,0,"242,000","184,000","58,000","242,000","184,000","58,000"
"=""074103""",萬海群益49購02  ,0,0,0,"58,000",0,"58,000","58,000",0,"58,000"
"=""074397""",智原國票4A購02  ,0,0,0,"78,000","20,000","58,000","78,000","20,000","58,000"
"=""076521""",漢翔元大49購04  ,0,0,0,"60,000","2,000","58,000","60,000","2,000","58,000"
6472  ,保瑞            ,"63,000","7,146","55,854","13,000","11,552","1,448","76,000","18,698","57,302"
2476  ,鉅祥            ,"6,000",586,"5,414","119,691","68,000","51,691","125,691","68,586","57,105"
"=""039038""",富鼎統一6A購01  ,0,0,0,"168,000","111,000","57,000","168,000","111,000","57,000"
"=""056389""",世芯元大45購06  ,0,0,0,"200,000","143,000","57,000","200,000","143,000","57,000"
"=""060048""",仁寶凱基46購02  ,0,0,0,"57,000",0,"57,000","57,000",0,"57,000"
"=""063973""",晟銘電富邦48購01,0,0,0,"163,000","106,000","57,000","163,000","106,000","57,000"
"=""064198""",海悅國票46購02  ,0,0,0,"225,000","168,000","57,000","225,000","168,000","57,000"
"=""064923""",世芯凱基47購08  ,0,0,0,"57,000",0,"57,000","57,000",0,"57,000"
"=""065048""",大立光元大47購06,0,0,0,"192,000","135,000","57,000","192,000","135,000","57,000"
"=""065084""",華城統一45購01  ,0,0,0,"57,000",0,"57,000","57,000",0,"57,000"
"=""065391""",南電群益49購01  ,0,0,0,"62,000","5,000","57,000","62,000","5,000","57,000"
"=""066131""",群創群益3B購02  ,0,0,0,"64,000","7,000","57,000","64,000","7,000","57,000"
"=""067935""",晶睿兆豐3B購01  ,0,0,0,"57,000",0,"57,000","57,000",0,"57,000"
"=""068563""",華碩國票48購01  ,0,0,0,"57,000",0,"57,000","57,000",0,"57,000"
"=""069095""",大立光元大48購08,0,0,0,"57,000",0,"57,000","57,000",0,"57,000"
"=""069259""",健策兆豐49購01  ,0,0,0,"87,000","30,000","57,000","87,000","30,000","57,000"
"=""069811""",聯發科永豐54購02,0,0,0,"69,000","12,000","57,000","69,000","12,000","57,000"
"=""070047""",晶心科國票49購01,0,0,0,"244,000","187,000","57,000","244,000","187,000","57,000"
"=""070416""",力積電元富48購03,0,0,0,"162,000","105,000","57,000","162,000","105,000","57,000"
"=""070582""",鴻準元大48購02  ,0,0,0,"57,000",0,"57,000","57,000",0,"57,000"
"=""071042""",華新中信48購01  ,0,0,0,"100,000","43,000","57,000","100,000","43,000","57,000"
"=""071135""",慧洋元大48購01  ,0,0,0,"57,000",0,"57,000","57,000",0,"57,000"
"=""071949""",大立光群益48購09,0,0,0,"57,000",0,"57,000","57,000",0,"57,000"
"=""072262""",群創元大51購02  ,0,0,0,"368,000","311,000","57,000","368,000","311,000","57,000"
"=""072926""",佳能群益49購02  ,0,0,0,"100,000","43,000","57,000","100,000","43,000","57,000"
"=""073036""",台達電富邦49購02,0,0,0,"67,000","10,000","57,000","67,000","10,000","57,000"
"=""074543""",聯發科群益49購08,0,0,0,"62,000","5,000","57,000","62,000","5,000","57,000"
"=""074595""",世芯元大49購11  ,0,0,0,"57,000",0,"57,000","57,000",0,"57,000"
"=""075295""",鴻海兆豐49購01  ,0,0,0,"64,000","7,000","57,000","64,000","7,000","57,000"
"=""075827""",南亞科元大51購03,0,0,0,"76,000","19,000","57,000","76,000","19,000","57,000"
"=""076179""",材料凱基49購10  ,0,0,0,"57,000",0,"57,000","57,000",0,"57,000"
1540  ,喬福            ,"57,000",0,"57,000",0,0,0,"57,000",0,"57,000"
"=""03090T""",材料國票33售05  ,0,0,0,"60,000","4,000","56,000","60,000","4,000","56,000"
"=""054807""",光寶科凱基3B購01,0,0,0,"56,000",0,"56,000","56,000",0,"56,000"
"=""056224""",欣興群益46購03  ,0,0,0,"64,000","8,000","56,000","64,000","8,000","56,000"
"=""057800""",未來車元富45購02,0,0,0,"81,000","25,000","56,000","81,000","25,000","56,000"
"=""059691""",永崴控凱基46購02,0,0,0,"162,000","106,000","56,000","162,000","106,000","56,000"
"=""062976""",華航元大46購07  ,0,0,0,"56,000",0,"56,000","56,000",0,"56,000"
"=""063165""",創意元富49購02  ,0,0,0,"56,000",0,"56,000","56,000",0,"56,000"
"=""063235""",台光電元大46購12,0,0,0,"141,000","85,000","56,000","141,000","85,000","56,000"
"=""065098""",威盛統一41購01  ,0,0,0,"56,000",0,"56,000","56,000",0,"56,000"
"=""065221""",滬深2X凱基4B購02,0,0,0,"56,000",0,"56,000","56,000",0,"56,000"
"=""065407""",國企2X元大49購01,0,0,0,"80,000","24,000","56,000","80,000","24,000","56,000"
"=""065791""",台光電富邦48購02,0,0,0,"134,000","78,000","56,000","134,000","78,000","56,000"
"=""068841""",立積統一52購01  ,0,0,0,"56,000",0,"56,000","56,000",0,"56,000"
"=""070825""",慧洋國票48購02  ,0,0,0,"56,000",0,"56,000","56,000",0,"56,000"
"=""072456""",慧洋台新48購01  ,0,0,0,"103,000","47,000","56,000","103,000","47,000","56,000"
"=""072576""",鈺齊凱基49購01  ,0,0,0,"56,000",0,"56,000","56,000",0,"56,000"
"=""074497""",SGBR2X凱基4C購01,0,0,0,"60,000","4,000","56,000","60,000","4,000","56,000"
"=""074598""",定穎控元大49購01,0,0,0,"56,000",0,"56,000","56,000",0,"56,000"
"=""074684""",永崴控群益49購02,0,0,0,"73,000","17,000","56,000","73,000","17,000","56,000"
"=""076766""",啟�皏�豐4C購01  ,0,0,0,"56,000",0,"56,000","56,000",0,"56,000"
"=""03097T""",奇鋐元大34售03  ,0,0,0,"55,000",0,"55,000","55,000",0,"55,000"
"=""03632T""",台灣50群益34售02,0,0,0,"70,000","15,000","55,000","70,000","15,000","55,000"
"=""037403""",聯發科國票53購02,0,0,0,"55,000",0,"55,000","55,000",0,"55,000"
"=""049152""",漢翔國泰44購01  ,0,0,0,"56,000","1,000","55,000","56,000","1,000","55,000"
"=""051673""",長華群益45購01  ,0,0,0,"55,000",0,"55,000","55,000",0,"55,000"
"=""051880""",長榮中信46購02  ,0,0,0,"55,000",0,"55,000","55,000",0,"55,000"
"=""05290T""",啟�痐葩I36售08  ,0,0,0,"78,000","23,000","55,000","78,000","23,000","55,000"
"=""053646""",碩天凱基45購01  ,0,0,0,"55,000",0,"55,000","55,000",0,"55,000"
"=""055838""",和大凱基45購01  ,0,0,0,"55,000",0,"55,000","55,000",0,"55,000"
"=""056809""",力積電兆豐47購01,0,0,0,"55,000",0,"55,000","55,000",0,"55,000"
"=""05832T""",華航第一3A售01  ,0,0,0,"55,000",0,"55,000","55,000",0,"55,000"
"=""058518""",東哥凱基47購01  ,0,0,0,"55,000",0,"55,000","55,000",0,"55,000"
"=""060236""",祥碩凱基4B購01  ,0,0,0,"91,000","36,000","55,000","91,000","36,000","55,000"
"=""060535""",臺股指凱基47購05,0,0,0,"55,000",0,"55,000","55,000",0,"55,000"
"=""061096""",新日興永豐48購01,0,0,0,"102,000","47,000","55,000","102,000","47,000","55,000"
"=""062041""",滬深2X群益46購08,0,0,0,"55,000",0,"55,000","55,000",0,"55,000"
"=""062296""",偉訓群益48購01  ,0,0,0,"55,000",0,"55,000","55,000",0,"55,000"
"=""062495""",華通元富47購03  ,0,0,0,"75,000","20,000","55,000","75,000","20,000","55,000"
"=""063335""",美德醫國票49購01,0,0,0,"55,000",0,"55,000","55,000",0,"55,000"
"=""063805""",金像電凱基46購07,0,0,0,"55,000",0,"55,000","55,000",0,"55,000"
"=""064882""",欣興群益48購01  ,0,0,0,"201,000","146,000","55,000","201,000","146,000","55,000"
"=""065295""",聯電統一51購01  ,0,0,0,"63,000","8,000","55,000","63,000","8,000","55,000"
"=""065617""",和大群益47購03  ,0,0,0,"55,000",0,"55,000","55,000",0,"55,000"
"=""065916""",華碩元富47購02  ,0,0,0,"55,000",0,"55,000","55,000",0,"55,000"
"=""065935""",神達元富47購02  ,0,0,0,"55,000",0,"55,000","55,000",0,"55,000"
"=""066052""",直得元富49購02  ,0,0,0,"55,000",0,"55,000","55,000",0,"55,000"
"=""066179""",高力統一45購01  ,0,0,0,"65,000","10,000","55,000","65,000","10,000","55,000"
"=""066735""",力智群益47購01  ,0,0,0,"60,000","5,000","55,000","60,000","5,000","55,000"
"=""067184""",鴻海富邦4B購02  ,0,0,0,"55,000",0,"55,000","55,000",0,"55,000"
"=""067371""",台積電國泰48購06,0,0,0,"55,000",0,"55,000","55,000",0,"55,000"
"=""068412""",臺股指統一48購02,0,0,0,"55,000",0,"55,000","55,000",0,"55,000"
"=""069083""",英業達元大48購01,0,0,0,"55,000",0,"55,000","55,000",0,"55,000"
"=""070100""",臺股指凱基4C購10,0,0,0,"72,000","17,000","55,000","72,000","17,000","55,000"
"=""071278""",滬深2X元富48購08,0,0,0,"56,000","1,000","55,000","56,000","1,000","55,000"
"=""072626""",台灣50台新49購01,0,0,0,"60,000","5,000","55,000","60,000","5,000","55,000"
"=""072742""",宏�硈肭�43購02  ,0,0,0,"59,000","4,000","55,000","59,000","4,000","55,000"
"=""072758""",台郡元大49購01  ,0,0,0,"55,000",0,"55,000","55,000",0,"55,000"
"=""073389""",海華元大49購06  ,0,0,0,"55,000",0,"55,000","55,000",0,"55,000"
"=""073565""",聯發科群益49購04,0,0,0,"78,000","23,000","55,000","78,000","23,000","55,000"
"=""073697""",台灣50國票51購01,0,0,0,"110,000","55,000","55,000","110,000","55,000","55,000"
"=""075130""",欣興永豐49購03  ,0,0,0,"55,000",0,"55,000","55,000",0,"55,000"
"=""075390""",玉晶光群益53購02,0,0,0,"59,000","4,000","55,000","59,000","4,000","55,000"
"=""075465""",緯穎元大4C購03  ,0,0,0,"165,000","110,000","55,000","165,000","110,000","55,000"
"=""076324""",奇鋐元富49購06  ,0,0,0,"55,000",0,"55,000","55,000",0,"55,000"
"=""076433""",昇陽半凱基49購01,0,0,0,"80,000","25,000","55,000","80,000","25,000","55,000"
"=""076754""",佳能永豐49購02  ,0,0,0,"56,000","1,000","55,000","56,000","1,000","55,000"
"=""03965T""",台積電元大34售63,0,0,0,"64,000","10,000","54,000","64,000","10,000","54,000"
"=""053746""",世芯兆豐44購02  ,0,0,0,"70,000","16,000","54,000","70,000","16,000","54,000"
"=""054973""",健策元富4A購01  ,0,0,0,"54,000",0,"54,000","54,000",0,"54,000"
"=""055252""",上証2X群益46購04,0,0,0,"54,000",0,"54,000","54,000",0,"54,000"
"=""057581""",志聖群益45購02  ,0,0,0,"154,000","100,000","54,000","154,000","100,000","54,000"
"=""059337""",元日2X元大49購01,0,0,0,"54,000",0,"54,000","54,000",0,"54,000"
"=""060617""",嘉澤國泰48購01  ,0,0,0,"54,000",0,"54,000","54,000",0,"54,000"
"=""061995""",台玻元富46購01  ,0,0,0,"54,000",0,"54,000","54,000",0,"54,000"
"=""062140""",T50反1富邦48購03,0,0,0,"54,000",0,"54,000","54,000",0,"54,000"
"=""062650""",佳能凱基47購01  ,0,0,0,"139,000","85,000","54,000","139,000","85,000","54,000"
"=""063501""",洋基兆豐48購02  ,0,0,0,"57,000","3,000","54,000","57,000","3,000","54,000"
"=""065577""",世芯元富51購01  ,0,0,0,"54,000",0,"54,000","54,000",0,"54,000"
"=""066390""",智原統一43購01  ,0,0,0,"54,000",0,"54,000","54,000",0,"54,000"
"=""066490""",台塑群益48購04  ,0,0,0,"55,000","1,000","54,000","55,000","1,000","54,000"
"=""066494""",直得群益49購01  ,0,0,0,"54,000",0,"54,000","54,000",0,"54,000"
"=""067494""",元油反元大4A購01,0,0,0,"74,000","20,000","54,000","74,000","20,000","54,000"
"=""067764""",南亞科統一51購02,0,0,0,"73,000","19,000","54,000","73,000","19,000","54,000"
"=""067911""",神基元大3B購01  ,0,0,0,"54,000",0,"54,000","54,000",0,"54,000"
"=""068552""",美時元富3B購01  ,0,0,0,"60,000","6,000","54,000","60,000","6,000","54,000"
"=""068955""",台灣50富邦4A購03,0,0,0,"122,000","68,000","54,000","122,000","68,000","54,000"
"=""069183""",台積電富邦3C購02,0,0,0,"150,000","96,000","54,000","150,000","96,000","54,000"
"=""070191""",智邦統一53購01  ,0,0,0,"123,000","69,000","54,000","123,000","69,000","54,000"
"=""070263""",川湖元富49購03  ,0,0,0,"54,000",0,"54,000","54,000",0,"54,000"
"=""070929""",台泥元富49購02  ,0,0,0,"167,000","113,000","54,000","167,000","113,000","54,000"
"=""072610""",威強電永豐4B購01,0,0,0,"64,000","10,000","54,000","64,000","10,000","54,000"
"=""072850""",欣興凱基4C購04  ,0,0,0,"54,000",0,"54,000","54,000",0,"54,000"
"=""072901""",華晶科元富49購01,0,0,0,"54,000",0,"54,000","54,000",0,"54,000"
"=""074037""",聯發科台新49購02,0,0,0,"54,000",0,"54,000","54,000",0,"54,000"
"=""074130""",美時元大49購03  ,0,0,0,"158,000","104,000","54,000","158,000","104,000","54,000"
"=""074407""",勤誠國票4B購01  ,0,0,0,"100,000","46,000","54,000","100,000","46,000","54,000"
"=""076552""",華邦電富邦4A購02,0,0,0,"54,000",0,"54,000","54,000",0,"54,000"
"=""08962U""",金像電凱基33售07,0,0,0,"54,000",0,"54,000","54,000",0,"54,000"
3712  ,永崴投控        ,"72,000","1,000","71,000","59,000","76,252","-17,252","131,000","77,252","53,748"
3533  ,嘉澤            ,"48,004","13,000","35,004","28,088","9,866","18,222","76,092","22,866","53,226"
"=""03172T""",健策凱基34售04  ,0,0,0,"53,000",0,"53,000","53,000",0,"53,000"
"=""047636""",晶心科國票42購01,0,0,0,"53,000",0,"53,000","53,000",0,"53,000"
"=""05184T""",S&P正2國票38售02,0,0,0,"53,000",0,"53,000","53,000",0,"53,000"
"=""055941""",長榮元大44購08  ,0,0,0,"53,000",0,"53,000","53,000",0,"53,000"
"=""058311""",緯穎元大45購21  ,0,0,0,"58,000","5,000","53,000","58,000","5,000","53,000"
"=""058577""",精英群益45購01  ,0,0,0,"133,000","80,000","53,000","133,000","80,000","53,000"
"=""059828""",台積電凱基5B購02,0,0,0,"103,000","50,000","53,000","103,000","50,000","53,000"
"=""060217""",台積電凱基47購14,0,0,0,"53,000",0,"53,000","53,000",0,"53,000"
"=""060412""",德律永豐48購01  ,0,0,0,"55,000","2,000","53,000","55,000","2,000","53,000"
"=""061621""",S&P正2元大47購01,0,0,0,"53,000",0,"53,000","53,000",0,"53,000"
"=""062700""",神達永豐4B購01  ,0,0,0,"95,000","42,000","53,000","95,000","42,000","53,000"
"=""065401""",台灣50元大47購12,0,0,0,"53,000",0,"53,000","53,000",0,"53,000"
"=""066455""",台積電元大49購07,0,0,0,"53,000",0,"53,000","53,000",0,"53,000"
"=""066529""",香港2X凱基47購01,0,0,0,"53,000",0,"53,000","53,000",0,"53,000"
"=""067094""",威盛凱基3C購01  ,0,0,0,"53,000",0,"53,000","53,000",0,"53,000"
"=""067493""",元油反元大48購01,0,0,0,"53,000",0,"53,000","53,000",0,"53,000"
"=""068155""",南亞科統一52購01,0,0,0,"53,000",0,"53,000","53,000",0,"53,000"
"=""069233""",奇鋐元富48購03  ,0,0,0,"82,000","29,000","53,000","82,000","29,000","53,000"
"=""074431""",東陽統一59購01  ,0,0,0,"53,000",0,"53,000","53,000",0,"53,000"
"=""075316""",群創永豐49購02  ,0,0,0,"54,000","1,000","53,000","54,000","1,000","53,000"
"=""075472""",矽力第一49購01  ,0,0,0,"59,000","6,000","53,000","59,000","6,000","53,000"
"=""075811""",鴻海元大49購05  ,0,0,0,"53,000",0,"53,000","53,000",0,"53,000"
"=""076384""",緯穎元大49購13  ,0,0,0,"158,000","105,000","53,000","158,000","105,000","53,000"
"=""076477""",緯穎國泰4A購02  ,0,0,0,"299,000","246,000","53,000","299,000","246,000","53,000"
3563  ,牧德            ,"7,000",0,"7,000","47,323","2,000","45,323","54,323","2,000","52,323"
"=""039788""",台勝科國票5A購01,0,0,0,"52,000",0,"52,000","52,000",0,"52,000"
"=""04364T""",緯創中信3B售01  ,0,0,0,"76,000","24,000","52,000","76,000","24,000","52,000"
"=""048161""",技嘉群益42購17  ,0,0,0,"52,000",0,"52,000","52,000",0,"52,000"
"=""049220""",玉晶光群益43購04,0,0,0,"52,000",0,"52,000","52,000",0,"52,000"
"=""051378""",建漢元大43購02  ,0,0,0,"52,000",0,"52,000","52,000",0,"52,000"
"=""055949""",世芯元大44購22  ,0,0,0,"222,000","170,000","52,000","222,000","170,000","52,000"
"=""056781""",廣宇國票45購01  ,0,0,0,"68,000","16,000","52,000","68,000","16,000","52,000"
"=""057440""",光寶科凱基3A購04,0,0,0,"52,000",0,"52,000","52,000",0,"52,000"
"=""057605""",光寶科凱基45購01,0,0,0,"52,000",0,"52,000","52,000",0,"52,000"
"=""05786T""",長榮統一3B售03  ,0,0,0,"55,000","3,000","52,000","55,000","3,000","52,000"
"=""058411""",台積電富邦45購10,0,0,0,"52,000",0,"52,000","52,000",0,"52,000"
"=""059049""",長榮統一4B購04  ,0,0,0,"70,000","18,000","52,000","70,000","18,000","52,000"
"=""059146""",正崴群益48購01  ,0,0,0,"52,000",0,"52,000","52,000",0,"52,000"
"=""061634""",京元電元大46購04,0,0,0,"53,000","1,000","52,000","53,000","1,000","52,000"
"=""061651""",精誠元大46購01  ,0,0,0,"62,000","10,000","52,000","62,000","10,000","52,000"
"=""062935""",緯創國票47購03  ,0,0,0,"52,000",0,"52,000","52,000",0,"52,000"
"=""067434""",來億永豐48購01  ,0,0,0,"491,000","439,000","52,000","491,000","439,000","52,000"
"=""067948""",華邦電永豐48購01,0,0,0,"226,000","174,000","52,000","226,000","174,000","52,000"
"=""068734""",京元電群益48購04,0,0,0,"110,000","58,000","52,000","110,000","58,000","52,000"
"=""069940""",飛宏兆豐4A購01  ,0,0,0,"52,000",0,"52,000","52,000",0,"52,000"
"=""070168""",大成鋼兆豐4A購02,0,0,0,"52,000",0,"52,000","52,000",0,"52,000"
"=""071269""",大銀凱基48購01  ,0,0,0,"52,000",0,"52,000","52,000",0,"52,000"
"=""071666""",大銀凱基4A購02  ,0,0,0,"52,000",0,"52,000","52,000",0,"52,000"
"=""071733""",致伸統一52購01  ,0,0,0,"100,000","48,000","52,000","100,000","48,000","52,000"
"=""072611""",欣興永豐49購01  ,0,0,0,"62,000","10,000","52,000","62,000","10,000","52,000"
"=""073785""",富華新凱基49購02,0,0,0,"63,000","11,000","52,000","63,000","11,000","52,000"
"=""074356""",群光元大49購01  ,0,0,0,"152,000","100,000","52,000","152,000","100,000","52,000"
"=""075213""",電子類群益49購01,0,0,0,"52,000",0,"52,000","52,000",0,"52,000"
"=""076522""",漢翔元大49購05  ,0,0,0,"52,000",0,"52,000","52,000",0,"52,000"
"=""076889""",AES元大49購10   ,0,0,0,"54,000","2,000","52,000","54,000","2,000","52,000"
2520  ,冠德            ,"30,000","2,921","27,079","24,000",0,"24,000","54,000","2,921","51,079"
"=""03417T""",華通凱基35售02  ,0,0,0,"61,000","10,000","51,000","61,000","10,000","51,000"
"=""03762T""",文曄群益36售04  ,0,0,0,"102,000","51,000","51,000","102,000","51,000","51,000"
"=""03783T""",台灣50元富34售02,0,0,0,"58,000","7,000","51,000","58,000","7,000","51,000"
"=""03791T""",創意兆豐34售03  ,0,0,0,"57,000","6,000","51,000","57,000","6,000","51,000"
"=""03867T""",奇鋐元大34售19  ,0,0,0,"105,000","54,000","51,000","105,000","54,000","51,000"
"=""04425T""",文曄群益35售05  ,0,0,0,"134,000","83,000","51,000","134,000","83,000","51,000"
"=""050348""",精英富邦45購01  ,0,0,0,"51,000",0,"51,000","51,000",0,"51,000"
"=""050974""",乙盛元富47購01  ,0,0,0,"51,000",0,"51,000","51,000",0,"51,000"
"=""053034""",威盛元大44購03  ,0,0,0,"55,000","4,000","51,000","55,000","4,000","51,000"
"=""055874""",中興電國票45購02,0,0,0,"57,000","6,000","51,000","57,000","6,000","51,000"
"=""056813""",華城元富46購01  ,0,0,0,"51,000",0,"51,000","51,000",0,"51,000"
"=""05897T""",智原元大37售17  ,0,0,0,"61,000","10,000","51,000","61,000","10,000","51,000"
"=""061199""",臺指反元大47購02,0,0,0,"51,000",0,"51,000","51,000",0,"51,000"
"=""061844""",聯發科群益46購04,0,0,0,"51,000",0,"51,000","51,000",0,"51,000"
"=""062940""",電子類國票46購02,0,0,0,"51,000",0,"51,000","51,000",0,"51,000"
"=""063114""",台光電第一46購01,0,0,0,"51,000",0,"51,000","51,000",0,"51,000"
"=""063669""",中磊元大46購03  ,0,0,0,"62,000","11,000","51,000","62,000","11,000","51,000"
"=""064983""",楠梓電元富4A購01,0,0,0,"51,000",0,"51,000","51,000",0,"51,000"
"=""065467""",愛山林國票48購01,0,0,0,"51,000",0,"51,000","51,000",0,"51,000"
"=""065708""",廣宇元大49購01  ,0,0,0,"51,000",0,"51,000","51,000",0,"51,000"
"=""065892""",華通凱基47購02  ,0,0,0,"51,000",0,"51,000","51,000",0,"51,000"
"=""066206""",華通群益47購03  ,0,0,0,"51,000",0,"51,000","51,000",0,"51,000"
"=""066405""",晟銘電國票4A購02,0,0,0,"54,000","3,000","51,000","54,000","3,000","51,000"
"=""069208""",立積統一58購02  ,0,0,0,"120,000","69,000","51,000","120,000","69,000","51,000"
"=""071218""",台積電富邦49購08,0,0,0,"55,000","4,000","51,000","55,000","4,000","51,000"
"=""072181""",玉晶光國票4A購01,0,0,0,"53,000","2,000","51,000","53,000","2,000","51,000"
"=""072695""",佳能國票4A購02  ,0,0,0,"60,000","9,000","51,000","60,000","9,000","51,000"
"=""073764""",群臺2X凱基4B購01,0,0,0,"51,000",0,"51,000","51,000",0,"51,000"
"=""073855""",裕民元大4A購02  ,0,0,0,"55,000","4,000","51,000","55,000","4,000","51,000"
"=""074666""",東鹼群益49購02  ,0,0,0,"51,000",0,"51,000","51,000",0,"51,000"
"=""075497""",陽明永豐49購03  ,0,0,0,"51,000",0,"51,000","51,000",0,"51,000"
"=""076749""",直得永豐4A購01  ,0,0,0,"51,000",0,"51,000","51,000",0,"51,000"
"=""076898""",台灣50凱基56購01,0,0,0,"54,000","3,000","51,000","54,000","3,000","51,000"
"=""03545T""",晶心科元大33售07,0,0,0,"50,000",0,"50,000","50,000",0,"50,000"
"=""03742T""",文曄群益34售04  ,0,0,0,"50,000",0,"50,000","50,000",0,"50,000"
"=""03823T""",大立光元大34售07,0,0,0,"50,000",0,"50,000","50,000",0,"50,000"
"=""03929T""",聯發科群益34售14,0,0,0,"50,000",0,"50,000","50,000",0,"50,000"
"=""04102T""",緯創統一37售03  ,0,0,0,"150,000","100,000","50,000","150,000","100,000","50,000"
"=""04111T""",中砂國票35售03  ,0,0,0,"50,000",0,"50,000","50,000",0,"50,000"
"=""04113T""",材料國票35售08  ,0,0,0,"50,000",0,"50,000","50,000",0,"50,000"
"=""042122""",大毅國票55購02  ,0,0,0,"50,000",0,"50,000","50,000",0,"50,000"
"=""042974""",南電元大55購04  ,0,0,0,"50,000",0,"50,000","50,000",0,"50,000"
"=""045397""",智邦群益55購16  ,0,0,0,"60,000","10,000","50,000","60,000","10,000","50,000"
"=""04765T""",元債2X國票37售03,0,0,0,"50,000",0,"50,000","50,000",0,"50,000"
"=""047759""",京元電國泰44購01,0,0,0,"50,000",0,"50,000","50,000",0,"50,000"
"=""047977""",T50正2元大43購15,0,0,0,"85,000","35,000","50,000","85,000","35,000","50,000"
"=""04883T""",台灣50元富36售03,0,0,0,"50,000",0,"50,000","50,000",0,"50,000"
"=""049159""",世紀鋼台新43購01,0,0,0,"50,000",0,"50,000","50,000",0,"50,000"
"=""049659""",佳必琪富邦44購01,0,0,0,"50,000",0,"50,000","50,000",0,"50,000"
"=""050210""",宏盛群益43購01  ,0,0,0,"50,000",0,"50,000","50,000",0,"50,000"
"=""050446""",聯發科群益43購22,0,0,0,"50,000",0,"50,000","50,000",0,"50,000"
"=""051447""",南港凱基43購02  ,0,0,0,"50,000",0,"50,000","50,000",0,"50,000"
"=""051534""",新日興群益45購01,0,0,0,"50,000",0,"50,000","50,000",0,"50,000"
"=""051585""",台積電國泰45購16,0,0,0,"50,000",0,"50,000","50,000",0,"50,000"
"=""051671""",達發群益44購01  ,0,0,0,"50,000",0,"50,000","50,000",0,"50,000"
"=""052220""",國企2X凱基45購04,0,0,0,"52,000","2,000","50,000","52,000","2,000","50,000"
"=""053228""",滬深2X元大45購03,0,0,0,"50,000",0,"50,000","50,000",0,"50,000"
"=""053562""",聯發科元大44購09,0,0,0,"50,000",0,"50,000","50,000",0,"50,000"
"=""054449""",富邦金群益49購01,0,0,0,"50,000",0,"50,000","50,000",0,"50,000"
"=""054513""",神達國票45購01  ,0,0,0,"60,000","10,000","50,000","60,000","10,000","50,000"
"=""054937""",雲豹中信44購01  ,0,0,0,"50,000",0,"50,000","50,000",0,"50,000"
"=""055272""",群創群益44購04  ,0,0,0,"51,000","1,000","50,000","51,000","1,000","50,000"
"=""05531T""",宏�眵峇@39售02  ,0,0,0,"50,000",0,"50,000","50,000",0,"50,000"
"=""055596""",欣興凱基46購01  ,0,0,0,"50,000",0,"50,000","50,000",0,"50,000"
"=""055627""",長榮航國票45購01,0,0,0,"50,000",0,"50,000","50,000",0,"50,000"
"=""055682""",精成科群益44購01,0,0,0,"70,000","20,000","50,000","70,000","20,000","50,000"
"=""056034""",欣興凱基44購05  ,0,0,0,"75,000","25,000","50,000","75,000","25,000","50,000"
"=""056036""",緯創凱基44購05  ,0,0,0,"50,000",0,"50,000","50,000",0,"50,000"
"=""05619T""",技嘉元富37售03  ,0,0,0,"50,000",0,"50,000","50,000",0,"50,000"
"=""056286""",旺宏國票45購01  ,0,0,0,"50,000",0,"50,000","50,000",0,"50,000"
"=""05685T""",聯發科元大37售15,0,0,0,"50,000",0,"50,000","50,000",0,"50,000"
"=""056973""",英業達元富45購01,0,0,0,"108,000","58,000","50,000","108,000","58,000","50,000"
"=""057730""",緯創元大45購21  ,0,0,0,"55,000","5,000","50,000","55,000","5,000","50,000"
"=""058192""",日電貿永豐47購01,0,0,0,"50,000",0,"50,000","50,000",0,"50,000"
"=""05827T""",台達電凱基39售02,0,0,0,"50,000",0,"50,000","50,000",0,"50,000"
"=""058339""",保瑞群益47購01  ,0,0,0,"50,000",0,"50,000","50,000",0,"50,000"
"=""058542""",漢唐元大45購02  ,0,0,0,"140,000","90,000","50,000","140,000","90,000","50,000"
"=""058703""",智原國票46購02  ,0,0,0,"50,000",0,"50,000","50,000",0,"50,000"
"=""058974""",名軒國票46購01  ,0,0,0,"60,000","10,000","50,000","60,000","10,000","50,000"
"=""059840""",智原凱基46購03  ,0,0,0,"56,000","6,000","50,000","56,000","6,000","50,000"
"=""059841""",日電貿凱基47購01,0,0,0,"70,000","20,000","50,000","70,000","20,000","50,000"
"=""060047""",鴻海凱基48購01  ,0,0,0,"50,000",0,"50,000","50,000",0,"50,000"
"=""060568""",台塑元大46購02  ,0,0,0,"50,000",0,"50,000","50,000",0,"50,000"
"=""060713""",智邦群益48購02  ,0,0,0,"50,000",0,"50,000","50,000",0,"50,000"
"=""060977""",上証2X群益46購06,0,0,0,"50,000",0,"50,000","50,000",0,"50,000"
"=""061187""",日電貿群益47購02,0,0,0,"50,000",0,"50,000","50,000",0,"50,000"
"=""061192""",貿聯群益46購06  ,0,0,0,"70,000","20,000","50,000","70,000","20,000","50,000"
"=""061611""",台光電台新46購02,0,0,0,"50,000",0,"50,000","50,000",0,"50,000"
"=""061938""",凌陽永豐47購01  ,0,0,0,"50,000",0,"50,000","50,000",0,"50,000"
"=""062212""",T50反1元富4C購02,0,0,0,"150,000","100,000","50,000","150,000","100,000","50,000"
"=""062294""",長榮航群益49購01,0,0,0,"50,000",0,"50,000","50,000",0,"50,000"
"=""062530""",佳能國票47購01  ,0,0,0,"50,000",0,"50,000","50,000",0,"50,000"
"=""062760""",中鋼群益46購02  ,0,0,0,"50,000",0,"50,000","50,000",0,"50,000"
"=""062849""",臺股指中信4B購02,0,0,0,"50,000",0,"50,000","50,000",0,"50,000"
"=""062882""",智邦元富4A購01  ,0,0,0,"50,000",0,"50,000","50,000",0,"50,000"
"=""062961""",智邦元大46購08  ,0,0,0,"50,000",0,"50,000","50,000",0,"50,000"
"=""063111""",緯穎中信4C購01  ,0,0,0,"56,000","6,000","50,000","56,000","6,000","50,000"
"=""063293""",奇鋐中信47購02  ,0,0,0,"50,000",0,"50,000","50,000",0,"50,000"
"=""063343""",上銀凱基46購03  ,0,0,0,"57,000","7,000","50,000","57,000","7,000","50,000"
"=""063468""",鈞興元大46購02  ,0,0,0,"50,000",0,"50,000","50,000",0,"50,000"
"=""063490""",TPK富邦48購01   ,0,0,0,"50,000",0,"50,000","50,000",0,"50,000"
"=""063634""",愛普群益48購01  ,0,0,0,"105,000","55,000","50,000","105,000","55,000","50,000"
"=""063645""",鴻海元大46購30  ,0,0,0,"60,000","10,000","50,000","60,000","10,000","50,000"
"=""063648""",台積電元大46購28,0,0,0,"50,000",0,"50,000","50,000",0,"50,000"
"=""063853""",東台群益48購01  ,0,0,0,"50,000",0,"50,000","50,000",0,"50,000"
"=""064000""",士電第一47購01  ,0,0,0,"50,000",0,"50,000","50,000",0,"50,000"
"=""064254""",世芯群益4C購07  ,0,0,0,"60,000","10,000","50,000","60,000","10,000","50,000"
"=""065010""",華城元富3B購01  ,0,0,0,"50,000",0,"50,000","50,000",0,"50,000"
"=""065110""",廣宇中信48購01  ,0,0,0,"113,000","63,000","50,000","113,000","63,000","50,000"
"=""065380""",華新科統一41購02,0,0,0,"66,000","16,000","50,000","66,000","16,000","50,000"
"=""066246""",景碩國票49購02  ,0,0,0,"150,000","100,000","50,000","150,000","100,000","50,000"
"=""066472""",大立光元大47購10,0,0,0,"120,000","70,000","50,000","120,000","70,000","50,000"
"=""066554""",華晶科凱基47購02,0,0,0,"67,000","17,000","50,000","67,000","17,000","50,000"
"=""066629""",南電富邦4A購01  ,0,0,0,"50,000",0,"50,000","50,000",0,"50,000"
"=""066790""",長榮鋼永豐47購02,0,0,0,"50,000",0,"50,000","50,000",0,"50,000"
"=""066802""",臺股指國票48購04,0,0,0,"50,000",0,"50,000","50,000",0,"50,000"
"=""066924""",聯德群益48購01  ,0,0,0,"50,000",0,"50,000","50,000",0,"50,000"
"=""066984""",威盛第一47購01  ,0,0,0,"50,000",0,"50,000","50,000",0,"50,000"
"=""067040""",陽明永豐4B購01  ,0,0,0,"50,000",0,"50,000","50,000",0,"50,000"
"=""067121""",晶豪科統一3B購01,0,0,0,"50,000",0,"50,000","50,000",0,"50,000"
"=""067358""",穎崴元大47購01  ,0,0,0,"50,000",0,"50,000","50,000",0,"50,000"
"=""067455""",台灣50凱基49購07,0,0,0,"50,000",0,"50,000","50,000",0,"50,000"
"=""067726""",世芯元大47購26  ,0,0,0,"50,000",0,"50,000","50,000",0,"50,000"
"=""068000""",華邦電群益47購04,0,0,0,"50,000",0,"50,000","50,000",0,"50,000"
"=""068676""",皇昌永豐4C購01  ,0,0,0,"50,000",0,"50,000","50,000",0,"50,000"
"=""069200""",精銳統一52購03  ,0,0,0,"50,000",0,"50,000","50,000",0,"50,000"
"=""069217""",中502X元富48購02,0,0,0,"50,000",0,"50,000","50,000",0,"50,000"
"=""069659""",台積電元大48購40,0,0,0,"50,000",0,"50,000","50,000",0,"50,000"
"=""069765""",訊芯國票49購03  ,0,0,0,"50,000",0,"50,000","50,000",0,"50,000"
"=""069782""",友訊統一58購01  ,0,0,0,"50,000",0,"50,000","50,000",0,"50,000"
"=""069870""",宇隆凱基49購01  ,0,0,0,"66,000","16,000","50,000","66,000","16,000","50,000"
"=""069921""",神達元大48購09  ,0,0,0,"50,000",0,"50,000","50,000",0,"50,000"
"=""070301""",穎崴國票4A購01  ,0,0,0,"50,000",0,"50,000","50,000",0,"50,000"
"=""070685""",英業達統一52購01,0,0,0,"50,000",0,"50,000","50,000",0,"50,000"
"=""070818""",光罩國票49購01  ,0,0,0,"55,000","5,000","50,000","55,000","5,000","50,000"
"=""071361""",上銀元大4B購03  ,0,0,0,"50,000",0,"50,000","50,000",0,"50,000"
"=""071975""",欣興元富48購03  ,0,0,0,"50,000",0,"50,000","50,000",0,"50,000"
"=""072070""",滬深2X群益48購06,0,0,0,"50,000",0,"50,000","50,000",0,"50,000"
"=""072460""",中興電元大4B購03,0,0,0,"50,000",0,"50,000","50,000",0,"50,000"
"=""072658""",所羅門元富49購02,0,0,0,"50,000",0,"50,000","50,000",0,"50,000"
"=""072803""",元石油國票4A購01,0,0,0,"150,000","100,000","50,000","150,000","100,000","50,000"
"=""072980""",創意元大49購01  ,0,0,0,"60,000","10,000","50,000","60,000","10,000","50,000"
"=""072981""",世芯元大52購02  ,0,0,0,"50,000",0,"50,000","50,000",0,"50,000"
"=""073037""",中信金富邦49購01,0,0,0,"50,000",0,"50,000","50,000",0,"50,000"
"=""073042""",元債2X凱基56購02,0,0,0,"50,000",0,"50,000","50,000",0,"50,000"
"=""073048""",亞德客凱基49購01,0,0,0,"50,000",0,"50,000","50,000",0,"50,000"
"=""073352""",裕民群益4B購01  ,0,0,0,"76,000","26,000","50,000","76,000","26,000","50,000"
"=""073651""",聯發科元大49購09,0,0,0,"70,000","20,000","50,000","70,000","20,000","50,000"
"=""074205""",華邦電富邦49購01,0,0,0,"50,000",0,"50,000","50,000",0,"50,000"
"=""074454""",材料永豐4B購02  ,0,0,0,"100,000","50,000","50,000","100,000","50,000","50,000"
"=""074581""",裕民元大49購07  ,0,0,0,"50,000",0,"50,000","50,000",0,"50,000"
"=""075421""",中高息元大4A購01,0,0,0,"50,000",0,"50,000","50,000",0,"50,000"
"=""075455""",群創元大49購05  ,0,0,0,"76,000","26,000","50,000","76,000","26,000","50,000"
"=""075870""",晶心科永豐4A購01,0,0,0,"164,000","114,000","50,000","164,000","114,000","50,000"
"=""076147""",晶碩國票4A購01  ,0,0,0,"50,000",0,"50,000","50,000",0,"50,000"
"=""076170""",台積電元富51購01,0,0,0,"66,000","16,000","50,000","66,000","16,000","50,000"
"=""076814""",文曄國票4C購02  ,0,0,0,"50,000",0,"50,000","50,000",0,"50,000"
"=""083927""",聯發科國票51購02,0,0,0,"50,000",0,"50,000","50,000",0,"50,000"
"=""08786U""",臺股指群益35售19,0,0,0,"50,000",0,"50,000","50,000",0,"50,000"
"=""044531""",鴻海統一57購02  ,0,0,0,"56,000","7,000","49,000","56,000","7,000","49,000"
"=""04480T""",高力群益35售06  ,0,0,0,"49,000",0,"49,000","49,000",0,"49,000"
"=""05235T""",華城凱基36售07  ,0,0,0,"55,000","6,000","49,000","55,000","6,000","49,000"
"=""055170""",聯發科元富4B購01,0,0,0,"51,000","2,000","49,000","51,000","2,000","49,000"
"=""056446""",崇越統一4A購02  ,0,0,0,"49,000",0,"49,000","49,000",0,"49,000"
"=""056858""",致茂凱基46購02  ,0,0,0,"49,000",0,"49,000","49,000",0,"49,000"
"=""057897""",金像電國票46購01,0,0,0,"49,000",0,"49,000","49,000",0,"49,000"
"=""058874""",T50正2元大4B購01,0,0,0,"484,000","435,000","49,000","484,000","435,000","49,000"
"=""059269""",中華永豐47購01  ,0,0,0,"49,000",0,"49,000","49,000",0,"49,000"
"=""059760""",聯詠元大45購04  ,0,0,0,"110,000","61,000","49,000","110,000","61,000","49,000"
"=""059993""",緯創元大45購38  ,0,0,0,"60,000","11,000","49,000","60,000","11,000","49,000"
"=""060011""",鴻海永豐49購06  ,0,0,0,"78,000","29,000","49,000","78,000","29,000","49,000"
"=""060095""",穎崴國票47購01  ,0,0,0,"50,000","1,000","49,000","50,000","1,000","49,000"
"=""060708""",中502X群益47購01,0,0,0,"130,000","81,000","49,000","130,000","81,000","49,000"
"=""062005""",牧德元富46購02  ,0,0,0,"119,000","70,000","49,000","119,000","70,000","49,000"
"=""062038""",台灣50群益46購08,0,0,0,"93,000","44,000","49,000","93,000","44,000","49,000"
"=""062352""",臻鼎元大46購13  ,0,0,0,"205,000","156,000","49,000","205,000","156,000","49,000"
"=""063391""",宇隆群益47購02  ,0,0,0,"75,000","26,000","49,000","75,000","26,000","49,000"
"=""063557""",中502X永豐48購01,0,0,0,"49,000",0,"49,000","49,000",0,"49,000"
"=""064350""",臺股指凱基49購27,0,0,0,"49,000",0,"49,000","49,000",0,"49,000"
"=""064481""",台化群益47購01  ,0,0,0,"51,000","2,000","49,000","51,000","2,000","49,000"
"=""065325""",碩天統一51購01  ,0,0,0,"65,000","16,000","49,000","65,000","16,000","49,000"
"=""066421""",國巨統一51購05  ,0,0,0,"49,000",0,"49,000","49,000",0,"49,000"
"=""066985""",智原第一47購01  ,0,0,0,"49,000",0,"49,000","49,000",0,"49,000"
"=""067266""",亞翔國票48購02  ,0,0,0,"71,000","22,000","49,000","71,000","22,000","49,000"
"=""067550""",惠特群益47購01  ,0,0,0,"130,000","81,000","49,000","130,000","81,000","49,000"
"=""067560""",臺股指群益47購08,0,0,0,"49,000",0,"49,000","49,000",0,"49,000"
"=""068449""",萬海凱基4C購01  ,0,0,0,"49,000",0,"49,000","49,000",0,"49,000"
"=""068782""",威盛富邦4A購01  ,0,0,0,"49,000",0,"49,000","49,000",0,"49,000"
"=""069376""",世芯永豐49購07  ,0,0,0,"52,000","3,000","49,000","52,000","3,000","49,000"
"=""069852""",立積群益48購07  ,0,0,0,"54,000","5,000","49,000","54,000","5,000","49,000"
"=""070771""",台泥元富49購01  ,0,0,0,"49,000",0,"49,000","49,000",0,"49,000"
"=""071479""",滬深2X永豐49購04,0,0,0,"163,000","114,000","49,000","163,000","114,000","49,000"
"=""072010""",晶心科國票49購02,0,0,0,"49,000",0,"49,000","49,000",0,"49,000"
"=""072274""",勤誠元大4A購01  ,0,0,0,"49,000",0,"49,000","49,000",0,"49,000"
"=""072859""",三芳統一53購02  ,0,0,0,"49,000",0,"49,000","49,000",0,"49,000"
"=""073776""",美律凱基4B購01  ,0,0,0,"70,000","21,000","49,000","70,000","21,000","49,000"
"=""074948""",時碩元富49購01  ,0,0,0,"49,000",0,"49,000","49,000",0,"49,000"
"=""075111""",南亞科統一59購01,0,0,0,"49,000",0,"49,000","49,000",0,"49,000"
"=""077009""",南寶元富53購01  ,0,0,0,"49,000",0,"49,000","49,000",0,"49,000"
"=""031129""",毅嘉國泰53購01  ,0,0,0,"60,000","12,000","48,000","60,000","12,000","48,000"
"=""03374T""",台積電國泰35售02,0,0,0,"58,000","10,000","48,000","58,000","10,000","48,000"
"=""049069""",T50反1元大46購04,0,0,0,"68,000","20,000","48,000","68,000","20,000","48,000"
"=""05081T""",祥碩國票36售02  ,0,0,0,"128,000","80,000","48,000","128,000","80,000","48,000"
"=""053495""",元油反國票45購01,0,0,0,"49,000","1,000","48,000","49,000","1,000","48,000"
"=""053957""",香港2X永豐4A購01,0,0,0,"132,000","84,000","48,000","132,000","84,000","48,000"
"=""054554""",威盛永豐46購04  ,0,0,0,"53,000","5,000","48,000","53,000","5,000","48,000"
"=""054711""",神達凱基44購02  ,0,0,0,"48,000",0,"48,000","48,000",0,"48,000"
"=""056469""",群臺2X國票46購01,0,0,0,"48,000",0,"48,000","48,000",0,"48,000"
"=""056507""",川湖凱基4B購01  ,0,0,0,"53,000","5,000","48,000","53,000","5,000","48,000"
"=""056994""",普安國票46購01  ,0,0,0,"48,000",0,"48,000","48,000",0,"48,000"
"=""057083""",緯創元大45購11  ,0,0,0,"178,000","130,000","48,000","178,000","130,000","48,000"
"=""057159""",中租第一45購01  ,0,0,0,"48,000",0,"48,000","48,000",0,"48,000"
"=""057942""",貿聯元大45購11  ,0,0,0,"48,000",0,"48,000","48,000",0,"48,000"
"=""058180""",鴻海富邦47購01  ,0,0,0,"547,000","499,000","48,000","547,000","499,000","48,000"
"=""058224""",勤誠元富48購02  ,0,0,0,"48,000",0,"48,000","48,000",0,"48,000"
"=""059651""",正崴永豐45購02  ,0,0,0,"110,000","62,000","48,000","110,000","62,000","48,000"
"=""059842""",祥碩凱基45購02  ,0,0,0,"171,000","123,000","48,000","171,000","123,000","48,000"
"=""061584""",台塑國票46購03  ,0,0,0,"48,000",0,"48,000","48,000",0,"48,000"
"=""061779""",陽明國票46購07  ,0,0,0,"218,000","170,000","48,000","218,000","170,000","48,000"
"=""061799""",川湖凱基48購02  ,0,0,0,"68,000","20,000","48,000","68,000","20,000","48,000"
"=""062068""",泰金寶群益48購01,0,0,0,"61,000","13,000","48,000","61,000","13,000","48,000"
"=""064641""",東哥統一4C購01  ,0,0,0,"50,000","2,000","48,000","50,000","2,000","48,000"
"=""065167""",緯穎群益47購05  ,0,0,0,"58,000","10,000","48,000","58,000","10,000","48,000"
"=""065689""",南電凱基49購01  ,0,0,0,"48,000",0,"48,000","48,000",0,"48,000"
"=""066438""",鼎基統一53購01  ,0,0,0,"77,000","29,000","48,000","77,000","29,000","48,000"
"=""066959""",所羅門元大47購08,0,0,0,"50,000","2,000","48,000","50,000","2,000","48,000"
"=""066964""",盟立元大47購08  ,0,0,0,"58,000","10,000","48,000","58,000","10,000","48,000"
"=""067603""",大成鋼元富47購01,0,0,0,"58,000","10,000","48,000","58,000","10,000","48,000"
"=""067994""",滬深2X群益47購10,0,0,0,"50,000","2,000","48,000","50,000","2,000","48,000"
"=""068340""",大成鋼永豐4A購01,0,0,0,"48,000",0,"48,000","48,000",0,"48,000"
"=""068633""",力積電元大48購04,0,0,0,"48,000",0,"48,000","48,000",0,"48,000"
"=""068970""",亞翔富邦4A購01  ,0,0,0,"88,000","40,000","48,000","88,000","40,000","48,000"
"=""069196""",華新科統一41購03,0,0,0,"48,000",0,"48,000","48,000",0,"48,000"
"=""070402""",圓剛元富48購01  ,0,0,0,"72,000","24,000","48,000","72,000","24,000","48,000"
"=""070580""",宇隆元大48購05  ,0,0,0,"48,000",0,"48,000","48,000",0,"48,000"
"=""070790""",材料元富48購04  ,0,0,0,"50,000","2,000","48,000","50,000","2,000","48,000"
"=""070996""",中鋼統一52購01  ,0,0,0,"138,000","90,000","48,000","138,000","90,000","48,000"
"=""071509""",台泥元大48購04  ,0,0,0,"48,000",0,"48,000","48,000",0,"48,000"
"=""072158""",亞翔國泰49購01  ,0,0,0,"48,000",0,"48,000","48,000",0,"48,000"
"=""073765""",華友聯凱基49購01,0,0,0,"48,000",0,"48,000","48,000",0,"48,000"
"=""074516""",皇昌凱基4A購04  ,0,0,0,"128,000","80,000","48,000","128,000","80,000","48,000"
"=""075304""",滬深2X永豐49購06,0,0,0,"48,000",0,"48,000","48,000",0,"48,000"
"=""075781""",大成鋼國泰4A購02,0,0,0,"49,000","1,000","48,000","49,000","1,000","48,000"
"=""075964""",漢翔群益49購02  ,0,0,0,"48,000",0,"48,000","48,000",0,"48,000"
6669  ,緯穎            ,"149,291","92,000","57,291","24,423","33,877","-9,454","173,714","125,877","47,837"
"=""03112T""",健策中信32售02  ,0,0,0,"50,000","3,000","47,000","50,000","3,000","47,000"
"=""03908C""",臺股指凱基3A牛02,0,0,0,"47,000",0,"47,000","47,000",0,"47,000"
"=""04405T""",川湖群益35售07  ,0,0,0,"144,000","97,000","47,000","144,000","97,000","47,000"
"=""052883""",億豐永豐45購01  ,0,0,0,"47,000",0,"47,000","47,000",0,"47,000"
"=""056688""",矽統元大45購05  ,0,0,0,"97,000","50,000","47,000","97,000","50,000","47,000"
"=""056972""",台積電元富45購14,0,0,0,"55,000","8,000","47,000","55,000","8,000","47,000"
"=""058020""",仁寶凱基46購01  ,0,0,0,"818,000","771,000","47,000","818,000","771,000","47,000"
"=""059395""",南寶中信46購01  ,0,0,0,"48,000","1,000","47,000","48,000","1,000","47,000"
"=""060556""",技嘉永豐3C購01  ,0,0,0,"47,000",0,"47,000","47,000",0,"47,000"
"=""062102""",創意元大46購06  ,0,0,0,"47,000",0,"47,000","47,000",0,"47,000"
"=""063307""",智原永豐48購01  ,0,0,0,"53,000","6,000","47,000","53,000","6,000","47,000"
"=""063509""",南亞科中信46購03,0,0,0,"47,000",0,"47,000","47,000",0,"47,000"
"=""069057""",德律凱基4A購01  ,0,0,0,"84,000","37,000","47,000","84,000","37,000","47,000"
"=""070124""",精銳元大48購08  ,0,0,0,"47,000",0,"47,000","47,000",0,"47,000"
"=""071470""",大銀統一52購04  ,0,0,0,"50,000","3,000","47,000","50,000","3,000","47,000"
"=""072896""",萬海元富49購04  ,0,0,0,"237,000","190,000","47,000","237,000","190,000","47,000"
"=""073449""",上銀統一53購02  ,0,0,0,"141,000","94,000","47,000","141,000","94,000","47,000"
"=""074827""",迎廣元大49購01  ,0,0,0,"50,000","3,000","47,000","50,000","3,000","47,000"
"=""075548""",健鼎凱基49購02  ,0,0,0,"47,000",0,"47,000","47,000",0,"47,000"
"=""07998U""",緯創凱基3B售03  ,0,0,0,"155,000","108,000","47,000","155,000","108,000","47,000"
"=""046500""",大立光元大43購16,0,0,0,"46,000",0,"46,000","46,000",0,"46,000"
"=""048079""",十銓統一52購01  ,0,0,0,"46,000",0,"46,000","46,000",0,"46,000"
"=""050830""",美律國泰45購01  ,0,0,0,"46,000",0,"46,000","46,000",0,"46,000"
"=""052012""",世紀鋼元富43購02,0,0,0,"46,000",0,"46,000","46,000",0,"46,000"
"=""054547""",長榮中信44購02  ,0,0,0,"48,000","2,000","46,000","48,000","2,000","46,000"
"=""055103""",台積電元大49購02,0,0,0,"46,000",0,"46,000","46,000",0,"46,000"
"=""057391""",立積統一4B購01  ,0,0,0,"118,000","72,000","46,000","118,000","72,000","46,000"
"=""062463""",全新群益46購08  ,0,0,0,"146,000","100,000","46,000","146,000","100,000","46,000"
"=""063324""",雄獅國票46購01  ,0,0,0,"105,000","59,000","46,000","105,000","59,000","46,000"
"=""064545""",材料富邦49購01  ,0,0,0,"46,000",0,"46,000","46,000",0,"46,000"
"=""064587""",T50反1中信4C購02,0,0,0,"46,000",0,"46,000","46,000",0,"46,000"
"=""064681""",大立光元大46購24,0,0,0,"70,000","24,000","46,000","70,000","24,000","46,000"
"=""065235""",京城凱基49購01  ,0,0,0,"47,000","1,000","46,000","47,000","1,000","46,000"
"=""066162""",文曄統一3B購03  ,0,0,0,"46,000",0,"46,000","46,000",0,"46,000"
"=""066878""",華泰統一45購01  ,0,0,0,"61,000","15,000","46,000","61,000","15,000","46,000"
"=""069987""",志強統一58購01  ,0,0,0,"46,000",0,"46,000","46,000",0,"46,000"
"=""070909""",鴻海凱基48購13  ,0,0,0,"46,000",0,"46,000","46,000",0,"46,000"
"=""072002""",海華國票49購02  ,0,0,0,"46,000",0,"46,000","46,000",0,"46,000"
"=""072522""",裕民群益48購04  ,0,0,0,"100,000","54,000","46,000","100,000","54,000","46,000"
"=""073538""",穎崴凱基4B購02  ,0,0,0,"76,000","30,000","46,000","76,000","30,000","46,000"
"=""074413""",精元第一49購01  ,0,0,0,"72,000","26,000","46,000","72,000","26,000","46,000"
"=""074423""",台灣50中信4B購01,0,0,0,"46,000",0,"46,000","46,000",0,"46,000"
"=""075738""",亞德客群益49購03,0,0,0,"46,000",0,"46,000","46,000",0,"46,000"
"=""076042""",漢翔中信49購01  ,0,0,0,"71,000","25,000","46,000","71,000","25,000","46,000"
"=""076731""",材料元大4C購05  ,0,0,0,"51,000","5,000","46,000","51,000","5,000","46,000"
"=""00685L""",群益臺灣加權正2 ,0,0,0,"118,310","73,060","45,250","118,310","73,060","45,250"
"=""03042T""",技嘉元大33售26  ,0,0,0,"55,000","10,000","45,000","55,000","10,000","45,000"
"=""04291T""",聯發科元大35售20,0,0,0,"45,000",0,"45,000","45,000",0,"45,000"
"=""047574""",冠德統一46購02  ,0,0,0,"165,000","120,000","45,000","165,000","120,000","45,000"
"=""050779""",景碩元大43購28  ,0,0,0,"85,000","40,000","45,000","85,000","40,000","45,000"
"=""051732""",亞光元大43購19  ,0,0,0,"50,000","5,000","45,000","50,000","5,000","45,000"
"=""054361""",智易中信44購01  ,0,0,0,"45,000",0,"45,000","45,000",0,"45,000"
"=""054983""",雲豹元富44購03  ,0,0,0,"45,000",0,"45,000","45,000",0,"45,000"
"=""055039""",玉晶光凱基47購01,0,0,0,"100,000","55,000","45,000","100,000","55,000","45,000"
"=""057012""",鴻海統一4A購05  ,0,0,0,"135,000","90,000","45,000","135,000","90,000","45,000"
"=""058622""",鴻海永豐47購08  ,0,0,0,"75,000","30,000","45,000","75,000","30,000","45,000"
"=""058900""",陽明元大4B購02  ,0,0,0,"45,000",0,"45,000","45,000",0,"45,000"
"=""059168""",川湖元大45購10  ,0,0,0,"50,000","5,000","45,000","50,000","5,000","45,000"
"=""05926T""",長榮元大37售47  ,0,0,0,"45,000",0,"45,000","45,000",0,"45,000"
"=""059447""",康舒富邦47購01  ,0,0,0,"94,000","49,000","45,000","94,000","49,000","45,000"
"=""060404""",台塑永豐46購02  ,0,0,0,"45,000",0,"45,000","45,000",0,"45,000"
"=""061404""",緯創群益46購06  ,0,0,0,"93,000","48,000","45,000","93,000","48,000","45,000"
"=""061765""",凱基金元富46購01,0,0,0,"51,000","6,000","45,000","51,000","6,000","45,000"
"=""062354""",精誠元大46購03  ,0,0,0,"100,000","55,000","45,000","100,000","55,000","45,000"
"=""062580""",長榮元大46購25  ,0,0,0,"126,000","81,000","45,000","126,000","81,000","45,000"
"=""062661""",神達凱基46購07  ,0,0,0,"72,000","27,000","45,000","72,000","27,000","45,000"
"=""063186""",智邦群益46購09  ,0,0,0,"50,000","5,000","45,000","50,000","5,000","45,000"
"=""063290""",大同中信47購01  ,0,0,0,"50,000","5,000","45,000","50,000","5,000","45,000"
"=""064168""",廣宇元富4C購01  ,0,0,0,"45,000",0,"45,000","45,000",0,"45,000"
"=""064307""",保瑞元大46購18  ,0,0,0,"45,000",0,"45,000","45,000",0,"45,000"
"=""065015""",威盛元富3B購01  ,0,0,0,"45,000",0,"45,000","45,000",0,"45,000"
"=""065439""",敦泰元大47購02  ,0,0,0,"45,000",0,"45,000","45,000",0,"45,000"
"=""065628""",圓剛群益49購01  ,0,0,0,"45,000",0,"45,000","45,000",0,"45,000"
"=""066261""",直得元大47購02  ,0,0,0,"55,000","10,000","45,000","55,000","10,000","45,000"
"=""066635""",技嘉永豐51購01  ,0,0,0,"45,000",0,"45,000","45,000",0,"45,000"
"=""066961""",京元電元大47購04,0,0,0,"45,000",0,"45,000","45,000",0,"45,000"
"=""067557""",臺股指群益47購05,0,0,0,"150,000","105,000","45,000","150,000","105,000","45,000"
"=""068363""",文曄富邦4A購01  ,0,0,0,"115,000","70,000","45,000","115,000","70,000","45,000"
"=""068650""",神基統一51購02  ,0,0,0,"104,000","59,000","45,000","104,000","59,000","45,000"
"=""068693""",廣宇凱基49購01  ,0,0,0,"55,000","10,000","45,000","55,000","10,000","45,000"
"=""069660""",台積電元大48購41,0,0,0,"73,000","28,000","45,000","73,000","28,000","45,000"
"=""070312""",勤誠國泰49購01  ,0,0,0,"45,000",0,"45,000","45,000",0,"45,000"
"=""070619""",勤誠統一43購02  ,0,0,0,"55,000","10,000","45,000","55,000","10,000","45,000"
"=""070845""",台化元大48購04  ,0,0,0,"45,000",0,"45,000","45,000",0,"45,000"
"=""071987""",亞力國票4A購01  ,0,0,0,"45,000",0,"45,000","45,000",0,"45,000"
"=""075087""",智邦國票4A購04  ,0,0,0,"95,000","50,000","45,000","95,000","50,000","45,000"
"=""075336""",喬山凱基49購02  ,0,0,0,"45,000",0,"45,000","45,000",0,"45,000"
"=""077165""",世芯永豐4A購07  ,0,0,0,"45,000",0,"45,000","45,000",0,"45,000"
"=""077201""",台積電國票4B購05,0,0,0,"45,000",0,"45,000","45,000",0,"45,000"
"=""04435T""",台積電凱基35售35,0,0,0,"44,000",0,"44,000","44,000",0,"44,000"
"=""04466T""",群光凱基35售03  ,0,0,0,"50,000","6,000","44,000","50,000","6,000","44,000"
"=""045968""",盟立統一52購01  ,0,0,0,"44,000",0,"44,000","44,000",0,"44,000"
"=""046074""",亞翔元大44購03  ,0,0,0,"44,000",0,"44,000","44,000",0,"44,000"
"=""056026""",台積電凱基44購19,0,0,0,"44,000",0,"44,000","44,000",0,"44,000"
"=""056050""",緯創富邦4A購01  ,0,0,0,"89,000","45,000","44,000","89,000","45,000","44,000"
"=""056978""",技嘉元富45購03  ,0,0,0,"50,000","6,000","44,000","50,000","6,000","44,000"
"=""060377""",技嘉凱基42購01  ,0,0,0,"45,000","1,000","44,000","45,000","1,000","44,000"
"=""060696""",明泰永豐46購01  ,0,0,0,"52,000","8,000","44,000","52,000","8,000","44,000"
"=""064204""",穎崴國票47購02  ,0,0,0,"49,000","5,000","44,000","49,000","5,000","44,000"
"=""065735""",川湖統一3B購04  ,0,0,0,"82,000","38,000","44,000","82,000","38,000","44,000"
"=""066160""",泓德統一51購03  ,0,0,0,"144,000","100,000","44,000","144,000","100,000","44,000"
"=""066330""",穎崴永豐48購01  ,0,0,0,"44,000",0,"44,000","44,000",0,"44,000"
"=""069763""",精銳國票49購03  ,0,0,0,"44,000",0,"44,000","44,000",0,"44,000"
"=""070043""",圓剛國票49購01  ,0,0,0,"90,000","46,000","44,000","90,000","46,000","44,000"
"=""070294""",長榮國票49購03  ,0,0,0,"54,000","10,000","44,000","54,000","10,000","44,000"
"=""072198""",華泰凱基48購01  ,0,0,0,"44,000",0,"44,000","44,000",0,"44,000"
"=""075299""",潤泰全統一53購02,0,0,0,"124,000","80,000","44,000","124,000","80,000","44,000"
"=""075525""",富世達元富49購01,0,0,0,"44,000",0,"44,000","44,000",0,"44,000"
"=""076418""",台積電凱基4C購19,0,0,0,"44,000",0,"44,000","44,000",0,"44,000"
4938  ,和碩            ,"103,000","42,916","60,084","11,000","27,716","-16,716","114,000","70,632","43,368"
"=""035023""",華邦電凱基55購01,0,0,0,"43,000",0,"43,000","43,000",0,"43,000"
"=""041909""",奇鋐凱基54購16  ,0,0,0,"43,000",0,"43,000","43,000",0,"43,000"
"=""046670""",台積電元大43購44,0,0,0,"105,000","62,000","43,000","105,000","62,000","43,000"
"=""04841T""",南亞科元富36售02,0,0,0,"48,000","5,000","43,000","48,000","5,000","43,000"
"=""050801""",奇鋐中信45購01  ,0,0,0,"229,000","186,000","43,000","229,000","186,000","43,000"
"=""054329""",凱基金群益44購03,0,0,0,"100,000","57,000","43,000","100,000","57,000","43,000"
"=""054767""",雲豹永豐45購01  ,0,0,0,"63,000","20,000","43,000","63,000","20,000","43,000"
"=""056915""",台灣50群益45購04,0,0,0,"45,000","2,000","43,000","45,000","2,000","43,000"
"=""059268""",中興電永豐45購04,0,0,0,"43,000",0,"43,000","43,000",0,"43,000"
"=""059285""",啟�皏藕�45購01  ,0,0,0,"53,000","10,000","43,000","53,000","10,000","43,000"
"=""059520""",中砂凱基45購07  ,0,0,0,"93,000","50,000","43,000","93,000","50,000","43,000"
"=""060059""",大立光凱基47購04,0,0,0,"50,000","7,000","43,000","50,000","7,000","43,000"
"=""065170""",世紀鋼群益48購03,0,0,0,"43,000",0,"43,000","43,000",0,"43,000"
"=""065507""",日電貿永豐48購01,0,0,0,"106,000","63,000","43,000","106,000","63,000","43,000"
"=""066384""",鴻海國票49購04  ,0,0,0,"43,000",0,"43,000","43,000",0,"43,000"
"=""066406""",晟銘電國票4B購01,0,0,0,"43,000",0,"43,000","43,000",0,"43,000"
"=""068124""",汎銓元富47購03  ,0,0,0,"234,000","191,000","43,000","234,000","191,000","43,000"
"=""068757""",欣興凱基4C購02  ,0,0,0,"45,000","2,000","43,000","45,000","2,000","43,000"
"=""071161""",宏達電元富43購01,0,0,0,"70,000","27,000","43,000","70,000","27,000","43,000"
"=""072143""",鈺邦統一52購04  ,0,0,0,"43,000",0,"43,000","43,000",0,"43,000"
"=""073666""",創意元大49購05  ,0,0,0,"70,000","27,000","43,000","70,000","27,000","43,000"
"=""075584""",威強電元大49購11,0,0,0,"252,000","209,000","43,000","252,000","209,000","43,000"
3583  ,辛耘            ,"45,000","9,000","36,000","36,415","30,271","6,144","81,415","39,271","42,144"
"=""04528T""",矽力元富35售02  ,0,0,0,"61,000","19,000","42,000","61,000","19,000","42,000"
"=""04649T""",智原富邦35售04  ,0,0,0,"43,000","1,000","42,000","43,000","1,000","42,000"
"=""04702T""",美時元富35售04  ,0,0,0,"72,000","30,000","42,000","72,000","30,000","42,000"
"=""04743T""",滬深2X元大38售02,0,0,0,"42,000",0,"42,000","42,000",0,"42,000"
"=""053779""",道瓊反凱基48購02,0,0,0,"52,000","10,000","42,000","52,000","10,000","42,000"
"=""059361""",裕民元大45購02  ,0,0,0,"67,000","25,000","42,000","67,000","25,000","42,000"
"=""060112""",景碩富邦47購02  ,0,0,0,"43,000","1,000","42,000","43,000","1,000","42,000"
"=""060304""",仁寶群益46購01  ,0,0,0,"42,000",0,"42,000","42,000",0,"42,000"
"=""062299""",材料群益46購13  ,0,0,0,"42,000",0,"42,000","42,000",0,"42,000"
"=""062585""",長榮航元大46購18,0,0,0,"42,000",0,"42,000","42,000",0,"42,000"
"=""063640""",堤維西元大46購05,0,0,0,"42,000",0,"42,000","42,000",0,"42,000"
"=""063860""",聯茂群益46購03  ,0,0,0,"47,000","5,000","42,000","47,000","5,000","42,000"
"=""066485""",和椿元大4A購01  ,0,0,0,"42,000",0,"42,000","42,000",0,"42,000"
"=""066486""",啟�痐舅j4C購01  ,0,0,0,"591,000","549,000","42,000","591,000","549,000","42,000"
"=""068915""",欣興元大48購03  ,0,0,0,"43,000","1,000","42,000","43,000","1,000","42,000"
"=""069826""",精成科永豐4B購01,0,0,0,"42,000",0,"42,000","42,000",0,"42,000"
"=""069877""",長榮凱基48購05  ,0,0,0,"42,000",0,"42,000","42,000",0,"42,000"
"=""069920""",世芯元大4B購04  ,0,0,0,"52,000","10,000","42,000","52,000","10,000","42,000"
"=""070105""",科妍元大48購03  ,0,0,0,"47,000","5,000","42,000","47,000","5,000","42,000"
"=""072458""",T50正2元大48購07,0,0,0,"42,000",0,"42,000","42,000",0,"42,000"
"=""072863""",雄獅統一53購01  ,0,0,0,"69,000","27,000","42,000","69,000","27,000","42,000"
"=""074085""",中鋼群益49購04  ,0,0,0,"53,000","11,000","42,000","53,000","11,000","42,000"
"=""074302""",台積電元富63購01,0,0,0,"42,000",0,"42,000","42,000",0,"42,000"
"=""075881""",宇隆國票4A購03  ,0,0,0,"42,000",0,"42,000","42,000",0,"42,000"
"=""076229""",臺股指元大49購53,0,0,0,"42,000",0,"42,000","42,000",0,"42,000"
2392  ,正崴            ,"48,701","8,000","40,701","2,000","1,000","1,000","50,701","9,000","41,701"
"=""00681R""",元大美債20反1   ,0,0,0,"629,000","588,000","41,000","629,000","588,000","41,000"
"=""037262""",華泰凱基53購01  ,0,0,0,"107,000","66,000","41,000","107,000","66,000","41,000"
"=""04867T""",華泰元大36售10  ,0,0,0,"90,000","49,000","41,000","90,000","49,000","41,000"
"=""050852""",景碩凱基43購09  ,0,0,0,"56,000","15,000","41,000","56,000","15,000","41,000"
"=""051399""",東哥富邦45購01  ,0,0,0,"792,000","751,000","41,000","792,000","751,000","41,000"
"=""056314""",佳必琪永豐46購01,0,0,0,"42,000","1,000","41,000","42,000","1,000","41,000"
"=""057120""",全新群益45購04  ,0,0,0,"41,000",0,"41,000","41,000",0,"41,000"
"=""058707""",世芯國票47購08  ,0,0,0,"41,000",0,"41,000","41,000",0,"41,000"
"=""059279""",嘉澤永豐47購01  ,0,0,0,"561,000","520,000","41,000","561,000","520,000","41,000"
"=""062015""",仁寶國票47購02  ,0,0,0,"76,000","35,000","41,000","76,000","35,000","41,000"
"=""064593""",嘉晶中信46購01  ,0,0,0,"45,000","4,000","41,000","45,000","4,000","41,000"
"=""066216""",永豐金群益47購02,0,0,0,"41,000",0,"41,000","41,000",0,"41,000"
"=""067128""",長榮鋼國票48購01,0,0,0,"51,000","10,000","41,000","51,000","10,000","41,000"
"=""071524""",裕民元大48購05  ,0,0,0,"56,000","15,000","41,000","56,000","15,000","41,000"
"=""073196""",豐藝統一51購01  ,0,0,0,"41,000",0,"41,000","41,000",0,"41,000"
"=""073206""",創意群益49購08  ,0,0,0,"41,000",0,"41,000","41,000",0,"41,000"
"=""073390""",材料元大49購04  ,0,0,0,"41,000",0,"41,000","41,000",0,"41,000"
"=""074970""",鴻海元大51購04  ,0,0,0,"51,000","10,000","41,000","51,000","10,000","41,000"
"=""075391""",群創群益49購04  ,0,0,0,"52,000","11,000","41,000","52,000","11,000","41,000"
"=""075395""",神達群益49購07  ,0,0,0,"41,000",0,"41,000","41,000",0,"41,000"
"=""075457""",永崴控元大49購01,0,0,0,"41,000",0,"41,000","41,000",0,"41,000"
"=""075694""",台積電富邦4B購08,0,0,0,"51,000","10,000","41,000","51,000","10,000","41,000"
"=""075957""",英業達群益49購01,0,0,0,"65,000","24,000","41,000","65,000","24,000","41,000"
"=""075999""",瑞昱元大49購01  ,0,0,0,"41,000",0,"41,000","41,000",0,"41,000"
"=""00731 """,復華富時高息低波,0,0,0,"544,999","504,699","40,300","544,999","504,699","40,300"
"=""03068T""",智邦元富32售03  ,0,0,0,"40,000",0,"40,000","40,000",0,"40,000"
"=""03569T""",聚陽凱基34售07  ,0,0,0,"40,000",0,"40,000","40,000",0,"40,000"
"=""03866T""",奇鋐元大34售18  ,0,0,0,"60,000","20,000","40,000","60,000","20,000","40,000"
"=""03897T""",智邦國票35售02  ,0,0,0,"40,000",0,"40,000","40,000",0,"40,000"
"=""045187""",昇陽半永豐55購02,0,0,0,"40,000",0,"40,000","40,000",0,"40,000"
"=""046219""",景碩群益44購02  ,0,0,0,"40,000",0,"40,000","40,000",0,"40,000"
"=""046583""",興富發凱基43購05,0,0,0,"75,000","35,000","40,000","75,000","35,000","40,000"
"=""046992""",台積電元大44購10,0,0,0,"40,000",0,"40,000","40,000",0,"40,000"
"=""047962""",嘉澤群益46購01  ,0,0,0,"70,000","30,000","40,000","70,000","30,000","40,000"
"=""05005T""",智原中信36售02  ,0,0,0,"55,000","15,000","40,000","55,000","15,000","40,000"
"=""05036T""",元債2X元富36售05,0,0,0,"40,000",0,"40,000","40,000",0,"40,000"
"=""050748""",大立光群益43購14,0,0,0,"45,000","5,000","40,000","45,000","5,000","40,000"
"=""051830""",材料群益43購12  ,0,0,0,"40,000",0,"40,000","40,000",0,"40,000"
"=""05213T""",臺股指中信3B售02,0,0,0,"40,000",0,"40,000","40,000",0,"40,000"
"=""052261""",上緯控兆豐46購01,0,0,0,"55,000","15,000","40,000","55,000","15,000","40,000"
"=""053541""",T50反1元大49購03,0,0,0,"40,000",0,"40,000","40,000",0,"40,000"
"=""053650""",世紀鋼凱基44購04,0,0,0,"40,000",0,"40,000","40,000",0,"40,000"
"=""053980""",大立光凱基44購04,0,0,0,"40,000",0,"40,000","40,000",0,"40,000"
"=""054183""",建準中信44購01  ,0,0,0,"233,000","193,000","40,000","233,000","193,000","40,000"
"=""054452""",世芯群益44購10  ,0,0,0,"67,000","27,000","40,000","67,000","27,000","40,000"
"=""054638""",中砂元富44購01  ,0,0,0,"46,000","6,000","40,000","46,000","6,000","40,000"
"=""054923""",鴻海國泰46購08  ,0,0,0,"40,000",0,"40,000","40,000",0,"40,000"
"=""055340""",毅嘉富邦45購01  ,0,0,0,"40,000",0,"40,000","40,000",0,"40,000"
"=""05623T""",華航群益37售03  ,0,0,0,"40,000",0,"40,000","40,000",0,"40,000"
"=""056387""",嘉澤元大45購01  ,0,0,0,"60,000","20,000","40,000","60,000","20,000","40,000"
"=""056402""",致新元大45購01  ,0,0,0,"40,000",0,"40,000","40,000",0,"40,000"
"=""057182""",新唐凱基46購01  ,0,0,0,"40,000",0,"40,000","40,000",0,"40,000"
"=""057514""",臻鼎凱基45購03  ,0,0,0,"428,000","388,000","40,000","428,000","388,000","40,000"
"=""057900""",台驊控國票45購01,0,0,0,"50,000","10,000","40,000","50,000","10,000","40,000"
"=""057992""",精成科富邦47購01,0,0,0,"40,000",0,"40,000","40,000",0,"40,000"
"=""05800T""",長榮元大37售39  ,0,0,0,"90,000","50,000","40,000","90,000","50,000","40,000"
"=""058015""",未來車凱基48購01,0,0,0,"50,000","10,000","40,000","50,000","10,000","40,000"
"=""058165""",康舒群益47購01  ,0,0,0,"67,000","27,000","40,000","67,000","27,000","40,000"
"=""058478""",日電貿國票46購01,0,0,0,"90,000","50,000","40,000","90,000","50,000","40,000"
"=""058764""",聯電元大49購03  ,0,0,0,"43,000","3,000","40,000","43,000","3,000","40,000"
"=""059318""",聯發科群益45購09,0,0,0,"40,000",0,"40,000","40,000",0,"40,000"
"=""059353""",技嘉元大45購21  ,0,0,0,"63,000","23,000","40,000","63,000","23,000","40,000"
"=""059592""",臺股指元大4B購01,0,0,0,"40,000",0,"40,000","40,000",0,"40,000"
"=""059720""",皇昌群益47購02  ,0,0,0,"65,000","25,000","40,000","65,000","25,000","40,000"
"=""059788""",臻鼎國泰47購02  ,0,0,0,"50,000","10,000","40,000","50,000","10,000","40,000"
"=""060027""",長榮元富46購04  ,0,0,0,"40,000",0,"40,000","40,000",0,"40,000"
"=""060032""",達方元富49購01  ,0,0,0,"40,000",0,"40,000","40,000",0,"40,000"
"=""060077""",台積電國票46購05,0,0,0,"108,000","68,000","40,000","108,000","68,000","40,000"
"=""060329""",東陽元大46購05  ,0,0,0,"40,000",0,"40,000","40,000",0,"40,000"
"=""060592""",大立光元大4B購01,0,0,0,"40,000",0,"40,000","40,000",0,"40,000"
"=""060614""",京元電國泰48購01,0,0,0,"40,000",0,"40,000","40,000",0,"40,000"
"=""060942""",世芯凱基46購13  ,0,0,0,"40,000",0,"40,000","40,000",0,"40,000"
"=""061248""",美費半凱基47購02,0,0,0,"50,000","10,000","40,000","50,000","10,000","40,000"
"=""061432""",牧德元富46購01  ,0,0,0,"40,000",0,"40,000","40,000",0,"40,000"
"=""061718""",鴻海永豐47購09  ,0,0,0,"40,000",0,"40,000","40,000",0,"40,000"
"=""061747""",台灣50元富4C購01,0,0,0,"40,000",0,"40,000","40,000",0,"40,000"
"=""062136""",精誠國票48購01  ,0,0,0,"40,000",0,"40,000","40,000",0,"40,000"
"=""062421""",聯發科永豐46購09,0,0,0,"40,000",0,"40,000","40,000",0,"40,000"
"=""062556""",上証2X元大47購03,0,0,0,"40,000",0,"40,000","40,000",0,"40,000"
"=""063081""",上銀國票47購01  ,0,0,0,"40,000",0,"40,000","40,000",0,"40,000"
"=""063283""",世芯統一58購02  ,0,0,0,"210,000","170,000","40,000","210,000","170,000","40,000"
"=""063306""",大立光永豐47購01,0,0,0,"40,000",0,"40,000","40,000",0,"40,000"
"=""063725""",世芯中信4A購01  ,0,0,0,"40,000",0,"40,000","40,000",0,"40,000"
"=""064064""",晟銘電元大46購04,0,0,0,"40,000",0,"40,000","40,000",0,"40,000"
"=""064240""",金寶群益46購03  ,0,0,0,"50,000","10,000","40,000","50,000","10,000","40,000"
"=""064995""",世紀鋼元富47購02,0,0,0,"40,000",0,"40,000","40,000",0,"40,000"
"=""065162""",瀚宇博群益48購01,0,0,0,"55,000","15,000","40,000","55,000","15,000","40,000"
"=""065171""",FBNQ2X凱基49購02,0,0,0,"117,000","77,000","40,000","117,000","77,000","40,000"
"=""065775""",鈺齊元大47購01  ,0,0,0,"40,000",0,"40,000","40,000",0,"40,000"
"=""065841""",精成科統一51購02,0,0,0,"40,000",0,"40,000","40,000",0,"40,000"
"=""066056""",京元電元富47購01,0,0,0,"49,000","9,000","40,000","49,000","9,000","40,000"
"=""066381""",元債2X國票48購03,0,0,0,"40,000",0,"40,000","40,000",0,"40,000"
"=""066425""",漢唐統一51購03  ,0,0,0,"40,000",0,"40,000","40,000",0,"40,000"
"=""066665""",T50正2凱基47購05,0,0,0,"40,000",0,"40,000","40,000",0,"40,000"
"=""067009""",聯詠凱基47購03  ,0,0,0,"40,000",0,"40,000","40,000",0,"40,000"
"=""067242""",開發金中信3B購01,0,0,0,"40,000",0,"40,000","40,000",0,"40,000"
"=""067295""",信邦群益47購03  ,0,0,0,"40,000",0,"40,000","40,000",0,"40,000"
"=""067730""",矽力元大47購06  ,0,0,0,"40,000",0,"40,000","40,000",0,"40,000"
"=""068319""",世芯元大48購04  ,0,0,0,"40,000",0,"40,000","40,000",0,"40,000"
"=""068659""",力積電統一52購03,0,0,0,"40,000",0,"40,000","40,000",0,"40,000"
"=""068821""",聯發科凱基4C購01,0,0,0,"40,000",0,"40,000","40,000",0,"40,000"
"=""069149""",jpp群益49購01   ,0,0,0,"40,000",0,"40,000","40,000",0,"40,000"
"=""069451""",啟�硌s益4A購01  ,0,0,0,"40,000",0,"40,000","40,000",0,"40,000"
"=""069572""",堤維西統一52購01,0,0,0,"50,000","10,000","40,000","50,000","10,000","40,000"
"=""069827""",勤誠永豐4C購01  ,0,0,0,"40,000",0,"40,000","40,000",0,"40,000"
"=""070212""",中502X永豐4B購01,0,0,0,"40,000",0,"40,000","40,000",0,"40,000"
"=""070659""",奇鋐凱基4C購02  ,0,0,0,"40,000",0,"40,000","40,000",0,"40,000"
"=""070752""",旺宏群益4B購02  ,0,0,0,"72,000","32,000","40,000","72,000","32,000","40,000"
"=""070848""",中鴻元大48購02  ,0,0,0,"50,000","10,000","40,000","50,000","10,000","40,000"
"=""070887""",保瑞元大48購05  ,0,0,0,"40,000",0,"40,000","40,000",0,"40,000"
"=""071279""",國企2X元富48購02,0,0,0,"80,000","40,000","40,000","80,000","40,000","40,000"
"=""071762""",台積電元大48購54,0,0,0,"100,000","60,000","40,000","100,000","60,000","40,000"
"=""071833""",奇鋐富邦4B購02  ,0,0,0,"60,000","20,000","40,000","60,000","20,000","40,000"
"=""071972""",鴻準元富48購04  ,0,0,0,"130,000","90,000","40,000","130,000","90,000","40,000"
"=""072309""",慧洋兆豐4A購02  ,0,0,0,"87,000","47,000","40,000","87,000","47,000","40,000"
"=""072525""",威強電群益4A購01,0,0,0,"40,000",0,"40,000","40,000",0,"40,000"
"=""072540""",宇隆第一49購01  ,0,0,0,"60,000","20,000","40,000","60,000","20,000","40,000"
"=""072584""",三芳中信49購01  ,0,0,0,"43,000","3,000","40,000","43,000","3,000","40,000"
"=""073547""",群高息中信41購03,0,0,0,"40,000",0,"40,000","40,000",0,"40,000"
"=""074106""",大量群益4C購01  ,0,0,0,"40,000",0,"40,000","40,000",0,"40,000"
"=""074515""",聯發科凱基4A購06,0,0,0,"40,000",0,"40,000","40,000",0,"40,000"
"=""075112""",潤泰全統一53購01,0,0,0,"55,000","15,000","40,000","55,000","15,000","40,000"
"=""075184""",華城群益4B購01  ,0,0,0,"40,000",0,"40,000","40,000",0,"40,000"
"=""075281""",元晶國票4A購02  ,0,0,0,"40,000",0,"40,000","40,000",0,"40,000"
"=""075924""",台光電凱基49購08,0,0,0,"94,000","54,000","40,000","94,000","54,000","40,000"
"=""076151""",南亞科國泰4A購01,0,0,0,"185,000","145,000","40,000","185,000","145,000","40,000"
"=""076356""",鴻海元大4C購02  ,0,0,0,"40,000",0,"40,000","40,000",0,"40,000"
"=""076465""",台灣50國票4B購03,0,0,0,"40,000",0,"40,000","40,000",0,"40,000"
"=""076875""",漢翔元大53購01  ,0,0,0,"100,000","60,000","40,000","100,000","60,000","40,000"
"=""077052""",達發群益49購03  ,0,0,0,"50,000","10,000","40,000","50,000","10,000","40,000"
"=""08112U""",建準國票32售01  ,0,0,0,"40,000",0,"40,000","40,000",0,"40,000"
"=""08457U""",技嘉統一34售13  ,0,0,0,"40,000",0,"40,000","40,000",0,"40,000"
6533  ,晶心科          ,"1,000","4,476","-3,476","47,006","4,434","42,572","48,006","8,910","39,096"
"=""043321""",台光電群益55購05,0,0,0,"40,000","1,000","39,000","40,000","1,000","39,000"
"=""048112""",辛耘國票44購01  ,0,0,0,"49,000","10,000","39,000","49,000","10,000","39,000"
"=""05178T""",華城元大36售06  ,0,0,0,"100,000","61,000","39,000","100,000","61,000","39,000"
"=""051919""",智邦群益45購01  ,0,0,0,"40,000","1,000","39,000","40,000","1,000","39,000"
"=""055309""",一詮元大49購01  ,0,0,0,"53,000","14,000","39,000","53,000","14,000","39,000"
"=""055381""",陽明凱基45購04  ,0,0,0,"44,000","5,000","39,000","44,000","5,000","39,000"
"=""059159""",台泥元大45購01  ,0,0,0,"40,000","1,000","39,000","40,000","1,000","39,000"
"=""059887""",台積電群益45購24,0,0,0,"64,000","25,000","39,000","64,000","25,000","39,000"
"=""061650""",臻鼎元大46購11  ,0,0,0,"39,000",0,"39,000","39,000",0,"39,000"
"=""063977""",致新富邦4A購01  ,0,0,0,"39,000",0,"39,000","39,000",0,"39,000"
"=""064568""",健鼎國票47購01  ,0,0,0,"49,000","10,000","39,000","49,000","10,000","39,000"
"=""065130""",新光鋼群益48購01,0,0,0,"49,000","10,000","39,000","49,000","10,000","39,000"
"=""066547""",威盛凱基47購05  ,0,0,0,"175,000","136,000","39,000","175,000","136,000","39,000"
"=""067604""",大同元富47購01  ,0,0,0,"39,000",0,"39,000","39,000",0,"39,000"
"=""067657""",祥碩永豐4A購01  ,0,0,0,"49,000","10,000","39,000","49,000","10,000","39,000"
"=""069255""",欣興第一49購01  ,0,0,0,"40,000","1,000","39,000","40,000","1,000","39,000"
"=""070120""",辛耘元大48購04  ,0,0,0,"49,000","10,000","39,000","49,000","10,000","39,000"
"=""070213""",大成鋼永豐48購02,0,0,0,"99,000","60,000","39,000","99,000","60,000","39,000"
"=""070272""",皇昌元富52購01  ,0,0,0,"45,000","6,000","39,000","45,000","6,000","39,000"
"=""071156""",昇陽半元大48購12,0,0,0,"39,000",0,"39,000","39,000",0,"39,000"
"=""072461""",中興電元大4C購01,0,0,0,"39,000",0,"39,000","39,000",0,"39,000"
"=""072872""",台泥元富49購03  ,0,0,0,"39,000",0,"39,000","39,000",0,"39,000"
"=""073156""",裕民元大51購02  ,0,0,0,"39,000",0,"39,000","39,000",0,"39,000"
"=""073224""",毅嘉國票4C購01  ,0,0,0,"108,000","69,000","39,000","108,000","69,000","39,000"
"=""075856""",寶成元大49購02  ,0,0,0,"75,000","36,000","39,000","75,000","36,000","39,000"
"=""076046""",AES中信4B購01   ,0,0,0,"49,000","10,000","39,000","49,000","10,000","39,000"
6285  ,啟��            ,"161,023","170,273","-9,250","62,860","15,000","47,860","223,883","185,273","38,610"
"=""00730 """,富邦臺灣優質高息,0,0,0,"104,000","66,000","38,000","104,000","66,000","38,000"
"=""020031""",統一IC設計臺灣N ,0,0,0,"84,000","46,000","38,000","84,000","46,000","38,000"
"=""03219T""",臺股指國泰35售01,0,0,0,"140,000","102,000","38,000","140,000","102,000","38,000"
"=""04167T""",文曄國票35售03  ,0,0,0,"60,000","22,000","38,000","60,000","22,000","38,000"
"=""049557""",長華元大43購05  ,0,0,0,"38,000",0,"38,000","38,000",0,"38,000"
"=""05016T""",啟�痐井H36售01  ,0,0,0,"39,000","1,000","38,000","39,000","1,000","38,000"
"=""050227""",電子類群益43購04,0,0,0,"38,000",0,"38,000","38,000",0,"38,000"
"=""050305""",洋華統一53購01  ,0,0,0,"57,000","19,000","38,000","57,000","19,000","38,000"
"=""05209T""",陽明中信36售02  ,0,0,0,"40,000","2,000","38,000","40,000","2,000","38,000"
"=""055162""",直得元富47購01  ,0,0,0,"38,000",0,"38,000","38,000",0,"38,000"
"=""056555""",台玻元大4B購01  ,0,0,0,"38,000",0,"38,000","38,000",0,"38,000"
"=""057270""",大聯大國票46購01,0,0,0,"38,000",0,"38,000","38,000",0,"38,000"
"=""062260""",華孚凱基46購01  ,0,0,0,"38,000",0,"38,000","38,000",0,"38,000"
"=""063812""",長榮凱基46購15  ,0,0,0,"39,000","1,000","38,000","39,000","1,000","38,000"
"=""065068""",愛普元大47購06  ,0,0,0,"68,000","30,000","38,000","68,000","30,000","38,000"
"=""066146""",華晶科統一51購04,0,0,0,"39,000","1,000","38,000","39,000","1,000","38,000"
"=""066703""",祥碩凱基48購03  ,0,0,0,"158,000","120,000","38,000","158,000","120,000","38,000"
"=""067041""",萬海永豐47購02  ,0,0,0,"38,000",0,"38,000","38,000",0,"38,000"
"=""067109""",訊芯元富47購02  ,0,0,0,"39,000","1,000","38,000","39,000","1,000","38,000"
"=""068087""",台積電元富48購03,0,0,0,"71,000","33,000","38,000","71,000","33,000","38,000"
"=""068637""",來億元大48購01  ,0,0,0,"169,000","131,000","38,000","169,000","131,000","38,000"
"=""069279""",凱美元富48購02  ,0,0,0,"38,000",0,"38,000","38,000",0,"38,000"
"=""069727""",T50反1富邦4A購02,0,0,0,"38,000",0,"38,000","38,000",0,"38,000"
"=""070025""",陽明元富48購02  ,0,0,0,"38,000",0,"38,000","38,000",0,"38,000"
"=""070118""",德律元大48購01  ,0,0,0,"40,000","2,000","38,000","40,000","2,000","38,000"
"=""070481""",華友聯統一55購01,0,0,0,"150,000","112,000","38,000","150,000","112,000","38,000"
"=""071501""",嘉澤國泰49購01  ,0,0,0,"309,000","271,000","38,000","309,000","271,000","38,000"
"=""072441""",群光凱基48購01  ,0,0,0,"81,000","43,000","38,000","81,000","43,000","38,000"
"=""073871""",矽格元大49購03  ,0,0,0,"100,000","62,000","38,000","100,000","62,000","38,000"
"=""03626T""",欣興國票35售01  ,0,0,0,"75,000","38,000","37,000","75,000","38,000","37,000"
"=""04477T""",智原群益36售04  ,0,0,0,"50,000","13,000","37,000","50,000","13,000","37,000"
"=""045543""",長榮群益55購07  ,0,0,0,"559,000","522,000","37,000","559,000","522,000","37,000"
"=""04617T""",美時元富35售03  ,0,0,0,"47,000","10,000","37,000","47,000","10,000","37,000"
"=""048588""",SGBR2X元富45購01,0,0,0,"86,000","49,000","37,000","86,000","49,000","37,000"
"=""051832""",達發群益44購02  ,0,0,0,"78,000","41,000","37,000","78,000","41,000","37,000"
"=""054438""",台積電群益4A購09,0,0,0,"40,000","3,000","37,000","40,000","3,000","37,000"
"=""055776""",訊芯統一4A購04  ,0,0,0,"78,000","41,000","37,000","78,000","41,000","37,000"
"=""058038""",聯發科國泰47購02,0,0,0,"42,000","5,000","37,000","42,000","5,000","37,000"
"=""058416""",奇鋐富邦47購03  ,0,0,0,"95,000","58,000","37,000","95,000","58,000","37,000"
"=""059382""",東陽兆豐47購01  ,0,0,0,"37,000",0,"37,000","37,000",0,"37,000"
"=""060978""",滬深2X群益46購07,0,0,0,"72,000","35,000","37,000","72,000","35,000","37,000"
"=""061281""",鴻準永豐47購02  ,0,0,0,"37,000",0,"37,000","37,000",0,"37,000"
"=""061614""",義隆富邦47購01  ,0,0,0,"145,000","108,000","37,000","145,000","108,000","37,000"
"=""065284""",威盛兆豐3B購01  ,0,0,0,"57,000","20,000","37,000","57,000","20,000","37,000"
"=""065497""",三芳永豐47購01  ,0,0,0,"120,000","83,000","37,000","120,000","83,000","37,000"
"=""065978""",群創元大4A購01  ,0,0,0,"52,000","15,000","37,000","52,000","15,000","37,000"
"=""066727""",智原群益47購06  ,0,0,0,"305,000","268,000","37,000","305,000","268,000","37,000"
"=""067117""",台塑國票47購05  ,0,0,0,"213,000","176,000","37,000","213,000","176,000","37,000"
"=""067148""",金像電元大47購07,0,0,0,"90,000","53,000","37,000","90,000","53,000","37,000"
"=""067639""",來億統一51購02  ,0,0,0,"39,000","2,000","37,000","39,000","2,000","37,000"
"=""067975""",中砂統一4C購02  ,0,0,0,"37,000",0,"37,000","37,000",0,"37,000"
"=""068561""",亞德客國票48購01,0,0,0,"476,000","439,000","37,000","476,000","439,000","37,000"
"=""068848""",亞翔統一52購01  ,0,0,0,"47,000","10,000","37,000","47,000","10,000","37,000"
"=""069230""",華碩元富48購02  ,0,0,0,"247,000","210,000","37,000","247,000","210,000","37,000"
"=""069271""",羅昇台新48購01  ,0,0,0,"40,000","3,000","37,000","40,000","3,000","37,000"
"=""069779""",堤維西統一52購03,0,0,0,"37,000",0,"37,000","37,000",0,"37,000"
"=""070974""",世芯國泰49購05  ,0,0,0,"50,000","13,000","37,000","50,000","13,000","37,000"
"=""072176""",興富發國票49購01,0,0,0,"37,000",0,"37,000","37,000",0,"37,000"
"=""073274""",欣興元富4A購02  ,0,0,0,"67,000","30,000","37,000","67,000","30,000","37,000"
"=""073391""",材料元大49購05  ,0,0,0,"37,000",0,"37,000","37,000",0,"37,000"
"=""073453""",昆盈統一53購01  ,0,0,0,"60,000","23,000","37,000","60,000","23,000","37,000"
"=""074694""",中502X元富49購05,0,0,0,"37,000",0,"37,000","37,000",0,"37,000"
"=""075535""",上銀凱基49購11  ,0,0,0,"71,000","34,000","37,000","71,000","34,000","37,000"
"=""076853""",鴻海元大4C購04  ,0,0,0,"40,000","3,000","37,000","40,000","3,000","37,000"
2436  ,偉詮電          ,"40,000","5,049","34,951","8,000","6,000","2,000","48,000","11,049","36,951"
8016  ,矽創            ,"8,188",0,"8,188","40,372","12,000","28,372","48,560","12,000","36,560"
1504  ,東元            ,"138,683","130,270","8,413","75,029","47,000","28,029","213,712","177,270","36,442"
"=""03096T""",金像電元大34售01,0,0,0,"50,000","14,000","36,000","50,000","14,000","36,000"
"=""043538""",臺股指元大55購25,0,0,0,"39,000","3,000","36,000","39,000","3,000","36,000"
"=""04575T""",長榮航中信35售02,0,0,0,"40,000","4,000","36,000","40,000","4,000","36,000"
"=""046308""",鴻海元大43購23  ,0,0,0,"37,000","1,000","36,000","37,000","1,000","36,000"
"=""050095""",鴻準元富43購03  ,0,0,0,"36,000",0,"36,000","36,000",0,"36,000"
"=""050183""",健和興元大43購05,0,0,0,"62,000","26,000","36,000","62,000","26,000","36,000"
"=""052439""",長榮航中信44購01,0,0,0,"36,000",0,"36,000","36,000",0,"36,000"
"=""054426""",緯創元富44購03  ,0,0,0,"36,000",0,"36,000","36,000",0,"36,000"
"=""054761""",世紀鋼統一39購01,0,0,0,"38,000","2,000","36,000","38,000","2,000","36,000"
"=""055062""",台積電群益4A購15,0,0,0,"156,000","120,000","36,000","156,000","120,000","36,000"
"=""055123""",晶心科元大44購01,0,0,0,"36,000",0,"36,000","36,000",0,"36,000"
"=""056254""",慧洋元大44購05  ,0,0,0,"36,000",0,"36,000","36,000",0,"36,000"
"=""059708""",元日2X群益53購03,0,0,0,"36,000",0,"36,000","36,000",0,"36,000"
"=""060079""",台積電國票48購01,0,0,0,"72,000","36,000","36,000","72,000","36,000","36,000"
"=""061167""",潤泰新元富46購01,0,0,0,"36,000",0,"36,000","36,000",0,"36,000"
"=""061557""",智邦凱基46購07  ,0,0,0,"36,000",0,"36,000","36,000",0,"36,000"
"=""063367""",達發凱基46購04  ,0,0,0,"38,000","2,000","36,000","38,000","2,000","36,000"
"=""063462""",嘉澤元大49購04  ,0,0,0,"68,000","32,000","36,000","68,000","32,000","36,000"
"=""063751""",中磊國票49購01  ,0,0,0,"102,000","66,000","36,000","102,000","66,000","36,000"
"=""064218""",台耀永豐47購01  ,0,0,0,"48,000","12,000","36,000","48,000","12,000","36,000"
"=""065271""",台化永豐48購01  ,0,0,0,"36,000",0,"36,000","36,000",0,"36,000"
"=""066435""",日月光統一61購01,0,0,0,"228,000","192,000","36,000","228,000","192,000","36,000"
"=""067056""",和大群益47購04  ,0,0,0,"36,000",0,"36,000","36,000",0,"36,000"
"=""067677""",聯發科凱基47購10,0,0,0,"36,000",0,"36,000","36,000",0,"36,000"
"=""070875""",緯創元大51購01  ,0,0,0,"98,000","62,000","36,000","98,000","62,000","36,000"
"=""071159""",華邦電中信48購02,0,0,0,"36,000",0,"36,000","36,000",0,"36,000"
"=""071326""",晶豪科統一51購02,0,0,0,"36,000",0,"36,000","36,000",0,"36,000"
"=""074755""",巨大統一53購04  ,0,0,0,"47,000","11,000","36,000","47,000","11,000","36,000"
"=""074839""",鴻準富邦4C購01  ,0,0,0,"42,000","6,000","36,000","42,000","6,000","36,000"
"=""075764""",世芯群益49購16  ,0,0,0,"55,000","19,000","36,000","55,000","19,000","36,000"
"=""075949""",威鋒電統一43購01,0,0,0,"70,000","34,000","36,000","70,000","34,000","36,000"
"=""08890U""",仁寶元大33售12  ,0,0,0,"39,000","3,000","36,000","39,000","3,000","36,000"
3008  ,大立光          ,"43,170","27,000","16,170","23,077","4,047","19,030","66,247","31,047","35,200"
6451  ,訊芯-KY         ,"2,000","22,322","-20,322","73,416","18,000","55,416","75,416","40,322","35,094"
"=""03348T""",景碩群益35售01  ,0,0,0,"100,000","65,000","35,000","100,000","65,000","35,000"
"=""03622B""",臺股指元大35熊42,0,0,0,"50,000","15,000","35,000","50,000","15,000","35,000"
"=""03645T""",台灣50凱基34售09,0,0,0,"35,000",0,"35,000","35,000",0,"35,000"
"=""03953T""",台積電富邦38售04,0,0,0,"35,000",0,"35,000","35,000",0,"35,000"
"=""046450""",奇鋐統一52購01  ,0,0,0,"55,000","20,000","35,000","55,000","20,000","35,000"
"=""046672""",台積電元大44購08,0,0,0,"57,000","22,000","35,000","57,000","22,000","35,000"
"=""04735T""",中砂中信35售02  ,0,0,0,"35,000",0,"35,000","35,000",0,"35,000"
"=""050898""",川湖國票44購05  ,0,0,0,"42,000","7,000","35,000","42,000","7,000","35,000"
"=""051931""",愛普群益44購03  ,0,0,0,"38,000","3,000","35,000","38,000","3,000","35,000"
"=""052412""",台光電元大43購25,0,0,0,"35,000",0,"35,000","35,000",0,"35,000"
"=""053132""",技嘉凱基39購01  ,0,0,0,"40,000","5,000","35,000","40,000","5,000","35,000"
"=""055137""",萬海兆豐46購02  ,0,0,0,"37,000","2,000","35,000","37,000","2,000","35,000"
"=""056053""",中砂群益44購02  ,0,0,0,"56,000","21,000","35,000","56,000","21,000","35,000"
"=""056227""",嘉澤群益44購03  ,0,0,0,"35,000",0,"35,000","35,000",0,"35,000"
"=""056350""",慧洋凱基45購01  ,0,0,0,"35,000",0,"35,000","35,000",0,"35,000"
"=""056538""",萬海永豐47購01  ,0,0,0,"40,000","5,000","35,000","40,000","5,000","35,000"
"=""057150""",盛群群益46購01  ,0,0,0,"35,000",0,"35,000","35,000",0,"35,000"
"=""05823T""",奇鋐群益37售10  ,0,0,0,"35,000",0,"35,000","35,000",0,"35,000"
"=""058446""",大立光永豐45購02,0,0,0,"101,000","66,000","35,000","101,000","66,000","35,000"
"=""060749""",光寶科元大46購01,0,0,0,"35,000",0,"35,000","35,000",0,"35,000"
"=""060891""",奇鋐中信47購01  ,0,0,0,"35,000",0,"35,000","35,000",0,"35,000"
"=""061271""",材料凱基46購04  ,0,0,0,"40,000","5,000","35,000","40,000","5,000","35,000"
"=""061588""",友訊國票46購05  ,0,0,0,"59,000","24,000","35,000","59,000","24,000","35,000"
"=""061613""",緯穎台新46購01  ,0,0,0,"35,000",0,"35,000","35,000",0,"35,000"
"=""061780""",陽明國票47購02  ,0,0,0,"40,000","5,000","35,000","40,000","5,000","35,000"
"=""062064""",矽力群益46購05  ,0,0,0,"45,000","10,000","35,000","45,000","10,000","35,000"
"=""063260""",保瑞元大46購14  ,0,0,0,"46,000","11,000","35,000","46,000","11,000","35,000"
"=""064474""",臺股指元大4C購04,0,0,0,"105,000","70,000","35,000","105,000","70,000","35,000"
"=""064602""",智能車凱基46購01,0,0,0,"35,000",0,"35,000","35,000",0,"35,000"
"=""064889""",碩天群益47購04  ,0,0,0,"53,000","18,000","35,000","53,000","18,000","35,000"
"=""065421""",台積電元大47購11,0,0,0,"55,000","20,000","35,000","55,000","20,000","35,000"
"=""065715""",所羅門元大48購01,0,0,0,"110,000","75,000","35,000","110,000","75,000","35,000"
"=""066896""",元債2X群益51購06,0,0,0,"35,000",0,"35,000","35,000",0,"35,000"
"=""067141""",台積電元大4B購03,0,0,0,"35,000",0,"35,000","35,000",0,"35,000"
"=""067418""",滬深2X永豐47購07,0,0,0,"35,000",0,"35,000","35,000",0,"35,000"
"=""068413""",大成鋼元富48購01,0,0,0,"35,000",0,"35,000","35,000",0,"35,000"
"=""068491""",大成鋼元大48購01,0,0,0,"100,000","65,000","35,000","100,000","65,000","35,000"
"=""070404""",聯發科元富5A購04,0,0,0,"85,000","50,000","35,000","85,000","50,000","35,000"
"=""070877""",群創元大4A購02  ,0,0,0,"35,000",0,"35,000","35,000",0,"35,000"
"=""072014""",神基國泰49購01  ,0,0,0,"35,000",0,"35,000","35,000",0,"35,000"
"=""072083""",富華新群益49購01,0,0,0,"35,000",0,"35,000","35,000",0,"35,000"
"=""072114""",華友聯統一51購01,0,0,0,"527,000","492,000","35,000","527,000","492,000","35,000"
"=""072368""",中興電元富49購03,0,0,0,"51,000","16,000","35,000","51,000","16,000","35,000"
"=""072516""",華泰群益48購01  ,0,0,0,"142,000","107,000","35,000","142,000","107,000","35,000"
"=""072590""",長榮中信49購03  ,0,0,0,"40,000","5,000","35,000","40,000","5,000","35,000"
"=""073300""",台積電凱基54購06,0,0,0,"35,000",0,"35,000","35,000",0,"35,000"
"=""073813""",台積電元富49購29,0,0,0,"40,000","5,000","35,000","40,000","5,000","35,000"
"=""073889""",光寶科群益49購01,0,0,0,"155,000","120,000","35,000","155,000","120,000","35,000"
"=""073918""",達興群益4B購01  ,0,0,0,"135,000","100,000","35,000","135,000","100,000","35,000"
"=""074427""",材料中信4C購01  ,0,0,0,"35,000",0,"35,000","35,000",0,"35,000"
"=""075610""",直得群益49購03  ,0,0,0,"35,000",0,"35,000","35,000",0,"35,000"
"=""075693""",台積電富邦4A購03,0,0,0,"35,000",0,"35,000","35,000",0,"35,000"
"=""076590""",欣興永豐49購06  ,0,0,0,"35,000",0,"35,000","35,000",0,"35,000"
"=""08992U""",技嘉元大33售17  ,0,0,0,"35,000",0,"35,000","35,000",0,"35,000"
"=""03162T""",健策元大34售03  ,0,0,0,"111,000","77,000","34,000","111,000","77,000","34,000"
"=""046548""",新日興凱基43購04,0,0,0,"80,000","46,000","34,000","80,000","46,000","34,000"
"=""046650""",智原群益42購07  ,0,0,0,"34,000",0,"34,000","34,000",0,"34,000"
"=""051863""",大銀元大43購08  ,0,0,0,"64,000","30,000","34,000","64,000","30,000","34,000"
"=""051920""",矽統群益43購04  ,0,0,0,"61,000","27,000","34,000","61,000","27,000","34,000"
"=""054377""",金寶凱基45購01  ,0,0,0,"34,000",0,"34,000","34,000",0,"34,000"
"=""054972""",健策元富44購01  ,0,0,0,"34,000",0,"34,000","34,000",0,"34,000"
"=""059411""",臻鼎國泰47購01  ,0,0,0,"150,000","116,000","34,000","150,000","116,000","34,000"
"=""059445""",貿聯富邦47購02  ,0,0,0,"50,000","16,000","34,000","50,000","16,000","34,000"
"=""059588""",緯穎元大45購28  ,0,0,0,"34,000",0,"34,000","34,000",0,"34,000"
"=""059612""",大同元富45購01  ,0,0,0,"55,000","21,000","34,000","55,000","21,000","34,000"
"=""061764""",長榮航元富46購03,0,0,0,"39,000","5,000","34,000","39,000","5,000","34,000"
"=""064973""",愛普國泰48購01  ,0,0,0,"34,000",0,"34,000","34,000",0,"34,000"
"=""066430""",世芯統一51購02  ,0,0,0,"34,000",0,"34,000","34,000",0,"34,000"
"=""067931""",臺股指元大4C購10,0,0,0,"34,000",0,"34,000","34,000",0,"34,000"
"=""069824""",祥碩永豐4B購01  ,0,0,0,"43,000","9,000","34,000","43,000","9,000","34,000"
"=""070041""",中鴻國票49購01  ,0,0,0,"59,000","25,000","34,000","59,000","25,000","34,000"
"=""070140""",昇陽半元大48購09,0,0,0,"34,000",0,"34,000","34,000",0,"34,000"
"=""070305""",中鴻國泰49購01  ,0,0,0,"90,000","56,000","34,000","90,000","56,000","34,000"
"=""071355""",中鋼元大4A購01  ,0,0,0,"37,000","3,000","34,000","37,000","3,000","34,000"
"=""071660""",奇鋐凱基56購01  ,0,0,0,"34,000",0,"34,000","34,000",0,"34,000"
"=""073233""",鴻海國泰4A購01  ,0,0,0,"35,000","1,000","34,000","35,000","1,000","34,000"
"=""073584""",A50正2元富49購02,0,0,0,"34,000",0,"34,000","34,000",0,"34,000"
"=""074117""",菱光群益49購01  ,0,0,0,"34,000",0,"34,000","34,000",0,"34,000"
"=""074276""",聯發科群益49購06,0,0,0,"34,000",0,"34,000","34,000",0,"34,000"
"=""075734""",台塑群益4A購01  ,0,0,0,"40,000","6,000","34,000","40,000","6,000","34,000"
2354  ,鴻準            ,"39,000","15,443","23,557","11,000","1,248","9,752","50,000","16,691","33,309"
3406  ,玉晶光          ,"27,482","164,220","-136,738","188,941","19,000","169,941","216,423","183,220","33,203"
6782  ,視陽            ,"21,001","5,000","16,001","18,002","1,000","17,002","39,003","6,000","33,003"
"=""03922C""",臺股指元大3B牛01,0,0,0,"50,000","17,000","33,000","50,000","17,000","33,000"
"=""04552T""",裕隆凱基35售05  ,0,0,0,"40,000","7,000","33,000","40,000","7,000","33,000"
"=""046555""",樺漢凱基43購01  ,0,0,0,"37,000","4,000","33,000","37,000","4,000","33,000"
"=""050815""",正崴台新43購01  ,0,0,0,"53,000","20,000","33,000","53,000","20,000","33,000"
"=""052067""",滬深2X永豐43購08,0,0,0,"33,000",0,"33,000","33,000",0,"33,000"
"=""056064""",鉅祥群益46購03  ,0,0,0,"33,000",0,"33,000","33,000",0,"33,000"
"=""057895""",聯電國票45購02  ,0,0,0,"68,000","35,000","33,000","68,000","35,000","33,000"
"=""059876""",東元群益45購01  ,0,0,0,"128,000","95,000","33,000","128,000","95,000","33,000"
"=""060321""",台灣50元大49購03,0,0,0,"37,000","4,000","33,000","37,000","4,000","33,000"
"=""061060""",瑞昱富邦48購01  ,0,0,0,"33,000",0,"33,000","33,000",0,"33,000"
"=""062415""",T50反1永豐47購02,0,0,0,"35,000","2,000","33,000","35,000","2,000","33,000"
"=""063121""",鴻海凱基46購16  ,0,0,0,"63,000","30,000","33,000","63,000","30,000","33,000"
"=""064077""",群創元大46購07  ,0,0,0,"81,000","48,000","33,000","81,000","48,000","33,000"
"=""064756""",金寶國票48購01  ,0,0,0,"33,000",0,"33,000","33,000",0,"33,000"
"=""065193""",愛山林凱基49購01,0,0,0,"37,000","4,000","33,000","37,000","4,000","33,000"
"=""065463""",金像電國票48購01,0,0,0,"41,000","8,000","33,000","41,000","8,000","33,000"
"=""066009""",台積電群益47購31,0,0,0,"38,000","5,000","33,000","38,000","5,000","33,000"
"=""066559""",日月光凱基47購03,0,0,0,"33,000",0,"33,000","33,000",0,"33,000"
"=""066756""",所羅門元大4C購02,0,0,0,"40,000","7,000","33,000","40,000","7,000","33,000"
"=""068154""",友訊統一52購01  ,0,0,0,"33,000",0,"33,000","33,000",0,"33,000"
"=""068308""",漢唐元大48購03  ,0,0,0,"33,000",0,"33,000","33,000",0,"33,000"
"=""068323""",中磊元大48購01  ,0,0,0,"46,000","13,000","33,000","46,000","13,000","33,000"
"=""068965""",建漢富邦4A購01  ,0,0,0,"133,000","100,000","33,000","133,000","100,000","33,000"
"=""069122""",南港群益48購01  ,0,0,0,"42,000","9,000","33,000","42,000","9,000","33,000"
"=""070166""",精成科第一48購01,0,0,0,"33,000",0,"33,000","33,000",0,"33,000"
"=""070210""",國企2X永豐4B購01,0,0,0,"33,000",0,"33,000","33,000",0,"33,000"
"=""070656""",皇昌凱基4A購02  ,0,0,0,"192,000","159,000","33,000","192,000","159,000","33,000"
"=""070801""",道瓊銀國票52購02,0,0,0,"59,000","26,000","33,000","59,000","26,000","33,000"
"=""070828""",聯陽國票4A購01  ,0,0,0,"33,000",0,"33,000","33,000",0,"33,000"
"=""071228""",華孚富邦48購01  ,0,0,0,"38,000","5,000","33,000","38,000","5,000","33,000"
"=""071757""",大成鋼元大48購17,0,0,0,"61,000","28,000","33,000","61,000","28,000","33,000"
"=""072402""",皇昌國泰49購04  ,0,0,0,"200,000","167,000","33,000","200,000","167,000","33,000"
"=""073348""",微星群益49購01  ,0,0,0,"98,000","65,000","33,000","98,000","65,000","33,000"
"=""073758""",信邦第一49購01  ,0,0,0,"59,000","26,000","33,000","59,000","26,000","33,000"
"=""074539""",鴻海群益63購01  ,0,0,0,"33,000",0,"33,000","33,000",0,"33,000"
"=""075291""",國巨富邦49購01  ,0,0,0,"63,000","30,000","33,000","63,000","30,000","33,000"
"=""076438""",全訊統一53購03  ,0,0,0,"133,000","100,000","33,000","133,000","100,000","33,000"
9938  ,百和            ,"49,000","15,329","33,671",0,"1,078","-1,078","49,000","16,407","32,593"
3376  ,新日興          ,"18,126","3,676","14,450","18,000",0,"18,000","36,126","3,676","32,450"
"=""03192T""",光寶科凱基34售07,0,0,0,"52,000","20,000","32,000","52,000","20,000","32,000"
"=""046558""",寶成凱基44購01  ,0,0,0,"32,000",0,"32,000","32,000",0,"32,000"
"=""04659T""",亞翔群益36售01  ,0,0,0,"63,000","31,000","32,000","63,000","31,000","32,000"
"=""047526""",台積電群益44購29,0,0,0,"32,000",0,"32,000","32,000",0,"32,000"
"=""049331""",大立光群益47購03,0,0,0,"280,000","248,000","32,000","280,000","248,000","32,000"
"=""053148""",台光電群益44購01,0,0,0,"32,000",0,"32,000","32,000",0,"32,000"
"=""054572""",建準統一4A購02  ,0,0,0,"32,000",0,"32,000","32,000",0,"32,000"
"=""057064""",聯電元大45購03  ,0,0,0,"37,000","5,000","32,000","37,000","5,000","32,000"
"=""058701""",凱基金國票45購01,0,0,0,"62,000","30,000","32,000","62,000","30,000","32,000"
"=""059186""",慧洋元大45購02  ,0,0,0,"316,000","284,000","32,000","316,000","284,000","32,000"
"=""059633""",碩天國票46購01  ,0,0,0,"32,000",0,"32,000","32,000",0,"32,000"
"=""061250""",華新凱基46購01  ,0,0,0,"42,000","10,000","32,000","42,000","10,000","32,000"
"=""061777""",宏泰國票47購01  ,0,0,0,"71,000","39,000","32,000","71,000","39,000","32,000"
"=""061956""",台灣50凱基46購13,0,0,0,"260,000","228,000","32,000","260,000","228,000","32,000"
"=""064125""",華晶科群益48購02,0,0,0,"188,000","156,000","32,000","188,000","156,000","32,000"
"=""064303""",神達元大4A購01  ,0,0,0,"32,000",0,"32,000","32,000",0,"32,000"
"=""064420""",陽明凱基49購02  ,0,0,0,"197,000","165,000","32,000","197,000","165,000","32,000"
"=""064549""",南電富邦49購01  ,0,0,0,"32,000",0,"32,000","32,000",0,"32,000"
"=""065028""",華城凱基3B購01  ,0,0,0,"77,000","45,000","32,000","77,000","45,000","32,000"
"=""065871""",訊芯永豐51購02  ,0,0,0,"116,000","84,000","32,000","116,000","84,000","32,000"
"=""066050""",健鼎兆豐49購01  ,0,0,0,"122,000","90,000","32,000","122,000","90,000","32,000"
"=""066721""",技嘉群益47購01  ,0,0,0,"32,000",0,"32,000","32,000",0,"32,000"
"=""068677""",陽明永豐49購01  ,0,0,0,"42,000","10,000","32,000","42,000","10,000","32,000"
"=""069788""",威盛統一58購02  ,0,0,0,"32,000",0,"32,000","32,000",0,"32,000"
"=""071079""",台積電群益48購25,0,0,0,"255,000","223,000","32,000","255,000","223,000","32,000"
"=""071486""",川湖永豐49購03  ,0,0,0,"32,000",0,"32,000","32,000",0,"32,000"
"=""071898""",華城統一52購02  ,0,0,0,"1,034,000","1,002,000","32,000","1,034,000","1,002,000","32,000"
"=""072476""",台積電元大4B購09,0,0,0,"32,000",0,"32,000","32,000",0,"32,000"
"=""072905""",迅得元富49購01  ,0,0,0,"32,000",0,"32,000","32,000",0,"32,000"
"=""073523""",慧洋凱基49購02  ,0,0,0,"32,000",0,"32,000","32,000",0,"32,000"
"=""073563""",南亞科群益4B購01,0,0,0,"32,000",0,"32,000","32,000",0,"32,000"
"=""073799""",台灣50元富49購11,0,0,0,"42,000","10,000","32,000","42,000","10,000","32,000"
"=""073867""",大銀元大49購02  ,0,0,0,"44,000","12,000","32,000","44,000","12,000","32,000"
"=""074059""",大立光凱基52購01,0,0,0,"33,000","1,000","32,000","33,000","1,000","32,000"
"=""074583""",慧洋元大4A購02  ,0,0,0,"32,000",0,"32,000","32,000",0,"32,000"
"=""074958""",T50正2元大4A購03,0,0,0,"98,000","66,000","32,000","98,000","66,000","32,000"
"=""075925""",漢唐凱基49購04  ,0,0,0,"45,000","13,000","32,000","45,000","13,000","32,000"
"=""076218""",創意元大4C購03  ,0,0,0,"86,000","54,000","32,000","86,000","54,000","32,000"
2387  ,精元            ,"1,000",897,103,"32,000","1,000","31,000","33,000","1,897","31,103"
"=""020038""",元大ESG配息N    ,0,0,0,"75,000","44,000","31,000","75,000","44,000","31,000"
"=""03710T""",矽統群益36售01  ,0,0,0,"31,000",0,"31,000","31,000",0,"31,000"
"=""046499""",皇昌元大44購01  ,0,0,0,"195,000","164,000","31,000","195,000","164,000","31,000"
"=""047038""",華碩永豐45購01  ,0,0,0,"31,000",0,"31,000","31,000",0,"31,000"
"=""047725""",和大統一52購01  ,0,0,0,"31,000",0,"31,000","31,000",0,"31,000"
"=""048564""",皇昌元大44購03  ,0,0,0,"35,000","4,000","31,000","35,000","4,000","31,000"
"=""050151""",中石化國票44購01,0,0,0,"32,000","1,000","31,000","32,000","1,000","31,000"
"=""050496""",材料元大43購39  ,0,0,0,"31,000",0,"31,000","31,000",0,"31,000"
"=""055865""",力積電凱基44購01,0,0,0,"31,000",0,"31,000","31,000",0,"31,000"
"=""058004""",神達永豐48購01  ,0,0,0,"31,000",0,"31,000","31,000",0,"31,000"
"=""058476""",長榮國票46購05  ,0,0,0,"31,000",0,"31,000","31,000",0,"31,000"
"=""059808""",威強電永豐46購01,0,0,0,"31,000",0,"31,000","31,000",0,"31,000"
"=""060557""",訊芯富邦47購02  ,0,0,0,"31,000",0,"31,000","31,000",0,"31,000"
"=""060793""",台積電元富46購04,0,0,0,"155,000","124,000","31,000","155,000","124,000","31,000"
"=""061884""",瑞昱元大46購01  ,0,0,0,"31,000",0,"31,000","31,000",0,"31,000"
"=""062400""",台虹凱基47購01  ,0,0,0,"31,000",0,"31,000","31,000",0,"31,000"
"=""062665""",台塑化凱基46購01,0,0,0,"34,000","3,000","31,000","34,000","3,000","31,000"
"=""063148""",元債2X元富5C購02,0,0,0,"74,000","43,000","31,000","74,000","43,000","31,000"
"=""064507""",奇鋐群益46購15  ,0,0,0,"31,000",0,"31,000","31,000",0,"31,000"
"=""065019""",瀚宇博國票4B購01,0,0,0,"31,000",0,"31,000","31,000",0,"31,000"
"=""065061""",臻鼎元大47購05  ,0,0,0,"32,000","1,000","31,000","32,000","1,000","31,000"
"=""065738""",揚明光元大47購01,0,0,0,"31,000",0,"31,000","31,000",0,"31,000"
"=""065941""",泰金寶元富47購01,0,0,0,"31,000",0,"31,000","31,000",0,"31,000"
"=""066301""",南電元大47購02  ,0,0,0,"33,000","2,000","31,000","33,000","2,000","31,000"
"=""066434""",日月光統一57購01,0,0,0,"53,000","22,000","31,000","53,000","22,000","31,000"
"=""067321""",亞德客元大47購03,0,0,0,"38,000","7,000","31,000","38,000","7,000","31,000"
"=""067394""",裕民元富47購01  ,0,0,0,"31,000",0,"31,000","31,000",0,"31,000"
"=""068113""",創意元富47購03  ,0,0,0,"231,000","200,000","31,000","231,000","200,000","31,000"
"=""068316""",大立光元大48購02,0,0,0,"32,000","1,000","31,000","32,000","1,000","31,000"
"=""069105""",材料元大48購06  ,0,0,0,"42,000","11,000","31,000","42,000","11,000","31,000"
"=""069134""",陽明群益48購03  ,0,0,0,"282,000","251,000","31,000","282,000","251,000","31,000"
"=""069494""",材料元大48購10  ,0,0,0,"32,000","1,000","31,000","32,000","1,000","31,000"
"=""070192""",皇昌統一53購03  ,0,0,0,"172,000","141,000","31,000","172,000","141,000","31,000"
"=""070257""",臺股指富邦43購01,0,0,0,"31,000",0,"31,000","31,000",0,"31,000"
"=""070306""",大成鋼國泰49購03,0,0,0,"31,000",0,"31,000","31,000",0,"31,000"
"=""070473""",神達凱基48購04  ,0,0,0,"31,000",0,"31,000","31,000",0,"31,000"
"=""070770""",台灣50元富48購10,0,0,0,"55,000","24,000","31,000","55,000","24,000","31,000"
"=""070912""",台積電凱基48購24,0,0,0,"253,000","222,000","31,000","253,000","222,000","31,000"
"=""071186""",和大群益4A購01  ,0,0,0,"255,000","224,000","31,000","255,000","224,000","31,000"
"=""071272""",材料凱基48購04  ,0,0,0,"31,000",0,"31,000","31,000",0,"31,000"
"=""072238""",美時元大48購02  ,0,0,0,"41,000","10,000","31,000","41,000","10,000","31,000"
"=""073150""",順德元大49購01  ,0,0,0,"32,000","1,000","31,000","32,000","1,000","31,000"
"=""073290""",華城凱基4A購02  ,0,0,0,"31,000",0,"31,000","31,000",0,"31,000"
"=""073448""",京元電兆豐53購01,0,0,0,"31,000",0,"31,000","31,000",0,"31,000"
"=""074064""",敦泰凱基49購01  ,0,0,0,"176,000","145,000","31,000","176,000","145,000","31,000"
"=""074152""",華擎元大49購01  ,0,0,0,"242,000","211,000","31,000","242,000","211,000","31,000"
"=""074154""",神達元大49購02  ,0,0,0,"31,000",0,"31,000","31,000",0,"31,000"
"=""075119""",豐藝中信49購01  ,0,0,0,"31,000",0,"31,000","31,000",0,"31,000"
"=""075432""",鴻準元大49購05  ,0,0,0,"175,000","144,000","31,000","175,000","144,000","31,000"
"=""075521""",世芯元富4C購04  ,0,0,0,"31,000",0,"31,000","31,000",0,"31,000"
"=""075755""",萬海群益49購03  ,0,0,0,"70,000","39,000","31,000","70,000","39,000","31,000"
"=""076131""",台積電國票63購02,0,0,0,"55,000","24,000","31,000","55,000","24,000","31,000"
"=""076188""",臺股指凱基4B購16,0,0,0,"31,000",0,"31,000","31,000",0,"31,000"
"=""076261""",長榮群益49購06  ,0,0,0,"31,000",0,"31,000","31,000",0,"31,000"
"=""076593""",立積永豐49購02  ,0,0,0,"31,000",0,"31,000","31,000",0,"31,000"
"=""076976""",偉訓國票49購03  ,0,0,0,"31,000",0,"31,000","31,000",0,"31,000"
2374  ,佳能            ,0,"22,000","-22,000","53,000",0,"53,000","53,000","22,000","31,000"
"=""006207""",復華滬深        ,0,0,0,"198,446","167,531","30,915","198,446","167,531","30,915"
2385  ,群光            ,"79,000","36,579","42,421","45,000","56,711","-11,711","124,000","93,290","30,710"
"=""00710B""",復華彭博非投等債,0,0,0,"138,235","107,601","30,634","138,235","107,601","30,634"
"=""00647L""",元大S&P500正2   ,0,0,0,"34,069","4,000","30,069","34,069","4,000","30,069"
"=""03106T""",佳世達國票34售01,0,0,0,"30,000",0,"30,000","30,000",0,"30,000"
"=""035471""",貿聯永豐54購02  ,0,0,0,"30,000",0,"30,000","30,000",0,"30,000"
"=""037426""",台達電國泰54購03,0,0,0,"30,000",0,"30,000","30,000",0,"30,000"
"=""03922T""",訊芯永豐35售01  ,0,0,0,"30,000",0,"30,000","30,000",0,"30,000"
"=""04005T""",大立光群益36售01,0,0,0,"30,000",0,"30,000","30,000",0,"30,000"
"=""040817""",強茂富邦54購01  ,0,0,0,"30,000",0,"30,000","30,000",0,"30,000"
"=""04228T""",神達統一37售02  ,0,0,0,"40,000","10,000","30,000","40,000","10,000","30,000"
"=""046261""",滬深2X凱基48購01,0,0,0,"214,000","184,000","30,000","214,000","184,000","30,000"
"=""046580""",技嘉凱基43購07  ,0,0,0,"30,000",0,"30,000","30,000",0,"30,000"
"=""04671T""",晶豪科中信35售02,0,0,0,"30,000",0,"30,000","30,000",0,"30,000"
"=""047489""",金融類元大43購03,0,0,0,"30,000",0,"30,000","30,000",0,"30,000"
"=""047525""",台積電群益44購28,0,0,0,"30,000",0,"30,000","30,000",0,"30,000"
"=""04793T""",雄獅元大35售05  ,0,0,0,"30,000",0,"30,000","30,000",0,"30,000"
"=""048342""",新光金群益44購01,0,0,0,"30,000",0,"30,000","30,000",0,"30,000"
"=""048395""",川湖國泰44購04  ,0,0,0,"35,000","5,000","30,000","35,000","5,000","30,000"
"=""048458""",台達電兆豐43購02,0,0,0,"30,000",0,"30,000","30,000",0,"30,000"
"=""048837""",中興電群益43購08,0,0,0,"30,000",0,"30,000","30,000",0,"30,000"
"=""049609""",奇鋐兆豐43購01  ,0,0,0,"40,000","10,000","30,000","40,000","10,000","30,000"
"=""049896""",瑞祺統一53購01  ,0,0,0,"30,000",0,"30,000","30,000",0,"30,000"
"=""05002T""",創意群益36售07  ,0,0,0,"30,000",0,"30,000","30,000",0,"30,000"
"=""050427""",大亞國泰45購04  ,0,0,0,"30,000",0,"30,000","30,000",0,"30,000"
"=""050594""",怡利電元大43購07,0,0,0,"30,000",0,"30,000","30,000",0,"30,000"
"=""050966""",華泰元富44購01  ,0,0,0,"30,000",0,"30,000","30,000",0,"30,000"
"=""051042""",SGBR2X元大44購05,0,0,0,"30,000",0,"30,000","30,000",0,"30,000"
"=""051421""",英業達兆豐43購02,0,0,0,"30,000",0,"30,000","30,000",0,"30,000"
"=""051657""",華固群益44購01  ,0,0,0,"30,000",0,"30,000","30,000",0,"30,000"
"=""05194T""",士電凱基36售03  ,0,0,0,"80,000","50,000","30,000","80,000","50,000","30,000"
"=""052099""",偉詮電群益43購02,0,0,0,"60,000","30,000","30,000","60,000","30,000","30,000"
"=""052179""",三商壽國票43購02,0,0,0,"50,000","20,000","30,000","50,000","20,000","30,000"
"=""052530""",鴻海群益47購05  ,0,0,0,"30,000",0,"30,000","30,000",0,"30,000"
"=""052916""",滬深2X凱基48購03,0,0,0,"30,000",0,"30,000","30,000",0,"30,000"
"=""052997""",時碩元富47購01  ,0,0,0,"30,000",0,"30,000","30,000",0,"30,000"
"=""05306T""",滬深2X凱基38售03,0,0,0,"30,000",0,"30,000","30,000",0,"30,000"
"=""053098""",玉晶光永豐46購01,0,0,0,"30,000",0,"30,000","30,000",0,"30,000"
"=""053453""",乙盛中信44購01  ,0,0,0,"30,000",0,"30,000","30,000",0,"30,000"
"=""053699""",訊芯元大46購02  ,0,0,0,"30,000",0,"30,000","30,000",0,"30,000"
"=""054142""",宏�皏�豐44購01  ,0,0,0,"30,000",0,"30,000","30,000",0,"30,000"
"=""054264""",上銀元大44購02  ,0,0,0,"65,000","35,000","30,000","65,000","35,000","30,000"
"=""054330""",神基群益44購02  ,0,0,0,"30,000",0,"30,000","30,000",0,"30,000"
"=""05443T""",長榮第一38售01  ,0,0,0,"35,000","5,000","30,000","35,000","5,000","30,000"
"=""054468""",鴻海元大44購21  ,0,0,0,"30,000",0,"30,000","30,000",0,"30,000"
"=""054509""",國泰金國票45購01,0,0,0,"60,000","30,000","30,000","60,000","30,000","30,000"
"=""055233""",威盛凱基4A購03  ,0,0,0,"30,000",0,"30,000","30,000",0,"30,000"
"=""055866""",天虹凱基45購01  ,0,0,0,"30,000",0,"30,000","30,000",0,"30,000"
"=""056030""",聯發科凱基44購11,0,0,0,"30,000",0,"30,000","30,000",0,"30,000"
"=""056047""",元債2X富邦4A購02,0,0,0,"80,000","50,000","30,000","80,000","50,000","30,000"
"=""056074""",定穎控群益44購01,0,0,0,"30,000",0,"30,000","30,000",0,"30,000"
"=""056135""",深中小元富44購02,0,0,0,"30,000",0,"30,000","30,000",0,"30,000"
"=""056171""",瑞智凱基44購01  ,0,0,0,"30,000",0,"30,000","30,000",0,"30,000"
"=""056698""",奇鋐元大45購07  ,0,0,0,"30,000",0,"30,000","30,000",0,"30,000"
"=""056700""",奇鋐元大45購09  ,0,0,0,"30,000",0,"30,000","30,000",0,"30,000"
"=""056775""",天鈺國泰47購01  ,0,0,0,"30,000",0,"30,000","30,000",0,"30,000"
"=""056999""",聯陽國票46購01  ,0,0,0,"30,000",0,"30,000","30,000",0,"30,000"
"=""057216""",川湖統一4B購01  ,0,0,0,"30,000",0,"30,000","30,000",0,"30,000"
"=""058057""",漢唐國票46購03  ,0,0,0,"30,000",0,"30,000","30,000",0,"30,000"
"=""058161""",日月光群益47購02,0,0,0,"30,000",0,"30,000","30,000",0,"30,000"
"=""058298""",緯創元大45購27  ,0,0,0,"30,000",0,"30,000","30,000",0,"30,000"
"=""058338""",永崴控群益45購02,0,0,0,"30,000",0,"30,000","30,000",0,"30,000"
"=""058732""",技嘉群益45購10  ,0,0,0,"80,000","50,000","30,000","80,000","50,000","30,000"
"=""058749""",保瑞群益45購06  ,0,0,0,"30,000",0,"30,000","30,000",0,"30,000"
"=""058851""",台積電凱基46購16,0,0,0,"30,000",0,"30,000","30,000",0,"30,000"
"=""058921""",T50反1凱基3C購01,0,0,0,"30,000",0,"30,000","30,000",0,"30,000"
"=""059244""",川湖凱基4A購01  ,0,0,0,"30,000",0,"30,000","30,000",0,"30,000"
"=""059490""",宇隆永豐46購01  ,0,0,0,"30,000",0,"30,000","30,000",0,"30,000"
"=""059630""",凱基金國票46購03,0,0,0,"30,000",0,"30,000","30,000",0,"30,000"
"=""059759""",長榮航元大45購10,0,0,0,"77,000","47,000","30,000","77,000","47,000","30,000"
"=""060382""",臺股指元大46購27,0,0,0,"30,000",0,"30,000","30,000",0,"30,000"
"=""060528""",台耀凱基46購01  ,0,0,0,"30,000",0,"30,000","30,000",0,"30,000"
"=""060912""",奇鋐國票47購01  ,0,0,0,"48,000","18,000","30,000","48,000","18,000","30,000"
"=""061130""",旺宏元富47購02  ,0,0,0,"30,000",0,"30,000","30,000",0,"30,000"
"=""061139""",漢唐元富46購01  ,0,0,0,"30,000",0,"30,000","30,000",0,"30,000"
"=""061277""",南亞永豐46購02  ,0,0,0,"38,000","8,000","30,000","38,000","8,000","30,000"
"=""061301""",全漢中信46購01  ,0,0,0,"30,000",0,"30,000","30,000",0,"30,000"
"=""061346""",貿聯凱基46購08  ,0,0,0,"40,000","10,000","30,000","40,000","10,000","30,000"
"=""061422""",元油反元富46購01,0,0,0,"60,000","30,000","30,000","60,000","30,000","30,000"
"=""062029""",泰金寶國票47購01,0,0,0,"30,000",0,"30,000","30,000",0,"30,000"
"=""062058""",創意群益4C購01  ,0,0,0,"30,000",0,"30,000","30,000",0,"30,000"
"=""062336""",陽明元大47購07  ,0,0,0,"30,000",0,"30,000","30,000",0,"30,000"
"=""062568""",仁寶元大48購01  ,0,0,0,"30,000",0,"30,000","30,000",0,"30,000"
"=""062723""",大同元富4C購01  ,0,0,0,"30,000",0,"30,000","30,000",0,"30,000"
"=""062909""",所羅門凱基46購02,0,0,0,"30,000",0,"30,000","30,000",0,"30,000"
"=""063095""",川湖統一3C購03  ,0,0,0,"30,000",0,"30,000","30,000",0,"30,000"
"=""063168""",世芯元富46購13  ,0,0,0,"30,000",0,"30,000","30,000",0,"30,000"
"=""063196""",創意群益49購03  ,0,0,0,"30,000",0,"30,000","30,000",0,"30,000"
"=""063517""",美費半國票46購02,0,0,0,"30,000",0,"30,000","30,000",0,"30,000"
"=""063772""",盟立元富46購02  ,0,0,0,"30,000",0,"30,000","30,000",0,"30,000"
"=""063798""",士電凱基46購01  ,0,0,0,"30,000",0,"30,000","30,000",0,"30,000"
"=""063900""",達發元大4B購01  ,0,0,0,"30,000",0,"30,000","30,000",0,"30,000"
"=""063901""",愛普元大46購01  ,0,0,0,"120,000","90,000","30,000","120,000","90,000","30,000"
"=""064220""",達麗永豐46購01  ,0,0,0,"30,000",0,"30,000","30,000",0,"30,000"
"=""064428""",同欣電凱基46購02,0,0,0,"30,000",0,"30,000","30,000",0,"30,000"
"=""064463""",神達元大46購14  ,0,0,0,"60,000","30,000","30,000","60,000","30,000","30,000"
"=""064698""",中磊元大46購05  ,0,0,0,"30,000",0,"30,000","30,000",0,"30,000"
"=""064912""",威盛凱基47購04  ,0,0,0,"30,000",0,"30,000","30,000",0,"30,000"
"=""065394""",巨大群益48購01  ,0,0,0,"30,000",0,"30,000","30,000",0,"30,000"
"=""065634""",揚明光群益47購01,0,0,0,"50,000","20,000","30,000","50,000","20,000","30,000"
"=""065641""",材料群益47購05  ,0,0,0,"30,000",0,"30,000","30,000",0,"30,000"
"=""065843""",同欣電統一51購02,0,0,0,"30,000",0,"30,000","30,000",0,"30,000"
"=""066030""",大立光群益47購07,0,0,0,"30,000",0,"30,000","30,000",0,"30,000"
"=""066031""",勤誠永豐3B購01  ,0,0,0,"30,000",0,"30,000","30,000",0,"30,000"
"=""066356""",漢唐元富51購02  ,0,0,0,"30,000",0,"30,000","30,000",0,"30,000"
"=""066741""",晶豪科凱基3B購01,0,0,0,"30,000",0,"30,000","30,000",0,"30,000"
"=""067000""",金像電凱基47購06,0,0,0,"30,000",0,"30,000","30,000",0,"30,000"
"=""067525""",中磊元大47購05  ,0,0,0,"43,000","13,000","30,000","43,000","13,000","30,000"
"=""067594""",台塑元富49購03  ,0,0,0,"47,000","17,000","30,000","47,000","17,000","30,000"
"=""068121""",富世達元富47購01,0,0,0,"40,000","10,000","30,000","40,000","10,000","30,000"
"=""068256""",保瑞國票49購01  ,0,0,0,"30,000",0,"30,000","30,000",0,"30,000"
"=""068498""",台積電元大48購18,0,0,0,"32,000","2,000","30,000","32,000","2,000","30,000"
"=""068768""",華泰永豐3C購01  ,0,0,0,"30,000",0,"30,000","30,000",0,"30,000"
"=""068884""",立積台新48購01  ,0,0,0,"30,000",0,"30,000","30,000",0,"30,000"
"=""068925""",精銳元大52購01  ,0,0,0,"30,000",0,"30,000","30,000",0,"30,000"
"=""068971""",南電富邦4B購01  ,0,0,0,"30,000",0,"30,000","30,000",0,"30,000"
"=""069037""",立積永豐4B購01  ,0,0,0,"30,000",0,"30,000","30,000",0,"30,000"
"=""069242""",昇陽半元富48購02,0,0,0,"30,000",0,"30,000","30,000",0,"30,000"
"=""069541""",新日興兆豐49購01,0,0,0,"30,000",0,"30,000","30,000",0,"30,000"
"=""069599""",材料統一58購01  ,0,0,0,"30,000",0,"30,000","30,000",0,"30,000"
"=""069700""",矽統富邦4A購01  ,0,0,0,"50,000","20,000","30,000","50,000","20,000","30,000"
"=""069894""",百和凱基49購01  ,0,0,0,"40,000","10,000","30,000","40,000","10,000","30,000"
"=""069955""",中信金群益49購01,0,0,0,"30,000",0,"30,000","30,000",0,"30,000"
"=""070190""",友訊統一52購03  ,0,0,0,"30,000",0,"30,000","30,000",0,"30,000"
"=""070243""",金像電統一43購01,0,0,0,"35,000","5,000","30,000","35,000","5,000","30,000"
"=""070379""",神達凱基4B購02  ,0,0,0,"30,000",0,"30,000","30,000",0,"30,000"
"=""070453""",矽格第一48購01  ,0,0,0,"30,000",0,"30,000","30,000",0,"30,000"
"=""070829""",日月光國票4B購02,0,0,0,"30,000",0,"30,000","30,000",0,"30,000"
"=""070844""",元債2X元大5B購01,0,0,0,"30,000",0,"30,000","30,000",0,"30,000"
"=""070898""",台泥凱基48購01  ,0,0,0,"30,000",0,"30,000","30,000",0,"30,000"
"=""071618""",世紀鋼群益4A購01,0,0,0,"30,000",0,"30,000","30,000",0,"30,000"
"=""071827""",祥碩兆豐4A購01  ,0,0,0,"30,000",0,"30,000","30,000",0,"30,000"
"=""071956""",材料群益52購01  ,0,0,0,"30,000",0,"30,000","30,000",0,"30,000"
"=""072422""",台灣50凱基4B購03,0,0,0,"30,000",0,"30,000","30,000",0,"30,000"
"=""072494""",材料元大4A購01  ,0,0,0,"30,000",0,"30,000","30,000",0,"30,000"
"=""072723""",中鋼元大49購03  ,0,0,0,"41,000","11,000","30,000","41,000","11,000","30,000"
"=""072777""",信邦群益4A購02  ,0,0,0,"65,000","35,000","30,000","65,000","35,000","30,000"
"=""072900""",智原元富4A購03  ,0,0,0,"30,000",0,"30,000","30,000",0,"30,000"
"=""072924""",智邦群益49購03  ,0,0,0,"35,000","5,000","30,000","35,000","5,000","30,000"
"=""072978""",信邦元大49購02  ,0,0,0,"30,000",0,"30,000","30,000",0,"30,000"
"=""073057""",致茂凱基49購02  ,0,0,0,"30,000",0,"30,000","30,000",0,"30,000"
"=""073208""",亞翔群益4A購02  ,0,0,0,"106,000","76,000","30,000","106,000","76,000","30,000"
"=""073452""",台積電統一53購05,0,0,0,"30,000",0,"30,000","30,000",0,"30,000"
"=""073456""",漢唐統一55購01  ,0,0,0,"50,000","20,000","30,000","50,000","20,000","30,000"
"=""073883""",中興電群益49購05,0,0,0,"30,000",0,"30,000","30,000",0,"30,000"
"=""074008""",美利達統一53購01,0,0,0,"32,000","2,000","30,000","32,000","2,000","30,000"
"=""074119""",T50正2元大49購03,0,0,0,"30,000",0,"30,000","30,000",0,"30,000"
"=""074292""",台灣50元富49購15,0,0,0,"30,000",0,"30,000","30,000",0,"30,000"
"=""074965""",華城元大49購22  ,0,0,0,"30,000",0,"30,000","30,000",0,"30,000"
"=""074989""",全新元大49購02  ,0,0,0,"30,000",0,"30,000","30,000",0,"30,000"
"=""075393""",群創群益4B購05  ,0,0,0,"50,000","20,000","30,000","50,000","20,000","30,000"
"=""075689""",上銀富邦49購04  ,0,0,0,"30,000",0,"30,000","30,000",0,"30,000"
"=""075756""",長榮航群益49購04,0,0,0,"30,000",0,"30,000","30,000",0,"30,000"
"=""075776""",漢唐國票4A購03  ,0,0,0,"30,000",0,"30,000","30,000",0,"30,000"
"=""075869""",玉晶光永豐49購03,0,0,0,"30,000",0,"30,000","30,000",0,"30,000"
"=""076135""",宏致國票49購03  ,0,0,0,"30,000",0,"30,000","30,000",0,"30,000"
"=""076142""",啟�眥窶�4A購02  ,0,0,0,"42,000","12,000","30,000","42,000","12,000","30,000"
"=""076204""",智邦元大49購12  ,0,0,0,"30,000",0,"30,000","30,000",0,"30,000"
"=""076239""",強茂永豐4B購01  ,0,0,0,"30,000",0,"30,000","30,000",0,"30,000"
"=""076500""",臺股指富邦4A購07,0,0,0,"30,000",0,"30,000","30,000",0,"30,000"
"=""07951U""",元黃金國票37售01,0,0,0,"30,000",0,"30,000","30,000",0,"30,000"
"=""08337U""",奇鋐元富33售06  ,0,0,0,"50,000","20,000","30,000","50,000","20,000","30,000"
3591  ,艾笛森          ,0,0,0,"30,000",0,"30,000","30,000",0,"30,000"
2881  ,富邦金          ,0,"24,000","-24,000","64,598","11,000","53,598","64,598","35,000","29,598"
3305  ,昇貿            ,"1,008",2,"1,006","28,000",0,"28,000","29,008",2,"29,006"
"=""045137""",祥碩元大5A購03  ,0,0,0,"29,000",0,"29,000","29,000",0,"29,000"
"=""051337""",華航國泰45購01  ,0,0,0,"29,000",0,"29,000","29,000",0,"29,000"
"=""05314T""",光寶科中信38售01,0,0,0,"39,000","10,000","29,000","39,000","10,000","29,000"
"=""054489""",碩天元大44購02  ,0,0,0,"29,000",0,"29,000","29,000",0,"29,000"
"=""05718T""",愛普國票38售02  ,0,0,0,"43,000","14,000","29,000","43,000","14,000","29,000"
"=""057368""",英業達富邦45購02,0,0,0,"204,000","175,000","29,000","204,000","175,000","29,000"
"=""05868T""",台積電群益38售08,0,0,0,"41,000","12,000","29,000","41,000","12,000","29,000"
"=""060310""",大同群益46購01  ,0,0,0,"34,000","5,000","29,000","34,000","5,000","29,000"
"=""061134""",凱美元富47購05  ,0,0,0,"29,000",0,"29,000","29,000",0,"29,000"
"=""061508""",敦泰元富47購02  ,0,0,0,"30,000","1,000","29,000","30,000","1,000","29,000"
"=""061648""",材料元大46購04  ,0,0,0,"29,000",0,"29,000","29,000",0,"29,000"
"=""062884""",台光電元富47購05,0,0,0,"30,000","1,000","29,000","30,000","1,000","29,000"
"=""062938""",精銳國票47購01  ,0,0,0,"64,000","35,000","29,000","64,000","35,000","29,000"
"=""062957""",仁寶元大4A購01  ,0,0,0,"29,000",0,"29,000","29,000",0,"29,000"
"=""063046""",臺股指富邦48購06,0,0,0,"30,000","1,000","29,000","30,000","1,000","29,000"
"=""064110""",台光電群益46購07,0,0,0,"84,000","55,000","29,000","84,000","55,000","29,000"
"=""067402""",惠特元富48購01  ,0,0,0,"30,000","1,000","29,000","30,000","1,000","29,000"
"=""068276""",南亞科凱基4A購01,0,0,0,"74,000","45,000","29,000","74,000","45,000","29,000"
"=""068950""",昇陽半元大48購04,0,0,0,"29,000",0,"29,000","29,000",0,"29,000"
"=""069069""",鈺齊凱基4A購01  ,0,0,0,"29,000",0,"29,000","29,000",0,"29,000"
"=""071561""",中鋼凱基48購02  ,0,0,0,"29,000",0,"29,000","29,000",0,"29,000"
"=""074164""",臺股指元大49購35,0,0,0,"29,000",0,"29,000","29,000",0,"29,000"
"=""074906""",金像電凱基4A購01,0,0,0,"30,000","1,000","29,000","30,000","1,000","29,000"
"=""075522""",時碩元富4A購02  ,0,0,0,"80,000","51,000","29,000","80,000","51,000","29,000"
"=""076022""",富世達元大53購01,0,0,0,"29,000",0,"29,000","29,000",0,"29,000"
"=""076394""",台積電永豐4B購09,0,0,0,"80,000","51,000","29,000","80,000","51,000","29,000"
"=""076599""",上銀元富49購04  ,0,0,0,"40,000","11,000","29,000","40,000","11,000","29,000"
6806  ,森崴能源        ,"93,086","64,000","29,086",0,"1,000","-1,000","93,086","65,000","28,086"
"=""020029""",元大ESG高股息N  ,0,0,0,"29,000","1,000","28,000","29,000","1,000","28,000"
"=""04118T""",金像電群益37售01,0,0,0,"28,000",0,"28,000","28,000",0,"28,000"
"=""04355T""",勤誠國票37售02  ,0,0,0,"28,000",0,"28,000","28,000",0,"28,000"
"=""046455""",辛耘統一48購02  ,0,0,0,"28,000",0,"28,000","28,000",0,"28,000"
"=""04848T""",聯發科凱基36售08,0,0,0,"130,000","102,000","28,000","130,000","102,000","28,000"
"=""050205""",仁寶群益43購01  ,0,0,0,"28,000",0,"28,000","28,000",0,"28,000"
"=""05191T""",緯創元富36售04  ,0,0,0,"513,000","485,000","28,000","513,000","485,000","28,000"
"=""051982""",技嘉凱基3A購03  ,0,0,0,"64,000","36,000","28,000","64,000","36,000","28,000"
"=""05313T""",緯創凱基37售13  ,0,0,0,"110,000","82,000","28,000","110,000","82,000","28,000"
"=""056052""",華城群益46購01  ,0,0,0,"50,000","22,000","28,000","50,000","22,000","28,000"
"=""058309""",緯穎元大45購19  ,0,0,0,"38,000","10,000","28,000","38,000","10,000","28,000"
"=""058847""",光寶科凱基45購04,0,0,0,"145,000","117,000","28,000","145,000","117,000","28,000"
"=""059116""",友達凱基45購01  ,0,0,0,"28,000",0,"28,000","28,000",0,"28,000"
"=""059311""",智邦群益45購05  ,0,0,0,"30,000","2,000","28,000","30,000","2,000","28,000"
"=""060554""",群創富邦46購02  ,0,0,0,"36,000","8,000","28,000","36,000","8,000","28,000"
"=""060876""",GIS群益3A購01   ,0,0,0,"28,000",0,"28,000","28,000",0,"28,000"
"=""061612""",欣興台新46購01  ,0,0,0,"28,000",0,"28,000","28,000",0,"28,000"
"=""062600""",精誠元大46購05  ,0,0,0,"28,000",0,"28,000","28,000",0,"28,000"
"=""063031""",臺股指群益46購19,0,0,0,"163,000","135,000","28,000","163,000","135,000","28,000"
"=""064258""",泰金寶群益4A購01,0,0,0,"28,000",0,"28,000","28,000",0,"28,000"
"=""064650""",元日2X國泰47購01,0,0,0,"28,000",0,"28,000","28,000",0,"28,000"
"=""064990""",晶相光元富47購02,0,0,0,"28,000",0,"28,000","28,000",0,"28,000"
"=""066955""",華通元大47購10  ,0,0,0,"83,000","55,000","28,000","83,000","55,000","28,000"
"=""067152""",威盛元大47購12  ,0,0,0,"38,000","10,000","28,000","38,000","10,000","28,000"
"=""069308""",萬海國票49購02  ,0,0,0,"150,000","122,000","28,000","150,000","122,000","28,000"
"=""069474""",聯發科元大51購02,0,0,0,"48,000","20,000","28,000","48,000","20,000","28,000"
"=""070233""",台積電群益48購23,0,0,0,"110,000","82,000","28,000","110,000","82,000","28,000"
"=""071158""",昇陽半元大48購14,0,0,0,"38,000","10,000","28,000","38,000","10,000","28,000"
"=""072336""",直得統一55購02  ,0,0,0,"28,000",0,"28,000","28,000",0,"28,000"
"=""072515""",宇隆群益48購04  ,0,0,0,"30,000","2,000","28,000","30,000","2,000","28,000"
"=""072812""",金像電國票4A購01,0,0,0,"126,000","98,000","28,000","126,000","98,000","28,000"
"=""073003""",佳能富邦4B購01  ,0,0,0,"28,000",0,"28,000","28,000",0,"28,000"
"=""073060""",聯發科凱基49購04,0,0,0,"105,000","77,000","28,000","105,000","77,000","28,000"
"=""073098""",海華元富4C購01  ,0,0,0,"45,000","17,000","28,000","45,000","17,000","28,000"
"=""074690""",台灣50元富49購18,0,0,0,"28,000",0,"28,000","28,000",0,"28,000"
"=""074983""",微星元大49購05  ,0,0,0,"33,000","5,000","28,000","33,000","5,000","28,000"
"=""075977""",材料群益4B購01  ,0,0,0,"80,000","52,000","28,000","80,000","52,000","28,000"
"=""077173""",辛耘統一54購01  ,0,0,0,"178,000","150,000","28,000","178,000","150,000","28,000"
1104  ,環泥            ,"28,000",0,"28,000",0,0,0,"28,000",0,"28,000"
1307  ,三芳            ,"28,000",0,"28,000",0,0,0,"28,000",0,"28,000"
6757  ,台灣虎航        ,"6,000","6,000",0,"62,000","34,000","28,000","68,000","40,000","28,000"
"=""051466""",威盛元大43購12  ,0,0,0,"32,000","5,000","27,000","32,000","5,000","27,000"
"=""051553""",世紀鋼群益45購02,0,0,0,"27,000",0,"27,000","27,000",0,"27,000"
"=""05243T""",華城元大36售08  ,0,0,0,"42,000","15,000","27,000","42,000","15,000","27,000"
"=""05256T""",嘉澤凱基36售04  ,0,0,0,"30,000","3,000","27,000","30,000","3,000","27,000"
"=""05455T""",欣興台新36售02  ,0,0,0,"27,000",0,"27,000","27,000",0,"27,000"
"=""05680T""",川湖台新37售02  ,0,0,0,"27,000",0,"27,000","27,000",0,"27,000"
"=""057557""",緯穎元大45購11  ,0,0,0,"27,000",0,"27,000","27,000",0,"27,000"
"=""058048""",創意兆豐46購01  ,0,0,0,"56,000","29,000","27,000","56,000","29,000","27,000"
"=""058077""",中502X元富45購02,0,0,0,"27,000",0,"27,000","27,000",0,"27,000"
"=""059725""",貿聯群益45購04  ,0,0,0,"34,000","7,000","27,000","34,000","7,000","27,000"
"=""060312""",南亞科群益47購01,0,0,0,"161,000","134,000","27,000","161,000","134,000","27,000"
"=""060869""",奇鋐群益3A購01  ,0,0,0,"87,000","60,000","27,000","87,000","60,000","27,000"
"=""060943""",上緯控凱基47購01,0,0,0,"70,000","43,000","27,000","70,000","43,000","27,000"
"=""061774""",道瓊反國票47購01,0,0,0,"27,000",0,"27,000","27,000",0,"27,000"
"=""062348""",宏致元大46購02  ,0,0,0,"27,000",0,"27,000","27,000",0,"27,000"
"=""062496""",華通元富47購04  ,0,0,0,"27,000",0,"27,000","27,000",0,"27,000"
"=""063291""",微星中信46購01  ,0,0,0,"33,000","6,000","27,000","33,000","6,000","27,000"
"=""065369""",川湖統一3B購03  ,0,0,0,"27,000",0,"27,000","27,000",0,"27,000"
"=""066238""",台積電國票47購07,0,0,0,"27,000",0,"27,000","27,000",0,"27,000"
"=""066453""",鴻海元大47購13  ,0,0,0,"27,000",0,"27,000","27,000",0,"27,000"
"=""066502""",台積電群益47購33,0,0,0,"27,000",0,"27,000","27,000",0,"27,000"
"=""068066""",友達群益3B購01  ,0,0,0,"100,000","73,000","27,000","100,000","73,000","27,000"
"=""069058""",聯詠凱基48購01  ,0,0,0,"27,000",0,"27,000","27,000",0,"27,000"
"=""069693""",昇陽半元大48購07,0,0,0,"150,000","123,000","27,000","150,000","123,000","27,000"
"=""070130""",亞翔元大51購01  ,0,0,0,"186,000","159,000","27,000","186,000","159,000","27,000"
"=""071283""",上銀元富48購09  ,0,0,0,"40,000","13,000","27,000","40,000","13,000","27,000"
"=""071759""",大成鋼元大51購01,0,0,0,"57,000","30,000","27,000","57,000","30,000","27,000"
"=""071953""",景碩群益48購03  ,0,0,0,"27,000",0,"27,000","27,000",0,"27,000"
"=""072608""",聯發科永豐4B購03,0,0,0,"60,000","33,000","27,000","60,000","33,000","27,000"
"=""074414""",訊芯第一49購01  ,0,0,0,"30,000","3,000","27,000","30,000","3,000","27,000"
"=""074940""",昆盈元富49購02  ,0,0,0,"115,000","88,000","27,000","115,000","88,000","27,000"
"=""075419""",訊芯統一47購01  ,0,0,0,"27,000",0,"27,000","27,000",0,"27,000"
"=""075890""",羅昇國票4A購01  ,0,0,0,"347,000","320,000","27,000","347,000","320,000","27,000"
"=""077056""",國企2X凱基49購02,0,0,0,"27,000",0,"27,000","27,000",0,"27,000"
"=""043212""",華城國票56購03  ,0,0,0,"74,000","48,000","26,000","74,000","48,000","26,000"
"=""04338T""",臺股指元富36售04,0,0,0,"84,000","58,000","26,000","84,000","58,000","26,000"
"=""048397""",鴻海國泰44購06  ,0,0,0,"39,000","13,000","26,000","39,000","13,000","26,000"
"=""053162""",華航國泰46購02  ,0,0,0,"31,000","5,000","26,000","31,000","5,000","26,000"
"=""054153""",鴻海永豐44購10  ,0,0,0,"26,000",0,"26,000","26,000",0,"26,000"
"=""054730""",聯發科國泰46購03,0,0,0,"26,000",0,"26,000","26,000",0,"26,000"
"=""057713""",廣宇元大45購04  ,0,0,0,"26,000",0,"26,000","26,000",0,"26,000"
"=""057920""",廣宇元大45購06  ,0,0,0,"96,000","70,000","26,000","96,000","70,000","26,000"
"=""061395""",聯發科群益46購03,0,0,0,"26,000",0,"26,000","26,000",0,"26,000"
"=""063906""",采鈺元大46購04  ,0,0,0,"60,000","34,000","26,000","60,000","34,000","26,000"
"=""064347""",宏全凱基47購01  ,0,0,0,"27,000","1,000","26,000","27,000","1,000","26,000"
"=""064911""",瑞昱凱基47購01  ,0,0,0,"26,000",0,"26,000","26,000",0,"26,000"
"=""065336""",晶心科統一51購01,0,0,0,"45,000","19,000","26,000","45,000","19,000","26,000"
"=""066140""",技嘉統一4B購03  ,0,0,0,"134,000","108,000","26,000","134,000","108,000","26,000"
"=""068471""",裕民群益48購03  ,0,0,0,"26,000",0,"26,000","26,000",0,"26,000"
"=""068541""",佳必琪富邦4A購01,0,0,0,"26,000",0,"26,000","26,000",0,"26,000"
"=""068966""",創意富邦4A購02  ,0,0,0,"176,000","150,000","26,000","176,000","150,000","26,000"
"=""069348""",新日興凱基48購01,0,0,0,"35,000","9,000","26,000","35,000","9,000","26,000"
"=""069829""",亞德客群益48購01,0,0,0,"26,000",0,"26,000","26,000",0,"26,000"
"=""070407""",新日興元富49購02,0,0,0,"26,000",0,"26,000","26,000",0,"26,000"
"=""070534""",富邦金永豐49購01,0,0,0,"26,000",0,"26,000","26,000",0,"26,000"
"=""070737""",群創永豐48購01  ,0,0,0,"36,000","10,000","26,000","36,000","10,000","26,000"
"=""071496""",華邦電國泰49購01,0,0,0,"36,000","10,000","26,000","36,000","10,000","26,000"
"=""071558""",中50凱基48購01  ,0,0,0,"26,000",0,"26,000","26,000",0,"26,000"
"=""071642""",來億中信48購01  ,0,0,0,"47,000","21,000","26,000","47,000","21,000","26,000"
"=""071954""",景碩群益48購04  ,0,0,0,"26,000",0,"26,000","26,000",0,"26,000"
"=""072583""",台泥中信49購01  ,0,0,0,"199,000","173,000","26,000","199,000","173,000","26,000"
"=""074820""",群創元大49購03  ,0,0,0,"26,000",0,"26,000","26,000",0,"26,000"
"=""076103""",創意群益49購13  ,0,0,0,"26,000",0,"26,000","26,000",0,"26,000"
"=""076567""",達麗國票4C購01  ,0,0,0,"26,000",0,"26,000","26,000",0,"26,000"
3701  ,大眾控          ,"27,000",0,"27,000",0,"1,000","-1,000","27,000","1,000","26,000"
6863  ,永道-KY         ,"20,000",0,"20,000","6,499","1,000","5,499","26,499","1,000","25,499"
"=""03197T""",光寶科群益33售07,0,0,0,"25,000",0,"25,000","25,000",0,"25,000"
"=""03313T""",台光電群益33售05,0,0,0,"25,000",0,"25,000","25,000",0,"25,000"
"=""03473T""",神基國票34售04  ,0,0,0,"25,000",0,"25,000","25,000",0,"25,000"
"=""03896T""",聚陽國票35售01  ,0,0,0,"25,000",0,"25,000","25,000",0,"25,000"
"=""042024""",富鼎元大54購06  ,0,0,0,"25,000",0,"25,000","25,000",0,"25,000"
"=""04464T""",台積電永豐37售05,0,0,0,"25,000",0,"25,000","25,000",0,"25,000"
"=""046027""",和大元大43購04  ,0,0,0,"25,000",0,"25,000","25,000",0,"25,000"
"=""047041""",神基永豐43購02  ,0,0,0,"25,000",0,"25,000","25,000",0,"25,000"
"=""048343""",奇鋐群益44購01  ,0,0,0,"25,000",0,"25,000","25,000",0,"25,000"
"=""04838T""",華通元富36售03  ,0,0,0,"30,000","5,000","25,000","30,000","5,000","25,000"
"=""050676""",上緯控國泰45購01,0,0,0,"25,000",0,"25,000","25,000",0,"25,000"
"=""051392""",所羅門富邦44購01,0,0,0,"25,000",0,"25,000","25,000",0,"25,000"
"=""051495""",智邦國票44購04  ,0,0,0,"57,000","32,000","25,000","57,000","32,000","25,000"
"=""052042""",楠梓電凱基43購01,0,0,0,"25,000",0,"25,000","25,000",0,"25,000"
"=""052260""",世芯兆豐46購01  ,0,0,0,"25,000",0,"25,000","25,000",0,"25,000"
"=""053952""",上証2X永豐46購02,0,0,0,"25,000",0,"25,000","25,000",0,"25,000"
"=""054115""",智邦群益46購02  ,0,0,0,"25,000",0,"25,000","25,000",0,"25,000"
"=""054301""",上銀統一48購01  ,0,0,0,"25,000",0,"25,000","25,000",0,"25,000"
"=""054737""",矽統富邦46購02  ,0,0,0,"25,000",0,"25,000","25,000",0,"25,000"
"=""054763""",建準永豐47購01  ,0,0,0,"50,000","25,000","25,000","50,000","25,000","25,000"
"=""054768""",雲豹永豐46購01  ,0,0,0,"30,000","5,000","25,000","30,000","5,000","25,000"
"=""055482""",威盛元大49購03  ,0,0,0,"25,000",0,"25,000","25,000",0,"25,000"
"=""055831""",訊芯群益44購10  ,0,0,0,"50,000","25,000","25,000","50,000","25,000","25,000"
"=""056578""",緯創元大45購03  ,0,0,0,"125,000","100,000","25,000","125,000","100,000","25,000"
"=""057458""",世芯永豐4A購02  ,0,0,0,"25,000",0,"25,000","25,000",0,"25,000"
"=""057750""",光寶科群益47購01,0,0,0,"25,000",0,"25,000","25,000",0,"25,000"
"=""057751""",聯電群益45購06  ,0,0,0,"25,000",0,"25,000","25,000",0,"25,000"
"=""058204""",滬深2X元富45購04,0,0,0,"65,000","40,000","25,000","65,000","40,000","25,000"
"=""058459""",長榮台新45購01  ,0,0,0,"25,000",0,"25,000","25,000",0,"25,000"
"=""058602""",材料群益45購08  ,0,0,0,"25,000",0,"25,000","25,000",0,"25,000"
"=""058787""",緯創元大4A購02  ,0,0,0,"30,000","5,000","25,000","30,000","5,000","25,000"
"=""059641""",長榮航台新45購02,0,0,0,"25,000",0,"25,000","25,000",0,"25,000"
"=""060160""",鴻準元大46購06  ,0,0,0,"25,000",0,"25,000","25,000",0,"25,000"
"=""060516""",台積電凱基46購19,0,0,0,"25,000",0,"25,000","25,000",0,"25,000"
"=""061069""",長榮航統一4C購01,0,0,0,"71,000","46,000","25,000","71,000","46,000","25,000"
"=""061070""",緯穎統一4B購02  ,0,0,0,"26,000","1,000","25,000","26,000","1,000","25,000"
"=""061206""",台玻元大46購04  ,0,0,0,"25,000",0,"25,000","25,000",0,"25,000"
"=""061245""",香港2X凱基48購03,0,0,0,"25,000",0,"25,000","25,000",0,"25,000"
"=""061511""",祥碩元富4A購03  ,0,0,0,"25,000",0,"25,000","25,000",0,"25,000"
"=""062199""",材料永豐46購04  ,0,0,0,"25,000",0,"25,000","25,000",0,"25,000"
"=""062465""",興富發群益46購01,0,0,0,"25,000",0,"25,000","25,000",0,"25,000"
"=""063281""",世芯統一4C購04  ,0,0,0,"97,000","72,000","25,000","97,000","72,000","25,000"
"=""063432""",川湖元大46購14  ,0,0,0,"25,000",0,"25,000","25,000",0,"25,000"
"=""064117""",強茂群益46購01  ,0,0,0,"35,000","10,000","25,000","35,000","10,000","25,000"
"=""064170""",台積電元富46購16,0,0,0,"25,000",0,"25,000","25,000",0,"25,000"
"=""064262""",T50反1元大4B購01,0,0,0,"25,000",0,"25,000","25,000",0,"25,000"
"=""064464""",神達元大4A購02  ,0,0,0,"43,000","18,000","25,000","43,000","18,000","25,000"
"=""064521""",穎崴統一3A購01  ,0,0,0,"25,000",0,"25,000","25,000",0,"25,000"
"=""064793""",台積電元大49購06,0,0,0,"45,000","20,000","25,000","45,000","20,000","25,000"
"=""065051""",富華新元大47購01,0,0,0,"25,000",0,"25,000","25,000",0,"25,000"
"=""065752""",研揚統一3B購01  ,0,0,0,"45,000","20,000","25,000","45,000","20,000","25,000"
"=""066092""",亞德客凱基47購01,0,0,0,"25,000",0,"25,000","25,000",0,"25,000"
"=""066555""",日電貿凱基47購02,0,0,0,"32,000","7,000","25,000","32,000","7,000","25,000"
"=""066702""",勤誠統一41購02  ,0,0,0,"25,000",0,"25,000","25,000",0,"25,000"
"=""067616""",台塑統一61購01  ,0,0,0,"30,000","5,000","25,000","30,000","5,000","25,000"
"=""067731""",台塑化元大47購01,0,0,0,"65,000","40,000","25,000","65,000","40,000","25,000"
"=""067813""",永道元富4A購01  ,0,0,0,"35,000","10,000","25,000","35,000","10,000","25,000"
"=""068004""",美律群益49購01  ,0,0,0,"73,000","48,000","25,000","73,000","48,000","25,000"
"=""068134""",台化富邦49購01  ,0,0,0,"25,000",0,"25,000","25,000",0,"25,000"
"=""068680""",智原永豐49購01  ,0,0,0,"83,000","58,000","25,000","83,000","58,000","25,000"
"=""068765""",立積凱基4A購01  ,0,0,0,"83,000","58,000","25,000","83,000","58,000","25,000"
"=""068875""",緯穎永豐48購07  ,0,0,0,"46,000","21,000","25,000","46,000","21,000","25,000"
"=""069026""",上銀永豐4B購02  ,0,0,0,"40,000","15,000","25,000","40,000","15,000","25,000"
"=""069065""",中磊凱基48購01  ,0,0,0,"25,000",0,"25,000","25,000",0,"25,000"
"=""069592""",新日興統一52購03,0,0,0,"25,000",0,"25,000","25,000",0,"25,000"
"=""069914""",昇貿元大48購01  ,0,0,0,"25,000",0,"25,000","25,000",0,"25,000"
"=""070070""",和大凱基4A購02  ,0,0,0,"28,000","3,000","25,000","28,000","3,000","25,000"
"=""070336""",晟銘電元大48購04,0,0,0,"25,000",0,"25,000","25,000",0,"25,000"
"=""071022""",晶豪科統一51購01,0,0,0,"194,000","169,000","25,000","194,000","169,000","25,000"
"=""071480""",中502X永豐48購02,0,0,0,"137,000","112,000","25,000","137,000","112,000","25,000"
"=""071805""",智邦國票49購03  ,0,0,0,"25,000",0,"25,000","25,000",0,"25,000"
"=""072370""",上銀元富52購02  ,0,0,0,"45,000","20,000","25,000","45,000","20,000","25,000"
"=""072483""",晶豪科元大48購04,0,0,0,"66,000","41,000","25,000","66,000","41,000","25,000"
"=""072911""",滬深2X群益4B購02,0,0,0,"32,000","7,000","25,000","32,000","7,000","25,000"
"=""073046""",中興電凱基49購02,0,0,0,"25,000",0,"25,000","25,000",0,"25,000"
"=""073193""",華晶科統一59購01,0,0,0,"25,000",0,"25,000","25,000",0,"25,000"
"=""073782""",智原凱基52購01  ,0,0,0,"28,000","3,000","25,000","28,000","3,000","25,000"
"=""074718""",T50正2國票4A購04,0,0,0,"27,000","2,000","25,000","27,000","2,000","25,000"
"=""075027""",慧洋群益49購06  ,0,0,0,"75,000","50,000","25,000","75,000","50,000","25,000"
"=""075444""",長榮元大4C購01  ,0,0,0,"68,000","43,000","25,000","68,000","43,000","25,000"
"=""075451""",智原元大49購04  ,0,0,0,"195,000","170,000","25,000","195,000","170,000","25,000"
"=""075614""",大成鋼群益49購07,0,0,0,"35,000","10,000","25,000","35,000","10,000","25,000"
"=""075737""",亞德客群益49購02,0,0,0,"38,000","13,000","25,000","38,000","13,000","25,000"
"=""075754""",陽明群益4A購02  ,0,0,0,"85,000","60,000","25,000","85,000","60,000","25,000"
"=""076835""",台積電富邦4C購08,0,0,0,"35,000","10,000","25,000","35,000","10,000","25,000"
"=""076877""",奇鋐元大49購11  ,0,0,0,"25,000",0,"25,000","25,000",0,"25,000"
"=""076919""",潤泰全凱基4A購01,0,0,0,"43,000","18,000","25,000","43,000","18,000","25,000"
"=""077031""",所羅門群益4C購01,0,0,0,"25,000",0,"25,000","25,000",0,"25,000"
4960  ,誠美材          ,"25,000",0,"25,000",0,0,0,"25,000",0,"25,000"
3189  ,景碩            ,"8,000","12,000","-4,000","36,000","7,484","28,516","44,000","19,484","24,516"
6120  ,達運            ,"37,061","1,509","35,552",0,"11,148","-11,148","37,061","12,657","24,404"
"=""00852L""",國泰美國道瓊正2 ,0,0,0,"584,210","560,000","24,210","584,210","560,000","24,210"
1608  ,華榮            ,0,0,0,"24,209",0,"24,209","24,209",0,"24,209"
"=""03921T""",南電元大34售09  ,0,0,0,"24,000",0,"24,000","24,000",0,"24,000"
"=""046448""",宏璟統一48購01  ,0,0,0,"30,000","6,000","24,000","30,000","6,000","24,000"
"=""049967""",可成凱基43購01  ,0,0,0,"45,000","21,000","24,000","45,000","21,000","24,000"
"=""051820""",智邦群益43購03  ,0,0,0,"24,000",0,"24,000","24,000",0,"24,000"
"=""052629""",鴻海國票45購03  ,0,0,0,"24,000",0,"24,000","24,000",0,"24,000"
"=""052668""",聯發科統一3C購01,0,0,0,"52,000","28,000","24,000","52,000","28,000","24,000"
"=""05291T""",鼎基元富36售01  ,0,0,0,"24,000",0,"24,000","24,000",0,"24,000"
"=""052987""",中502X元富4A購01,0,0,0,"24,000",0,"24,000","24,000",0,"24,000"
"=""055154""",矽統中信45購01  ,0,0,0,"24,000",0,"24,000","24,000",0,"24,000"
"=""055227""",華通凱基44購05  ,0,0,0,"45,000","21,000","24,000","45,000","21,000","24,000"
"=""059021""",中華中信45購01  ,0,0,0,"44,000","20,000","24,000","44,000","20,000","24,000"
"=""059851""",碩天台新45購01  ,0,0,0,"31,000","7,000","24,000","31,000","7,000","24,000"
"=""060157""",台積電元大46購11,0,0,0,"24,000",0,"24,000","24,000",0,"24,000"
"=""061329""",川湖凱基46購05  ,0,0,0,"34,000","10,000","24,000","34,000","10,000","24,000"
"=""064289""",大立光元大46購21,0,0,0,"24,000",0,"24,000","24,000",0,"24,000"
"=""064576""",至上國票47購02  ,0,0,0,"24,000",0,"24,000","24,000",0,"24,000"
"=""064950""",皇翔永豐48購01  ,0,0,0,"42,000","18,000","24,000","42,000","18,000","24,000"
"=""066125""",直得統一51購01  ,0,0,0,"24,000",0,"24,000","24,000",0,"24,000"
"=""066191""",智原永豐47購02  ,0,0,0,"38,000","14,000","24,000","38,000","14,000","24,000"
"=""066711""",統一群益47購01  ,0,0,0,"221,000","197,000","24,000","221,000","197,000","24,000"
"=""068399""",達興統一54購01  ,0,0,0,"65,000","41,000","24,000","65,000","41,000","24,000"
"=""068537""",台積電富邦4C購06,0,0,0,"32,000","8,000","24,000","32,000","8,000","24,000"
"=""068740""",訊芯群益48購03  ,0,0,0,"24,000",0,"24,000","24,000",0,"24,000"
"=""068895""",上銀元大51購02  ,0,0,0,"24,000",0,"24,000","24,000",0,"24,000"
"=""071226""",神達富邦48購03  ,0,0,0,"33,000","9,000","24,000","33,000","9,000","24,000"
"=""072088""",菱光群益48購01  ,0,0,0,"54,000","30,000","24,000","54,000","30,000","24,000"
"=""072326""",新日興永豐48購04,0,0,0,"24,000",0,"24,000","24,000",0,"24,000"
"=""072496""",精成科元大48購06,0,0,0,"28,000","4,000","24,000","28,000","4,000","24,000"
"=""072894""",裕民元富53購01  ,0,0,0,"24,000",0,"24,000","24,000",0,"24,000"
"=""073029""",T50反1兆豐4B購01,0,0,0,"32,000","8,000","24,000","32,000","8,000","24,000"
"=""073131""",中興電元大49購04,0,0,0,"24,000",0,"24,000","24,000",0,"24,000"
"=""073451""",台積電統一53購04,0,0,0,"60,000","36,000","24,000","60,000","36,000","24,000"
"=""073667""",創意元大49購06  ,0,0,0,"24,000",0,"24,000","24,000",0,"24,000"
"=""074017""",大成鋼元富4A購01,0,0,0,"54,000","30,000","24,000","54,000","30,000","24,000"
"=""074053""",華邦電凱基49購06,0,0,0,"24,000",0,"24,000","24,000",0,"24,000"
"=""074902""",台積電凱基53購08,0,0,0,"137,000","113,000","24,000","137,000","113,000","24,000"
"=""075588""",健鼎元大49購02  ,0,0,0,"24,000",0,"24,000","24,000",0,"24,000"
"=""075654""",富世達群益51購01,0,0,0,"24,000",0,"24,000","24,000",0,"24,000"
"=""076848""",華城元大49購27  ,0,0,0,"24,000",0,"24,000","24,000",0,"24,000"
"=""076961""",華新國票4A購02  ,0,0,0,"24,000",0,"24,000","24,000",0,"24,000"
3416  ,融程電          ,"2,000","1,000","1,000","23,000",0,"23,000","25,000","1,000","24,000"
"=""04158T""",臺股指凱基3B售02,0,0,0,"23,000",0,"23,000","23,000",0,"23,000"
"=""047479""",智原元大44購03  ,0,0,0,"111,000","88,000","23,000","111,000","88,000","23,000"
"=""048408""",台達電富邦42購04,0,0,0,"23,000",0,"23,000","23,000",0,"23,000"
"=""048537""",瑞昱凱基43購03  ,0,0,0,"55,000","32,000","23,000","55,000","32,000","23,000"
"=""049076""",統一元大43購02  ,0,0,0,"23,000",0,"23,000","23,000",0,"23,000"
"=""050406""",祥碩元富49購02  ,0,0,0,"273,000","250,000","23,000","273,000","250,000","23,000"
"=""051594""",弘憶股統一59購02,0,0,0,"23,000",0,"23,000","23,000",0,"23,000"
"=""055135""",定穎控國泰46購01,0,0,0,"23,000",0,"23,000","23,000",0,"23,000"
"=""055453""",中信金群益44購02,0,0,0,"23,000",0,"23,000","23,000",0,"23,000"
"=""055594""",零壹凱基45購01  ,0,0,0,"26,000","3,000","23,000","26,000","3,000","23,000"
"=""056219""",長榮群益46購04  ,0,0,0,"23,000",0,"23,000","23,000",0,"23,000"
"=""056795""",日月光國票46購01,0,0,0,"23,000",0,"23,000","23,000",0,"23,000"
"=""057463""",A50正2國票46購03,0,0,0,"23,000",0,"23,000","23,000",0,"23,000"
"=""058167""",緯穎群益45購08  ,0,0,0,"23,000",0,"23,000","23,000",0,"23,000"
"=""058845""",美時凱基49購01  ,0,0,0,"38,000","15,000","23,000","38,000","15,000","23,000"
"=""059120""",鉅祥凱基48購01  ,0,0,0,"127,000","104,000","23,000","127,000","104,000","23,000"
"=""059355""",正崴元大45購04  ,0,0,0,"23,000",0,"23,000","23,000",0,"23,000"
"=""062998""",東元群益47購01  ,0,0,0,"23,000",0,"23,000","23,000",0,"23,000"
"=""063188""",南亞科群益47購02,0,0,0,"53,000","30,000","23,000","53,000","30,000","23,000"
"=""063752""",聯茂國票47購02  ,0,0,0,"23,000",0,"23,000","23,000",0,"23,000"
"=""063865""",群臺2X元大48購01,0,0,0,"23,000",0,"23,000","23,000",0,"23,000"
"=""064477""",緯創兆豐3A購02  ,0,0,0,"124,000","101,000","23,000","124,000","101,000","23,000"
"=""066294""",和椿元大47購04  ,0,0,0,"33,000","10,000","23,000","33,000","10,000","23,000"
"=""067045""",景碩永豐51購01  ,0,0,0,"23,000",0,"23,000","23,000",0,"23,000"
"=""068411""",臺股指統一48購01,0,0,0,"23,000",0,"23,000","23,000",0,"23,000"
"=""069229""",華碩元富48購01  ,0,0,0,"33,000","10,000","23,000","33,000","10,000","23,000"
"=""069576""",國巨統一58購01  ,0,0,0,"23,000",0,"23,000","23,000",0,"23,000"
"=""070133""",訊芯元大48購03  ,0,0,0,"23,000",0,"23,000","23,000",0,"23,000"
"=""071546""",大銀元大48購05  ,0,0,0,"61,000","38,000","23,000","61,000","38,000","23,000"
"=""072454""",勤誠凱基48購03  ,0,0,0,"103,000","80,000","23,000","103,000","80,000","23,000"
"=""074564""",和大元大49購07  ,0,0,0,"23,000",0,"23,000","23,000",0,"23,000"
"=""076303""",迅得凱基49購03  ,0,0,0,"56,000","33,000","23,000","56,000","33,000","23,000"
"=""076793""",旺宏台新49購01  ,0,0,0,"36,000","13,000","23,000","36,000","13,000","23,000"
2535  ,達欣工          ,"23,000",0,"23,000",0,0,0,"23,000",0,"23,000"
5306  ,桂盟            ,"40,000","17,000","23,000",0,0,0,"40,000","17,000","23,000"
"=""00666R""",富邦�琤肭磪齯�1 ,0,0,0,"530,999","508,402","22,597","530,999","508,402","22,597"
"=""046073""",亞翔元大43購05  ,0,0,0,"22,000",0,"22,000","22,000",0,"22,000"
"=""049406""",世芯元大43購34  ,0,0,0,"131,000","109,000","22,000","131,000","109,000","22,000"
"=""054514""",迎廣國票45購01  ,0,0,0,"24,000","2,000","22,000","24,000","2,000","22,000"
"=""055897""",威盛元富44購06  ,0,0,0,"103,000","81,000","22,000","103,000","81,000","22,000"
"=""056024""",鴻海凱基46購07  ,0,0,0,"22,000",0,"22,000","22,000",0,"22,000"
"=""057117""",矽統群益47購03  ,0,0,0,"75,000","53,000","22,000","75,000","53,000","22,000"
"=""057373""",欣興富邦48購02  ,0,0,0,"22,000",0,"22,000","22,000",0,"22,000"
"=""057431""",臻鼎兆豐4B購01  ,0,0,0,"22,000",0,"22,000","22,000",0,"22,000"
"=""059999""",緯穎元大45購32  ,0,0,0,"112,000","90,000","22,000","112,000","90,000","22,000"
"=""060887""",全新中信47購01  ,0,0,0,"52,000","30,000","22,000","52,000","30,000","22,000"
"=""060966""",台光電元富4A購03,0,0,0,"400,000","378,000","22,000","400,000","378,000","22,000"
"=""061689""",玉晶光群益46購02,0,0,0,"22,000",0,"22,000","22,000",0,"22,000"
"=""063268""",名軒元富47購01  ,0,0,0,"22,000",0,"22,000","22,000",0,"22,000"
"=""064153""",臺股指富邦49購07,0,0,0,"28,000","6,000","22,000","28,000","6,000","22,000"
"=""064613""",佳世達凱基49購01,0,0,0,"24,000","2,000","22,000","24,000","2,000","22,000"
"=""064780""",FBNQ2X元大48購01,0,0,0,"23,000","1,000","22,000","23,000","1,000","22,000"
"=""064790""",鴻海元大47購07  ,0,0,0,"40,000","18,000","22,000","40,000","18,000","22,000"
"=""064811""",玉晶光元大47購04,0,0,0,"32,000","10,000","22,000","32,000","10,000","22,000"
"=""065515""",長榮鋼統一51購01,0,0,0,"51,000","29,000","22,000","51,000","29,000","22,000"
"=""065526""",建漢統一51購01  ,0,0,0,"22,000",0,"22,000","22,000",0,"22,000"
"=""065642""",jpp群益48購01   ,0,0,0,"23,000","1,000","22,000","23,000","1,000","22,000"
"=""066249""",精成科國票48購01,0,0,0,"22,000",0,"22,000","22,000",0,"22,000"
"=""066447""",滬深2X元大4A購02,0,0,0,"211,000","189,000","22,000","211,000","189,000","22,000"
"=""066713""",華通群益47購05  ,0,0,0,"22,000",0,"22,000","22,000",0,"22,000"
"=""067252""",台積電國票48購06,0,0,0,"22,000",0,"22,000","22,000",0,"22,000"
"=""067781""",材料國票48購03  ,0,0,0,"22,000",0,"22,000","22,000",0,"22,000"
"=""068338""",中興電群益3B購02,0,0,0,"22,000",0,"22,000","22,000",0,"22,000"
"=""068505""",立隆電元大48購04,0,0,0,"27,000","5,000","22,000","27,000","5,000","22,000"
"=""071327""",晶豪科統一52購02,0,0,0,"77,000","55,000","22,000","77,000","55,000","22,000"
"=""071613""",世芯群益48購24  ,0,0,0,"22,000",0,"22,000","22,000",0,"22,000"
"=""071862""",創意凱基48購06  ,0,0,0,"22,000",0,"22,000","22,000",0,"22,000"
"=""073397""",亞翔元大49購05  ,0,0,0,"22,000",0,"22,000","22,000",0,"22,000"
"=""073840""",台積電元大49購15,0,0,0,"22,000",0,"22,000","22,000",0,"22,000"
"=""074892""",台泥凱基51購01  ,0,0,0,"22,000",0,"22,000","22,000",0,"22,000"
"=""075172""",永崴控凱基49購02,0,0,0,"22,000",0,"22,000","22,000",0,"22,000"
"=""075239""",南亞科元大49購10,0,0,0,"32,000","10,000","22,000","32,000","10,000","22,000"
"=""075296""",華邦電兆豐53購01,0,0,0,"22,000",0,"22,000","22,000",0,"22,000"
"=""075492""",材料中信49購04  ,0,0,0,"68,000","46,000","22,000","68,000","46,000","22,000"
"=""075997""",智邦元大49購11  ,0,0,0,"47,000","25,000","22,000","47,000","25,000","22,000"
"=""076276""",京元電富邦4B購02,0,0,0,"42,000","20,000","22,000","42,000","20,000","22,000"
"=""076365""",大同元大49購07  ,0,0,0,"22,000",0,"22,000","22,000",0,"22,000"
"=""076699""",國企2X元大4C購02,0,0,0,"27,000","5,000","22,000","27,000","5,000","22,000"
"=""076713""",漢唐元大53購01  ,0,0,0,"37,000","15,000","22,000","37,000","15,000","22,000"
3694  ,海華            ,"32,000","7,040","24,960","1,000","4,000","-3,000","33,000","11,040","21,960"
2886  ,兆豐金          ,"25,000","2,244","22,756","29,000","29,809",-809,"54,000","32,053","21,947"
"=""00674R""",期元大S&P黃金反1,0,0,0,"21,348",0,"21,348","21,348",0,"21,348"
"=""031255""",南寶元大52購03  ,0,0,0,"30,000","9,000","21,000","30,000","9,000","21,000"
"=""045572""",同欣電凱基55購02,0,0,0,"21,000",0,"21,000","21,000",0,"21,000"
"=""048022""",創意兆豐43購03  ,0,0,0,"21,000",0,"21,000","21,000",0,"21,000"
"=""048228""",世芯元富42購09  ,0,0,0,"21,000",0,"21,000","21,000",0,"21,000"
"=""052886""",滬深2X國泰46購02,0,0,0,"21,000",0,"21,000","21,000",0,"21,000"
"=""053323""",滬深2X群益44購04,0,0,0,"21,000",0,"21,000","21,000",0,"21,000"
"=""053485""",世芯元富44購07  ,0,0,0,"51,000","30,000","21,000","51,000","30,000","21,000"
"=""054091""",台積電富邦44購05,0,0,0,"21,000",0,"21,000","21,000",0,"21,000"
"=""055159""",一詮台新44購01  ,0,0,0,"21,000",0,"21,000","21,000",0,"21,000"
"=""057990""",威盛富邦45購02  ,0,0,0,"137,000","116,000","21,000","137,000","116,000","21,000"
"=""058670""",金寶元富45購03  ,0,0,0,"22,000","1,000","21,000","22,000","1,000","21,000"
"=""058986""",大立光國票46購03,0,0,0,"21,000",0,"21,000","21,000",0,"21,000"
"=""059045""",至上永豐45購01  ,0,0,0,"110,000","89,000","21,000","110,000","89,000","21,000"
"=""059979""",一詮元大45購06  ,0,0,0,"26,000","5,000","21,000","26,000","5,000","21,000"
"=""060393""",臺股指元大47購13,0,0,0,"61,000","40,000","21,000","61,000","40,000","21,000"
"=""061882""",鴻準元大46購15  ,0,0,0,"31,000","10,000","21,000","31,000","10,000","21,000"
"=""062118""",中興電兆豐4C購01,0,0,0,"24,000","3,000","21,000","24,000","3,000","21,000"
"=""062229""",牧德元富46購03  ,0,0,0,"38,000","17,000","21,000","38,000","17,000","21,000"
"=""062427""",亞光永豐47購02  ,0,0,0,"43,000","22,000","21,000","43,000","22,000","21,000"
"=""062561""",川湖元大46購08  ,0,0,0,"45,000","24,000","21,000","45,000","24,000","21,000"
"=""063904""",洋基元大46購04  ,0,0,0,"26,000","5,000","21,000","26,000","5,000","21,000"
"=""063960""",聯詠永豐4A購01  ,0,0,0,"87,000","66,000","21,000","87,000","66,000","21,000"
"=""064624""",玉晶光凱基46購07,0,0,0,"179,000","158,000","21,000","179,000","158,000","21,000"
"=""065778""",華碩統一3B購01  ,0,0,0,"21,000",0,"21,000","21,000",0,"21,000"
"=""066200""",滬深2X群益47購06,0,0,0,"28,000","7,000","21,000","28,000","7,000","21,000"
"=""067291""",台光電群益47購01,0,0,0,"72,000","51,000","21,000","72,000","51,000","21,000"
"=""067916""",大立光元大47購18,0,0,0,"21,000",0,"21,000","21,000",0,"21,000"
"=""069300""",穎崴元富4B購02  ,0,0,0,"23,000","2,000","21,000","23,000","2,000","21,000"
"=""070274""",威強電元富48購01,0,0,0,"21,000",0,"21,000","21,000",0,"21,000"
"=""070593""",昇貿元大48購03  ,0,0,0,"21,000",0,"21,000","21,000",0,"21,000"
"=""070783""",晶豪科元富49購01,0,0,0,"21,000",0,"21,000","21,000",0,"21,000"
"=""070928""",台灣50元富52購01,0,0,0,"21,000",0,"21,000","21,000",0,"21,000"
"=""071748""",台灣50元大49購10,0,0,0,"221,000","200,000","21,000","221,000","200,000","21,000"
"=""071811""",欣興國票49購04  ,0,0,0,"21,000",0,"21,000","21,000",0,"21,000"
"=""071852""",大成鋼凱基4A購03,0,0,0,"21,000",0,"21,000","21,000",0,"21,000"
"=""072327""",辛耘永豐4A購01  ,0,0,0,"40,000","19,000","21,000","40,000","19,000","21,000"
"=""074040""",中502X凱基51購02,0,0,0,"21,000",0,"21,000","21,000",0,"21,000"
"=""075269""",華城國票4B購02  ,0,0,0,"43,000","22,000","21,000","43,000","22,000","21,000"
"=""075593""",華擎元大49購02  ,0,0,0,"21,000",0,"21,000","21,000",0,"21,000"
"=""075837""",文曄元大49購01  ,0,0,0,"21,000",0,"21,000","21,000",0,"21,000"
2258  ,鴻華先進-創     ,"21,000",0,"21,000",0,0,0,"21,000",0,"21,000"
3413  ,京鼎            ,"66,000","52,000","14,000","30,000","23,000","7,000","96,000","75,000","21,000"
3530  ,晶相光          ,0,4,-4,"21,001",0,"21,001","21,001",4,"20,997"
6719  ,力智            ,"6,000","5,417",583,"20,317",0,"20,317","26,317","5,417","20,900"
8046  ,南電            ,"4,000","11,268","-7,268","46,846","18,682","28,164","50,846","29,950","20,896"
2006  ,東和鋼鐵        ,"27,465",0,"27,465",0,"7,000","-7,000","27,465","7,000","20,465"
"=""0057  """,富邦摩台        ,0,0,0,"21,060","1,000","20,060","21,060","1,000","20,060"
"=""03078T""",緯穎凱基32售14  ,0,0,0,"20,000",0,"20,000","20,000",0,"20,000"
"=""035642""",宏�硌s益53購02  ,0,0,0,"20,000",0,"20,000","20,000",0,"20,000"
"=""03782T""",長榮航第一34售01,0,0,0,"20,000",0,"20,000","20,000",0,"20,000"
"=""03928T""",技嘉群益34售20  ,0,0,0,"20,000",0,"20,000","20,000",0,"20,000"
"=""039561""",日電貿元富54購01,0,0,0,"20,000",0,"20,000","20,000",0,"20,000"
"=""04007T""",晟銘電群益36售02,0,0,0,"20,000",0,"20,000","20,000",0,"20,000"
"=""041308""",南電元大54購26  ,0,0,0,"110,000","90,000","20,000","110,000","90,000","20,000"
"=""04195T""",臺股指群益35售34,0,0,0,"40,000","20,000","20,000","40,000","20,000","20,000"
"=""044473""",力積電元大55購03,0,0,0,"20,000",0,"20,000","20,000",0,"20,000"
"=""044515""",智邦凱基57購01  ,0,0,0,"20,000",0,"20,000","20,000",0,"20,000"
"=""045441""",晟銘電元大55購04,0,0,0,"20,000",0,"20,000","20,000",0,"20,000"
"=""046443""",威盛統一48購03  ,0,0,0,"20,000",0,"20,000","20,000",0,"20,000"
"=""046675""",智原元大43購09  ,0,0,0,"20,000",0,"20,000","20,000",0,"20,000"
"=""046717""",台積電統一48購05,0,0,0,"20,000",0,"20,000","20,000",0,"20,000"
"=""046969""",十銓元富42購04  ,0,0,0,"20,000",0,"20,000","20,000",0,"20,000"
"=""04697T""",材料凱基36售08  ,0,0,0,"20,000",0,"20,000","20,000",0,"20,000"
"=""04707T""",聯詠元大35售05  ,0,0,0,"20,000",0,"20,000","20,000",0,"20,000"
"=""04724T""",智邦永豐36售02  ,0,0,0,"20,000",0,"20,000","20,000",0,"20,000"
"=""047562""",京元電永豐44購01,0,0,0,"20,000",0,"20,000","20,000",0,"20,000"
"=""047563""",亞光永豐43購03  ,0,0,0,"20,000",0,"20,000","20,000",0,"20,000"
"=""048389""",美費半國票45購01,0,0,0,"20,000",0,"20,000","20,000",0,"20,000"
"=""048602""",友達國票43購01  ,0,0,0,"20,000",0,"20,000","20,000",0,"20,000"
"=""048886""",京鼎凱基43購02  ,0,0,0,"20,000",0,"20,000","20,000",0,"20,000"
"=""049081""",台積電元大44購19,0,0,0,"20,000",0,"20,000","20,000",0,"20,000"
"=""051452""",嘉澤凱基46購01  ,0,0,0,"20,000",0,"20,000","20,000",0,"20,000"
"=""05172T""",富邦金中信38售01,0,0,0,"20,000",0,"20,000","20,000",0,"20,000"
"=""052025""",萬海國票44購06  ,0,0,0,"20,000",0,"20,000","20,000",0,"20,000"
"=""052079""",嘉澤永豐43購02  ,0,0,0,"20,000",0,"20,000","20,000",0,"20,000"
"=""052306""",昆盈凱基43購01  ,0,0,0,"20,000",0,"20,000","20,000",0,"20,000"
"=""052357""",十銓永豐46購01  ,0,0,0,"22,000","2,000","20,000","22,000","2,000","20,000"
"=""052463""",慧洋元富44購01  ,0,0,0,"20,000",0,"20,000","20,000",0,"20,000"
"=""052532""",台積電群益4A購02,0,0,0,"22,000","2,000","20,000","22,000","2,000","20,000"
"=""053020""",台達化元大44購01,0,0,0,"200,000","180,000","20,000","200,000","180,000","20,000"
"=""053110""",迅得統一4A購02  ,0,0,0,"20,000",0,"20,000","20,000",0,"20,000"
"=""053429""",仲琦元富44購01  ,0,0,0,"20,000",0,"20,000","20,000",0,"20,000"
"=""053434""",祥碩元富4A購01  ,0,0,0,"20,000",0,"20,000","20,000",0,"20,000"
"=""053894""",中502X元大46購02,0,0,0,"20,000",0,"20,000","20,000",0,"20,000"
"=""05404T""",仁寶群益36售05  ,0,0,0,"30,000","10,000","20,000","30,000","10,000","20,000"
"=""054599""",建準群益45購02  ,0,0,0,"20,000",0,"20,000","20,000",0,"20,000"
"=""054614""",臺股指群益45購10,0,0,0,"20,000",0,"20,000","20,000",0,"20,000"
"=""054653""",瑞鼎元富44購02  ,0,0,0,"20,000",0,"20,000","20,000",0,"20,000"
"=""054817""",毅嘉國票47購01  ,0,0,0,"20,000",0,"20,000","20,000",0,"20,000"
"=""054856""",台積電元大48購05,0,0,0,"20,000",0,"20,000","20,000",0,"20,000"
"=""054859""",矽統元大44購05  ,0,0,0,"20,000",0,"20,000","20,000",0,"20,000"
"=""054943""",威盛永豐47購01  ,0,0,0,"20,000",0,"20,000","20,000",0,"20,000"
"=""054969""",陽明元富44購01  ,0,0,0,"20,000",0,"20,000","20,000",0,"20,000"
"=""055067""",威盛群益4A購01  ,0,0,0,"30,000","10,000","20,000","30,000","10,000","20,000"
"=""055136""",矽統兆豐46購01  ,0,0,0,"30,000","10,000","20,000","30,000","10,000","20,000"
"=""055143""",元債2X富邦4A購01,0,0,0,"20,000",0,"20,000","20,000",0,"20,000"
"=""055209""",道瓊銀永豐46購01,0,0,0,"20,000",0,"20,000","20,000",0,"20,000"
"=""05524T""",長榮中信3B售03  ,0,0,0,"20,000",0,"20,000","20,000",0,"20,000"
"=""055455""",潤泰全群益46購01,0,0,0,"20,000",0,"20,000","20,000",0,"20,000"
"=""055525""",晶技國票46購01  ,0,0,0,"20,000",0,"20,000","20,000",0,"20,000"
"=""055526""",蔚華科國票44購01,0,0,0,"90,000","70,000","20,000","90,000","70,000","20,000"
"=""055544""",志聖統一54購02  ,0,0,0,"110,000","90,000","20,000","110,000","90,000","20,000"
"=""055577""",訊芯元富44購04  ,0,0,0,"20,000",0,"20,000","20,000",0,"20,000"
"=""055699""",景碩富邦47購01  ,0,0,0,"20,000",0,"20,000","20,000",0,"20,000"
"=""055746""",世芯元大44購20  ,0,0,0,"30,000","10,000","20,000","30,000","10,000","20,000"
"=""055820""",景碩群益46購05  ,0,0,0,"20,000",0,"20,000","20,000",0,"20,000"
"=""055839""",台玻凱基46購01  ,0,0,0,"20,000",0,"20,000","20,000",0,"20,000"
"=""056089""",台積電元大54購01,0,0,0,"20,000",0,"20,000","20,000",0,"20,000"
"=""056178""",緯穎凱基46購03  ,0,0,0,"20,000",0,"20,000","20,000",0,"20,000"
"=""056407""",元債2X群益51購01,0,0,0,"20,000",0,"20,000","20,000",0,"20,000"
"=""056554""",台玻元大49購01  ,0,0,0,"20,000",0,"20,000","20,000",0,"20,000"
"=""056637""",長榮航元富45購04,0,0,0,"20,000",0,"20,000","20,000",0,"20,000"
"=""05664T""",愛普第一37售02  ,0,0,0,"20,000",0,"20,000","20,000",0,"20,000"
"=""056787""",可成國票45購01  ,0,0,0,"20,000",0,"20,000","20,000",0,"20,000"
"=""056833""",T50正2中信45購05,0,0,0,"20,000",0,"20,000","20,000",0,"20,000"
"=""056883""",友訊元大45購01  ,0,0,0,"30,000","10,000","20,000","30,000","10,000","20,000"
"=""057385""",緯創統一4B購03  ,0,0,0,"20,000",0,"20,000","20,000",0,"20,000"
"=""057471""",正崴國票46購03  ,0,0,0,"20,000",0,"20,000","20,000",0,"20,000"
"=""057496""",廣宇凱基45購01  ,0,0,0,"25,000","5,000","20,000","25,000","5,000","20,000"
"=""057642""",神達凱基45購02  ,0,0,0,"20,000",0,"20,000","20,000",0,"20,000"
"=""057672""",奇鋐統一4B購01  ,0,0,0,"20,000",0,"20,000","20,000",0,"20,000"
"=""057683""",鴻海國票46購05  ,0,0,0,"20,000",0,"20,000","20,000",0,"20,000"
"=""057757""",威盛群益45購06  ,0,0,0,"20,000",0,"20,000","20,000",0,"20,000"
"=""057882""",香港2X國票45購04,0,0,0,"40,000","20,000","20,000","40,000","20,000","20,000"
"=""057917""",川湖元大45購04  ,0,0,0,"20,000",0,"20,000","20,000",0,"20,000"
"=""058043""",神達統一4B購03  ,0,0,0,"20,000",0,"20,000","20,000",0,"20,000"
"=""058106""",奇鋐元大47購01  ,0,0,0,"20,000",0,"20,000","20,000",0,"20,000"
"=""058247""",強茂凱基45購01  ,0,0,0,"195,000","175,000","20,000","195,000","175,000","20,000"
"=""058283""",英業達元大45購02,0,0,0,"20,000",0,"20,000","20,000",0,"20,000"
"=""05860T""",華城元大37售18  ,0,0,0,"20,000",0,"20,000","20,000",0,"20,000"
"=""058699""",新興國票46購01  ,0,0,0,"20,000",0,"20,000","20,000",0,"20,000"
"=""058832""",訊芯永豐46購01  ,0,0,0,"85,000","65,000","20,000","85,000","65,000","20,000"
"=""058973""",遠東新國票46購01,0,0,0,"30,000","10,000","20,000","30,000","10,000","20,000"
"=""059187""",國泰金元大47購01,0,0,0,"20,000",0,"20,000","20,000",0,"20,000"
"=""059230""",漢唐國票46購05  ,0,0,0,"40,000","20,000","20,000","40,000","20,000","20,000"
"=""059270""",台積電永豐45購14,0,0,0,"21,000","1,000","20,000","21,000","1,000","20,000"
"=""059503""",緯創永豐46購03  ,0,0,0,"20,000",0,"20,000","20,000",0,"20,000"
"=""059706""",緯創富邦4B購02  ,0,0,0,"20,000",0,"20,000","20,000",0,"20,000"
"=""059715""",臺股指群益3B購01,0,0,0,"20,000",0,"20,000","20,000",0,"20,000"
"=""059987""",長榮航元大45購12,0,0,0,"20,000",0,"20,000","20,000",0,"20,000"
"=""060085""",美律國票47購02  ,0,0,0,"20,000",0,"20,000","20,000",0,"20,000"
"=""060090""",萬海國票47購01  ,0,0,0,"20,000",0,"20,000","20,000",0,"20,000"
"=""060151""",東陽元大46購03  ,0,0,0,"24,000","4,000","20,000","24,000","4,000","20,000"
"=""060485""",穎崴中信46購01  ,0,0,0,"20,000",0,"20,000","20,000",0,"20,000"
"=""060702""",台積電統一58購02,0,0,0,"20,000",0,"20,000","20,000",0,"20,000"
"=""060714""",海悅群益47購01  ,0,0,0,"20,000",0,"20,000","20,000",0,"20,000"
"=""061273""",緯穎凱基4B購02  ,0,0,0,"20,000",0,"20,000","20,000",0,"20,000"
"=""061406""",世芯群益46購10  ,0,0,0,"23,000","3,000","20,000","23,000","3,000","20,000"
"=""061414""",祥碩群益48購01  ,0,0,0,"20,000",0,"20,000","20,000",0,"20,000"
"=""061437""",晶碩元富46購01  ,0,0,0,"20,000",0,"20,000","20,000",0,"20,000"
"=""061484""",達發元大46購02  ,0,0,0,"20,000",0,"20,000","20,000",0,"20,000"
"=""061530""",華航中信46購03  ,0,0,0,"20,000",0,"20,000","20,000",0,"20,000"
"=""061745""",全新第一46購01  ,0,0,0,"30,000","10,000","20,000","30,000","10,000","20,000"
"=""061814""",敦泰凱基46購01  ,0,0,0,"20,000",0,"20,000","20,000",0,"20,000"
"=""062356""",達發元大4C購01  ,0,0,0,"173,000","153,000","20,000","173,000","153,000","20,000"
"=""062515""",達發元富46購02  ,0,0,0,"22,000","2,000","20,000","22,000","2,000","20,000"
"=""062541""",神達國票47購03  ,0,0,0,"20,000",0,"20,000","20,000",0,"20,000"
"=""062591""",嘉澤元大46購02  ,0,0,0,"20,000",0,"20,000","20,000",0,"20,000"
"=""062694""",台新金永豐47購01,0,0,0,"26,000","6,000","20,000","26,000","6,000","20,000"
"=""062779""",世芯群益46購14  ,0,0,0,"20,000",0,"20,000","20,000",0,"20,000"
"=""062783""",精成科群益46購02,0,0,0,"169,000","149,000","20,000","169,000","149,000","20,000"
"=""062960""",台積電元大4A購05,0,0,0,"20,000",0,"20,000","20,000",0,"20,000"
"=""063125""",矽統凱基46購03  ,0,0,0,"20,000",0,"20,000","20,000",0,"20,000"
"=""063255""",嘉澤元大49購03  ,0,0,0,"20,000",0,"20,000","20,000",0,"20,000"
"=""063360""",世芯凱基46購21  ,0,0,0,"20,000",0,"20,000","20,000",0,"20,000"
"=""063383""",台達電富邦46購03,0,0,0,"20,000",0,"20,000","20,000",0,"20,000"
"=""063394""",鴻海群益46購13  ,0,0,0,"20,000",0,"20,000","20,000",0,"20,000"
"=""063476""",臺股指元大46購40,0,0,0,"20,000",0,"20,000","20,000",0,"20,000"
"=""063573""",啟�皏藕�48購01  ,0,0,0,"20,000",0,"20,000","20,000",0,"20,000"
"=""063613""",台積電群益5C購02,0,0,0,"20,000",0,"20,000","20,000",0,"20,000"
"=""063764""",上銀元富46購05  ,0,0,0,"20,000",0,"20,000","20,000",0,"20,000"
"=""063795""",FBNQ2X凱基4C購01,0,0,0,"20,000",0,"20,000","20,000",0,"20,000"
"=""063896""",鈞興元大46購05  ,0,0,0,"20,000",0,"20,000","20,000",0,"20,000"
"=""063991""",聯發科元富49購01,0,0,0,"20,000",0,"20,000","20,000",0,"20,000"
"=""064136""",同欣電群益46購01,0,0,0,"20,000",0,"20,000","20,000",0,"20,000"
"=""064472""",泰金寶元大46購06,0,0,0,"40,000","20,000","20,000","40,000","20,000","20,000"
"=""064508""",智原群益46購08  ,0,0,0,"20,000",0,"20,000","20,000",0,"20,000"
"=""065036""",台積電元大48購11,0,0,0,"20,000",0,"20,000","20,000",0,"20,000"
"=""065077""",華城統一3B購01  ,0,0,0,"20,000",0,"20,000","20,000",0,"20,000"
"=""065142""",聯發科群益47購08,0,0,0,"20,000",0,"20,000","20,000",0,"20,000"
"=""065207""",台塑中信47購02  ,0,0,0,"20,000",0,"20,000","20,000",0,"20,000"
"=""065260""",十銓元富51購02  ,0,0,0,"20,000",0,"20,000","20,000",0,"20,000"
"=""065297""",鴻海統一51購04  ,0,0,0,"80,000","60,000","20,000","80,000","60,000","20,000"
"=""065356""",鴻海群益47購14  ,0,0,0,"20,000",0,"20,000","20,000",0,"20,000"
"=""065365""",欣興兆豐3B購01  ,0,0,0,"20,000",0,"20,000","20,000",0,"20,000"
"=""065411""",SGBR2X元大49購01,0,0,0,"23,000","3,000","20,000","23,000","3,000","20,000"
"=""065629""",聯發科群益47購09,0,0,0,"30,000","10,000","20,000","30,000","10,000","20,000"
"=""065736""",日電貿元大47購01,0,0,0,"20,000",0,"20,000","20,000",0,"20,000"
"=""065792""",美食富邦49購01  ,0,0,0,"20,000",0,"20,000","20,000",0,"20,000"
"=""066012""",矽統群益49購01  ,0,0,0,"20,000",0,"20,000","20,000",0,"20,000"
"=""066013""",勤誠統一3B購01  ,0,0,0,"22,000","2,000","20,000","22,000","2,000","20,000"
"=""066016""",勤誠統一41購01  ,0,0,0,"20,000",0,"20,000","20,000",0,"20,000"
"=""066325""",智原中信3B購02  ,0,0,0,"20,000",0,"20,000","20,000",0,"20,000"
"=""066385""",智原統一3B購01  ,0,0,0,"20,000",0,"20,000","20,000",0,"20,000"
"=""066672""",台達電凱基47購03,0,0,0,"20,000",0,"20,000","20,000",0,"20,000"
"=""066723""",聯發科群益49購01,0,0,0,"20,000",0,"20,000","20,000",0,"20,000"
"=""066929""",矽力群益47購04  ,0,0,0,"20,000",0,"20,000","20,000",0,"20,000"
"=""067013""",啟�硈肭�4C購01  ,0,0,0,"20,000",0,"20,000","20,000",0,"20,000"
"=""067298""",京鼎群益48購01  ,0,0,0,"102,000","82,000","20,000","102,000","82,000","20,000"
"=""067362""",美債2X元富3B購01,0,0,0,"20,000",0,"20,000","20,000",0,"20,000"
"=""067426""",玉晶光永豐4B購01,0,0,0,"110,000","90,000","20,000","110,000","90,000","20,000"
"=""067445""",保瑞國票47購02  ,0,0,0,"20,000",0,"20,000","20,000",0,"20,000"
"=""067539""",鴻準群益48購02  ,0,0,0,"20,000",0,"20,000","20,000",0,"20,000"
"=""067716""",大立光元大47購15,0,0,0,"20,000",0,"20,000","20,000",0,"20,000"
"=""067814""",中鴻永豐4A購01  ,0,0,0,"20,000",0,"20,000","20,000",0,"20,000"
"=""067921""",欣興元大47購05  ,0,0,0,"20,000",0,"20,000","20,000",0,"20,000"
"=""067962""",創意永豐51購01  ,0,0,0,"30,000","10,000","20,000","30,000","10,000","20,000"
"=""068260""",勤誠國票48購01  ,0,0,0,"20,000",0,"20,000","20,000",0,"20,000"
"=""068284""",創意凱基48購04  ,0,0,0,"20,000",0,"20,000","20,000",0,"20,000"
"=""068329""",泰金寶元大48購01,0,0,0,"20,000",0,"20,000","20,000",0,"20,000"
"=""068624""",國巨統一3C購01  ,0,0,0,"20,000",0,"20,000","20,000",0,"20,000"
"=""068739""",立積群益48購01  ,0,0,0,"20,000",0,"20,000","20,000",0,"20,000"
"=""068791""",昇陽半富邦49購01,0,0,0,"61,000","41,000","20,000","61,000","41,000","20,000"
"=""068862""",所羅門永豐49購02,0,0,0,"20,000",0,"20,000","20,000",0,"20,000"
"=""068911""",大立光元大48購06,0,0,0,"20,000",0,"20,000","20,000",0,"20,000"
"=""068926""",材料元大4C購02  ,0,0,0,"30,000","10,000","20,000","30,000","10,000","20,000"
"=""069112""",亞翔元大48購02  ,0,0,0,"20,000",0,"20,000","20,000",0,"20,000"
"=""069143""",精銳群益48購04  ,0,0,0,"20,000",0,"20,000","20,000",0,"20,000"
"=""069158""",大成鋼統一52購04,0,0,0,"20,000",0,"20,000","20,000",0,"20,000"
"=""069174""",萬海統一52購01  ,0,0,0,"20,000",0,"20,000","20,000",0,"20,000"
"=""069371""",致茂永豐52購01  ,0,0,0,"20,000",0,"20,000","20,000",0,"20,000"
"=""069516""",迅得永豐4B購01  ,0,0,0,"30,000","10,000","20,000","30,000","10,000","20,000"
"=""069613""",羅昇統一52購03  ,0,0,0,"30,000","10,000","20,000","30,000","10,000","20,000"
"=""070033""",材料元富58購01  ,0,0,0,"75,000","55,000","20,000","75,000","55,000","20,000"
"=""070424""",時碩國票48購01  ,0,0,0,"20,000",0,"20,000","20,000",0,"20,000"
"=""070702""",亞翔統一54購01  ,0,0,0,"20,000",0,"20,000","20,000",0,"20,000"
"=""070777""",華邦電元富4A購01,0,0,0,"20,000",0,"20,000","20,000",0,"20,000"
"=""070833""",昇陽半國票49購02,0,0,0,"20,000",0,"20,000","20,000",0,"20,000"
"=""070874""",緯創元大48購06  ,0,0,0,"20,000",0,"20,000","20,000",0,"20,000"
"=""071003""",中鴻統一52購04  ,0,0,0,"20,000",0,"20,000","20,000",0,"20,000"
"=""071009""",旺宏統一52購02  ,0,0,0,"20,000",0,"20,000","20,000",0,"20,000"
"=""07100U""",臺股指中信59售09,0,0,0,"20,000",0,"20,000","20,000",0,"20,000"
"=""071173""",健策永豐48購01  ,0,0,0,"20,000",0,"20,000","20,000",0,"20,000"
"=""071254""",上銀凱基48購06  ,0,0,0,"20,000",0,"20,000","20,000",0,"20,000"
"=""071716""",川湖國泰49購02  ,0,0,0,"20,000",0,"20,000","20,000",0,"20,000"
"=""071889""",矽力永豐48購03  ,0,0,0,"20,000",0,"20,000","20,000",0,"20,000"
"=""072128""",鴻海統一5A購01  ,0,0,0,"20,000",0,"20,000","20,000",0,"20,000"
"=""072168""",元金反國票4B購01,0,0,0,"20,000",0,"20,000","20,000",0,"20,000"
"=""072178""",威強電國票49購01,0,0,0,"20,000",0,"20,000","20,000",0,"20,000"
"=""072184""",鼎基國票49購01  ,0,0,0,"20,000",0,"20,000","20,000",0,"20,000"
"=""072257""",欣興元大51購01  ,0,0,0,"20,000",0,"20,000","20,000",0,"20,000"
"=""072571""",亞翔凱基49購02  ,0,0,0,"20,000",0,"20,000","20,000",0,"20,000"
"=""072599""",滬深2X永豐4C購01,0,0,0,"20,000",0,"20,000","20,000",0,"20,000"
"=""072848""",台光電凱基49購05,0,0,0,"20,000",0,"20,000","20,000",0,"20,000"
"=""072970""",聯發科元大49購05,0,0,0,"90,000","70,000","20,000","90,000","70,000","20,000"
"=""073221""",精元國票49購01  ,0,0,0,"20,000",0,"20,000","20,000",0,"20,000"
"=""073269""",志聖元富49購01  ,0,0,0,"20,000",0,"20,000","20,000",0,"20,000"
"=""073482""",緯穎國票4A購02  ,0,0,0,"20,000",0,"20,000","20,000",0,"20,000"
"=""073743""",美律統一55購01  ,0,0,0,"50,000","30,000","20,000","50,000","30,000","20,000"
"=""073828""",FBNQ2X元大49購03,0,0,0,"20,000",0,"20,000","20,000",0,"20,000"
"=""073968""",所羅門國票49購03,0,0,0,"30,000","10,000","20,000","30,000","10,000","20,000"
"=""074043""",中興電凱基4B購01,0,0,0,"20,000",0,"20,000","20,000",0,"20,000"
"=""074259""",世紀鋼統一53購03,0,0,0,"20,000",0,"20,000","20,000",0,"20,000"
"=""074332""",華城元大52購03  ,0,0,0,"20,000",0,"20,000","20,000",0,"20,000"
"=""074390""",威盛國票4A購01  ,0,0,0,"20,000",0,"20,000","20,000",0,"20,000"
"=""074469""",達發國票49購01  ,0,0,0,"20,000",0,"20,000","20,000",0,"20,000"
"=""074493""",臺股指元富49購22,0,0,0,"20,000",0,"20,000","20,000",0,"20,000"
"=""074495""",元黃金凱基53購01,0,0,0,"20,000",0,"20,000","20,000",0,"20,000"
"=""074563""",華城元大4C購02  ,0,0,0,"20,000",0,"20,000","20,000",0,"20,000"
"=""074795""",台積電元大4C購08,0,0,0,"20,000",0,"20,000","20,000",0,"20,000"
"=""074803""",建準元大49購02  ,0,0,0,"23,000","3,000","20,000","23,000","3,000","20,000"
"=""074971""",廣宇元大49購04  ,0,0,0,"20,000",0,"20,000","20,000",0,"20,000"
"=""075058""",臺股指群益43購02,0,0,0,"50,000","30,000","20,000","50,000","30,000","20,000"
"=""075084""",台積電國票4B購03,0,0,0,"20,000",0,"20,000","20,000",0,"20,000"
"=""075222""",華新元大49購10  ,0,0,0,"23,000","3,000","20,000","23,000","3,000","20,000"
"=""075287""",亞翔國泰4A購01  ,0,0,0,"20,000",0,"20,000","20,000",0,"20,000"
"=""075467""",富世達元大49購06,0,0,0,"20,000",0,"20,000","20,000",0,"20,000"
"=""075792""",台積電元富4A購12,0,0,0,"34,000","14,000","20,000","34,000","14,000","20,000"
"=""075960""",全新群益4C購01  ,0,0,0,"23,000","3,000","20,000","23,000","3,000","20,000"
"=""076110""",緯穎群益53購01  ,0,0,0,"21,000","1,000","20,000","21,000","1,000","20,000"
"=""076257""",旺宏群益4B購03  ,0,0,0,"60,000","40,000","20,000","60,000","40,000","20,000"
"=""076562""",台驊控國票4C購01,0,0,0,"314,000","294,000","20,000","314,000","294,000","20,000"
"=""08873U""",美時永豐35售02  ,0,0,0,"20,000",0,"20,000","20,000",0,"20,000"
"=""08959U""",智邦元富32售02  ,0,0,0,"20,000",0,"20,000","20,000",0,"20,000"
6799  ,來頡            ,"3,015","1,089","1,926","18,000",0,"18,000","21,015","1,089","19,926"
3622  ,洋華            ,"85,001","65,198","19,803",0,0,0,"85,001","65,198","19,803"
2323  ,中環            ,"33,222","8,000","25,222","80,000","86,000","-6,000","113,222","94,000","19,222"
"=""03984T""",台光電群益36售01,0,0,0,"35,000","16,000","19,000","35,000","16,000","19,000"
"=""04504T""",愛普國票37售01  ,0,0,0,"70,000","51,000","19,000","70,000","51,000","19,000"
"=""04579T""",威盛元大35售21  ,0,0,0,"19,000",0,"19,000","19,000",0,"19,000"
"=""046378""",欣興中信42購05  ,0,0,0,"19,000",0,"19,000","19,000",0,"19,000"
"=""047308""",中華元大43購02  ,0,0,0,"19,000",0,"19,000","19,000",0,"19,000"
"=""050997""",致伸國票44購01  ,0,0,0,"49,000","30,000","19,000","49,000","30,000","19,000"
"=""052188""",中租國票45購01  ,0,0,0,"20,000","1,000","19,000","20,000","1,000","19,000"
"=""052827""",旺宏元大4A購01  ,0,0,0,"19,000",0,"19,000","19,000",0,"19,000"
"=""053842""",台積電元富44購14,0,0,0,"19,000",0,"19,000","19,000",0,"19,000"
"=""054980""",華孚元富44購01  ,0,0,0,"19,000",0,"19,000","19,000",0,"19,000"
"=""055391""",緯穎凱基44購07  ,0,0,0,"40,000","21,000","19,000","40,000","21,000","19,000"
"=""057701""",嘉澤富邦48購01  ,0,0,0,"19,000",0,"19,000","19,000",0,"19,000"
"=""057869""",光寶科富邦47購01,0,0,0,"42,000","23,000","19,000","42,000","23,000","19,000"
"=""05842T""",緯穎統一3A售02  ,0,0,0,"20,000","1,000","19,000","20,000","1,000","19,000"
"=""058618""",台化永豐45購01  ,0,0,0,"19,000",0,"19,000","19,000",0,"19,000"
"=""058760""",美時元大49購01  ,0,0,0,"19,000",0,"19,000","19,000",0,"19,000"
"=""059370""",緯創元大45購32  ,0,0,0,"80,000","61,000","19,000","80,000","61,000","19,000"
"=""060552""",台新金富邦48購01,0,0,0,"19,000",0,"19,000","19,000",0,"19,000"
"=""061479""",貿聯元大46購07  ,0,0,0,"21,000","2,000","19,000","21,000","2,000","19,000"
"=""061825""",緯穎凱基47購02  ,0,0,0,"21,000","2,000","19,000","21,000","2,000","19,000"
"=""062663""",祥碩凱基47購01  ,0,0,0,"19,000",0,"19,000","19,000",0,"19,000"
"=""063400""",一詮群益46購08  ,0,0,0,"24,000","5,000","19,000","24,000","5,000","19,000"
"=""063446""",大同元大46購18  ,0,0,0,"200,000","181,000","19,000","200,000","181,000","19,000"
"=""063663""",玉晶光元大46購03,0,0,0,"19,000",0,"19,000","19,000",0,"19,000"
"=""063852""",世芯群益4C購06  ,0,0,0,"19,000",0,"19,000","19,000",0,"19,000"
"=""063856""",鈞興群益48購01  ,0,0,0,"39,000","20,000","19,000","39,000","20,000","19,000"
"=""063987""",致茂元富46購03  ,0,0,0,"19,000",0,"19,000","19,000",0,"19,000"
"=""064085""",世紀鋼元大46購02,0,0,0,"79,000","60,000","19,000","79,000","60,000","19,000"
"=""064360""",華榮永豐47購01  ,0,0,0,"31,000","12,000","19,000","31,000","12,000","19,000"
"=""064450""",聯發科元大4C購02,0,0,0,"29,000","10,000","19,000","29,000","10,000","19,000"
"=""065138""",瑞昱群益47購02  ,0,0,0,"25,000","6,000","19,000","25,000","6,000","19,000"
"=""065392""",愛普統一41購01  ,0,0,0,"47,000","28,000","19,000","47,000","28,000","19,000"
"=""065654""",SGBR2X凱基49購02,0,0,0,"19,000",0,"19,000","19,000",0,"19,000"
"=""066260""",川湖群益3B購01  ,0,0,0,"21,000","2,000","19,000","21,000","2,000","19,000"
"=""067197""",台積電凱基47購24,0,0,0,"39,000","20,000","19,000","39,000","20,000","19,000"
"=""067342""",奇鋐元大48購04  ,0,0,0,"20,000","1,000","19,000","20,000","1,000","19,000"
"=""067992""",力智國泰48購01  ,0,0,0,"21,000","2,000","19,000","21,000","2,000","19,000"
"=""068032""",長榮元大49購03  ,0,0,0,"135,000","116,000","19,000","135,000","116,000","19,000"
"=""068303""",台積電元大48購14,0,0,0,"19,000",0,"19,000","19,000",0,"19,000"
"=""068478""",緯創群益48購02  ,0,0,0,"120,000","101,000","19,000","120,000","101,000","19,000"
"=""069330""",新興統一43購01  ,0,0,0,"20,000","1,000","19,000","20,000","1,000","19,000"
"=""069651""",滬深2X元大4B購03,0,0,0,"20,000","1,000","19,000","20,000","1,000","19,000"
"=""069815""",京鼎永豐49購01  ,0,0,0,"30,000","11,000","19,000","30,000","11,000","19,000"
"=""070255""",道瓊銀元富52購01,0,0,0,"64,000","45,000","19,000","64,000","45,000","19,000"
"=""071004""",大成鋼統一53購02,0,0,0,"24,000","5,000","19,000","24,000","5,000","19,000"
"=""071131""",皇昌元大48購10  ,0,0,0,"59,000","40,000","19,000","59,000","40,000","19,000"
"=""071374""",創意元大51購02  ,0,0,0,"19,000",0,"19,000","19,000",0,"19,000"
"=""071801""",華通國票49購03  ,0,0,0,"19,000",0,"19,000","19,000",0,"19,000"
"=""072534""",亞翔群益4A購01  ,0,0,0,"19,000",0,"19,000","19,000",0,"19,000"
"=""073720""",瑞祺國票4A購01  ,0,0,0,"19,000",0,"19,000","19,000",0,"19,000"
"=""074197""",華邦電第一49購03,0,0,0,"28,000","9,000","19,000","28,000","9,000","19,000"
"=""074287""",矽格群益49購03  ,0,0,0,"19,000",0,"19,000","19,000",0,"19,000"
"=""074573""",華泰元大49購01  ,0,0,0,"19,000",0,"19,000","19,000",0,"19,000"
"=""075347""",全新凱基49購04  ,0,0,0,"24,000","5,000","19,000","24,000","5,000","19,000"
"=""075518""",慧洋元富49購06  ,0,0,0,"19,000",0,"19,000","19,000",0,"19,000"
"=""075823""",漢唐元大49購02  ,0,0,0,"40,000","21,000","19,000","40,000","21,000","19,000"
"=""076050""",南亞科永豐49購06,0,0,0,"19,000",0,"19,000","19,000",0,"19,000"
"=""076164""",台積電凱基49購28,0,0,0,"20,000","1,000","19,000","20,000","1,000","19,000"
"=""076341""",AES國票4A購01   ,0,0,0,"39,000","20,000","19,000","39,000","20,000","19,000"
5388  ,中磊            ,"11,000","30,088","-19,088","49,988","12,000","37,988","60,988","42,088","18,900"
"=""00714 """,群益道瓊美國地產,0,0,0,"323,025","304,494","18,531","323,025","304,494","18,531"
"=""00752 """,中信中國50      ,0,0,0,"3,683,649","3,665,265","18,384","3,683,649","3,665,265","18,384"
2467  ,志聖            ,1,"1,000",-999,"19,000",0,"19,000","19,001","1,000","18,001"
"=""00682U""",期元大美元指數  ,0,0,0,"24,000","6,000","18,000","24,000","6,000","18,000"
"=""03519T""",材料富邦33售03  ,0,0,0,"18,000",0,"18,000","18,000",0,"18,000"
"=""03799T""",台灣50群益34售06,0,0,0,"220,000","202,000","18,000","220,000","202,000","18,000"
"=""040164""",臺股指凱基56購17,0,0,0,"18,000",0,"18,000","18,000",0,"18,000"
"=""04135T""",長榮航元大34售11,0,0,0,"18,000",0,"18,000","18,000",0,"18,000"
"=""04376T""",美時元大35售04  ,0,0,0,"18,000",0,"18,000","18,000",0,"18,000"
"=""048982""",元日2X元富53購01,0,0,0,"18,000",0,"18,000","18,000",0,"18,000"
"=""048990""",三商壽元富48購01,0,0,0,"18,000",0,"18,000","18,000",0,"18,000"
"=""05286T""",長榮元富36售05  ,0,0,0,"18,000",0,"18,000","18,000",0,"18,000"
"=""054254""",群創富邦46購01  ,0,0,0,"28,000","10,000","18,000","28,000","10,000","18,000"
"=""055220""",貿聯永豐44購03  ,0,0,0,"18,000",0,"18,000","18,000",0,"18,000"
"=""055620""",鴻準國票46購01  ,0,0,0,"18,000",0,"18,000","18,000",0,"18,000"
"=""056312""",世芯永豐47購02  ,0,0,0,"18,000",0,"18,000","18,000",0,"18,000"
"=""057021""",長榮統一4A購02  ,0,0,0,"18,000",0,"18,000","18,000",0,"18,000"
"=""057097""",緯穎元大45購07  ,0,0,0,"20,000","2,000","18,000","20,000","2,000","18,000"
"=""057170""",鴻海凱基45購14  ,0,0,0,"22,000","4,000","18,000","22,000","4,000","18,000"
"=""057488""",滬深2X凱基47購02,0,0,0,"18,000",0,"18,000","18,000",0,"18,000"
"=""057752""",金寶群益45購04  ,0,0,0,"18,000",0,"18,000","18,000",0,"18,000"
"=""057786""",晶心科群益46購02,0,0,0,"80,000","62,000","18,000","80,000","62,000","18,000"
"=""057950""",緯穎元大45購15  ,0,0,0,"18,000",0,"18,000","18,000",0,"18,000"
"=""058505""",威盛凱基45購07  ,0,0,0,"48,000","30,000","18,000","48,000","30,000","18,000"
"=""058833""",天虹永豐45購02  ,0,0,0,"58,000","40,000","18,000","58,000","40,000","18,000"
"=""059020""",順德第一45購01  ,0,0,0,"18,000",0,"18,000","18,000",0,"18,000"
"=""060870""",台灣50中信4C購01,0,0,0,"24,000","6,000","18,000","24,000","6,000","18,000"
"=""060911""",中信金國票47購01,0,0,0,"23,000","5,000","18,000","23,000","5,000","18,000"
"=""061450""",合機元大46購01  ,0,0,0,"18,000",0,"18,000","18,000",0,"18,000"
"=""062022""",世芯國票46購12  ,0,0,0,"18,000",0,"18,000","18,000",0,"18,000"
"=""062331""",聯發科元大46購06,0,0,0,"18,000",0,"18,000","18,000",0,"18,000"
"=""062970""",聯發科元大46購13,0,0,0,"23,000","5,000","18,000","23,000","5,000","18,000"
"=""064034""",東科凱基48購01  ,0,0,0,"18,000",0,"18,000","18,000",0,"18,000"
"=""064233""",元債2X群益4C購05,0,0,0,"43,000","25,000","18,000","43,000","25,000","18,000"
"=""064351""",上銀中信47購01  ,0,0,0,"40,000","22,000","18,000","40,000","22,000","18,000"
"=""064603""",台塑凱基49購03  ,0,0,0,"18,000",0,"18,000","18,000",0,"18,000"
"=""064913""",聯發科凱基47購04,0,0,0,"18,000",0,"18,000","18,000",0,"18,000"
"=""065370""",台積電統一3B購01,0,0,0,"36,000","18,000","18,000","36,000","18,000","18,000"
"=""066101""",海悅凱基47購01  ,0,0,0,"50,000","32,000","18,000","50,000","32,000","18,000"
"=""066324""",智原中信3B購01  ,0,0,0,"23,000","5,000","18,000","23,000","5,000","18,000"
"=""066335""",大立光兆豐48購02,0,0,0,"18,000",0,"18,000","18,000",0,"18,000"
"=""066777""",同欣電元大47購03,0,0,0,"18,000",0,"18,000","18,000",0,"18,000"
"=""067107""",日月光元富47購02,0,0,0,"18,000",0,"18,000","18,000",0,"18,000"
"=""067446""",惠特國票49購01  ,0,0,0,"73,000","55,000","18,000","73,000","55,000","18,000"
"=""067796""",玉晶光元富47購03,0,0,0,"18,000",0,"18,000","18,000",0,"18,000"
"=""068072""",聯發科凱基47購12,0,0,0,"18,000",0,"18,000","18,000",0,"18,000"
"=""068454""",力積電凱基48購03,0,0,0,"18,000",0,"18,000","18,000",0,"18,000"
"=""069828""",堤維西群益49購01,0,0,0,"18,000",0,"18,000","18,000",0,"18,000"
"=""070982""",上銀富邦49購02  ,0,0,0,"18,000",0,"18,000","18,000",0,"18,000"
"=""070986""",欣興富邦49購01  ,0,0,0,"29,000","11,000","18,000","29,000","11,000","18,000"
"=""071201""",大銀群益48購01  ,0,0,0,"30,000","12,000","18,000","30,000","12,000","18,000"
"=""071369""",慧洋元大48購03  ,0,0,0,"19,000","1,000","18,000","19,000","1,000","18,000"
"=""071855""",友達凱基48購02  ,0,0,0,"18,000",0,"18,000","18,000",0,"18,000"
"=""072619""",亞力國泰4A購01  ,0,0,0,"18,000",0,"18,000","18,000",0,"18,000"
"=""072751""",世芯元大52購01  ,0,0,0,"18,000",0,"18,000","18,000",0,"18,000"
"=""072875""",三芳元富49購02  ,0,0,0,"20,000","2,000","18,000","20,000","2,000","18,000"
"=""072931""",慧洋群益4B購01  ,0,0,0,"18,000",0,"18,000","18,000",0,"18,000"
"=""073202""",建準群益52購01  ,0,0,0,"49,000","31,000","18,000","49,000","31,000","18,000"
"=""073930""",日月光富邦4B購02,0,0,0,"18,000",0,"18,000","18,000",0,"18,000"
"=""075366""",FBNQ2X群益49購04,0,0,0,"18,000",0,"18,000","18,000",0,"18,000"
"=""075534""",中鴻凱基49購06  ,0,0,0,"18,000",0,"18,000","18,000",0,"18,000"
"=""076133""",一詮國票4A購02  ,0,0,0,"41,000","23,000","18,000","41,000","23,000","18,000"
"=""076278""",緯創富邦49購02  ,0,0,0,"107,000","89,000","18,000","107,000","89,000","18,000"
"=""076615""",時碩元富4C購01  ,0,0,0,"105,000","87,000","18,000","105,000","87,000","18,000"
"=""076876""",奇鋐元大49購10  ,0,0,0,"18,000",0,"18,000","18,000",0,"18,000"
"=""08623U""",欣興凱基33售06  ,0,0,0,"18,000",0,"18,000","18,000",0,"18,000"
3588  ,通嘉            ,"18,000",0,"18,000",0,0,0,"18,000",0,"18,000"
2328  ,廣宇            ,"17,000",18,"16,982","1,000",0,"1,000","18,000",18,"17,982"
3704  ,合勤控          ,"6,000","6,000",0,"24,960","7,000","17,960","30,960","13,000","17,960"
3443  ,創意            ,"110,510","104,269","6,241","62,027","50,813","11,214","172,537","155,082","17,455"
"=""03170T""",奇鋐凱基34售05  ,0,0,0,"33,000","16,000","17,000","33,000","16,000","17,000"
"=""038413""",緯創永豐56購02  ,0,0,0,"17,000",0,"17,000","17,000",0,"17,000"
"=""03989T""",玉晶光凱基35售03,0,0,0,"20,000","3,000","17,000","20,000","3,000","17,000"
"=""047429""",精銳統一51購01  ,0,0,0,"158,000","141,000","17,000","158,000","141,000","17,000"
"=""053755""",怡利電永豐44購01,0,0,0,"17,000",0,"17,000","17,000",0,"17,000"
"=""054213""",中砂凱基45購01  ,0,0,0,"37,000","20,000","17,000","37,000","20,000","17,000"
"=""05477T""",友達中信39售02  ,0,0,0,"22,000","5,000","17,000","22,000","5,000","17,000"
"=""05545T""",聯發科凱基3B售06,0,0,0,"17,000",0,"17,000","17,000",0,"17,000"
"=""057272""",樺漢國票46購02  ,0,0,0,"17,000",0,"17,000","17,000",0,"17,000"
"=""057444""",元債2X永豐46購02,0,0,0,"17,000",0,"17,000","17,000",0,"17,000"
"=""057760""",京元電群益48購01,0,0,0,"27,000","10,000","17,000","27,000","10,000","17,000"
"=""057879""",日月光富邦47購01,0,0,0,"267,000","250,000","17,000","267,000","250,000","17,000"
"=""061553""",台灣50凱基47購08,0,0,0,"17,000",0,"17,000","17,000",0,"17,000"
"=""061929""",洋基兆豐48購01  ,0,0,0,"50,000","33,000","17,000","50,000","33,000","17,000"
"=""063708""",宇隆統一56購01  ,0,0,0,"17,000",0,"17,000","17,000",0,"17,000"
"=""063968""",中興電富邦49購01,0,0,0,"17,000",0,"17,000","17,000",0,"17,000"
"=""064219""",亞翔永豐48購01  ,0,0,0,"45,000","28,000","17,000","45,000","28,000","17,000"
"=""064942""",光寶科永豐47購01,0,0,0,"83,000","66,000","17,000","83,000","66,000","17,000"
"=""065004""",廣宇國票49購02  ,0,0,0,"17,000",0,"17,000","17,000",0,"17,000"
"=""065424""",金像電元大4C購02,0,0,0,"25,000","8,000","17,000","25,000","8,000","17,000"
"=""065639""",海華群益48購02  ,0,0,0,"17,000",0,"17,000","17,000",0,"17,000"
"=""065663""",台積電凱基47購21,0,0,0,"20,000","3,000","17,000","20,000","3,000","17,000"
"=""066145""",華晶科統一51購03,0,0,0,"18,000","1,000","17,000","18,000","1,000","17,000"
"=""066698""",智原統一41購02  ,0,0,0,"17,000",0,"17,000","17,000",0,"17,000"
"=""069076""",鴻海元大48購14  ,0,0,0,"48,000","31,000","17,000","48,000","31,000","17,000"
"=""069268""",材料國泰49購01  ,0,0,0,"17,000",0,"17,000","17,000",0,"17,000"
"=""069934""",南電元大48購01  ,0,0,0,"241,000","224,000","17,000","241,000","224,000","17,000"
"=""070412""",新唐元富49購01  ,0,0,0,"17,000",0,"17,000","17,000",0,"17,000"
"=""070731""",光罩永豐49購01  ,0,0,0,"30,000","13,000","17,000","30,000","13,000","17,000"
"=""071133""",裕民元大48購03  ,0,0,0,"17,000",0,"17,000","17,000",0,"17,000"
"=""071714""",材料元富51購02  ,0,0,0,"17,000",0,"17,000","17,000",0,"17,000"
"=""072020""",三芳元大48購01  ,0,0,0,"70,000","53,000","17,000","70,000","53,000","17,000"
"=""072874""",三芳元富49購01  ,0,0,0,"18,000","1,000","17,000","18,000","1,000","17,000"
"=""073068""",群創凱基4A購03  ,0,0,0,"18,000","1,000","17,000","18,000","1,000","17,000"
"=""073407""",台積電富邦41購01,0,0,0,"30,000","13,000","17,000","30,000","13,000","17,000"
"=""073478""",貿聯國票4A購03  ,0,0,0,"46,000","29,000","17,000","46,000","29,000","17,000"
"=""074039""",台灣50凱基55購01,0,0,0,"17,000",0,"17,000","17,000",0,"17,000"
"=""074250""",采鈺統一43購01  ,0,0,0,"21,000","4,000","17,000","21,000","4,000","17,000"
"=""074400""",碩天國票4A購02  ,0,0,0,"17,000",0,"17,000","17,000",0,"17,000"
"=""076083""",台積電群益4A購31,0,0,0,"61,000","44,000","17,000","61,000","44,000","17,000"
"=""076304""",晶碩凱基4B購01  ,0,0,0,"40,000","23,000","17,000","40,000","23,000","17,000"
"=""077151""",緯穎元大4A購07  ,0,0,0,"20,000","3,000","17,000","20,000","3,000","17,000"
"=""08829U""",日本2X凱基33售01,0,0,0,"17,000",0,"17,000","17,000",0,"17,000"
2211  ,長榮鋼          ,"30,000",0,"30,000",0,"13,000","-13,000","30,000","13,000","17,000"
6191  ,精成科          ,"3,000",0,"3,000","40,000","26,000","14,000","43,000","26,000","17,000"
2485  ,兆赫            ,"16,000","7,384","8,616","8,000",0,"8,000","24,000","7,384","16,616"
"=""00678 """,群益那斯達克生技,0,0,0,"277,607","261,000","16,607","277,607","261,000","16,607"
6756  ,威鋒電子        ,"6,358","11,813","-5,455","27,849","6,003","21,846","34,207","17,816","16,391"
1904  ,正隆            ,"18,000","1,738","16,262",0,0,0,"18,000","1,738","16,262"
"=""03808T""",碩天國票35售03  ,0,0,0,"16,000",0,"16,000","16,000",0,"16,000"
"=""04333T""",群光群益35售02  ,0,0,0,"16,000",0,"16,000","16,000",0,"16,000"
"=""047262""",蔚華科統一4C購01,0,0,0,"16,000",0,"16,000","16,000",0,"16,000"
"=""04892T""",訊芯國票37售02  ,0,0,0,"16,000",0,"16,000","16,000",0,"16,000"
"=""049041""",緯穎群益43購03  ,0,0,0,"16,000",0,"16,000","16,000",0,"16,000"
"=""050222""",長華群益44購01  ,0,0,0,"16,000",0,"16,000","16,000",0,"16,000"
"=""051201""",電子類群益43購05,0,0,0,"141,000","125,000","16,000","141,000","125,000","16,000"
"=""052734""",滬深2X統一48購01,0,0,0,"16,000",0,"16,000","16,000",0,"16,000"
"=""052931""",信邦凱基44購01  ,0,0,0,"16,000",0,"16,000","16,000",0,"16,000"
"=""053890""",T50正2元大47購01,0,0,0,"49,000","33,000","16,000","49,000","33,000","16,000"
"=""053900""",華碩元大44購01  ,0,0,0,"16,000",0,"16,000","16,000",0,"16,000"
"=""054833""",世芯國票47購02  ,0,0,0,"16,000",0,"16,000","16,000",0,"16,000"
"=""05548T""",臺股指凱基37售17,0,0,0,"60,000","44,000","16,000","60,000","44,000","16,000"
"=""056018""",滬深2X凱基44購12,0,0,0,"23,000","7,000","16,000","23,000","7,000","16,000"
"=""056910""",天鈺元大45購01  ,0,0,0,"19,000","3,000","16,000","19,000","3,000","16,000"
"=""057364""",富鼎群益47購02  ,0,0,0,"16,000",0,"16,000","16,000",0,"16,000"
"=""057372""",神基富邦47購01  ,0,0,0,"16,000",0,"16,000","16,000",0,"16,000"
"=""057738""",新唐元大45購06  ,0,0,0,"20,000","4,000","16,000","20,000","4,000","16,000"
"=""058332""",緯創群益4A購01  ,0,0,0,"16,000",0,"16,000","16,000",0,"16,000"
"=""058593""",大立光群益45購04,0,0,0,"66,000","50,000","16,000","66,000","50,000","16,000"
"=""059000""",電子類國票45購02,0,0,0,"127,000","111,000","16,000","127,000","111,000","16,000"
"=""059042""",康舒永豐45購01  ,0,0,0,"30,000","14,000","16,000","30,000","14,000","16,000"
"=""059194""",牧德元大45購03  ,0,0,0,"16,000",0,"16,000","16,000",0,"16,000"
"=""059485""",牧德國票46購03  ,0,0,0,"36,000","20,000","16,000","36,000","20,000","16,000"
"=""059712""",聯電群益46購02  ,0,0,0,"16,000",0,"16,000","16,000",0,"16,000"
"=""059977""",正崴元大45購08  ,0,0,0,"25,000","9,000","16,000","25,000","9,000","16,000"
"=""060908""",長榮航國票47購01,0,0,0,"27,000","11,000","16,000","27,000","11,000","16,000"
"=""061211""",仁寶元大46購05  ,0,0,0,"16,000",0,"16,000","16,000",0,"16,000"
"=""061866""",波力群益48購01  ,0,0,0,"22,000","6,000","16,000","22,000","6,000","16,000"
"=""062028""",泰金寶國票46購01,0,0,0,"29,000","13,000","16,000","29,000","13,000","16,000"
"=""062213""",T50反1元富5C購01,0,0,0,"16,000",0,"16,000","16,000",0,"16,000"
"=""063350""",佳能凱基48購01  ,0,0,0,"16,000",0,"16,000","16,000",0,"16,000"
"=""064027""",雄獅凱基46購01  ,0,0,0,"18,000","2,000","16,000","18,000","2,000","16,000"
"=""064068""",欣興元大46購03  ,0,0,0,"127,000","111,000","16,000","127,000","111,000","16,000"
"=""064235""",潤隆群益46購01  ,0,0,0,"68,000","52,000","16,000","68,000","52,000","16,000"
"=""064248""",華晶科群益48購03,0,0,0,"16,000",0,"16,000","16,000",0,"16,000"
"=""064416""",友達凱基46購01  ,0,0,0,"16,000",0,"16,000","16,000",0,"16,000"
"=""064525""",穎崴群益46購03  ,0,0,0,"547,000","531,000","16,000","547,000","531,000","16,000"
"=""064907""",國巨凱基48購03  ,0,0,0,"22,000","6,000","16,000","22,000","6,000","16,000"
"=""065533""",世紀鋼統一4C購03,0,0,0,"16,000",0,"16,000","16,000",0,"16,000"
"=""066020""",金像電群益47購08,0,0,0,"26,000","10,000","16,000","26,000","10,000","16,000"
"=""066106""",大立光凱基48購05,0,0,0,"17,000","1,000","16,000","17,000","1,000","16,000"
"=""066349""",台灣50元富47購05,0,0,0,"20,000","4,000","16,000","20,000","4,000","16,000"
"=""067329""",台積電元大47購34,0,0,0,"17,000","1,000","16,000","17,000","1,000","16,000"
"=""068046""",富世達元大47購02,0,0,0,"16,000",0,"16,000","16,000",0,"16,000"
"=""068310""",聯發科元大48購01,0,0,0,"24,000","8,000","16,000","24,000","8,000","16,000"
"=""069553""",美律群益49購02  ,0,0,0,"16,000",0,"16,000","16,000",0,"16,000"
"=""070332""",長榮元大48購08  ,0,0,0,"31,000","15,000","16,000","31,000","15,000","16,000"
"=""070636""",國企2X凱基4A購02,0,0,0,"16,000",0,"16,000","16,000",0,"16,000"
"=""071013""",新興統一51購01  ,0,0,0,"16,000",0,"16,000","16,000",0,"16,000"
"=""072459""",華友聯元大48購03,0,0,0,"161,000","145,000","16,000","161,000","145,000","16,000"
"=""072868""",亞翔統一53購01  ,0,0,0,"34,000","18,000","16,000","34,000","18,000","16,000"
"=""072890""",旺宏元富4A購01  ,0,0,0,"16,000",0,"16,000","16,000",0,"16,000"
"=""073896""",鴻準群益49購01  ,0,0,0,"16,000",0,"16,000","16,000",0,"16,000"
"=""074462""",正崴國票4A購01  ,0,0,0,"16,000",0,"16,000","16,000",0,"16,000"
"=""074881""",威強電永豐4A購01,0,0,0,"16,000",0,"16,000","16,000",0,"16,000"
"=""075275""",旺宏國票49購02  ,0,0,0,"16,000",0,"16,000","16,000",0,"16,000"
"=""076637""",台灣50凱基4C購05,0,0,0,"16,000",0,"16,000","16,000",0,"16,000"
"=""076669""",鴻海群益51購05  ,0,0,0,"16,000",0,"16,000","16,000",0,"16,000"
9802  ,鈺齊-KY         ,"5,000","4,290",710,"15,000",0,"15,000","20,000","4,290","15,710"
2915  ,潤泰全          ,"28,000","4,639","23,361",0,"8,000","-8,000","28,000","12,639","15,361"
2204  ,中華            ,"5,303","15,000","-9,697","49,024","24,000","25,024","54,327","39,000","15,327"
8213  ,志超            ,"16,000",757,"15,243",0,0,0,"16,000",757,"15,243"
"=""020032""",元大綠能N       ,0,0,0,"15,000",0,"15,000","15,000",0,"15,000"
"=""03346T""",台光電群益35售04,0,0,0,"30,000","15,000","15,000","30,000","15,000","15,000"
"=""03464T""",華通群益39售03  ,0,0,0,"15,000",0,"15,000","15,000",0,"15,000"
"=""035017""",世紀鋼永豐55購02,0,0,0,"50,000","35,000","15,000","50,000","35,000","15,000"
"=""04035T""",聯發科元大34售43,0,0,0,"15,000",0,"15,000","15,000",0,"15,000"
"=""040714""",聯發科凱基56購04,0,0,0,"15,000",0,"15,000","15,000",0,"15,000"
"=""041082""",富鼎元大54購04  ,0,0,0,"15,000",0,"15,000","15,000",0,"15,000"
"=""04149T""",南電群益35售03  ,0,0,0,"15,000",0,"15,000","15,000",0,"15,000"
"=""044842""",上証2X凱基59購01,0,0,0,"15,000",0,"15,000","15,000",0,"15,000"
"=""044845""",南亞凱基55購04  ,0,0,0,"15,000",0,"15,000","15,000",0,"15,000"
"=""04534T""",華泰凱基35售03  ,0,0,0,"15,000",0,"15,000","15,000",0,"15,000"
"=""04756T""",電子類凱基35售05,0,0,0,"60,000","45,000","15,000","60,000","45,000","15,000"
"=""047692""",美時元大45購02  ,0,0,0,"15,000",0,"15,000","15,000",0,"15,000"
"=""048212""",亞翔凱基42購01  ,0,0,0,"35,000","20,000","15,000","35,000","20,000","15,000"
"=""048609""",台達電國泰44購02,0,0,0,"15,000",0,"15,000","15,000",0,"15,000"
"=""048839""",鴻準群益42購03  ,0,0,0,"15,000",0,"15,000","15,000",0,"15,000"
"=""049502""",晟銘電凱基47購01,0,0,0,"15,000",0,"15,000","15,000",0,"15,000"
"=""050294""",滬深2X國泰45購01,0,0,0,"15,000",0,"15,000","15,000",0,"15,000"
"=""050307""",奇鋐凱基38購01  ,0,0,0,"15,000",0,"15,000","15,000",0,"15,000"
"=""051261""",臺股指法興43購20,0,0,0,"25,000","10,000","15,000","25,000","10,000","15,000"
"=""05138T""",天鈺凱基36售04  ,0,0,0,"15,000",0,"15,000","15,000",0,"15,000"
"=""051397""",亞翔富邦44購01  ,0,0,0,"15,000",0,"15,000","15,000",0,"15,000"
"=""051593""",弘憶股統一59購01,0,0,0,"15,000",0,"15,000","15,000",0,"15,000"
"=""051852""",正崴元大45購02  ,0,0,0,"26,000","11,000","15,000","26,000","11,000","15,000"
"=""051923""",威盛群益43購10  ,0,0,0,"15,000",0,"15,000","15,000",0,"15,000"
"=""052451""",上証2X元富44購02,0,0,0,"17,000","2,000","15,000","17,000","2,000","15,000"
"=""053599""",矽統台新44購01  ,0,0,0,"20,000","5,000","15,000","20,000","5,000","15,000"
"=""053897""",鴻海元大44購18  ,0,0,0,"15,000",0,"15,000","15,000",0,"15,000"
"=""05516T""",緯創群益37售11  ,0,0,0,"15,000",0,"15,000","15,000",0,"15,000"
"=""05631T""",上証2X元富37售03,0,0,0,"15,000",0,"15,000","15,000",0,"15,000"
"=""056352""",奇鋐凱基49購03  ,0,0,0,"15,000",0,"15,000","15,000",0,"15,000"
"=""056442""",大立光統一4B購02,0,0,0,"20,000","5,000","15,000","20,000","5,000","15,000"
"=""057020""",微星統一4B購01  ,0,0,0,"35,000","20,000","15,000","35,000","20,000","15,000"
"=""057527""",川湖元大45購02  ,0,0,0,"20,000","5,000","15,000","20,000","5,000","15,000"
"=""05754T""",創意富邦3B售01  ,0,0,0,"15,000",0,"15,000","15,000",0,"15,000"
"=""058741""",陽明群益45購08  ,0,0,0,"25,000","10,000","15,000","25,000","10,000","15,000"
"=""059108""",美時凱基49購02  ,0,0,0,"16,000","1,000","15,000","16,000","1,000","15,000"
"=""059465""",永崴控元富45購03,0,0,0,"15,000",0,"15,000","15,000",0,"15,000"
"=""059596""",矽力中信45購02  ,0,0,0,"25,000","10,000","15,000","25,000","10,000","15,000"
"=""059933""",鴻海國票46購09  ,0,0,0,"25,000","10,000","15,000","25,000","10,000","15,000"
"=""060078""",台積電國票47購01,0,0,0,"15,000",0,"15,000","15,000",0,"15,000"
"=""060250""",世芯元富46購06  ,0,0,0,"15,000",0,"15,000","15,000",0,"15,000"
"=""060349""",漢唐元大46購02  ,0,0,0,"15,000",0,"15,000","15,000",0,"15,000"
"=""060400""",力積電第一48購01,0,0,0,"15,000",0,"15,000","15,000",0,"15,000"
"=""060693""",長榮航永豐46購03,0,0,0,"40,000","25,000","15,000","40,000","25,000","15,000"
"=""061138""",台積電統一41購02,0,0,0,"15,000",0,"15,000","15,000",0,"15,000"
"=""061659""",SGBR2X群益46購03,0,0,0,"15,000",0,"15,000","15,000",0,"15,000"
"=""061669""",正新群益46購01  ,0,0,0,"15,000",0,"15,000","15,000",0,"15,000"
"=""062484""",台光電統一4C購01,0,0,0,"160,000","145,000","15,000","160,000","145,000","15,000"
"=""062596""",上緯控元大46購02,0,0,0,"20,000","5,000","15,000","20,000","5,000","15,000"
"=""062771""",亞光群益4A購01  ,0,0,0,"15,000",0,"15,000","15,000",0,"15,000"
"=""063044""",一詮富邦49購01  ,0,0,0,"15,000",0,"15,000","15,000",0,"15,000"
"=""063122""",台積電凱基4B購02,0,0,0,"15,000",0,"15,000","15,000",0,"15,000"
"=""063135""",智原凱基48購02  ,0,0,0,"15,000",0,"15,000","15,000",0,"15,000"
"=""063303""",微星永豐47購01  ,0,0,0,"15,000",0,"15,000","15,000",0,"15,000"
"=""063385""",達發富邦48購01  ,0,0,0,"20,000","5,000","15,000","20,000","5,000","15,000"
"=""064084""",愛普元大46購05  ,0,0,0,"78,000","63,000","15,000","78,000","63,000","15,000"
"=""064317""",元債2X凱基47購03,0,0,0,"112,000","97,000","15,000","112,000","97,000","15,000"
"=""064342""",世芯凱基48購08  ,0,0,0,"16,000","1,000","15,000","16,000","1,000","15,000"
"=""064623""",新日興凱基49購01,0,0,0,"20,000","5,000","15,000","20,000","5,000","15,000"
"=""065079""",華城統一3B購03  ,0,0,0,"19,000","4,000","15,000","19,000","4,000","15,000"
"=""065432""",聯詠元大47購01  ,0,0,0,"15,000",0,"15,000","15,000",0,"15,000"
"=""065551""",川湖元富51購01  ,0,0,0,"38,000","23,000","15,000","38,000","23,000","15,000"
"=""065638""",海華群益48購01  ,0,0,0,"15,000",0,"15,000","15,000",0,"15,000"
"=""065772""",泓德元大47購01  ,0,0,0,"15,000",0,"15,000","15,000",0,"15,000"
"=""065903""",欣興凱基48購02  ,0,0,0,"79,000","64,000","15,000","79,000","64,000","15,000"
"=""066032""",大立光群益47購08,0,0,0,"15,000",0,"15,000","15,000",0,"15,000"
"=""066153""",精成科統一51購04,0,0,0,"17,000","2,000","15,000","17,000","2,000","15,000"
"=""066181""",直得永豐47購01  ,0,0,0,"15,000",0,"15,000","15,000",0,"15,000"
"=""066458""",所羅門元大47購03,0,0,0,"15,000",0,"15,000","15,000",0,"15,000"
"=""066617""",SGBR2X富邦48購01,0,0,0,"15,000",0,"15,000","15,000",0,"15,000"
"=""066661""",國產第一47購01  ,0,0,0,"15,000",0,"15,000","15,000",0,"15,000"
"=""066749""",鴻海元大47購14  ,0,0,0,"106,000","91,000","15,000","106,000","91,000","15,000"
"=""066831""",全新凱基47購02  ,0,0,0,"15,000",0,"15,000","15,000",0,"15,000"
"=""066862""",台積電元富47購20,0,0,0,"15,000",0,"15,000","15,000",0,"15,000"
"=""066931""",力智群益49購01  ,0,0,0,"15,000",0,"15,000","15,000",0,"15,000"
"=""067186""",正文富邦49購01  ,0,0,0,"19,000","4,000","15,000","19,000","4,000","15,000"
"=""067366""",華泰元富3B購01  ,0,0,0,"15,000",0,"15,000","15,000",0,"15,000"
"=""067745""",台塑富邦49購02  ,0,0,0,"15,000",0,"15,000","15,000",0,"15,000"
"=""067786""",欣興中信3B購01  ,0,0,0,"50,000","35,000","15,000","50,000","35,000","15,000"
"=""067863""",來億凱基49購01  ,0,0,0,"95,000","80,000","15,000","95,000","80,000","15,000"
"=""067882""",群創群益47購03  ,0,0,0,"15,000",0,"15,000","15,000",0,"15,000"
"=""068700""",長榮凱基49購03  ,0,0,0,"22,000","7,000","15,000","22,000","7,000","15,000"
"=""069011""",祥碩國票4A購01  ,0,0,0,"121,000","106,000","15,000","121,000","106,000","15,000"
"=""069205""",立積統一52購05  ,0,0,0,"15,000",0,"15,000","15,000",0,"15,000"
"=""069503""",神基中信48購01  ,0,0,0,"15,000",0,"15,000","15,000",0,"15,000"
"=""069804""",志強統一52購02  ,0,0,0,"35,000","20,000","15,000","35,000","20,000","15,000"
"=""070106""",上銀元大48購09  ,0,0,0,"15,000",0,"15,000","15,000",0,"15,000"
"=""070728""",鴻海永豐51購01  ,0,0,0,"17,000","2,000","15,000","17,000","2,000","15,000"
"=""071411""",力積電兆豐4A購01,0,0,0,"15,000",0,"15,000","15,000",0,"15,000"
"=""071554""",亞翔元大48購18  ,0,0,0,"15,000",0,"15,000","15,000",0,"15,000"
"=""071587""",力成凱基49購01  ,0,0,0,"16,000","1,000","15,000","16,000","1,000","15,000"
"=""071641""",視陽中信48購01  ,0,0,0,"20,000","5,000","15,000","20,000","5,000","15,000"
"=""071931""",東元群益48購01  ,0,0,0,"15,000",0,"15,000","15,000",0,"15,000"
"=""072039""",裕民元大48購11  ,0,0,0,"45,000","30,000","15,000","45,000","30,000","15,000"
"=""072173""",全新國票49購02  ,0,0,0,"20,000","5,000","15,000","20,000","5,000","15,000"
"=""072622""",長榮國泰4A購01  ,0,0,0,"16,000","1,000","15,000","16,000","1,000","15,000"
"=""072648""",世紀鋼統一51購03,0,0,0,"15,000",0,"15,000","15,000",0,"15,000"
"=""072951""",中興電元大49購01,0,0,0,"20,000","5,000","15,000","20,000","5,000","15,000"
"=""073296""",川湖凱基49購04  ,0,0,0,"20,000","5,000","15,000","20,000","5,000","15,000"
"=""074095""",台積電群益49購19,0,0,0,"15,000",0,"15,000","15,000",0,"15,000"
"=""074521""",智原凱基4C購02  ,0,0,0,"15,000",0,"15,000","15,000",0,"15,000"
"=""074614""",光寶科富邦4B購01,0,0,0,"15,000",0,"15,000","15,000",0,"15,000"
"=""075041""",穎崴群益49購02  ,0,0,0,"15,000",0,"15,000","15,000",0,"15,000"
"=""075348""",一詮凱基4B購02  ,0,0,0,"230,000","215,000","15,000","230,000","215,000","15,000"
"=""075495""",臺股指中信4A購11,0,0,0,"15,000",0,"15,000","15,000",0,"15,000"
"=""075496""",佳能永豐53購01  ,0,0,0,"15,000",0,"15,000","15,000",0,"15,000"
"=""075498""",漢翔永豐49購01  ,0,0,0,"15,000",0,"15,000","15,000",0,"15,000"
"=""075913""",道瓊銅凱基51購02,0,0,0,"35,000","20,000","15,000","35,000","20,000","15,000"
"=""075992""",台積電元大49購28,0,0,0,"34,000","19,000","15,000","34,000","19,000","15,000"
6213  ,聯茂            ,"24,000","4,000","20,000","1,000","6,000","-5,000","25,000","10,000","15,000"
3665  ,貿聯-KY         ,"15,000",0,"15,000","14,000","14,073",-73,"29,000","14,073","14,927"
6416  ,瑞祺電通        ,0,371,-371,"15,000",0,"15,000","15,000",371,"14,629"
3042  ,晶技            ,"11,000",388,"10,612","6,000","2,000","4,000","17,000","2,388","14,612"
2360  ,致茂            ,"12,000",0,"12,000","4,000","1,616","2,384","16,000","1,616","14,384"
"=""00735 """,國泰臺韓科技    ,0,0,0,"116,000","102,000","14,000","116,000","102,000","14,000"
"=""02001L""",富邦蘋果正二N   ,0,0,0,"36,000","22,000","14,000","36,000","22,000","14,000"
"=""03902T""",川湖群益3A售02  ,0,0,0,"86,000","72,000","14,000","86,000","72,000","14,000"
"=""045356""",昇貿凱基59購01  ,0,0,0,"14,000",0,"14,000","14,000",0,"14,000"
"=""04631T""",亞翔元大35售06  ,0,0,0,"25,000","11,000","14,000","25,000","11,000","14,000"
"=""046564""",英業達兆豐44購01,0,0,0,"33,000","19,000","14,000","33,000","19,000","14,000"
"=""046823""",光寶科元大43購01,0,0,0,"14,000",0,"14,000","14,000",0,"14,000"
"=""04807T""",台積電凱基36售30,0,0,0,"23,000","9,000","14,000","23,000","9,000","14,000"
"=""048914""",長華中信44購01  ,0,0,0,"14,000",0,"14,000","14,000",0,"14,000"
"=""051543""",迎廣群益43購01  ,0,0,0,"15,000","1,000","14,000","15,000","1,000","14,000"
"=""055515""",A50正2國票45購08,0,0,0,"14,000",0,"14,000","14,000",0,"14,000"
"=""055568""",聯發科元富5A購01,0,0,0,"14,000",0,"14,000","14,000",0,"14,000"
"=""05587T""",健策元富3A售02  ,0,0,0,"18,000","4,000","14,000","18,000","4,000","14,000"
"=""05602T""",宏�痐舅j38售04  ,0,0,0,"14,000",0,"14,000","14,000",0,"14,000"
"=""056404""",世紀鋼元大4B購01,0,0,0,"16,000","2,000","14,000","16,000","2,000","14,000"
"=""057542""",技嘉元大49購05  ,0,0,0,"15,000","1,000","14,000","15,000","1,000","14,000"
"=""057784""",樺漢群益46購02  ,0,0,0,"19,000","5,000","14,000","19,000","5,000","14,000"
"=""057844""",聯電凱基46購01  ,0,0,0,"14,000",0,"14,000","14,000",0,"14,000"
"=""058190""",欣興永豐45購03  ,0,0,0,"14,000",0,"14,000","14,000",0,"14,000"
"=""058468""",合機國票46購01  ,0,0,0,"14,000",0,"14,000","14,000",0,"14,000"
"=""058938""",中信金群益45購02,0,0,0,"20,000","6,000","14,000","20,000","6,000","14,000"
"=""059478""",金像電國票46購02,0,0,0,"14,000",0,"14,000","14,000",0,"14,000"
"=""059859""",滬深2X元富4B購01,0,0,0,"69,000","55,000","14,000","69,000","55,000","14,000"
"=""060180""",長榮元大46購02  ,0,0,0,"34,000","20,000","14,000","34,000","20,000","14,000"
"=""060235""",臻鼎凱基46購03  ,0,0,0,"14,000",0,"14,000","14,000",0,"14,000"
"=""060647""",長榮航中信46購01,0,0,0,"14,000",0,"14,000","14,000",0,"14,000"
"=""061809""",長榮凱基47購04  ,0,0,0,"120,000","106,000","14,000","120,000","106,000","14,000"
"=""061840""",仁寶群益46購05  ,0,0,0,"14,000",0,"14,000","14,000",0,"14,000"
"=""062545""",愛普國票47購02  ,0,0,0,"14,000",0,"14,000","14,000",0,"14,000"
"=""063213""",T50反1元大49購05,0,0,0,"14,000",0,"14,000","14,000",0,"14,000"
"=""063233""",鴻準元大46購25  ,0,0,0,"14,000",0,"14,000","14,000",0,"14,000"
"=""063325""",牧德國票46購04  ,0,0,0,"56,000","42,000","14,000","56,000","42,000","14,000"
"=""063544""",世芯國泰48購02  ,0,0,0,"20,000","6,000","14,000","20,000","6,000","14,000"
"=""063660""",大立光元大46購14,0,0,0,"14,000",0,"14,000","14,000",0,"14,000"
"=""063749""",瑞鼎國票47購01  ,0,0,0,"19,000","5,000","14,000","19,000","5,000","14,000"
"=""064048""",台積電元大46購35,0,0,0,"14,000",0,"14,000","14,000",0,"14,000"
"=""064144""",微星富邦48購01  ,0,0,0,"14,000",0,"14,000","14,000",0,"14,000"
"=""064169""",台積電元富46購15,0,0,0,"14,000",0,"14,000","14,000",0,"14,000"
"=""064899""",世紀鋼群益47購02,0,0,0,"14,000",0,"14,000","14,000",0,"14,000"
"=""064929""",啟�硈肭�48購03  ,0,0,0,"14,000",0,"14,000","14,000",0,"14,000"
"=""065157""",世芯群益47購10  ,0,0,0,"16,000","2,000","14,000","16,000","2,000","14,000"
"=""065549""",台灣50元富47購03,0,0,0,"31,000","17,000","14,000","31,000","17,000","14,000"
"=""065753""",研揚統一41購01  ,0,0,0,"14,000",0,"14,000","14,000",0,"14,000"
"=""066892""",洋基元富47購04  ,0,0,0,"17,000","3,000","14,000","17,000","3,000","14,000"
"=""066906""",華通群益47購06  ,0,0,0,"25,000","11,000","14,000","25,000","11,000","14,000"
"=""067516""",奇鋐元大49購06  ,0,0,0,"14,000",0,"14,000","14,000",0,"14,000"
"=""068142""",緯創富邦48購02  ,0,0,0,"20,000","6,000","14,000","20,000","6,000","14,000"
"=""068902""",華邦電元大48購01,0,0,0,"14,000",0,"14,000","14,000",0,"14,000"
"=""069164""",台積電統一5C購02,0,0,0,"14,000",0,"14,000","14,000",0,"14,000"
"=""069235""",智原元富48購01  ,0,0,0,"14,000",0,"14,000","14,000",0,"14,000"
"=""070999""",中鋼統一52購03  ,0,0,0,"14,000",0,"14,000","14,000",0,"14,000"
"=""071006""",金寶統一52購02  ,0,0,0,"66,000","52,000","14,000","66,000","52,000","14,000"
"=""071243""",滬深2X凱基4B購05,0,0,0,"79,000","65,000","14,000","79,000","65,000","14,000"
"=""071531""",奇鋐元大48購12  ,0,0,0,"46,000","32,000","14,000","46,000","32,000","14,000"
"=""071607""",旺宏群益49購01  ,0,0,0,"14,000",0,"14,000","14,000",0,"14,000"
"=""072692""",台積電國票59購01,0,0,0,"35,000","21,000","14,000","35,000","21,000","14,000"
"=""073836""",中鴻元大49購05  ,0,0,0,"23,000","9,000","14,000","23,000","9,000","14,000"
"=""074349""",華邦電元大49購09,0,0,0,"32,000","18,000","14,000","32,000","18,000","14,000"
"=""074464""",裕民國票4A購03  ,0,0,0,"59,000","45,000","14,000","59,000","45,000","14,000"
"=""074506""",國巨凱基49購02  ,0,0,0,"46,000","32,000","14,000","46,000","32,000","14,000"
"=""074562""",華城元大4A購03  ,0,0,0,"14,000",0,"14,000","14,000",0,"14,000"
"=""074568""",東鹼元大49購03  ,0,0,0,"14,000",0,"14,000","14,000",0,"14,000"
"=""075569""",佳能元大49購04  ,0,0,0,"14,000",0,"14,000","14,000",0,"14,000"
"=""075611""",香港2X凱基43購01,0,0,0,"14,000",0,"14,000","14,000",0,"14,000"
"=""075877""",南亞科元富49購06,0,0,0,"14,000",0,"14,000","14,000",0,"14,000"
"=""075892""",世芯國泰4A購04  ,0,0,0,"27,000","13,000","14,000","27,000","13,000","14,000"
"=""076659""",天鈺凱基4B購01  ,0,0,0,"14,000",0,"14,000","14,000",0,"14,000"
"=""076714""",聯發科元大4A購04,0,0,0,"14,000",0,"14,000","14,000",0,"14,000"
"=""076872""",漢翔元大4C購02  ,0,0,0,"128,000","114,000","14,000","128,000","114,000","14,000"
1477  ,聚陽            ,"42,000","24,100","17,900","1,296","5,921","-4,625","43,296","30,021","13,275"
6781  ,AES-KY          ,"15,000","4,000","11,000","4,538","2,321","2,217","19,538","6,321","13,217"
"=""03583T""",金像電元大33售27,0,0,0,"13,000",0,"13,000","13,000",0,"13,000"
"=""03865T""",金像電元大34售18,0,0,0,"13,000",0,"13,000","13,000",0,"13,000"
"=""043531""",力積電元大5B購01,0,0,0,"13,000",0,"13,000","13,000",0,"13,000"
"=""04549T""",祥碩元富35售04  ,0,0,0,"13,000",0,"13,000","13,000",0,"13,000"
"=""046254""",隆大國票43購02  ,0,0,0,"13,000",0,"13,000","13,000",0,"13,000"
"=""048243""",緯穎國泰44購01  ,0,0,0,"33,000","20,000","13,000","33,000","20,000","13,000"
"=""049735""",新日興國票43購02,0,0,0,"13,000",0,"13,000","13,000",0,"13,000"
"=""05011T""",金像電元富39售02,0,0,0,"13,000",0,"13,000","13,000",0,"13,000"
"=""05013T""",智原元富36售07  ,0,0,0,"13,000",0,"13,000","13,000",0,"13,000"
"=""050819""",萬海兆豐45購01  ,0,0,0,"20,000","7,000","13,000","20,000","7,000","13,000"
"=""050886""",碩天元大43購06  ,0,0,0,"13,000",0,"13,000","13,000",0,"13,000"
"=""051493""",臺股指元大49購03,0,0,0,"13,000",0,"13,000","13,000",0,"13,000"
"=""051645""",光寶科群益46購01,0,0,0,"13,000",0,"13,000","13,000",0,"13,000"
"=""053623""",台光電凱基3B購03,0,0,0,"18,000","5,000","13,000","18,000","5,000","13,000"
"=""053949""",大聯大兆豐46購01,0,0,0,"20,000","7,000","13,000","20,000","7,000","13,000"
"=""05466T""",緯創元富36售14  ,0,0,0,"62,000","49,000","13,000","62,000","49,000","13,000"
"=""056157""",辛耘富邦44購01  ,0,0,0,"13,000",0,"13,000","13,000",0,"13,000"
"=""056992""",英業達國票46購02,0,0,0,"13,000",0,"13,000","13,000",0,"13,000"
"=""057662""",材料統一3A購02  ,0,0,0,"13,000",0,"13,000","13,000",0,"13,000"
"=""058952""",臺股指群益45購23,0,0,0,"15,000","2,000","13,000","15,000","2,000","13,000"
"=""060797""",台積電元富46購08,0,0,0,"13,000",0,"13,000","13,000",0,"13,000"
"=""061223""",華航元大46購02  ,0,0,0,"13,000",0,"13,000","13,000",0,"13,000"
"=""061286""",鉅祥永豐47購01  ,0,0,0,"13,000",0,"13,000","13,000",0,"13,000"
"=""061360""",亞光國票46購03  ,0,0,0,"22,000","9,000","13,000","22,000","9,000","13,000"
"=""062235""",T50反1凱基4A購01,0,0,0,"21,000","8,000","13,000","21,000","8,000","13,000"
"=""062819""",世芯元大46購20  ,0,0,0,"48,000","35,000","13,000","48,000","35,000","13,000"
"=""063579""",中砂凱基48購01  ,0,0,0,"13,000",0,"13,000","13,000",0,"13,000"
"=""063723""",一詮中信46購01  ,0,0,0,"25,000","12,000","13,000","25,000","12,000","13,000"
"=""064645""",緯創元富44購01  ,0,0,0,"13,000",0,"13,000","13,000",0,"13,000"
"=""064757""",智邦國票48購01  ,0,0,0,"18,000","5,000","13,000","18,000","5,000","13,000"
"=""066066""",勤誠凱基3B購01  ,0,0,0,"15,000","2,000","13,000","15,000","2,000","13,000"
"=""066300""",汎銓元大47購01  ,0,0,0,"13,000",0,"13,000","13,000",0,"13,000"
"=""066470""",大立光元大47購08,0,0,0,"40,000","27,000","13,000","40,000","27,000","13,000"
"=""066954""",上銀元大4A購05  ,0,0,0,"68,000","55,000","13,000","68,000","55,000","13,000"
"=""067618""",南亞統一51購04  ,0,0,0,"13,000",0,"13,000","13,000",0,"13,000"
"=""068221""",南亞科群益48購05,0,0,0,"28,000","15,000","13,000","28,000","15,000","13,000"
"=""068279""",奇鋐凱基48購05  ,0,0,0,"13,000",0,"13,000","13,000",0,"13,000"
"=""068607""",智邦元大49購02  ,0,0,0,"13,000",0,"13,000","13,000",0,"13,000"
"=""068635""",力積電元大48購06,0,0,0,"13,000",0,"13,000","13,000",0,"13,000"
"=""070333""",長榮航元大48購04,0,0,0,"13,000",0,"13,000","13,000",0,"13,000"
"=""071919""",晶技統一52購01  ,0,0,0,"13,000",0,"13,000","13,000",0,"13,000"
"=""071962""",T50反1元富48購03,0,0,0,"15,000","2,000","13,000","15,000","2,000","13,000"
"=""072328""",大銀永豐48購02  ,0,0,0,"13,000",0,"13,000","13,000",0,"13,000"
"=""074166""",臺股指元大4A購15,0,0,0,"108,000","95,000","13,000","108,000","95,000","13,000"
"=""074796""",台積電元大51購15,0,0,0,"13,000",0,"13,000","13,000",0,"13,000"
"=""075410""",宏達電統一43購01,0,0,0,"13,000",0,"13,000","13,000",0,"13,000"
"=""075715""",漢翔凱基4A購01  ,0,0,0,"191,000","178,000","13,000","191,000","178,000","13,000"
"=""076327""",時碩元富49購04  ,0,0,0,"13,000",0,"13,000","13,000",0,"13,000"
"=""076687""",創意群益49購15  ,0,0,0,"13,000",0,"13,000","13,000",0,"13,000"
3266  ,昇陽            ,"13,000",0,"13,000",0,0,0,"13,000",0,"13,000"
3437  ,榮創            ,"45,000","32,000","13,000",0,0,0,"45,000","32,000","13,000"
8039  ,台虹            ,"17,000","6,000","11,000","3,000","1,000","2,000","20,000","7,000","13,000"
3149  ,正達            ,"18,000","5,001","12,999",0,0,0,"18,000","5,001","12,999"
9914  ,美利達          ,"20,158","8,287","11,871","1,000",0,"1,000","21,158","8,287","12,871"
1605  ,華新            ,"91,000","42,425","48,575","41,000","77,000","-36,000","132,000","119,425","12,575"
6271  ,同欣電          ,"10,000","8,325","1,675","40,000","29,377","10,623","50,000","37,702","12,298"
"=""03486T""",台積電國泰35售03,0,0,0,"12,000",0,"12,000","12,000",0,"12,000"
"=""03677T""",聯電元大34售06  ,0,0,0,"12,000",0,"12,000","12,000",0,"12,000"
"=""03793T""",矽統元大34售20  ,0,0,0,"12,000",0,"12,000","12,000",0,"12,000"
"=""044783""",力積電元大55購05,0,0,0,"12,000",0,"12,000","12,000",0,"12,000"
"=""045977""",景碩統一48購01  ,0,0,0,"12,000",0,"12,000","12,000",0,"12,000"
"=""049326""",皇昌第一44購01  ,0,0,0,"12,000",0,"12,000","12,000",0,"12,000"
"=""051138""",長華凱基44購01  ,0,0,0,"12,000",0,"12,000","12,000",0,"12,000"
"=""051443""",日本2X凱基45購01,0,0,0,"12,000",0,"12,000","12,000",0,"12,000"
"=""051675""",南亞凱基43購02  ,0,0,0,"12,000",0,"12,000","12,000",0,"12,000"
"=""052870""",技嘉永豐45購02  ,0,0,0,"12,000",0,"12,000","12,000",0,"12,000"
"=""053483""",毅嘉元富4A購01  ,0,0,0,"72,000","60,000","12,000","72,000","60,000","12,000"
"=""053893""",A50正2元大44購02,0,0,0,"12,000",0,"12,000","12,000",0,"12,000"
"=""054024""",迎廣元富4A購01  ,0,0,0,"12,000",0,"12,000","12,000",0,"12,000"
"=""056231""",新唐群益46購01  ,0,0,0,"12,000",0,"12,000","12,000",0,"12,000"
"=""056480""",陽明國票46購05  ,0,0,0,"37,000","25,000","12,000","37,000","25,000","12,000"
"=""057865""",緯穎凱基45購06  ,0,0,0,"51,000","39,000","12,000","51,000","39,000","12,000"
"=""058147""",華航群益45購03  ,0,0,0,"12,000",0,"12,000","12,000",0,"12,000"
"=""058400""",長榮元富45購03  ,0,0,0,"12,000",0,"12,000","12,000",0,"12,000"
"=""058972""",台泥國票46購01  ,0,0,0,"12,000",0,"12,000","12,000",0,"12,000"
"=""060669""",台光電凱基47購03,0,0,0,"12,000",0,"12,000","12,000",0,"12,000"
"=""060771""",瀚宇博兆豐3A購01,0,0,0,"12,000",0,"12,000","12,000",0,"12,000"
"=""061156""",四維航元富3A購01,0,0,0,"12,000",0,"12,000","12,000",0,"12,000"
"=""061637""",陽明元大46購14  ,0,0,0,"12,000",0,"12,000","12,000",0,"12,000"
"=""061804""",台光電凱基46購05,0,0,0,"20,000","8,000","12,000","20,000","8,000","12,000"
"=""063146""",泰金寶凱基46購02,0,0,0,"25,000","13,000","12,000","25,000","13,000","12,000"
"=""063601""",達發凱基48購02  ,0,0,0,"81,000","69,000","12,000","81,000","69,000","12,000"
"=""063700""",世芯永豐54購01  ,0,0,0,"13,000","1,000","12,000","13,000","1,000","12,000"
"=""064446""",台積電元大47購06,0,0,0,"16,000","4,000","12,000","16,000","4,000","12,000"
"=""064861""",滬深2X群益47購04,0,0,0,"12,000",0,"12,000","12,000",0,"12,000"
"=""064966""",全新國泰48購01  ,0,0,0,"12,000",0,"12,000","12,000",0,"12,000"
"=""065018""",瀚宇博國票49購01,0,0,0,"12,000",0,"12,000","12,000",0,"12,000"
"=""065219""",上証2X凱基47購02,0,0,0,"12,000",0,"12,000","12,000",0,"12,000"
"=""065849""",宏�痐井H47購01  ,0,0,0,"13,000","1,000","12,000","13,000","1,000","12,000"
"=""065940""",伊雲谷元富51購01,0,0,0,"62,000","50,000","12,000","62,000","50,000","12,000"
"=""066120""",南亞統一51購02  ,0,0,0,"12,000",0,"12,000","12,000",0,"12,000"
"=""066189""",聯發科永豐48購03,0,0,0,"12,000",0,"12,000","12,000",0,"12,000"
"=""066202""",元債2X群益51購04,0,0,0,"29,000","17,000","12,000","29,000","17,000","12,000"
"=""066581""",景碩元富47購01  ,0,0,0,"12,000",0,"12,000","12,000",0,"12,000"
"=""068139""",美食富邦4B購01  ,0,0,0,"62,000","50,000","12,000","62,000","50,000","12,000"
"=""069008""",精銳國票49購01  ,0,0,0,"12,000",0,"12,000","12,000",0,"12,000"
"=""069254""",瑞昱第一48購01  ,0,0,0,"14,000","2,000","12,000","14,000","2,000","12,000"
"=""069262""",華通國泰49購01  ,0,0,0,"12,000",0,"12,000","12,000",0,"12,000"
"=""069802""",迅得統一53購02  ,0,0,0,"105,000","93,000","12,000","105,000","93,000","12,000"
"=""069948""",國巨群益4A購02  ,0,0,0,"12,000",0,"12,000","12,000",0,"12,000"
"=""070854""",台達電元大48購05,0,0,0,"112,000","100,000","12,000","112,000","100,000","12,000"
"=""072518""",大同群益48購02  ,0,0,0,"107,000","95,000","12,000","107,000","95,000","12,000"
"=""072533""",中磊群益4B購02  ,0,0,0,"25,000","13,000","12,000","25,000","13,000","12,000"
"=""072646""",巨大統一51購02  ,0,0,0,"12,000",0,"12,000","12,000",0,"12,000"
"=""073185""",美律統一53購01  ,0,0,0,"12,000",0,"12,000","12,000",0,"12,000"
"=""073197""",巨大統一53購03  ,0,0,0,"12,000",0,"12,000","12,000",0,"12,000"
"=""073507""",上銀凱基49購08  ,0,0,0,"158,000","146,000","12,000","158,000","146,000","12,000"
"=""073679""",廣宇凱基41購01  ,0,0,0,"12,000",0,"12,000","12,000",0,"12,000"
"=""073997""",大同統一52購03  ,0,0,0,"126,000","114,000","12,000","126,000","114,000","12,000"
"=""074715""",世芯元富4C購03  ,0,0,0,"12,000",0,"12,000","12,000",0,"12,000"
"=""075020""",華碩群益49購02  ,0,0,0,"12,000",0,"12,000","12,000",0,"12,000"
"=""075049""",南亞科富邦4C購01,0,0,0,"15,000","3,000","12,000","15,000","3,000","12,000"
"=""075212""",臺股指群益49購30,0,0,0,"12,000",0,"12,000","12,000",0,"12,000"
"=""075268""",滬深2X國票55購01,0,0,0,"22,000","10,000","12,000","22,000","10,000","12,000"
"=""075402""",臺股指群益53購02,0,0,0,"430,000","418,000","12,000","430,000","418,000","12,000"
"=""076178""",健策凱基51購01  ,0,0,0,"46,000","34,000","12,000","46,000","34,000","12,000"
"=""076710""",台光電元大49購12,0,0,0,"12,000",0,"12,000","12,000",0,"12,000"
"=""077086""",台灣50富邦49購10,0,0,0,"54,000","42,000","12,000","54,000","42,000","12,000"
"=""077168""",世紀鋼永豐51購01,0,0,0,"12,000",0,"12,000","12,000",0,"12,000"
"=""08090U""",萬海統一32售02  ,0,0,0,"18,000","6,000","12,000","18,000","6,000","12,000"
"=""082372""",世芯凱基51購07  ,0,0,0,"12,000",0,"12,000","12,000",0,"12,000"
2305  ,全友            ,"12,000",0,"12,000",0,0,0,"12,000",0,"12,000"
4572  ,駐龍            ,"13,000","1,000","12,000",0,0,0,"13,000","1,000","12,000"
6449  ,鈺邦            ,"12,000",0,"12,000",0,0,0,"12,000",0,"12,000"
8033  ,雷虎            ,"12,000",0,"12,000",0,0,0,"12,000",0,"12,000"
6605  ,帝寶            ,"7,000","5,296","1,704","9,690",0,"9,690","16,690","5,296","11,394"
2206  ,三陽工業        ,0,0,0,"19,000","7,999","11,001","19,000","7,999","11,001"
"=""020036""",元大金融配息N   ,0,0,0,"11,000",0,"11,000","11,000",0,"11,000"
"=""039870""",力積電第一54購02,0,0,0,"11,000",0,"11,000","11,000",0,"11,000"
"=""041073""",康舒元大54購07  ,0,0,0,"11,000",0,"11,000","11,000",0,"11,000"
"=""041081""",富世達元大54購28,0,0,0,"11,000",0,"11,000","11,000",0,"11,000"
"=""04237T""",英業達國票39售01,0,0,0,"29,000","18,000","11,000","29,000","18,000","11,000"
"=""043586""",漢唐國票56購01  ,0,0,0,"70,000","59,000","11,000","70,000","59,000","11,000"
"=""044157""",康舒元大5A購03  ,0,0,0,"11,000",0,"11,000","11,000",0,"11,000"
"=""045298""",世芯元大55購10  ,0,0,0,"11,000",0,"11,000","11,000",0,"11,000"
"=""045504""",玉晶光國票55購01,0,0,0,"17,000","6,000","11,000","17,000","6,000","11,000"
"=""046538""",金像電凱基44購01,0,0,0,"11,000",0,"11,000","11,000",0,"11,000"
"=""047032""",華新永豐43購01  ,0,0,0,"11,000",0,"11,000","11,000",0,"11,000"
"=""04969T""",訊芯國票37售04  ,0,0,0,"51,000","40,000","11,000","51,000","40,000","11,000"
"=""049738""",大銀國票44購01  ,0,0,0,"11,000",0,"11,000","11,000",0,"11,000"
"=""05090T""",大立光凱基38售06,0,0,0,"88,000","77,000","11,000","88,000","77,000","11,000"
"=""054067""",華城國票45購03  ,0,0,0,"51,000","40,000","11,000","51,000","40,000","11,000"
"=""054094""",聯發科富邦44購02,0,0,0,"11,000",0,"11,000","11,000",0,"11,000"
"=""056977""",英業達元富4A購01,0,0,0,"11,000",0,"11,000","11,000",0,"11,000"
"=""057689""",華擎國票46購02  ,0,0,0,"11,000",0,"11,000","11,000",0,"11,000"
"=""057803""",未來車元富45購04,0,0,0,"11,000",0,"11,000","11,000",0,"11,000"
"=""057943""",貿聯元大45購12  ,0,0,0,"11,000",0,"11,000","11,000",0,"11,000"
"=""058362""",威盛國票46購03  ,0,0,0,"11,000",0,"11,000","11,000",0,"11,000"
"=""058715""",臺股指國票45購09,0,0,0,"11,000",0,"11,000","11,000",0,"11,000"
"=""060086""",可成國票46購02  ,0,0,0,"11,000",0,"11,000","11,000",0,"11,000"
"=""061326""",台化凱基47購01  ,0,0,0,"11,000",0,"11,000","11,000",0,"11,000"
"=""061875""",鴻海元大46購17  ,0,0,0,"11,000",0,"11,000","11,000",0,"11,000"
"=""062040""",上証2X群益49購03,0,0,0,"21,000","10,000","11,000","21,000","10,000","11,000"
"=""062306""",泰金寶群益46購01,0,0,0,"11,000",0,"11,000","11,000",0,"11,000"
"=""063189""",南亞科群益4C購01,0,0,0,"25,000","14,000","11,000","25,000","14,000","11,000"
"=""063301""",鴻海永豐4A購03  ,0,0,0,"11,000",0,"11,000","11,000",0,"11,000"
"=""063542""",敦泰國泰48購01  ,0,0,0,"42,000","31,000","11,000","42,000","31,000","11,000"
"=""064039""",巨大凱基47購01  ,0,0,0,"21,000","10,000","11,000","21,000","10,000","11,000"
"=""064330""",昆盈凱基46購02  ,0,0,0,"15,000","4,000","11,000","15,000","4,000","11,000"
"=""065173""",美債2X凱基57購01,0,0,0,"443,000","432,000","11,000","443,000","432,000","11,000"
"=""065180""",聯電凱基47購04  ,0,0,0,"11,000",0,"11,000","11,000",0,"11,000"
"=""065300""",國巨統一51購02  ,0,0,0,"12,000","1,000","11,000","12,000","1,000","11,000"
"=""065343""",華城國泰48購02  ,0,0,0,"88,000","77,000","11,000","88,000","77,000","11,000"
"=""065730""",長榮航元大48購01,0,0,0,"17,000","6,000","11,000","17,000","6,000","11,000"
"=""065864""",所羅門永豐4C購01,0,0,0,"15,000","4,000","11,000","15,000","4,000","11,000"
"=""066110""",華晶科凱基48購01,0,0,0,"21,000","10,000","11,000","21,000","10,000","11,000"
"=""066387""",智原統一3B購03  ,0,0,0,"12,000","1,000","11,000","12,000","1,000","11,000"
"=""066928""",亞翔群益49購02  ,0,0,0,"19,000","8,000","11,000","19,000","8,000","11,000"
"=""067049""",神達永豐47購04  ,0,0,0,"147,000","136,000","11,000","147,000","136,000","11,000"
"=""067323""",華通元大47購12  ,0,0,0,"495,000","484,000","11,000","495,000","484,000","11,000"
"=""068215""",中興電群益3B購01,0,0,0,"21,000","10,000","11,000","21,000","10,000","11,000"
"=""068571""",力積電國票49購01,0,0,0,"33,000","22,000","11,000","33,000","22,000","11,000"
"=""068882""",台達電台新48購01,0,0,0,"22,000","11,000","11,000","22,000","11,000","11,000"
"=""069062""",世芯凱基49購04  ,0,0,0,"39,000","28,000","11,000","39,000","28,000","11,000"
"=""069171""",微星統一51購02  ,0,0,0,"11,000",0,"11,000","11,000",0,"11,000"
"=""069390""",華邦電統一52購02,0,0,0,"11,000",0,"11,000","11,000",0,"11,000"
"=""069586""",萬海統一58購01  ,0,0,0,"11,000",0,"11,000","11,000",0,"11,000"
"=""069783""",旺宏統一52購01  ,0,0,0,"11,000",0,"11,000","11,000",0,"11,000"
"=""070024""",長榮元富58購01  ,0,0,0,"11,000",0,"11,000","11,000",0,"11,000"
"=""071124""",上銀元大48購14  ,0,0,0,"11,000",0,"11,000","11,000",0,"11,000"
"=""071299""",材料元富53購02  ,0,0,0,"18,000","7,000","11,000","18,000","7,000","11,000"
"=""071398""",玉晶光富邦4A購02,0,0,0,"12,000","1,000","11,000","12,000","1,000","11,000"
"=""071740""",穎崴統一51購03  ,0,0,0,"11,000",0,"11,000","11,000",0,"11,000"
"=""071777""",新日興元大48購10,0,0,0,"21,000","10,000","11,000","21,000","10,000","11,000"
"=""072254""",智原元大51購03  ,0,0,0,"56,000","45,000","11,000","56,000","45,000","11,000"
"=""072416""",威強電富邦48購01,0,0,0,"20,000","9,000","11,000","20,000","9,000","11,000"
"=""072581""",大成鋼兆豐4B購01,0,0,0,"11,000",0,"11,000","11,000",0,"11,000"
"=""073280""",台灣50永豐49購04,0,0,0,"11,000",0,"11,000","11,000",0,"11,000"
"=""073487""",台灣50富邦53購01,0,0,0,"78,000","67,000","11,000","78,000","67,000","11,000"
"=""074196""",永道永豐49購02  ,0,0,0,"16,000","5,000","11,000","16,000","5,000","11,000"
"=""074288""",樺漢群益49購02  ,0,0,0,"11,000",0,"11,000","11,000",0,"11,000"
"=""074426""",智原中信49購01  ,0,0,0,"75,000","64,000","11,000","75,000","64,000","11,000"
"=""074538""",台達電群益49購04,0,0,0,"31,000","20,000","11,000","31,000","20,000","11,000"
"=""075078""",泰金寶元富49購01,0,0,0,"11,000",0,"11,000","11,000",0,"11,000"
"=""075406""",聯發科統一47購02,0,0,0,"12,000","1,000","11,000","12,000","1,000","11,000"
"=""075435""",南亞科元大49購13,0,0,0,"63,000","52,000","11,000","63,000","52,000","11,000"
"=""076174""",威強電凱基53購01,0,0,0,"11,000",0,"11,000","11,000",0,"11,000"
"=""076643""",台積電凱基51購09,0,0,0,"11,000",0,"11,000","11,000",0,"11,000"
"=""076893""",臺股指元大49購56,0,0,0,"62,000","51,000","11,000","62,000","51,000","11,000"
"=""07826U""",長榮航統一32售07,0,0,0,"11,000",0,"11,000","11,000",0,"11,000"
"=""07923U""",中興電統一33售08,0,0,0,"11,000",0,"11,000","11,000",0,"11,000"
9907  ,統一實          ,"16,000","5,062","10,938",0,0,0,"16,000","5,062","10,938"
2453  ,凌群            ,"11,000",601,"10,399",0,0,0,"11,000",601,"10,399"
"=""020019""",統一特選台灣5GN ,0,0,0,"10,000",0,"10,000","10,000",0,"10,000"
"=""03001T""",技嘉凱基32售15  ,0,0,0,"10,000",0,"10,000","10,000",0,"10,000"
"=""03016T""",元債2X元大35售01,0,0,0,"10,000",0,"10,000","10,000",0,"10,000"
"=""03241T""",技嘉群益35售02  ,0,0,0,"10,000",0,"10,000","10,000",0,"10,000"
"=""03258T""",仁寶元大34售04  ,0,0,0,"10,000",0,"10,000","10,000",0,"10,000"
"=""03358T""",聯發科元富34售11,0,0,0,"10,000",0,"10,000","10,000",0,"10,000"
"=""03715T""",矽統元大34售08  ,0,0,0,"10,000",0,"10,000","10,000",0,"10,000"
"=""037424""",聯鈞群益53購04  ,0,0,0,"10,000",0,"10,000","10,000",0,"10,000"
"=""03780T""",萬海元大34售05  ,0,0,0,"10,000",0,"10,000","10,000",0,"10,000"
"=""037837""",台達電凱基53購10,0,0,0,"20,000","10,000","10,000","20,000","10,000","10,000"
"=""038188""",世芯國票54購05  ,0,0,0,"10,000",0,"10,000","10,000",0,"10,000"
"=""038792""",毅嘉國票54購02  ,0,0,0,"10,000",0,"10,000","10,000",0,"10,000"
"=""03879T""",聚陽群益34售08  ,0,0,0,"10,000",0,"10,000","10,000",0,"10,000"
"=""040316""",台達電群益54購06,0,0,0,"10,000",0,"10,000","10,000",0,"10,000"
"=""040321""",景碩群益54購01  ,0,0,0,"10,000",0,"10,000","10,000",0,"10,000"
"=""040388""",華新元富54購02  ,0,0,0,"10,000",0,"10,000","10,000",0,"10,000"
"=""041004""",元金2X凱基56購02,0,0,0,"10,000",0,"10,000","10,000",0,"10,000"
"=""04160T""",緯創元大35售08  ,0,0,0,"10,000",0,"10,000","10,000",0,"10,000"
"=""041781""",奇鋐元大54購43  ,0,0,0,"10,000",0,"10,000","10,000",0,"10,000"
"=""041907""",宏達電凱基54購04,0,0,0,"20,000","10,000","10,000","20,000","10,000","10,000"
"=""04279T""",義隆國票35售03  ,0,0,0,"20,000","10,000","10,000","20,000","10,000","10,000"
"=""042985""",致茂群益57購02  ,0,0,0,"10,000",0,"10,000","10,000",0,"10,000"
"=""043322""",台光電群益55購06,0,0,0,"10,000",0,"10,000","10,000",0,"10,000"
"=""043445""",緯創永豐55購05  ,0,0,0,"20,000","10,000","10,000","20,000","10,000","10,000"
"=""043591""",長榮國票57購02  ,0,0,0,"10,000",0,"10,000","10,000",0,"10,000"
"=""043872""",萬海凱基58購01  ,0,0,0,"10,000",0,"10,000","10,000",0,"10,000"
"=""043884""",勤誠凱基55購01  ,0,0,0,"10,000",0,"10,000","10,000",0,"10,000"
"=""044310""",矽力群益56購03  ,0,0,0,"10,000",0,"10,000","10,000",0,"10,000"
"=""044738""",建準元大59購03  ,0,0,0,"10,000",0,"10,000","10,000",0,"10,000"
"=""044879""",神達國票56購01  ,0,0,0,"10,000",0,"10,000","10,000",0,"10,000"
"=""04501T""",聯發科凱基35售23,0,0,0,"10,000",0,"10,000","10,000",0,"10,000"
"=""04503T""",飛宏國票35售03  ,0,0,0,"10,000",0,"10,000","10,000",0,"10,000"
"=""045610""",亞翔統一4C購01  ,0,0,0,"10,000",0,"10,000","10,000",0,"10,000"
"=""045833""",景碩元大43購06  ,0,0,0,"10,000",0,"10,000","10,000",0,"10,000"
"=""046233""",臺股指群益43購06,0,0,0,"10,000",0,"10,000","10,000",0,"10,000"
"=""046298""",台灣50元大45購01,0,0,0,"10,000",0,"10,000","10,000",0,"10,000"
"=""046780""",智原群益42購08  ,0,0,0,"10,000",0,"10,000","10,000",0,"10,000"
"=""04696T""",華碩凱基35售02  ,0,0,0,"10,000",0,"10,000","10,000",0,"10,000"
"=""047488""",欣巴巴元大43購04,0,0,0,"10,000",0,"10,000","10,000",0,"10,000"
"=""047512""",中興電國票43購01,0,0,0,"10,000",0,"10,000","10,000",0,"10,000"
"=""047833""",聯發科群益44購09,0,0,0,"10,000",0,"10,000","10,000",0,"10,000"
"=""048203""",京元電凱基43購05,0,0,0,"10,000",0,"10,000","10,000",0,"10,000"
"=""048294""",中興電元大43購16,0,0,0,"10,000",0,"10,000","10,000",0,"10,000"
"=""048354""",鴻海凱基45購06  ,0,0,0,"10,000",0,"10,000","10,000",0,"10,000"
"=""048610""",英業達國泰44購01,0,0,0,"10,000",0,"10,000","10,000",0,"10,000"
"=""048756""",京元電永豐42購03,0,0,0,"10,000",0,"10,000","10,000",0,"10,000"
"=""04905T""",國泰金中信36售01,0,0,0,"10,000",0,"10,000","10,000",0,"10,000"
"=""049062""",時碩凱基43購04  ,0,0,0,"10,000",0,"10,000","10,000",0,"10,000"
"=""049074""",中高息元大43購01,0,0,0,"10,000",0,"10,000","10,000",0,"10,000"
"=""04918T""",萬海群益36售01  ,0,0,0,"10,000",0,"10,000","10,000",0,"10,000"
"=""04938T""",群光元富36售02  ,0,0,0,"26,000","16,000","10,000","26,000","16,000","10,000"
"=""04944T""",裕民元大36售02  ,0,0,0,"10,000",0,"10,000","10,000",0,"10,000"
"=""049491""",安普新國票44購01,0,0,0,"10,000",0,"10,000","10,000",0,"10,000"
"=""04957T""",嘉澤中信38售01  ,0,0,0,"10,000",0,"10,000","10,000",0,"10,000"
"=""049625""",碩天群益45購01  ,0,0,0,"10,000",0,"10,000","10,000",0,"10,000"
"=""049647""",聯茂凱基43購03  ,0,0,0,"10,000",0,"10,000","10,000",0,"10,000"
"=""049711""",藍天元富43購01  ,0,0,0,"10,000",0,"10,000","10,000",0,"10,000"
"=""049736""",新日興國票44購01,0,0,0,"10,000",0,"10,000","10,000",0,"10,000"
"=""049947""",中興電國泰45購03,0,0,0,"10,000",0,"10,000","10,000",0,"10,000"
"=""050007""",T50正2國票43購09,0,0,0,"10,000",0,"10,000","10,000",0,"10,000"
"=""050024""",欣興國票44購02  ,0,0,0,"10,000",0,"10,000","10,000",0,"10,000"
"=""050043""",群光元大43購01  ,0,0,0,"30,000","20,000","10,000","30,000","20,000","10,000"
"=""050259""",長榮凱基44購04  ,0,0,0,"10,000",0,"10,000","10,000",0,"10,000"
"=""05042T""",華邦電凱基36售04,0,0,0,"30,000","20,000","10,000","30,000","20,000","10,000"
"=""050440""",矽力兆豐43購01  ,0,0,0,"10,000",0,"10,000","10,000",0,"10,000"
"=""050480""",華通元大48購03  ,0,0,0,"45,000","35,000","10,000","45,000","35,000","10,000"
"=""050482""",台光電元大49購02,0,0,0,"10,000",0,"10,000","10,000",0,"10,000"
"=""050646""",美時中信43購02  ,0,0,0,"10,000",0,"10,000","10,000",0,"10,000"
"=""050703""",正新凱基43購01  ,0,0,0,"10,000",0,"10,000","10,000",0,"10,000"
"=""050725""",京鼎國票44購03  ,0,0,0,"10,000",0,"10,000","10,000",0,"10,000"
"=""050759""",元油反元大44購01,0,0,0,"10,000",0,"10,000","10,000",0,"10,000"
"=""051019""",正文富邦45購01  ,0,0,0,"20,000","10,000","10,000","20,000","10,000","10,000"
"=""051038""",臺股指凱基44購28,0,0,0,"10,000",0,"10,000","10,000",0,"10,000"
"=""051088""",達興永豐45購01  ,0,0,0,"10,000",0,"10,000","10,000",0,"10,000"
"=""051314""",美律元富49購01  ,0,0,0,"27,000","17,000","10,000","27,000","17,000","10,000"
"=""051348""",華紙凱基44購01  ,0,0,0,"10,000",0,"10,000","10,000",0,"10,000"
"=""051464""",致茂元大43購04  ,0,0,0,"20,000","10,000","10,000","20,000","10,000","10,000"
"=""051546""",迎廣群益47購01  ,0,0,0,"10,000",0,"10,000","10,000",0,"10,000"
"=""051644""",潤隆群益43購03  ,0,0,0,"30,000","20,000","10,000","30,000","20,000","10,000"
"=""051771""",新日興國泰45購02,0,0,0,"10,000",0,"10,000","10,000",0,"10,000"
"=""051883""",臺股指中信45購03,0,0,0,"10,000",0,"10,000","10,000",0,"10,000"
"=""052006""",世芯元富44購02  ,0,0,0,"10,000",0,"10,000","10,000",0,"10,000"
"=""052022""",偉詮電國票44購01,0,0,0,"10,000",0,"10,000","10,000",0,"10,000"
"=""052185""",臻鼎國票43購02  ,0,0,0,"365,000","355,000","10,000","365,000","355,000","10,000"
"=""052240""",世紀鋼凱基45購03,0,0,0,"20,000","10,000","10,000","20,000","10,000","10,000"
"=""052294""",萬海國票46購01  ,0,0,0,"10,000",0,"10,000","10,000",0,"10,000"
"=""052312""",萬海凱基49購01  ,0,0,0,"10,000",0,"10,000","10,000",0,"10,000"
"=""052449""",愛普兆豐45購01  ,0,0,0,"11,000","1,000","10,000","11,000","1,000","10,000"
"=""052753""",中502X凱基44購02,0,0,0,"10,000",0,"10,000","10,000",0,"10,000"
"=""052874""",日月光永豐46購01,0,0,0,"10,000",0,"10,000","10,000",0,"10,000"
"=""052951""",永光群益46購01  ,0,0,0,"10,000",0,"10,000","10,000",0,"10,000"
"=""053104""",中鴻統一49購01  ,0,0,0,"10,000",0,"10,000","10,000",0,"10,000"
"=""053592""",亞翔統一47購02  ,0,0,0,"100,000","90,000","10,000","100,000","90,000","10,000"
"=""053621""",台光電凱基3B購01,0,0,0,"10,000",0,"10,000","10,000",0,"10,000"
"=""053640""",微星凱基44購01  ,0,0,0,"10,000",0,"10,000","10,000",0,"10,000"
"=""053799""",科妍國票45購01  ,0,0,0,"10,000",0,"10,000","10,000",0,"10,000"
"=""053878""",世紀鋼群益44購03,0,0,0,"10,000",0,"10,000","10,000",0,"10,000"
"=""053944""",南港兆豐4A購01  ,0,0,0,"10,000",0,"10,000","10,000",0,"10,000"
"=""053967""",緯穎永豐44購03  ,0,0,0,"10,000",0,"10,000","10,000",0,"10,000"
"=""054130""",群創群益44購03  ,0,0,0,"10,000",0,"10,000","10,000",0,"10,000"
"=""054195""",奇鋐元富44購05  ,0,0,0,"10,000",0,"10,000","10,000",0,"10,000"
"=""054285""",宏致元大44購04  ,0,0,0,"158,000","148,000","10,000","158,000","148,000","10,000"
"=""054610""",訊芯群益44購06  ,0,0,0,"10,000",0,"10,000","10,000",0,"10,000"
"=""054673""",宏達電元大46購02,0,0,0,"11,000","1,000","10,000","11,000","1,000","10,000"
"=""054832""",世芯國票46購03  ,0,0,0,"36,000","26,000","10,000","36,000","26,000","10,000"
"=""054911""",長榮群益46購01  ,0,0,0,"10,000",0,"10,000","10,000",0,"10,000"
"=""054936""",訊芯中信44購01  ,0,0,0,"10,000",0,"10,000","10,000",0,"10,000"
"=""055036""",矽統凱基44購03  ,0,0,0,"10,000",0,"10,000","10,000",0,"10,000"
"=""055094""",中砂元大48購01  ,0,0,0,"10,000",0,"10,000","10,000",0,"10,000"
"=""055189""",矽統國票45購05  ,0,0,0,"10,000",0,"10,000","10,000",0,"10,000"
"=""055296""",矽統元大44購06  ,0,0,0,"10,000",0,"10,000","10,000",0,"10,000"
"=""055355""",世芯元富45購03  ,0,0,0,"10,000",0,"10,000","10,000",0,"10,000"
"=""055387""",精成科凱基44購01,0,0,0,"10,000",0,"10,000","10,000",0,"10,000"
"=""055416""",滬深2X永豐44購13,0,0,0,"10,000",0,"10,000","10,000",0,"10,000"
"=""055461""",健策群益4A購01  ,0,0,0,"10,000",0,"10,000","10,000",0,"10,000"
"=""055615""",鴻海國票45購06  ,0,0,0,"10,000",0,"10,000","10,000",0,"10,000"
"=""055888""",天虹國票44購02  ,0,0,0,"10,000",0,"10,000","10,000",0,"10,000"
"=""055912""",天虹元富4A購01  ,0,0,0,"10,000",0,"10,000","10,000",0,"10,000"
"=""055954""",天虹元大45購01  ,0,0,0,"10,000",0,"10,000","10,000",0,"10,000"
"=""055994""",欣巴巴永豐46購01,0,0,0,"10,000",0,"10,000","10,000",0,"10,000"
"=""056119""",晶心科元大44購02,0,0,0,"10,000",0,"10,000","10,000",0,"10,000"
"=""056136""",鴻海元富44購10  ,0,0,0,"10,000",0,"10,000","10,000",0,"10,000"
"=""05613T""",大立光凱基3C售02,0,0,0,"10,000",0,"10,000","10,000",0,"10,000"
"=""05630T""",采鈺凱基37售03  ,0,0,0,"10,000",0,"10,000","10,000",0,"10,000"
"=""05632T""",上証2X元富37售04,0,0,0,"10,000",0,"10,000","10,000",0,"10,000"
"=""056366""",新唐台新45購01  ,0,0,0,"11,000","1,000","10,000","11,000","1,000","10,000"
"=""056422""",威盛群益45購03  ,0,0,0,"10,000",0,"10,000","10,000",0,"10,000"
"=""056510""",鴻準凱基45購03  ,0,0,0,"10,000",0,"10,000","10,000",0,"10,000"
"=""056536""",技嘉永豐46購03  ,0,0,0,"10,000",0,"10,000","10,000",0,"10,000"
"=""056569""",威盛元大45購05  ,0,0,0,"10,000",0,"10,000","10,000",0,"10,000"
"=""056772""",技嘉國泰47購03  ,0,0,0,"10,000",0,"10,000","10,000",0,"10,000"
"=""05677T""",聯發科統一3B售06,0,0,0,"11,000","1,000","10,000","11,000","1,000","10,000"
"=""056879""",金寶元大4B購01  ,0,0,0,"10,000",0,"10,000","10,000",0,"10,000"
"=""056961""",技嘉永豐45購03  ,0,0,0,"18,000","8,000","10,000","18,000","8,000","10,000"
"=""057022""",長榮統一4B購02  ,0,0,0,"10,000",0,"10,000","10,000",0,"10,000"
"=""057062""",聯電元大45購01  ,0,0,0,"10,000",0,"10,000","10,000",0,"10,000"
"=""057077""",長榮元大45購09  ,0,0,0,"10,000",0,"10,000","10,000",0,"10,000"
"=""057126""",富邦金群益45購02,0,0,0,"10,000",0,"10,000","10,000",0,"10,000"
"=""057227""",智易統一4C購02  ,0,0,0,"10,000",0,"10,000","10,000",0,"10,000"
"=""057321""",緯穎元大45購09  ,0,0,0,"10,000",0,"10,000","10,000",0,"10,000"
"=""057328""",橋椿群益45購01  ,0,0,0,"30,000","20,000","10,000","30,000","20,000","10,000"
"=""057401""",A50正2元富45購02,0,0,0,"48,000","38,000","10,000","48,000","38,000","10,000"
"=""057486""",台灣50凱基47購04,0,0,0,"10,000",0,"10,000","10,000",0,"10,000"
"=""057499""",智邦凱基46購03  ,0,0,0,"10,000",0,"10,000","10,000",0,"10,000"
"=""057739""",立積元大45購03  ,0,0,0,"10,000",0,"10,000","10,000",0,"10,000"
"=""057891""",華新國票46購01  ,0,0,0,"10,000",0,"10,000","10,000",0,"10,000"
"=""057901""",群創國票45購01  ,0,0,0,"10,000",0,"10,000","10,000",0,"10,000"
"=""057931""",萬海元大45購03  ,0,0,0,"10,000",0,"10,000","10,000",0,"10,000"
"=""057938""",智易元大45購02  ,0,0,0,"10,000",0,"10,000","10,000",0,"10,000"
"=""058361""",精元國票45購01  ,0,0,0,"10,000",0,"10,000","10,000",0,"10,000"
"=""058363""",京元電國票45購01,0,0,0,"29,000","19,000","10,000","29,000","19,000","10,000"
"=""058370""",宏達電國票55購01,0,0,0,"10,000",0,"10,000","10,000",0,"10,000"
"=""058449""",富華新永豐45購01,0,0,0,"10,000",0,"10,000","10,000",0,"10,000"
"=""058563""",寶成元大45購02  ,0,0,0,"10,000",0,"10,000","10,000",0,"10,000"
"=""058713""",東哥國票45購02  ,0,0,0,"10,000",0,"10,000","10,000",0,"10,000"
"=""058854""",技嘉凱基45購06  ,0,0,0,"10,000",0,"10,000","10,000",0,"10,000"
"=""058926""",華泰群益45購03  ,0,0,0,"10,000",0,"10,000","10,000",0,"10,000"
"=""059083""",陽明元富45購01  ,0,0,0,"10,000",0,"10,000","10,000",0,"10,000"
"=""059184""",陽明元大45購12  ,0,0,0,"10,000",0,"10,000","10,000",0,"10,000"
"=""059322""",國泰金群益45購01,0,0,0,"10,000",0,"10,000","10,000",0,"10,000"
"=""059553""",大成鋼元大45購02,0,0,0,"10,000",0,"10,000","10,000",0,"10,000"
"=""059613""",大同元富45購02  ,0,0,0,"10,000",0,"10,000","10,000",0,"10,000"
"=""059705""",一詮富邦47購01  ,0,0,0,"10,000",0,"10,000","10,000",0,"10,000"
"=""059769""",南寶元大45購01  ,0,0,0,"10,000",0,"10,000","10,000",0,"10,000"
"=""059800""",仁寶永豐46購02  ,0,0,0,"70,000","60,000","10,000","70,000","60,000","10,000"
"=""059874""",元債2X群益4B購07,0,0,0,"10,000",0,"10,000","10,000",0,"10,000"
"=""059949""",晶碩國票46購02  ,0,0,0,"30,000","20,000","10,000","30,000","20,000","10,000"
"=""060053""",英業達凱基46購03,0,0,0,"10,000",0,"10,000","10,000",0,"10,000"
"=""060056""",可成凱基48購01  ,0,0,0,"10,000",0,"10,000","10,000",0,"10,000"
"=""060114""",創意富邦46購01  ,0,0,0,"10,000",0,"10,000","10,000",0,"10,000"
"=""060159""",鴻準元大46購05  ,0,0,0,"10,000",0,"10,000","10,000",0,"10,000"
"=""060186""",日電貿元大46購01,0,0,0,"10,000",0,"10,000","10,000",0,"10,000"
"=""060205""",長榮永豐47購02  ,0,0,0,"10,000",0,"10,000","10,000",0,"10,000"
"=""060218""",台積電凱基4C購03,0,0,0,"20,000","10,000","10,000","20,000","10,000","10,000"
"=""060232""",嘉澤凱基48購02  ,0,0,0,"10,000",0,"10,000","10,000",0,"10,000"
"=""060295""",川湖群益46購05  ,0,0,0,"10,000",0,"10,000","10,000",0,"10,000"
"=""060324""",元債2X元大56購01,0,0,0,"10,000",0,"10,000","10,000",0,"10,000"
"=""060427""",宇隆元富47購01  ,0,0,0,"10,000",0,"10,000","10,000",0,"10,000"
"=""060657""",台灣50凱基47購07,0,0,0,"10,000",0,"10,000","10,000",0,"10,000"
"=""060667""",鴻準凱基4B購01  ,0,0,0,"10,000",0,"10,000","10,000",0,"10,000"
"=""060854""",一詮永豐49購01  ,0,0,0,"10,000",0,"10,000","10,000",0,"10,000"
"=""060915""",美德醫國票48購01,0,0,0,"10,000",0,"10,000","10,000",0,"10,000"
"=""060969""",華航元富46購01  ,0,0,0,"10,000",0,"10,000","10,000",0,"10,000"
"=""061194""",貿聯群益48購01  ,0,0,0,"100,000","90,000","10,000","100,000","90,000","10,000"
"=""061284""",燿華永豐48購01  ,0,0,0,"10,000",0,"10,000","10,000",0,"10,000"
"=""061305""",緯穎中信46購01  ,0,0,0,"10,000",0,"10,000","10,000",0,"10,000"
"=""061394""",燿華群益46購01  ,0,0,0,"10,000",0,"10,000","10,000",0,"10,000"
"=""061443""",台灣50元大48購04,0,0,0,"10,000",0,"10,000","10,000",0,"10,000"
"=""061490""",亞翔國泰48購01  ,0,0,0,"10,000",0,"10,000","10,000",0,"10,000"
"=""061492""",川湖兆豐46購01  ,0,0,0,"10,000",0,"10,000","10,000",0,"10,000"
"=""061641""",大立光元大4A購02,0,0,0,"10,000",0,"10,000","10,000",0,"10,000"
"=""061726""",長榮航永豐47購02,0,0,0,"11,000","1,000","10,000","11,000","1,000","10,000"
"=""061775""",新纖國票47購01  ,0,0,0,"10,000",0,"10,000","10,000",0,"10,000"
"=""061788""",智邦富邦49購01  ,0,0,0,"10,000",0,"10,000","10,000",0,"10,000"
"=""061848""",新興群益47購01  ,0,0,0,"10,000",0,"10,000","10,000",0,"10,000"
"=""061892""",陽明元大46購15  ,0,0,0,"13,000","3,000","10,000","13,000","3,000","10,000"
"=""061895""",華航元大4C購01  ,0,0,0,"10,000",0,"10,000","10,000",0,"10,000"
"=""062106""",世芯元大46購18  ,0,0,0,"10,000",0,"10,000","10,000",0,"10,000"
"=""062192""",聯詠永豐47購01  ,0,0,0,"12,000","2,000","10,000","12,000","2,000","10,000"
"=""062518""",台化國票47購02  ,0,0,0,"10,000",0,"10,000","10,000",0,"10,000"
"=""062592""",嘉澤元大49購01  ,0,0,0,"10,000",0,"10,000","10,000",0,"10,000"
"=""062672""",T50反1國票46購06,0,0,0,"10,000",0,"10,000","10,000",0,"10,000"
"=""062732""",世芯元富47購05  ,0,0,0,"10,000",0,"10,000","10,000",0,"10,000"
"=""062743""",鴻準富邦48購03  ,0,0,0,"20,000","10,000","10,000","20,000","10,000","10,000"
"=""062892""",群創元富4C購01  ,0,0,0,"10,000",0,"10,000","10,000",0,"10,000"
"=""062967""",正崴元大4B購02  ,0,0,0,"10,000",0,"10,000","10,000",0,"10,000"
"=""063041""",臺股指法興46購14,0,0,0,"10,000",0,"10,000","10,000",0,"10,000"
"=""063167""",世芯元富46購12  ,0,0,0,"10,000",0,"10,000","10,000",0,"10,000"
"=""063179""",川湖群益46購13  ,0,0,0,"23,000","13,000","10,000","23,000","13,000","10,000"
"=""063351""",瑞昱凱基46購05  ,0,0,0,"10,000",0,"10,000","10,000",0,"10,000"
"=""063395""",漢唐群益48購02  ,0,0,0,"10,000",0,"10,000","10,000",0,"10,000"
"=""063677""",台塑第一46購01  ,0,0,0,"10,000",0,"10,000","10,000",0,"10,000"
"=""063838""",國巨群益46購06  ,0,0,0,"110,000","100,000","10,000","110,000","100,000","10,000"
"=""064006""",元債2X國泰48購01,0,0,0,"10,000",0,"10,000","10,000",0,"10,000"
"=""064200""",昆盈國票47購02  ,0,0,0,"10,000",0,"10,000","10,000",0,"10,000"
"=""064231""",貿聯國泰47購01  ,0,0,0,"10,000",0,"10,000","10,000",0,"10,000"
"=""064291""",奇鋐元大46購05  ,0,0,0,"10,000",0,"10,000","10,000",0,"10,000"
"=""064327""",友訊凱基4C購01  ,0,0,0,"10,000",0,"10,000","10,000",0,"10,000"
"=""064370""",皇昌永豐49購01  ,0,0,0,"10,000",0,"10,000","10,000",0,"10,000"
"=""064523""",世芯群益46購24  ,0,0,0,"10,000",0,"10,000","10,000",0,"10,000"
"=""064633""",廣宇統一4C購02  ,0,0,0,"30,000","20,000","10,000","30,000","20,000","10,000"
"=""064772""",聚陽元富47購01  ,0,0,0,"10,000",0,"10,000","10,000",0,"10,000"
"=""064903""",元債2X凱基4B購03,0,0,0,"10,000",0,"10,000","10,000",0,"10,000"
"=""064910""",智邦凱基4C購01  ,0,0,0,"10,000",0,"10,000","10,000",0,"10,000"
"=""064932""",愛普凱基47購03  ,0,0,0,"10,000",0,"10,000","10,000",0,"10,000"
"=""065006""",亞航國票47購01  ,0,0,0,"17,000","7,000","10,000","17,000","7,000","10,000"
"=""065013""",材料國票48購01  ,0,0,0,"10,000",0,"10,000","10,000",0,"10,000"
"=""065132""",華通群益47購01  ,0,0,0,"10,000",0,"10,000","10,000",0,"10,000"
"=""065154""",玉晶光群益47購02,0,0,0,"10,000",0,"10,000","10,000",0,"10,000"
"=""065398""",台積電台新47購02,0,0,0,"10,000",0,"10,000","10,000",0,"10,000"
"=""065403""",T50反1元大49購06,0,0,0,"10,000",0,"10,000","10,000",0,"10,000"
"=""065489""",威盛群益3C購04  ,0,0,0,"10,000",0,"10,000","10,000",0,"10,000"
"=""065490""",泰金寶第一48購01,0,0,0,"10,000",0,"10,000","10,000",0,"10,000"
"=""065498""",長榮鋼永豐47購01,0,0,0,"10,000",0,"10,000","10,000",0,"10,000"
"=""065516""",長榮鋼統一51購02,0,0,0,"10,000",0,"10,000","10,000",0,"10,000"
"=""065602""",矽力國票48購01  ,0,0,0,"10,000",0,"10,000","10,000",0,"10,000"
"=""065760""",聯德元大47購01  ,0,0,0,"10,000",0,"10,000","10,000",0,"10,000"
"=""065798""",新光金中信3B購01,0,0,0,"10,000",0,"10,000","10,000",0,"10,000"
"=""065813""",緯創國票48購02  ,0,0,0,"10,000",0,"10,000","10,000",0,"10,000"
"=""065834""",長榮航統一53購01,0,0,0,"17,000","7,000","10,000","17,000","7,000","10,000"
"=""066104""",漢唐凱基48購01  ,0,0,0,"10,000",0,"10,000","10,000",0,"10,000"
"=""066121""",台化統一51購02  ,0,0,0,"10,000",0,"10,000","10,000",0,"10,000"
"=""066167""",材料統一3B購01  ,0,0,0,"10,000",0,"10,000","10,000",0,"10,000"
"=""066188""",技嘉永豐4A購01  ,0,0,0,"10,000",0,"10,000","10,000",0,"10,000"
"=""066264""",台積電元大47購23,0,0,0,"10,000",0,"10,000","10,000",0,"10,000"
"=""066317""",鴻海永豐4B購03  ,0,0,0,"25,000","15,000","10,000","25,000","15,000","10,000"
"=""066319""",漢唐永豐49購01  ,0,0,0,"20,000","10,000","10,000","20,000","10,000","10,000"
"=""066327""",健策永豐4A購01  ,0,0,0,"64,000","54,000","10,000","64,000","54,000","10,000"
"=""066431""",智原凱基3B購01  ,0,0,0,"30,000","20,000","10,000","30,000","20,000","10,000"
"=""066442""",南電統一51購03  ,0,0,0,"10,000",0,"10,000","10,000",0,"10,000"
"=""066457""",友訊元大47購01  ,0,0,0,"10,000",0,"10,000","10,000",0,"10,000"
"=""066538""",台積電凱基54購05,0,0,0,"174,000","164,000","10,000","174,000","164,000","10,000"
"=""066694""",技嘉統一41購01  ,0,0,0,"100,000","90,000","10,000","100,000","90,000","10,000"
"=""066716""",台積電群益47購35,0,0,0,"10,000",0,"10,000","10,000",0,"10,000"
"=""066766""",盟立元大47購07  ,0,0,0,"10,000",0,"10,000","10,000",0,"10,000"
"=""066813""",洋基統一51購03  ,0,0,0,"10,000",0,"10,000","10,000",0,"10,000"
"=""066845""",訊芯凱基49購01  ,0,0,0,"10,000",0,"10,000","10,000",0,"10,000"
"=""066941""",聯詠富邦49購01  ,0,0,0,"30,000","20,000","10,000","30,000","20,000","10,000"
"=""066970""",緯創元大49購03  ,0,0,0,"10,000",0,"10,000","10,000",0,"10,000"
"=""066991""",大亞凱基47購04  ,0,0,0,"10,000",0,"10,000","10,000",0,"10,000"
"=""067015""",保瑞凱基47購03  ,0,0,0,"20,000","10,000","10,000","20,000","10,000","10,000"
"=""067133""",矽力國票48購02  ,0,0,0,"10,000",0,"10,000","10,000",0,"10,000"
"=""067154""",華紙群益3B購01  ,0,0,0,"10,000",0,"10,000","10,000",0,"10,000"
"=""067156""",聯發科元大47購15,0,0,0,"10,000",0,"10,000","10,000",0,"10,000"
"=""067162""",大立光元大47購13,0,0,0,"52,000","42,000","10,000","52,000","42,000","10,000"
"=""067262""",健策國票49購02  ,0,0,0,"10,000",0,"10,000","10,000",0,"10,000"
"=""067357""",矽力元大47購03  ,0,0,0,"10,000",0,"10,000","10,000",0,"10,000"
"=""067622""",宇隆統一51購01  ,0,0,0,"20,000","10,000","10,000","20,000","10,000","10,000"
"=""067769""",奇鋐統一4B購03  ,0,0,0,"10,000",0,"10,000","10,000",0,"10,000"
"=""067788""",台化元富47購03  ,0,0,0,"20,000","10,000","10,000","20,000","10,000","10,000"
"=""067803""",華擎統一3B購01  ,0,0,0,"10,000",0,"10,000","10,000",0,"10,000"
"=""067811""",永道元富47購01  ,0,0,0,"10,000",0,"10,000","10,000",0,"10,000"
"=""067877""",長榮群益47購06  ,0,0,0,"10,000",0,"10,000","10,000",0,"10,000"
"=""067929""",泰金寶元大47購09,0,0,0,"10,000",0,"10,000","10,000",0,"10,000"
"=""068048""",汎銓元大47購02  ,0,0,0,"10,000",0,"10,000","10,000",0,"10,000"
"=""068257""",世紀鋼兆豐3B購01,0,0,0,"10,000",0,"10,000","10,000",0,"10,000"
"=""068274""",瑞昱凱基48購01  ,0,0,0,"10,000",0,"10,000","10,000",0,"10,000"
"=""068313""",立隆電元大48購01,0,0,0,"10,000",0,"10,000","10,000",0,"10,000"
"=""068545""",台積電兆豐4A購01,0,0,0,"20,000","10,000","10,000","20,000","10,000","10,000"
"=""068576""",台積電群益52購01,0,0,0,"10,000",0,"10,000","10,000",0,"10,000"
"=""068590""",精成科群益49購02,0,0,0,"10,000",0,"10,000","10,000",0,"10,000"
"=""068665""",力積電台新48購01,0,0,0,"123,000","113,000","10,000","123,000","113,000","10,000"
"=""068750""",中砂凱基48購02  ,0,0,0,"10,000",0,"10,000","10,000",0,"10,000"
"=""068807""",南電第一41購01  ,0,0,0,"10,000",0,"10,000","10,000",0,"10,000"
"=""068812""",萬海國票49購01  ,0,0,0,"14,000","4,000","10,000","14,000","4,000","10,000"
"=""068842""",立積統一52購02  ,0,0,0,"10,000",0,"10,000","10,000",0,"10,000"
"=""068939""",立積元大4B購01  ,0,0,0,"10,000",0,"10,000","10,000",0,"10,000"
"=""068998""",T50正2國票4A購02,0,0,0,"10,000",0,"10,000","10,000",0,"10,000"
"=""069098""",創意元大48購01  ,0,0,0,"10,000",0,"10,000","10,000",0,"10,000"
"=""069211""",迅得統一52購01  ,0,0,0,"10,000",0,"10,000","10,000",0,"10,000"
"=""069234""",德律元富48購02  ,0,0,0,"10,000",0,"10,000","10,000",0,"10,000"
"=""069307""",致茂國票49購02  ,0,0,0,"10,000",0,"10,000","10,000",0,"10,000"
"=""069312""",嘉澤國票4A購03  ,0,0,0,"70,000","60,000","10,000","70,000","60,000","10,000"
"=""069333""",東陽凱基48購02  ,0,0,0,"10,000",0,"10,000","10,000",0,"10,000"
"=""069334""",慧洋統一43購01  ,0,0,0,"10,000",0,"10,000","10,000",0,"10,000"
"=""069418""",羅昇統一52購01  ,0,0,0,"10,000",0,"10,000","10,000",0,"10,000"
"=""069493""",材料元大48購09  ,0,0,0,"10,000",0,"10,000","10,000",0,"10,000"
"=""069501""",亞翔元大48購07  ,0,0,0,"10,000",0,"10,000","10,000",0,"10,000"
"=""069536""",緯創國泰49購02  ,0,0,0,"10,000",0,"10,000","10,000",0,"10,000"
"=""069638""",嘉澤凱基48購05  ,0,0,0,"19,000","9,000","10,000","19,000","9,000","10,000"
"=""069649""",T50反1元大49購07,0,0,0,"10,000",0,"10,000","10,000",0,"10,000"
"=""069673""",健策元大48購05  ,0,0,0,"10,000",0,"10,000","10,000",0,"10,000"
"=""069685""",矽力元大48購06  ,0,0,0,"30,000","20,000","10,000","30,000","20,000","10,000"
"=""069742""",上銀元富48購03  ,0,0,0,"31,000","21,000","10,000","31,000","21,000","10,000"
"=""069869""",永光凱基49購01  ,0,0,0,"10,000",0,"10,000","10,000",0,"10,000"
"=""069943""",滬深2X群益4C購02,0,0,0,"10,000",0,"10,000","10,000",0,"10,000"
"=""069945""",華新群益48購02  ,0,0,0,"10,000",0,"10,000","10,000",0,"10,000"
"=""069959""",TPK群益48購02   ,0,0,0,"10,000",0,"10,000","10,000",0,"10,000"
"=""069971""",大成鋼統一52購07,0,0,0,"10,000",0,"10,000","10,000",0,"10,000"
"=""070148""",聯發科富邦4A購03,0,0,0,"10,000",0,"10,000","10,000",0,"10,000"
"=""070241""",新日興群益49購01,0,0,0,"10,000",0,"10,000","10,000",0,"10,000"
"=""070398""",上銀元富48購06  ,0,0,0,"20,000","10,000","10,000","20,000","10,000","10,000"
"=""070674""",華新統一4C購01  ,0,0,0,"10,000",0,"10,000","10,000",0,"10,000"
"=""070773""",中鋼元富52購01  ,0,0,0,"87,000","77,000","10,000","87,000","77,000","10,000"
"=""070858""",大同元大4A購02  ,0,0,0,"10,000",0,"10,000","10,000",0,"10,000"
"=""070927""",波力凱基48購01  ,0,0,0,"55,000","45,000","10,000","55,000","45,000","10,000"
"=""071142""",新日興元大4C購01,0,0,0,"10,000",0,"10,000","10,000",0,"10,000"
"=""071223""",偉訓富邦49購01  ,0,0,0,"10,000",0,"10,000","10,000",0,"10,000"
"=""071256""",台積電凱基48購25,0,0,0,"10,000",0,"10,000","10,000",0,"10,000"
"=""071290""",萬海元富48購02  ,0,0,0,"226,000","216,000","10,000","226,000","216,000","10,000"
"=""071557""",來億元大48購02  ,0,0,0,"10,000",0,"10,000","10,000",0,"10,000"
"=""071560""",中502X凱基53購01,0,0,0,"10,000",0,"10,000","10,000",0,"10,000"
"=""071682""",南亞科群益48購07,0,0,0,"10,000",0,"10,000","10,000",0,"10,000"
"=""071694""",材料群益48購07  ,0,0,0,"10,000",0,"10,000","10,000",0,"10,000"
"=""071747""",台灣50元大48購19,0,0,0,"10,000",0,"10,000","10,000",0,"10,000"
"=""071760""",上銀元大48購17  ,0,0,0,"10,000",0,"10,000","10,000",0,"10,000"
"=""071822""",緯穎國票49購04  ,0,0,0,"10,000",0,"10,000","10,000",0,"10,000"
"=""071892""",中興電統一51購03,0,0,0,"10,000",0,"10,000","10,000",0,"10,000"
"=""071927""",矽創統一52購01  ,0,0,0,"10,000",0,"10,000","10,000",0,"10,000"
"=""072068""",威強電第一48購01,0,0,0,"10,000",0,"10,000","10,000",0,"10,000"
"=""072092""",華城中信49購01  ,0,0,0,"10,000",0,"10,000","10,000",0,"10,000"
"=""072223""",華城台新48購01  ,0,0,0,"10,000",0,"10,000","10,000",0,"10,000"
"=""072225""",台灣50元大48購21,0,0,0,"10,000",0,"10,000","10,000",0,"10,000"
"=""072253""",智原元大48購07  ,0,0,0,"10,000",0,"10,000","10,000",0,"10,000"
"=""072292""",大同元富48購02  ,0,0,0,"10,000",0,"10,000","10,000",0,"10,000"
"=""072544""",陽明統一42購01  ,0,0,0,"10,000",0,"10,000","10,000",0,"10,000"
"=""072589""",聯發科中信49購04,0,0,0,"10,000",0,"10,000","10,000",0,"10,000"
"=""072685""",台積電國票4C購02,0,0,0,"10,000",0,"10,000","10,000",0,"10,000"
"=""072710""",香港反元大52購01,0,0,0,"10,000",0,"10,000","10,000",0,"10,000"
"=""072816""",皇昌國票4B購02  ,0,0,0,"10,000",0,"10,000","10,000",0,"10,000"
"=""072918""",大成鋼群益4B購01,0,0,0,"10,000",0,"10,000","10,000",0,"10,000"
"=""072921""",台積電群益4A購20,0,0,0,"10,000",0,"10,000","10,000",0,"10,000"
"=""072990""",晶心科元大49購01,0,0,0,"10,000",0,"10,000","10,000",0,"10,000"
"=""073087""",廣宇元富49購02  ,0,0,0,"10,000",0,"10,000","10,000",0,"10,000"
"=""073149""",旺宏元大49購02  ,0,0,0,"10,000",0,"10,000","10,000",0,"10,000"
"=""073166""",海華元大49購02  ,0,0,0,"10,000",0,"10,000","10,000",0,"10,000"
"=""073173""",迅得元大4B購02  ,0,0,0,"10,000",0,"10,000","10,000",0,"10,000"
"=""073176""",中鋼統一53購01  ,0,0,0,"10,000",0,"10,000","10,000",0,"10,000"
"=""073204""",大立光群益49購05,0,0,0,"160,000","150,000","10,000","160,000","150,000","10,000"
"=""073271""",陽明元富49購05  ,0,0,0,"10,000",0,"10,000","10,000",0,"10,000"
"=""073292""",華新凱基49購03  ,0,0,0,"40,000","30,000","10,000","40,000","30,000","10,000"
"=""073432""",華新第一49購01  ,0,0,0,"10,000",0,"10,000","10,000",0,"10,000"
"=""073488""",中興電富邦4A購01,0,0,0,"10,000",0,"10,000","10,000",0,"10,000"
"=""073489""",大成鋼富邦4C購01,0,0,0,"10,000",0,"10,000","10,000",0,"10,000"
"=""073562""",聯發科中信41購01,0,0,0,"10,000",0,"10,000","10,000",0,"10,000"
"=""073580""",緯穎群益49購04  ,0,0,0,"10,000",0,"10,000","10,000",0,"10,000"
"=""073593""",台積電元富49購26,0,0,0,"10,000",0,"10,000","10,000",0,"10,000"
"=""073617""",華城元大49購13  ,0,0,0,"10,000",0,"10,000","10,000",0,"10,000"
"=""073740""",精元統一52購01  ,0,0,0,"10,000",0,"10,000","10,000",0,"10,000"
"=""073820""",南亞科元富53購01,0,0,0,"10,000",0,"10,000","10,000",0,"10,000"
"=""073903""",新興群益49購01  ,0,0,0,"10,000",0,"10,000","10,000",0,"10,000"
"=""073952""",元債2X中信4A購01,0,0,0,"10,000",0,"10,000","10,000",0,"10,000"
"=""074054""",智邦凱基4A購02  ,0,0,0,"10,000",0,"10,000","10,000",0,"10,000"
"=""074093""",台積電群益49購17,0,0,0,"10,000",0,"10,000","10,000",0,"10,000"
"=""074175""",創意國泰4A購01  ,0,0,0,"10,000",0,"10,000","10,000",0,"10,000"
"=""074337""",中鋼元大4A購02  ,0,0,0,"10,000",0,"10,000","10,000",0,"10,000"
"=""074346""",台積電元大49購17,0,0,0,"10,000",0,"10,000","10,000",0,"10,000"
"=""074461""",台光電國票4A購03,0,0,0,"10,000",0,"10,000","10,000",0,"10,000"
"=""074473""",FBNQ2X元富53購01,0,0,0,"10,000",0,"10,000","10,000",0,"10,000"
"=""074576""",台積電元大51購14,0,0,0,"10,000",0,"10,000","10,000",0,"10,000"
"=""074721""",華城國票4A購02  ,0,0,0,"10,000",0,"10,000","10,000",0,"10,000"
"=""074729""",益登國票49購01  ,0,0,0,"10,000",0,"10,000","10,000",0,"10,000"
"=""074730""",富華新國票4A購04,0,0,0,"10,000",0,"10,000","10,000",0,"10,000"
"=""074759""",聯發科中信4A購02,0,0,0,"10,000",0,"10,000","10,000",0,"10,000"
"=""074760""",台灣50台新4A購01,0,0,0,"10,000",0,"10,000","10,000",0,"10,000"
"=""074791""",中鋼元大4A購03  ,0,0,0,"10,000",0,"10,000","10,000",0,"10,000"
"=""074837""",T50正2富邦4B購04,0,0,0,"10,000",0,"10,000","10,000",0,"10,000"
"=""074961""",台泥元大49購03  ,0,0,0,"20,000","10,000","10,000","20,000","10,000","10,000"
"=""075276""",旺宏國票4A購02  ,0,0,0,"10,000",0,"10,000","10,000",0,"10,000"
"=""075354""",偉訓凱基51購01  ,0,0,0,"10,000",0,"10,000","10,000",0,"10,000"
"=""075407""",鉅祥統一47購01  ,0,0,0,"10,000",0,"10,000","10,000",0,"10,000"
"=""075464""",緯穎元大4B購03  ,0,0,0,"60,000","50,000","10,000","60,000","50,000","10,000"
"=""075524""",緯穎元富49購09  ,0,0,0,"95,000","85,000","10,000","95,000","85,000","10,000"
"=""075544""",裕民凱基49購06  ,0,0,0,"10,000",0,"10,000","10,000",0,"10,000"
"=""075606""",美利達元大49購01,0,0,0,"10,000",0,"10,000","10,000",0,"10,000"
"=""075687""",華晶科統一53購02,0,0,0,"35,000","25,000","10,000","35,000","25,000","10,000"
"=""075692""",鴻海元富44購01  ,0,0,0,"10,000",0,"10,000","10,000",0,"10,000"
"=""075749""",立隆電群益49購01,0,0,0,"10,000",0,"10,000","10,000",0,"10,000"
"=""075880""",上銀國票4A購02  ,0,0,0,"10,000",0,"10,000","10,000",0,"10,000"
"=""075963""",長榮群益49購05  ,0,0,0,"60,000","50,000","10,000","60,000","50,000","10,000"
"=""075968""",奇鋐群益49購03  ,0,0,0,"30,000","20,000","10,000","30,000","20,000","10,000"
"=""075993""",台積電元大49購29,0,0,0,"10,000",0,"10,000","10,000",0,"10,000"
"=""076013""",迎廣元大49購04  ,0,0,0,"20,000","10,000","10,000","20,000","10,000","10,000"
"=""076139""",時碩國票4A購01  ,0,0,0,"10,000",0,"10,000","10,000",0,"10,000"
"=""076481""",鴻海群益49購12  ,0,0,0,"128,000","118,000","10,000","128,000","118,000","10,000"
"=""076523""",漢翔元大49購06  ,0,0,0,"10,000",0,"10,000","10,000",0,"10,000"
"=""076527""",信邦元大49購04  ,0,0,0,"10,000",0,"10,000","10,000",0,"10,000"
"=""076719""",漢翔元大49購09  ,0,0,0,"10,000",0,"10,000","10,000",0,"10,000"
"=""076761""",達發永豐4C購01  ,0,0,0,"10,000",0,"10,000","10,000",0,"10,000"
"=""076780""",長榮群益49購08  ,0,0,0,"10,000",0,"10,000","10,000",0,"10,000"
"=""076864""",建準元大49購06  ,0,0,0,"10,000",0,"10,000","10,000",0,"10,000"
"=""077126""",一詮元大49購14  ,0,0,0,"10,000",0,"10,000","10,000",0,"10,000"
"=""077148""",保瑞元大4C購01  ,0,0,0,"10,000",0,"10,000","10,000",0,"10,000"
"=""077197""",T50正2國票4C購02,0,0,0,"76,000","66,000","10,000","76,000","66,000","10,000"
"=""08256U""",技嘉元富34售04  ,0,0,0,"10,000",0,"10,000","10,000",0,"10,000"
"=""083926""",致茂國票51購01  ,0,0,0,"22,000","12,000","10,000","22,000","12,000","10,000"
"=""08440U""",技嘉群益31售11  ,0,0,0,"10,000",0,"10,000","10,000",0,"10,000"
"=""08525U""",台光電元大32售07,0,0,0,"10,000",0,"10,000","10,000",0,"10,000"
"=""08681U""",技嘉富邦36售01  ,0,0,0,"10,000",0,"10,000","10,000",0,"10,000"
"=""08860U""",光寶科群益34售03,0,0,0,"10,000",0,"10,000","10,000",0,"10,000"
"=""08882U""",仁寶統一34售02  ,0,0,0,"10,000",0,"10,000","10,000",0,"10,000"
"=""08891U""",金像電元大33售06,0,0,0,"10,000",0,"10,000","10,000",0,"10,000"
1524  ,耿鼎            ,"10,000",0,"10,000",0,0,0,"10,000",0,"10,000"
1568  ,倉佑            ,"10,000",0,"10,000",0,0,0,"10,000",0,"10,000"
3025  ,星通            ,"10,000",0,"10,000",0,0,0,"10,000",0,"10,000"
2105  ,正新            ,"46,000","1,343","44,657","21,000","56,000","-35,000","67,000","57,343","9,657"
"=""03032T""",SGBR2X凱基33售04,0,0,0,"10,000","1,000","9,000","10,000","1,000","9,000"
"=""03590T""",力積電國票33售02,0,0,0,"13,000","4,000","9,000","13,000","4,000","9,000"
"=""04286T""",台積電元大35售18,0,0,0,"75,000","66,000","9,000","75,000","66,000","9,000"
"=""04487T""",長榮航元大35售05,0,0,0,"49,000","40,000","9,000","49,000","40,000","9,000"
"=""045354""",禾伸堂凱基55購04,0,0,0,"9,000",0,"9,000","9,000",0,"9,000"
"=""045752""",旺宏群益42購02  ,0,0,0,"9,000",0,"9,000","9,000",0,"9,000"
"=""045757""",台積電凱基36購03,0,0,0,"9,000",0,"9,000","9,000",0,"9,000"
"=""04921T""",亞力國票37售03  ,0,0,0,"18,000","9,000","9,000","18,000","9,000","9,000"
"=""04974T""",緯創中信38售01  ,0,0,0,"15,000","6,000","9,000","15,000","6,000","9,000"
"=""05132T""",力成中信36售03  ,0,0,0,"39,000","30,000","9,000","39,000","30,000","9,000"
"=""053653""",A50正2永豐45購02,0,0,0,"19,000","10,000","9,000","19,000","10,000","9,000"
"=""05383T""",陽明元富36售02  ,0,0,0,"10,000","1,000","9,000","10,000","1,000","9,000"
"=""054246""",T50反1富邦51購01,0,0,0,"12,000","3,000","9,000","12,000","3,000","9,000"
"=""054618""",上証2X國票45購21,0,0,0,"21,000","12,000","9,000","21,000","12,000","9,000"
"=""055678""",瑞智群益48購01  ,0,0,0,"9,000",0,"9,000","9,000",0,"9,000"
"=""056595""",臺股指元大45購38,0,0,0,"9,000",0,"9,000","9,000",0,"9,000"
"=""056705""",緯創元大45購05  ,0,0,0,"11,000","2,000","9,000","11,000","2,000","9,000"
"=""057111""",廣宇群益45購01  ,0,0,0,"9,000",0,"9,000","9,000",0,"9,000"
"=""057374""",旺宏國泰47購01  ,0,0,0,"9,000",0,"9,000","9,000",0,"9,000"
"=""057490""",東元凱基45購01  ,0,0,0,"9,000",0,"9,000","9,000",0,"9,000"
"=""05753T""",長榮航富邦39售04,0,0,0,"10,000","1,000","9,000","10,000","1,000","9,000"
"=""05755T""",滬深2X元大3A售02,0,0,0,"30,000","21,000","9,000","30,000","21,000","9,000"
"=""057944""",貿聯元大48購02  ,0,0,0,"115,000","106,000","9,000","115,000","106,000","9,000"
"=""058166""",迅得群益48購01  ,0,0,0,"9,000",0,"9,000","9,000",0,"9,000"
"=""058995""",虹堡國票45購01  ,0,0,0,"9,000",0,"9,000","9,000",0,"9,000"
"=""059439""",臺股指凱基3C購01,0,0,0,"10,000","1,000","9,000","10,000","1,000","9,000"
"=""059692""",南寶凱基47購01  ,0,0,0,"29,000","20,000","9,000","29,000","20,000","9,000"
"=""061037""",可成元大49購03  ,0,0,0,"80,000","71,000","9,000","80,000","71,000","9,000"
"=""061153""",中磊元富46購01  ,0,0,0,"11,000","2,000","9,000","11,000","2,000","9,000"
"=""061384""",新日興國泰48購01,0,0,0,"10,000","1,000","9,000","10,000","1,000","9,000"
"=""061426""",皇昌元富46購01  ,0,0,0,"9,000",0,"9,000","9,000",0,"9,000"
"=""061427""",中信金元富46購02,0,0,0,"10,000","1,000","9,000","10,000","1,000","9,000"
"=""061430""",緯創元富46購01  ,0,0,0,"10,000","1,000","9,000","10,000","1,000","9,000"
"=""061758""",群光元富46購01  ,0,0,0,"9,000",0,"9,000","9,000",0,"9,000"
"=""062490""",神達統一58購01  ,0,0,0,"50,000","41,000","9,000","50,000","41,000","9,000"
"=""062805""",智邦元大4B購02  ,0,0,0,"9,000",0,"9,000","9,000",0,"9,000"
"=""062965""",瑞昱元大46購05  ,0,0,0,"9,000",0,"9,000","9,000",0,"9,000"
"=""063737""",鴻準國票48購03  ,0,0,0,"9,000",0,"9,000","9,000",0,"9,000"
"=""063738""",凱美國票46購02  ,0,0,0,"10,000","1,000","9,000","10,000","1,000","9,000"
"=""063997""",訊芯元富46購05  ,0,0,0,"9,000",0,"9,000","9,000",0,"9,000"
"=""064178""",上銀統一54購02  ,0,0,0,"9,000",0,"9,000","9,000",0,"9,000"
"=""064205""",國喬永豐47購01  ,0,0,0,"15,000","6,000","9,000","15,000","6,000","9,000"
"=""064367""",興勤永豐49購01  ,0,0,0,"10,000","1,000","9,000","10,000","1,000","9,000"
"=""064652""",鴻海國泰4C購01  ,0,0,0,"27,000","18,000","9,000","27,000","18,000","9,000"
"=""064741""",台灣50富邦49購03,0,0,0,"10,000","1,000","9,000","10,000","1,000","9,000"
"=""064915""",陽明凱基47購04  ,0,0,0,"9,000",0,"9,000","9,000",0,"9,000"
"=""065055""",敦泰元大47購01  ,0,0,0,"9,000",0,"9,000","9,000",0,"9,000"
"=""065143""",立隆電群益48購01,0,0,0,"33,000","24,000","9,000","33,000","24,000","9,000"
"=""065327""",世芯統一51購01  ,0,0,0,"9,000",0,"9,000","9,000",0,"9,000"
"=""066690""",緯創富邦3B購01  ,0,0,0,"155,000","146,000","9,000","155,000","146,000","9,000"
"=""067245""",亞翔元富4A購02  ,0,0,0,"9,000",0,"9,000","9,000",0,"9,000"
"=""067290""",技嘉群益47購02  ,0,0,0,"22,000","13,000","9,000","22,000","13,000","9,000"
"=""067294""",陽明群益47購06  ,0,0,0,"21,000","12,000","9,000","21,000","12,000","9,000"
"=""067504""",鴻海元大4A購04  ,0,0,0,"164,000","155,000","9,000","164,000","155,000","9,000"
"=""067918""",奇鋐元大47購06  ,0,0,0,"22,000","13,000","9,000","22,000","13,000","9,000"
"=""068136""",台光電富邦4A購01,0,0,0,"10,000","1,000","9,000","10,000","1,000","9,000"
"=""068759""",日月光凱基49購02,0,0,0,"9,000",0,"9,000","9,000",0,"9,000"
"=""069121""",中砂群益48購01  ,0,0,0,"10,000","1,000","9,000","10,000","1,000","9,000"
"=""069373""",大立光永豐48購04,0,0,0,"9,000",0,"9,000","9,000",0,"9,000"
"=""069961""",材料群益48購02  ,0,0,0,"9,000",0,"9,000","9,000",0,"9,000"
"=""071174""",大銀永豐49購01  ,0,0,0,"164,000","155,000","9,000","164,000","155,000","9,000"
"=""071988""",華城國票49購04  ,0,0,0,"9,000",0,"9,000","9,000",0,"9,000"
"=""072480""",皇昌元大48購17  ,0,0,0,"19,000","10,000","9,000","19,000","10,000","9,000"
"=""072521""",皇昌群益4A購04  ,0,0,0,"743,000","734,000","9,000","743,000","734,000","9,000"
"=""072897""",慧洋元富53購01  ,0,0,0,"9,000",0,"9,000","9,000",0,"9,000"
"=""073188""",慧洋統一59購01  ,0,0,0,"9,000",0,"9,000","9,000",0,"9,000"
"=""073385""",創意元大49購03  ,0,0,0,"9,000",0,"9,000","9,000",0,"9,000"
"=""073394""",新唐元大49購01  ,0,0,0,"11,000","2,000","9,000","11,000","2,000","9,000"
"=""074007""",緯穎統一59購01  ,0,0,0,"9,000",0,"9,000","9,000",0,"9,000"
"=""074720""",中502X國票4A購03,0,0,0,"9,000",0,"9,000","9,000",0,"9,000"
"=""074854""",建準國票4C購01  ,0,0,0,"17,000","8,000","9,000","17,000","8,000","9,000"
"=""075561""",中50元大4C購01  ,0,0,0,"17,000","8,000","9,000","17,000","8,000","9,000"
"=""075657""",勤誠群益4B購01  ,0,0,0,"9,000",0,"9,000","9,000",0,"9,000"
"=""076935""",臺股指凱基56購03,0,0,0,"9,000",0,"9,000","9,000",0,"9,000"
1737  ,臺鹽            ,"9,000",0,"9,000",0,0,0,"9,000",0,"9,000"
3033  ,威健            ,"20,000","9,000","11,000",0,"2,000","-2,000","20,000","11,000","9,000"
3543  ,州巧            ,"13,000","4,000","9,000",0,0,0,"13,000","4,000","9,000"
8411  ,福貞-KY         ,"9,000",0,"9,000",0,0,0,"9,000",0,"9,000"
6278  ,台表科          ,"9,000","1,055","7,945","2,000","1,000","1,000","11,000","2,055","8,945"
"=""0051  """,元大中型100     ,0,0,0,"8,940",6,"8,934","8,940",6,"8,934"
2338  ,光罩            ,"25,000","11,204","13,796",0,"5,000","-5,000","25,000","16,204","8,796"
8021  ,尖點            ,"10,000","1,225","8,775",0,0,0,"10,000","1,225","8,775"
8110  ,華東            ,"9,030","1,000","8,030",0,0,0,"9,030","1,000","8,030"
"=""00910 """,第一金太空衛星  ,0,0,0,"111,020","103,010","8,010","111,020","103,010","8,010"
"=""020020""",元大台股領航N   ,0,0,0,"12,000","4,000","8,000","12,000","4,000","8,000"
"=""03752T""",聯發科永豐36售02,0,0,0,"8,000",0,"8,000","8,000",0,"8,000"
"=""03932T""",鴻海元大34售15  ,0,0,0,"8,000",0,"8,000","8,000",0,"8,000"
"=""03999T""",A50正2群益36售01,0,0,0,"85,000","77,000","8,000","85,000","77,000","8,000"
"=""040265""",第一銅元大54購03,0,0,0,"8,000",0,"8,000","8,000",0,"8,000"
"=""04032T""",智邦元大34售14  ,0,0,0,"21,000","13,000","8,000","21,000","13,000","8,000"
"=""04033T""",佳世達元大34售02,0,0,0,"8,000",0,"8,000","8,000",0,"8,000"
"=""042126""",華晶科國票55購01,0,0,0,"8,000",0,"8,000","8,000",0,"8,000"
"=""044061""",碩天國泰56購01  ,0,0,0,"10,000","2,000","8,000","10,000","2,000","8,000"
"=""044449""",聯發科元大55購07,0,0,0,"25,000","17,000","8,000","25,000","17,000","8,000"
"=""044567""",建準群益55購06  ,0,0,0,"13,000","5,000","8,000","13,000","5,000","8,000"
"=""044597""",華立凱基55購01  ,0,0,0,"8,000",0,"8,000","8,000",0,"8,000"
"=""044873""",兆聯凱基58購01  ,0,0,0,"8,000",0,"8,000","8,000",0,"8,000"
"=""045264""",鴻準元大59購01  ,0,0,0,"8,000",0,"8,000","8,000",0,"8,000"
"=""04603T""",晶豪科群益35售02,0,0,0,"9,000","1,000","8,000","9,000","1,000","8,000"
"=""047124""",中砂群益42購07  ,0,0,0,"8,000",0,"8,000","8,000",0,"8,000"
"=""04728T""",T50正2群益35售07,0,0,0,"8,000",0,"8,000","8,000",0,"8,000"
"=""050595""",萬海元大43購11  ,0,0,0,"8,000",0,"8,000","8,000",0,"8,000"
"=""051377""",亞光元大46購04  ,0,0,0,"10,000","2,000","8,000","10,000","2,000","8,000"
"=""051696""",潤泰新富邦43購01,0,0,0,"8,000",0,"8,000","8,000",0,"8,000"
"=""05170T""",華邦電中信36售02,0,0,0,"8,000",0,"8,000","8,000",0,"8,000"
"=""051731""",亞光元大43購18  ,0,0,0,"70,000","62,000","8,000","70,000","62,000","8,000"
"=""052094""",台積電群益44購34,0,0,0,"8,000",0,"8,000","8,000",0,"8,000"
"=""052844""",昇陽半元大47購03,0,0,0,"8,000",0,"8,000","8,000",0,"8,000"
"=""053481""",台積電元富44購13,0,0,0,"8,000",0,"8,000","8,000",0,"8,000"
"=""054508""",萬海國票45購01  ,0,0,0,"47,000","39,000","8,000","47,000","39,000","8,000"
"=""054850""",裕隆元大44購03  ,0,0,0,"8,000",0,"8,000","8,000",0,"8,000"
"=""055081""",世芯群益44購11  ,0,0,0,"18,000","10,000","8,000","18,000","10,000","8,000"
"=""055444""",威盛群益45購02  ,0,0,0,"8,000",0,"8,000","8,000",0,"8,000"
"=""055672""",零壹群益45購01  ,0,0,0,"8,000",0,"8,000","8,000",0,"8,000"
"=""055944""",零壹元大44購01  ,0,0,0,"8,000",0,"8,000","8,000",0,"8,000"
"=""055959""",台玻國票46購02  ,0,0,0,"10,000","2,000","8,000","10,000","2,000","8,000"
"=""055974""",宏致國票46購02  ,0,0,0,"8,000",0,"8,000","8,000",0,"8,000"
"=""056134""",辛耘國泰46購03  ,0,0,0,"10,000","2,000","8,000","10,000","2,000","8,000"
"=""057799""",中租統一4B購01  ,0,0,0,"8,000",0,"8,000","8,000",0,"8,000"
"=""058117""",神達元大4B購02  ,0,0,0,"8,000",0,"8,000","8,000",0,"8,000"
"=""058233""",康舒統一4B購01  ,0,0,0,"18,000","10,000","8,000","18,000","10,000","8,000"
"=""060344""",鴻準元大46購08  ,0,0,0,"13,000","5,000","8,000","13,000","5,000","8,000"
"=""060480""",緯創中信46購02  ,0,0,0,"38,000","30,000","8,000","38,000","30,000","8,000"
"=""061146""",群創元富46購01  ,0,0,0,"8,000",0,"8,000","8,000",0,"8,000"
"=""061212""",台積電元大46購17,0,0,0,"43,000","35,000","8,000","43,000","35,000","8,000"
"=""061673""",台積電群益46購22,0,0,0,"8,000",0,"8,000","8,000",0,"8,000"
"=""062228""",創意元富4C購07  ,0,0,0,"8,000",0,"8,000","8,000",0,"8,000"
"=""062714""",金寶元富46購01  ,0,0,0,"34,000","26,000","8,000","34,000","26,000","8,000"
"=""063619""",京元電群益48購02,0,0,0,"8,000",0,"8,000","8,000",0,"8,000"
"=""063748""",建漢國票47購03  ,0,0,0,"9,000","1,000","8,000","9,000","1,000","8,000"
"=""063842""",台光電群益46購06,0,0,0,"8,000",0,"8,000","8,000",0,"8,000"
"=""064592""",晟銘電中信47購01,0,0,0,"29,000","21,000","8,000","29,000","21,000","8,000"
"=""064610""",台積電凱基46購29,0,0,0,"70,000","62,000","8,000","70,000","62,000","8,000"
"=""065082""",華城統一41購01  ,0,0,0,"63,000","55,000","8,000","63,000","55,000","8,000"
"=""065104""",高股息中信4A購01,0,0,0,"8,000",0,"8,000","8,000",0,"8,000"
"=""065194""",大立光凱基47購07,0,0,0,"26,000","18,000","8,000","26,000","18,000","8,000"
"=""065324""",嘉澤統一51購01  ,0,0,0,"8,000",0,"8,000","8,000",0,"8,000"
"=""065368""",川湖統一3B購02  ,0,0,0,"17,000","9,000","8,000","17,000","9,000","8,000"
"=""065464""",漢唐國票48購01  ,0,0,0,"58,000","50,000","8,000","58,000","50,000","8,000"
"=""065486""",東哥國票4B購01  ,0,0,0,"62,000","54,000","8,000","62,000","54,000","8,000"
"=""065500""",為升永豐48購01  ,0,0,0,"8,000",0,"8,000","8,000",0,"8,000"
"=""066036""",智原群益48購01  ,0,0,0,"8,000",0,"8,000","8,000",0,"8,000"
"=""066040""",敦泰群益47購02  ,0,0,0,"94,000","86,000","8,000","94,000","86,000","8,000"
"=""066105""",聯發科凱基4C購05,0,0,0,"8,000",0,"8,000","8,000",0,"8,000"
"=""066134""",華碩統一4B購03  ,0,0,0,"8,000",0,"8,000","8,000",0,"8,000"
"=""066520""",和椿群益48購01  ,0,0,0,"10,000","2,000","8,000","10,000","2,000","8,000"
"=""066730""",神達群益47購08  ,0,0,0,"8,000",0,"8,000","8,000",0,"8,000"
"=""066776""",同欣電元大47購02,0,0,0,"8,000",0,"8,000","8,000",0,"8,000"
"=""066818""",台玻凱基47購02  ,0,0,0,"10,000","2,000","8,000","10,000","2,000","8,000"
"=""067038""",京元電永豐51購01,0,0,0,"120,000","112,000","8,000","120,000","112,000","8,000"
"=""067414""",永道統一51購03  ,0,0,0,"20,000","12,000","8,000","20,000","12,000","8,000"
"=""067481""",晶心科凱基47購02,0,0,0,"8,000",0,"8,000","8,000",0,"8,000"
"=""067681""",奇鋐凱基47購04  ,0,0,0,"8,000",0,"8,000","8,000",0,"8,000"
"=""067973""",聯電凱基3B購01  ,0,0,0,"8,000",0,"8,000","8,000",0,"8,000"
"=""068026""",台積電元大47購46,0,0,0,"8,000",0,"8,000","8,000",0,"8,000"
"=""068177""",鴻海永豐4A購04  ,0,0,0,"8,000",0,"8,000","8,000",0,"8,000"
"=""068482""",世芯群益4A購02  ,0,0,0,"26,000","18,000","8,000","26,000","18,000","8,000"
"=""068630""",材料元大4C購01  ,0,0,0,"8,000",0,"8,000","8,000",0,"8,000"
"=""068844""",立積統一52購04  ,0,0,0,"8,000",0,"8,000","8,000",0,"8,000"
"=""068856""",聯電永豐48購01  ,0,0,0,"60,000","52,000","8,000","60,000","52,000","8,000"
"=""069202""",日月光統一46購01,0,0,0,"8,000",0,"8,000","8,000",0,"8,000"
"=""069380""",晶心科永豐48購01,0,0,0,"37,000","29,000","8,000","37,000","29,000","8,000"
"=""070841""",T50正2元大4C購04,0,0,0,"8,000",0,"8,000","8,000",0,"8,000"
"=""071134""",長榮航元大51購02,0,0,0,"15,000","7,000","8,000","15,000","7,000","8,000"
"=""071303""",中502X國票4C購01,0,0,0,"8,000",0,"8,000","8,000",0,"8,000"
"=""071511""",和大元大4B購01  ,0,0,0,"101,000","93,000","8,000","101,000","93,000","8,000"
"=""071631""",南亞科台新48購02,0,0,0,"8,000",0,"8,000","8,000",0,"8,000"
"=""071667""",材料凱基49購04  ,0,0,0,"15,000","7,000","8,000","15,000","7,000","8,000"
"=""072384""",鈺齊元富4B購01  ,0,0,0,"9,000","1,000","8,000","9,000","1,000","8,000"
"=""072630""",直得統一53購02  ,0,0,0,"8,000",0,"8,000","8,000",0,"8,000"
"=""072892""",佳能元富4C購01  ,0,0,0,"8,000",0,"8,000","8,000",0,"8,000"
"=""073075""",晶心科凱基49購01,0,0,0,"8,000",0,"8,000","8,000",0,"8,000"
"=""074272""",所羅門群益4B購03,0,0,0,"11,000","3,000","8,000","11,000","3,000","8,000"
"=""074479""",大成鋼元富49購07,0,0,0,"8,000",0,"8,000","8,000",0,"8,000"
"=""074508""",台積電凱基49購22,0,0,0,"8,000",0,"8,000","8,000",0,"8,000"
"=""074697""",中鋼元富49購04  ,0,0,0,"8,000",0,"8,000","8,000",0,"8,000"
"=""074756""",世紀鋼統一53購04,0,0,0,"12,000","4,000","8,000","12,000","4,000","8,000"
"=""074984""",微星元大49購06  ,0,0,0,"33,000","25,000","8,000","33,000","25,000","8,000"
"=""075108""",華邦電統一59購02,0,0,0,"8,000",0,"8,000","8,000",0,"8,000"
"=""075214""",FBNQ2X元大49購04,0,0,0,"9,000","1,000","8,000","9,000","1,000","8,000"
"=""076448""",道瓊銅元富49購01,0,0,0,"9,000","1,000","8,000","9,000","1,000","8,000"
"=""076460""",全訊元富49購01  ,0,0,0,"28,000","20,000","8,000","28,000","20,000","8,000"
"=""076795""",大亞國泰4A購01  ,0,0,0,"14,000","6,000","8,000","14,000","6,000","8,000"
2302  ,麗正            ,"8,000",0,"8,000",0,0,0,"8,000",0,"8,000"
4306  ,炎洲            ,"8,000",0,"8,000",0,0,0,"8,000",0,"8,000"
2481  ,強茂            ,"12,000","6,001","5,999","9,000","7,000","2,000","21,000","13,001","7,999"
2428  ,興勤            ,0,0,0,"8,462","1,000","7,462","8,462","1,000","7,462"
6456  ,GIS-KY          ,"1,000",698,302,"7,000",0,"7,000","8,000",698,"7,302"
2505  ,國揚            ,"7,001",0,"7,001",0,0,0,"7,001",0,"7,001"
"=""03416T""",FB越南凱基36售01,0,0,0,"7,000",0,"7,000","7,000",0,"7,000"
"=""038944""",瑞智凱基58購01  ,0,0,0,"7,000",0,"7,000","7,000",0,"7,000"
"=""044306""",景碩群益55購04  ,0,0,0,"7,000",0,"7,000","7,000",0,"7,000"
"=""04436T""",智原凱基35售05  ,0,0,0,"9,000","2,000","7,000","9,000","2,000","7,000"
"=""04509T""",金融類國票35售02,0,0,0,"9,000","2,000","7,000","9,000","2,000","7,000"
"=""04594T""",華泰元富38售02  ,0,0,0,"7,000",0,"7,000","7,000",0,"7,000"
"=""046000""",台玻國票43購01  ,0,0,0,"7,000",0,"7,000","7,000",0,"7,000"
"=""046408""",欣興群益42購07  ,0,0,0,"281,000","274,000","7,000","281,000","274,000","7,000"
"=""04834T""",T50正2群益36售02,0,0,0,"108,000","101,000","7,000","108,000","101,000","7,000"
"=""04909T""",新興元大36售03  ,0,0,0,"7,000",0,"7,000","7,000",0,"7,000"
"=""049948""",聯電國泰45購02  ,0,0,0,"7,000",0,"7,000","7,000",0,"7,000"
"=""05059T""",臺股指元大37售12,0,0,0,"7,000",0,"7,000","7,000",0,"7,000"
"=""05089T""",華泰凱基36售07  ,0,0,0,"7,000",0,"7,000","7,000",0,"7,000"
"=""051571""",三商壽元富46購01,0,0,0,"10,000","3,000","7,000","10,000","3,000","7,000"
"=""051662""",弘憶股群益45購01,0,0,0,"7,000",0,"7,000","7,000",0,"7,000"
"=""051918""",光寶科群益45購01,0,0,0,"32,000","25,000","7,000","32,000","25,000","7,000"
"=""052909""",祥碩國票46購01  ,0,0,0,"7,000",0,"7,000","7,000",0,"7,000"
"=""052913""",汎銓國票45購01  ,0,0,0,"7,000",0,"7,000","7,000",0,"7,000"
"=""053573""",材料元大44購10  ,0,0,0,"7,000",0,"7,000","7,000",0,"7,000"
"=""053737""",迅得台新44購01  ,0,0,0,"7,000",0,"7,000","7,000",0,"7,000"
"=""054835""",鈞興國票44購01  ,0,0,0,"27,000","20,000","7,000","27,000","20,000","7,000"
"=""055276""",貿聯群益46購03  ,0,0,0,"7,000",0,"7,000","7,000",0,"7,000"
"=""055537""",材料國泰46購03  ,0,0,0,"7,000",0,"7,000","7,000",0,"7,000"
"=""056440""",鴻準統一4B購02  ,0,0,0,"69,000","62,000","7,000","69,000","62,000","7,000"
"=""056496""",聯發科富邦47購02,0,0,0,"20,000","13,000","7,000","20,000","13,000","7,000"
"=""056568""",威盛元大45購04  ,0,0,0,"7,000",0,"7,000","7,000",0,"7,000"
"=""056575""",零壹元大45購01  ,0,0,0,"7,000",0,"7,000","7,000",0,"7,000"
"=""056610""",金像電第一39購01,0,0,0,"10,000","3,000","7,000","10,000","3,000","7,000"
"=""056964""",京鼎永豐46購01  ,0,0,0,"27,000","20,000","7,000","27,000","20,000","7,000"
"=""057491""",川湖凱基45購04  ,0,0,0,"17,000","10,000","7,000","17,000","10,000","7,000"
"=""057589""",神達群益47購01  ,0,0,0,"7,000",0,"7,000","7,000",0,"7,000"
"=""058304""",材料元大45購06  ,0,0,0,"7,000",0,"7,000","7,000",0,"7,000"
"=""058728""",台積電群益45購19,0,0,0,"10,000","3,000","7,000","10,000","3,000","7,000"
"=""059387""",智易兆豐45購01  ,0,0,0,"109,000","102,000","7,000","109,000","102,000","7,000"
"=""059577""",文曄元大45購04  ,0,0,0,"65,000","58,000","7,000","65,000","58,000","7,000"
"=""060221""",大同凱基46購01  ,0,0,0,"7,000",0,"7,000","7,000",0,"7,000"
"=""061127""",川湖元富4A購05  ,0,0,0,"7,000",0,"7,000","7,000",0,"7,000"
"=""061129""",旺宏元富47購01  ,0,0,0,"9,000","2,000","7,000","9,000","2,000","7,000"
"=""061222""",陽明元大46購10  ,0,0,0,"23,000","16,000","7,000","23,000","16,000","7,000"
"=""061392""",旺宏群益47購01  ,0,0,0,"7,000",0,"7,000","7,000",0,"7,000"
"=""062134""",世芯國票47購10  ,0,0,0,"7,000",0,"7,000","7,000",0,"7,000"
"=""062139""",T50反1富邦47購01,0,0,0,"8,000","1,000","7,000","8,000","1,000","7,000"
"=""062289""",皇昌群益46購08  ,0,0,0,"9,000","2,000","7,000","9,000","2,000","7,000"
"=""062953""",金寶元大49購04  ,0,0,0,"17,000","10,000","7,000","17,000","10,000","7,000"
"=""063469""",精銳元大46購01  ,0,0,0,"11,000","4,000","7,000","11,000","4,000","7,000"
"=""063482""",台塑富邦4A購01  ,0,0,0,"7,000",0,"7,000","7,000",0,"7,000"
"=""063545""",T50反1元富4C購03,0,0,0,"7,000",0,"7,000","7,000",0,"7,000"
"=""064664""",元債2X元大54購02,0,0,0,"7,000",0,"7,000","7,000",0,"7,000"
"=""064892""",神達群益47購04  ,0,0,0,"7,000",0,"7,000","7,000",0,"7,000"
"=""065348""",台塑群益48購02  ,0,0,0,"7,000",0,"7,000","7,000",0,"7,000"
"=""065409""",SGBR2X元大47購05,0,0,0,"7,000",0,"7,000","7,000",0,"7,000"
"=""065458""",寶齡國票49購01  ,0,0,0,"9,000","2,000","7,000","9,000","2,000","7,000"
"=""065616""",八貫群益48購01  ,0,0,0,"10,000","3,000","7,000","10,000","3,000","7,000"
"=""065833""",全新統一51購02  ,0,0,0,"7,000",0,"7,000","7,000",0,"7,000"
"=""066477""",景碩元大47購04  ,0,0,0,"7,000",0,"7,000","7,000",0,"7,000"
"=""066743""",台塑元大47購03  ,0,0,0,"7,000",0,"7,000","7,000",0,"7,000"
"=""066770""",聯詠元大47購03  ,0,0,0,"7,000",0,"7,000","7,000",0,"7,000"
"=""066996""",台積電凱基4B購05,0,0,0,"7,000",0,"7,000","7,000",0,"7,000"
"=""067036""",台積電永豐47購18,0,0,0,"17,000","10,000","7,000","17,000","10,000","7,000"
"=""067447""",力智國票47購01  ,0,0,0,"61,000","54,000","7,000","61,000","54,000","7,000"
"=""067678""",飛宏凱基48購01  ,0,0,0,"7,000",0,"7,000","7,000",0,"7,000"
"=""067787""",香港2X元富51購01,0,0,0,"20,000","13,000","7,000","20,000","13,000","7,000"
"=""067891""",T50正2元大49購02,0,0,0,"18,000","11,000","7,000","18,000","11,000","7,000"
"=""068043""",世芯元大47購32  ,0,0,0,"20,000","13,000","7,000","20,000","13,000","7,000"
"=""068184""",緯創永豐48購03  ,0,0,0,"7,000",0,"7,000","7,000",0,"7,000"
"=""068410""",鈺齊統一52購02  ,0,0,0,"7,000",0,"7,000","7,000",0,"7,000"
"=""069139""",創意群益4A購02  ,0,0,0,"10,000","3,000","7,000","10,000","3,000","7,000"
"=""070361""",國巨凱基4A購01  ,0,0,0,"7,000",0,"7,000","7,000",0,"7,000"
"=""070923""",迅得凱基48購04  ,0,0,0,"82,000","75,000","7,000","82,000","75,000","7,000"
"=""071014""",裕民統一52購02  ,0,0,0,"28,000","21,000","7,000","28,000","21,000","7,000"
"=""071356""",大成鋼元大48購11,0,0,0,"11,000","4,000","7,000","11,000","4,000","7,000"
"=""071814""",創意國票4B購01  ,0,0,0,"7,000",0,"7,000","7,000",0,"7,000"
"=""071878""",大亞永豐48購01  ,0,0,0,"57,000","50,000","7,000","57,000","50,000","7,000"
"=""072175""",中工國票48購01  ,0,0,0,"12,000","5,000","7,000","12,000","5,000","7,000"
"=""073159""",慧洋元大49購03  ,0,0,0,"7,000",0,"7,000","7,000",0,"7,000"
"=""073395""",宏達電元富41購01,0,0,0,"9,000","2,000","7,000","9,000","2,000","7,000"
"=""073533""",康普群益41購01  ,0,0,0,"7,000",0,"7,000","7,000",0,"7,000"
"=""073783""",欣興凱基49購04  ,0,0,0,"10,000","3,000","7,000","10,000","3,000","7,000"
"=""073909""",智原群益49購02  ,0,0,0,"9,000","2,000","7,000","9,000","2,000","7,000"
"=""074018""",大成鋼元富4C購01,0,0,0,"80,000","73,000","7,000","80,000","73,000","7,000"
"=""074038""",群創台新49購01  ,0,0,0,"7,000",0,"7,000","7,000",0,"7,000"
"=""074122""",SGBR2X元大4A購01,0,0,0,"7,000",0,"7,000","7,000",0,"7,000"
"=""074424""",大成鋼中信49購01,0,0,0,"7,000",0,"7,000","7,000",0,"7,000"
"=""074486""",世芯元富49購14  ,0,0,0,"7,000",0,"7,000","7,000",0,"7,000"
"=""074544""",皇昌群益49購08  ,0,0,0,"7,000",0,"7,000","7,000",0,"7,000"
"=""074716""",材料元富4C購02  ,0,0,0,"37,000","30,000","7,000","37,000","30,000","7,000"
"=""074813""",威強電元大49購06,0,0,0,"26,000","19,000","7,000","26,000","19,000","7,000"
"=""075146""",華擎第一49購01  ,0,0,0,"10,000","3,000","7,000","10,000","3,000","7,000"
"=""075207""",臺股指群益49購25,0,0,0,"60,000","53,000","7,000","60,000","53,000","7,000"
"=""075726""",緯穎凱基51購01  ,0,0,0,"18,000","11,000","7,000","18,000","11,000","7,000"
"=""076166""",台積電凱基4C購18,0,0,0,"7,000",0,"7,000","7,000",0,"7,000"
"=""076208""",智原凱基43購01  ,0,0,0,"7,000",0,"7,000","7,000",0,"7,000"
"=""077017""",T50反1群益4C購02,0,0,0,"10,000","3,000","7,000","10,000","3,000","7,000"
"=""077175""",穎崴統一54購01  ,0,0,0,"12,000","5,000","7,000","12,000","5,000","7,000"
"=""08335U""",英業達元富33售11,0,0,0,"7,000",0,"7,000","7,000",0,"7,000"
"=""08687U""",FBNQ2X元大33售02,0,0,0,"17,000","10,000","7,000","17,000","10,000","7,000"
"=""08966U""",毅嘉凱基34售03  ,0,0,0,"7,000",0,"7,000","7,000",0,"7,000"
1210  ,大成            ,"6,000",0,"6,000","9,000","8,000","1,000","15,000","8,000","7,000"
2536  ,宏普            ,"7,000",0,"7,000",0,0,0,"7,000",0,"7,000"
3705  ,永信            ,"7,000",0,"7,000",0,0,0,"7,000",0,"7,000"
8150  ,南茂            ,"21,000","12,000","9,000",0,"2,000","-2,000","21,000","14,000","7,000"
2636  ,台驊控股        ,"3,000","2,106",894,"7,000","1,001","5,999","10,000","3,107","6,893"
3356  ,奇偶            ,"7,000",116,"6,884",0,0,0,"7,000",116,"6,884"
4142  ,國光生          ,"6,000",420,"5,580","1,000",0,"1,000","7,000",420,"6,580"
4919  ,新唐            ,"29,000","8,501","20,499",0,"14,000","-14,000","29,000","22,501","6,499"
2404  ,漢唐            ,"10,000",0,"10,000","3,000","6,560","-3,560","13,000","6,560","6,440"
5534  ,長虹            ,"10,000","3,610","6,390","1,000","1,000",0,"11,000","4,610","6,390"
"=""03051T""",智邦凱基33售04  ,0,0,0,"6,000",0,"6,000","6,000",0,"6,000"
"=""030961""",緯穎富邦54購01  ,0,0,0,"7,000","1,000","6,000","7,000","1,000","6,000"
"=""03152T""",偉詮電國票34售02,0,0,0,"6,000",0,"6,000","6,000",0,"6,000"
"=""03890T""",聯發科元大34售30,0,0,0,"6,000",0,"6,000","6,000",0,"6,000"
"=""03927T""",台積電群益34售12,0,0,0,"6,000",0,"6,000","6,000",0,"6,000"
"=""04356T""",技嘉國泰37售03  ,0,0,0,"46,000","40,000","6,000","46,000","40,000","6,000"
"=""044170""",旺宏統一58購02  ,0,0,0,"6,000",0,"6,000","6,000",0,"6,000"
"=""044871""",緯穎凱基55購12  ,0,0,0,"6,000",0,"6,000","6,000",0,"6,000"
"=""045245""",嘉澤群益5B購01  ,0,0,0,"6,000",0,"6,000","6,000",0,"6,000"
"=""046376""",潤泰新台新42購01,0,0,0,"16,000","10,000","6,000","16,000","10,000","6,000"
"=""046466""",亞力元大43購01  ,0,0,0,"6,000",0,"6,000","6,000",0,"6,000"
"=""047555""",華友聯永豐43購01,0,0,0,"6,000",0,"6,000","6,000",0,"6,000"
"=""049989""",台光電群益45購01,0,0,0,"6,000",0,"6,000","6,000",0,"6,000"
"=""050304""",碩天台新43購01  ,0,0,0,"6,000",0,"6,000","6,000",0,"6,000"
"=""050663""",台灣50國泰45購01,0,0,0,"6,000",0,"6,000","6,000",0,"6,000"
"=""050751""",欣興群益45購01  ,0,0,0,"6,000",0,"6,000","6,000",0,"6,000"
"=""051025""",宏�硈肭�44購01  ,0,0,0,"6,000",0,"6,000","6,000",0,"6,000"
"=""051040""",臺股指凱基49購04,0,0,0,"6,000",0,"6,000","6,000",0,"6,000"
"=""051048""",智邦元大43購03  ,0,0,0,"6,000",0,"6,000","6,000",0,"6,000"
"=""051363""",美債2X元大45購02,0,0,0,"6,000",0,"6,000","6,000",0,"6,000"
"=""05185T""",FBNQ2X國票37售04,0,0,0,"10,000","4,000","6,000","10,000","4,000","6,000"
"=""051999""",台積電元富43購18,0,0,0,"54,000","48,000","6,000","54,000","48,000","6,000"
"=""052321""",長華凱基46購02  ,0,0,0,"6,000",0,"6,000","6,000",0,"6,000"
"=""052733""",裕融國票47購01  ,0,0,0,"6,000",0,"6,000","6,000",0,"6,000"
"=""052873""",陽明永豐45購04  ,0,0,0,"6,000",0,"6,000","6,000",0,"6,000"
"=""053010""",大銀統一4C購01  ,0,0,0,"6,000",0,"6,000","6,000",0,"6,000"
"=""053664""",滬深2X元富5A購01,0,0,0,"8,000","2,000","6,000","8,000","2,000","6,000"
"=""053798""",百和凱基44購02  ,0,0,0,"6,000",0,"6,000","6,000",0,"6,000"
"=""054991""",合機國票44購01  ,0,0,0,"6,000",0,"6,000","6,000",0,"6,000"
"=""055059""",上銀群益44購03  ,0,0,0,"6,000",0,"6,000","6,000",0,"6,000"
"=""055106""",建準元大44購02  ,0,0,0,"6,000",0,"6,000","6,000",0,"6,000"
"=""05547T""",臺股指凱基37售16,0,0,0,"6,000",0,"6,000","6,000",0,"6,000"
"=""055583""",鴻海凱基4A購02  ,0,0,0,"6,000",0,"6,000","6,000",0,"6,000"
"=""055762""",鴻準富邦46購02  ,0,0,0,"6,000",0,"6,000","6,000",0,"6,000"
"=""055931""",華邦電元大44購03,0,0,0,"6,000",0,"6,000","6,000",0,"6,000"
"=""056109""",世芯元大44購23  ,0,0,0,"6,000",0,"6,000","6,000",0,"6,000"
"=""056240""",川湖元大47購03  ,0,0,0,"6,000",0,"6,000","6,000",0,"6,000"
"=""056245""",藍天元大44購04  ,0,0,0,"6,000",0,"6,000","6,000",0,"6,000"
"=""056299""",天虹中信45購01  ,0,0,0,"6,000",0,"6,000","6,000",0,"6,000"
"=""058228""",美時統一4B購01  ,0,0,0,"18,000","12,000","6,000","18,000","12,000","6,000"
"=""058253""",晶睿凱基47購01  ,0,0,0,"6,000",0,"6,000","6,000",0,"6,000"
"=""058277""",金寶元大49購02  ,0,0,0,"6,000",0,"6,000","6,000",0,"6,000"
"=""058344""",臺股指群益46購05,0,0,0,"6,000",0,"6,000","6,000",0,"6,000"
"=""058562""",富鼎元大45購03  ,0,0,0,"6,000",0,"6,000","6,000",0,"6,000"
"=""058799""",世紀鋼元大45購09,0,0,0,"10,000","4,000","6,000","10,000","4,000","6,000"
"=""059137""",香港2X群益45購05,0,0,0,"25,000","19,000","6,000","25,000","19,000","6,000"
"=""059351""",海悅元大45購04  ,0,0,0,"88,000","82,000","6,000","88,000","82,000","6,000"
"=""05957T""",華泰國票38售02  ,0,0,0,"6,000",0,"6,000","6,000",0,"6,000"
"=""05974T""",臺股指群益46售02,0,0,0,"6,000",0,"6,000","6,000",0,"6,000"
"=""059806""",長榮航永豐45購04,0,0,0,"16,000","10,000","6,000","16,000","10,000","6,000"
"=""059899""",聯發科群益45購10,0,0,0,"6,000",0,"6,000","6,000",0,"6,000"
"=""060292""",T50正2群益46購02,0,0,0,"53,000","47,000","6,000","53,000","47,000","6,000"
"=""060419""",保瑞永豐48購01  ,0,0,0,"10,000","4,000","6,000","10,000","4,000","6,000"
"=""060574""",宇隆元大46購01  ,0,0,0,"8,000","2,000","6,000","8,000","2,000","6,000"
"=""060677""",世芯凱基46購12  ,0,0,0,"8,000","2,000","6,000","8,000","2,000","6,000"
"=""061095""",緯創永豐48購01  ,0,0,0,"30,000","24,000","6,000","30,000","24,000","6,000"
"=""061117""",全漢國票47購01  ,0,0,0,"41,000","35,000","6,000","41,000","35,000","6,000"
"=""061268""",奇鋐群益3A購02  ,0,0,0,"6,000",0,"6,000","6,000",0,"6,000"
"=""061597""",可成國票49購01  ,0,0,0,"11,000","5,000","6,000","11,000","5,000","6,000"
"=""061970""",鴻準凱基46購06  ,0,0,0,"14,000","8,000","6,000","14,000","8,000","6,000"
"=""062020""",萬海國票47購02  ,0,0,0,"108,000","102,000","6,000","108,000","102,000","6,000"
"=""062075""",台達電元大46購04,0,0,0,"6,000",0,"6,000","6,000",0,"6,000"
"=""062110""",中磊元大46購01  ,0,0,0,"6,000",0,"6,000","6,000",0,"6,000"
"=""062241""",華通凱基46購03  ,0,0,0,"6,000",0,"6,000","6,000",0,"6,000"
"=""062567""",鴻海元大46購20  ,0,0,0,"6,000",0,"6,000","6,000",0,"6,000"
"=""062869""",亞光統一4C購03  ,0,0,0,"6,000",0,"6,000","6,000",0,"6,000"
"=""063005""",台光電群益46購04,0,0,0,"6,000",0,"6,000","6,000",0,"6,000"
"=""063099""",台積電中信46購03,0,0,0,"36,000","30,000","6,000","36,000","30,000","6,000"
"=""063151""",FANG+元富46購02 ,0,0,0,"6,000",0,"6,000","6,000",0,"6,000"
"=""063162""",建漢元富47購04  ,0,0,0,"6,000",0,"6,000","6,000",0,"6,000"
"=""063346""",台積電凱基4C購05,0,0,0,"7,000","1,000","6,000","7,000","1,000","6,000"
"=""063373""",台積電國泰48購04,0,0,0,"6,000",0,"6,000","6,000",0,"6,000"
"=""063478""",臺股指元大47購19,0,0,0,"6,000",0,"6,000","6,000",0,"6,000"
"=""063590""",聯發科凱基4A購04,0,0,0,"7,000","1,000","6,000","7,000","1,000","6,000"
"=""063664""",玉晶光元大46購04,0,0,0,"6,000",0,"6,000","6,000",0,"6,000"
"=""063681""",和大富邦49購01  ,0,0,0,"6,000",0,"6,000","6,000",0,"6,000"
"=""063762""",台塑元富46購06  ,0,0,0,"6,000",0,"6,000","6,000",0,"6,000"
"=""063766""",台積電元富47購13,0,0,0,"6,000",0,"6,000","6,000",0,"6,000"
"=""063934""",昆盈國票46購02  ,0,0,0,"6,000",0,"6,000","6,000",0,"6,000"
"=""064988""",大立光元富47購03,0,0,0,"24,000","18,000","6,000","24,000","18,000","6,000"
"=""065040""",金像電元大4C購01,0,0,0,"6,000",0,"6,000","6,000",0,"6,000"
"=""065096""",威盛統一3B購05  ,0,0,0,"6,000",0,"6,000","6,000",0,"6,000"
"=""065360""",佳世達群益4B購01,0,0,0,"6,000",0,"6,000","6,000",0,"6,000"
"=""065461""",鴻海國票49購03  ,0,0,0,"39,000","33,000","6,000","39,000","33,000","6,000"
"=""065563""",台積電中信3B購01,0,0,0,"10,000","4,000","6,000","10,000","4,000","6,000"
"=""065579""",材料元富47購01  ,0,0,0,"6,000",0,"6,000","6,000",0,"6,000"
"=""065675""",群創凱基47購02  ,0,0,0,"21,000","15,000","6,000","21,000","15,000","6,000"
"=""065754""",研揚統一41購02  ,0,0,0,"6,000",0,"6,000","6,000",0,"6,000"
"=""065854""",滬深2X永豐47購05,0,0,0,"6,000",0,"6,000","6,000",0,"6,000"
"=""065912""",科妍元富51購01  ,0,0,0,"6,000",0,"6,000","6,000",0,"6,000"
"=""065913""",鴻海元富47購04  ,0,0,0,"6,000",0,"6,000","6,000",0,"6,000"
"=""066096""",鴻海凱基49購05  ,0,0,0,"6,000",0,"6,000","6,000",0,"6,000"
"=""066230""",洋基群益47購01  ,0,0,0,"6,000",0,"6,000","6,000",0,"6,000"
"=""066761""",億光元大47購02  ,0,0,0,"6,000",0,"6,000","6,000",0,"6,000"
"=""066820""",華通凱基51購01  ,0,0,0,"6,000",0,"6,000","6,000",0,"6,000"
"=""066860""",台積電元富47購18,0,0,0,"26,000","20,000","6,000","26,000","20,000","6,000"
"=""066898""",台泥群益48購01  ,0,0,0,"50,000","44,000","6,000","50,000","44,000","6,000"
"=""067189""",達興統一53購03  ,0,0,0,"6,000",0,"6,000","6,000",0,"6,000"
"=""067240""",神基元富47購03  ,0,0,0,"6,000",0,"6,000","6,000",0,"6,000"
"=""067461""",大立光凱基3B購01,0,0,0,"66,000","60,000","6,000","66,000","60,000","6,000"
"=""067782""",巨大國票49購01  ,0,0,0,"6,000",0,"6,000","6,000",0,"6,000"
"=""067846""",台積電凱基47購26,0,0,0,"6,000",0,"6,000","6,000",0,"6,000"
"=""068186""",緯創永豐4C購03  ,0,0,0,"8,000","2,000","6,000","8,000","2,000","6,000"
"=""068317""",大立光元大48購03,0,0,0,"6,000",0,"6,000","6,000",0,"6,000"
"=""068459""",泰金寶凱基49購02,0,0,0,"6,000",0,"6,000","6,000",0,"6,000"
"=""068547""",奇鋐兆豐4A購01  ,0,0,0,"176,000","170,000","6,000","176,000","170,000","6,000"
"=""068611""",立隆電元大48購05,0,0,0,"6,000",0,"6,000","6,000",0,"6,000"
"=""068670""",聯電永豐49購01  ,0,0,0,"6,000",0,"6,000","6,000",0,"6,000"
"=""068799""",晶心科統一3C購01,0,0,0,"6,000",0,"6,000","6,000",0,"6,000"
"=""069019""",華碩中信48購01  ,0,0,0,"6,000",0,"6,000","6,000",0,"6,000"
"=""069801""",啟�眵峇@52購03  ,0,0,0,"160,000","154,000","6,000","160,000","154,000","6,000"
"=""069807""",百和統一52購01  ,0,0,0,"50,000","44,000","6,000","50,000","44,000","6,000"
"=""069884""",神達凱基4A購02  ,0,0,0,"6,000",0,"6,000","6,000",0,"6,000"
"=""070391""",健策富邦48購01  ,0,0,0,"18,000","12,000","6,000","18,000","12,000","6,000"
"=""070917""",奇鋐凱基48購10  ,0,0,0,"6,000",0,"6,000","6,000",0,"6,000"
"=""071033""",世芯統一54購01  ,0,0,0,"6,000",0,"6,000","6,000",0,"6,000"
"=""071247""",FANG+凱基4B購01 ,0,0,0,"106,000","100,000","6,000","106,000","100,000","6,000"
"=""071481""",中502X永豐48購03,0,0,0,"6,000",0,"6,000","6,000",0,"6,000"
"=""071836""",樺漢富邦49購01  ,0,0,0,"6,000",0,"6,000","6,000",0,"6,000"
"=""072636""",威強電統一53購01,0,0,0,"6,000",0,"6,000","6,000",0,"6,000"
"=""072714""",台化元大49購01  ,0,0,0,"16,000","10,000","6,000","16,000","10,000","6,000"
"=""072819""",全科國票49購01  ,0,0,0,"21,000","15,000","6,000","21,000","15,000","6,000"
"=""073450""",鴻海統一63購01  ,0,0,0,"55,000","49,000","6,000","55,000","49,000","6,000"
"=""073558""",台光電群益4B購02,0,0,0,"6,000",0,"6,000","6,000",0,"6,000"
"=""073654""",新興元大49購01  ,0,0,0,"6,000",0,"6,000","6,000",0,"6,000"
"=""074266""",華城群益4C購02  ,0,0,0,"50,000","44,000","6,000","50,000","44,000","6,000"
"=""074383""",華新國票49購03  ,0,0,0,"6,000",0,"6,000","6,000",0,"6,000"
"=""074596""",世芯元大49購12  ,0,0,0,"6,000",0,"6,000","6,000",0,"6,000"
"=""074882""",群創永豐49購01  ,0,0,0,"6,000",0,"6,000","6,000",0,"6,000"
"=""075026""",裕民群益4B購05  ,0,0,0,"6,000",0,"6,000","6,000",0,"6,000"
"=""075148""",力積電統一43購01,0,0,0,"6,000",0,"6,000","6,000",0,"6,000"
"=""075439""",友達元大49購03  ,0,0,0,"6,000",0,"6,000","6,000",0,"6,000"
"=""075651""",緯穎群益49購08  ,0,0,0,"65,000","59,000","6,000","65,000","59,000","6,000"
"=""075717""",大立光凱基51購01,0,0,0,"6,000",0,"6,000","6,000",0,"6,000"
"=""076088""",微星群益4A購01  ,0,0,0,"10,000","4,000","6,000","10,000","4,000","6,000"
"=""076096""",普安群益49購01  ,0,0,0,"6,000",0,"6,000","6,000",0,"6,000"
"=""076309""",一詮統一53購03  ,0,0,0,"6,000",0,"6,000","6,000",0,"6,000"
"=""076413""",上銀凱基49購12  ,0,0,0,"13,000","7,000","6,000","13,000","7,000","6,000"
"=""076682""",長榮群益49購07  ,0,0,0,"6,000",0,"6,000","6,000",0,"6,000"
"=""076855""",台積電元大49購47,0,0,0,"15,000","9,000","6,000","15,000","9,000","6,000"
"=""077028""",智邦群益49購11  ,0,0,0,"6,000",0,"6,000","6,000",0,"6,000"
"=""077070""",慧洋凱基49購09  ,0,0,0,"6,000",0,"6,000","6,000",0,"6,000"
"=""08618U""",元債2X凱基34售02,0,0,0,"6,000",0,"6,000","6,000",0,"6,000"
1806  ,冠軍            ,"6,000",0,"6,000",0,0,0,"6,000",0,"6,000"
9943  ,好樂迪          ,0,0,0,"6,000",0,"6,000","6,000",0,"6,000"
2816  ,旺旺保          ,"6,000",0,"6,000",0,101,-101,"6,000",101,"5,899"
3596  ,智易            ,"1,000","21,200","-20,200","39,011","13,000","26,011","40,011","34,200","5,811"
2108  ,南帝            ,"6,000",198,"5,802",0,0,0,"6,000",198,"5,802"
1326  ,台化            ,"5,000","3,385","1,615","9,000","5,000","4,000","14,000","8,385","5,615"
1718  ,中纖            ,"10,000","4,497","5,503",0,0,0,"10,000","4,497","5,503"
1618  ,合機            ,"5,445",0,"5,445",0,0,0,"5,445",0,"5,445"
4766  ,南寶            ,"6,000",222,"5,778","3,000","3,385",-385,"9,000","3,607","5,393"
4763  ,材料*-KY        ,"5,586","7,422","-1,836","15,309","8,211","7,098","20,895","15,633","5,262"
2458  ,義隆            ,"18,000","7,696","10,304","13,000","18,100","-5,100","31,000","25,796","5,204"
"=""006203""",元大MSCI台灣    ,0,0,0,"6,000","1,000","5,000","6,000","1,000","5,000"
"=""03194T""",台光電凱基34售03,0,0,0,"5,000",0,"5,000","5,000",0,"5,000"
"=""03324T""",台積電群益34售07,0,0,0,"5,000",0,"5,000","5,000",0,"5,000"
"=""03342T""",聯發科元大33售05,0,0,0,"5,000",0,"5,000","5,000",0,"5,000"
"=""03377T""",健鼎元大33售23  ,0,0,0,"5,000",0,"5,000","5,000",0,"5,000"
"=""035468""",義隆永豐54購01  ,0,0,0,"13,000","8,000","5,000","13,000","8,000","5,000"
"=""036067""",所羅門群益53購02,0,0,0,"6,000","1,000","5,000","6,000","1,000","5,000"
"=""03630B""",臺股指元大37熊14,0,0,0,"21,000","16,000","5,000","21,000","16,000","5,000"
"=""03642T""",同欣電中信34售01,0,0,0,"5,000",0,"5,000","5,000",0,"5,000"
"=""038594""",T50正2凱基54購10,0,0,0,"5,000",0,"5,000","5,000",0,"5,000"
"=""03893T""",聯鈞元大34售09  ,0,0,0,"5,000",0,"5,000","5,000",0,"5,000"
"=""03933T""",長榮航元大34售09,0,0,0,"5,000",0,"5,000","5,000",0,"5,000"
"=""040251""",大立光富邦56購01,0,0,0,"5,000",0,"5,000","5,000",0,"5,000"
"=""04099T""",緯創永豐35售02  ,0,0,0,"5,000",0,"5,000","5,000",0,"5,000"
"=""041926""",道瓊銀元富5A購01,0,0,0,"5,000",0,"5,000","5,000",0,"5,000"
"=""043468""",華榮國票56購02  ,0,0,0,"5,000",0,"5,000","5,000",0,"5,000"
"=""043875""",京鼎凱基55購04  ,0,0,0,"5,000",0,"5,000","5,000",0,"5,000"
"=""044072""",旺宏群益56購02  ,0,0,0,"5,000",0,"5,000","5,000",0,"5,000"
"=""044596""",八方凱基55購03  ,0,0,0,"5,000",0,"5,000","5,000",0,"5,000"
"=""045007""",大成鋼富邦57購01,0,0,0,"5,000",0,"5,000","5,000",0,"5,000"
"=""04557T""",威盛統一39售11  ,0,0,0,"5,000",0,"5,000","5,000",0,"5,000"
"=""04566T""",臺股指群益36售32,0,0,0,"65,000","60,000","5,000","65,000","60,000","5,000"
"=""046236""",華友聯國票43購01,0,0,0,"5,000",0,"5,000","5,000",0,"5,000"
"=""046245""",盟立國票43購01  ,0,0,0,"5,000",0,"5,000","5,000",0,"5,000"
"=""046456""",碩天統一48購01  ,0,0,0,"5,000",0,"5,000","5,000",0,"5,000"
"=""04660T""",矽力群益35售07  ,0,0,0,"5,000",0,"5,000","5,000",0,"5,000"
"=""046652""",景碩群益44購03  ,0,0,0,"5,000",0,"5,000","5,000",0,"5,000"
"=""046886""",台勝科永豐43購02,0,0,0,"5,000",0,"5,000","5,000",0,"5,000"
"=""04745T""",聯詠元大35售06  ,0,0,0,"5,000",0,"5,000","5,000",0,"5,000"
"=""04778T""",高力元富35售03  ,0,0,0,"5,000",0,"5,000","5,000",0,"5,000"
"=""04809T""",敦泰凱基36售03  ,0,0,0,"5,000",0,"5,000","5,000",0,"5,000"
"=""048782""",欣興統一48購04  ,0,0,0,"5,000",0,"5,000","5,000",0,"5,000"
"=""048816""",香港2X國票44購01,0,0,0,"5,000",0,"5,000","5,000",0,"5,000"
"=""049194""",盟立中信45購01  ,0,0,0,"5,000",0,"5,000","5,000",0,"5,000"
"=""049336""",長華群益43購01  ,0,0,0,"5,000",0,"5,000","5,000",0,"5,000"
"=""049470""",炎洲永豐43購01  ,0,0,0,"5,000",0,"5,000","5,000",0,"5,000"
"=""049605""",材料國泰45購01  ,0,0,0,"5,000",0,"5,000","5,000",0,"5,000"
"=""049707""",愛普永豐45購01  ,0,0,0,"5,000",0,"5,000","5,000",0,"5,000"
"=""04972T""",金像電元富36售02,0,0,0,"6,000","1,000","5,000","6,000","1,000","5,000"
"=""049813""",亞力群益43購02  ,0,0,0,"5,000",0,"5,000","5,000",0,"5,000"
"=""050086""",群創永豐44購01  ,0,0,0,"5,000",0,"5,000","5,000",0,"5,000"
"=""050146""",達興凱基43購01  ,0,0,0,"105,000","100,000","5,000","105,000","100,000","5,000"
"=""05030T""",嘉澤群益36售04  ,0,0,0,"5,000",0,"5,000","5,000",0,"5,000"
"=""050354""",T50正2元大43購20,0,0,0,"5,000",0,"5,000","5,000",0,"5,000"
"=""050380""",長榮第一47購01  ,0,0,0,"5,000",0,"5,000","5,000",0,"5,000"
"=""050680""",SGBR2X元富43購03,0,0,0,"6,000","1,000","5,000","6,000","1,000","5,000"
"=""050794""",緯穎第一49購01  ,0,0,0,"55,000","50,000","5,000","55,000","50,000","5,000"
"=""050876""",威盛元大49購02  ,0,0,0,"5,000",0,"5,000","5,000",0,"5,000"
"=""050993""",欣興國票44購03  ,0,0,0,"10,000","5,000","5,000","10,000","5,000","5,000"
"=""051028""",金像電凱基44購04,0,0,0,"5,000",0,"5,000","5,000",0,"5,000"
"=""051080""",堤維西永豐45購01,0,0,0,"5,000",0,"5,000","5,000",0,"5,000"
"=""051113""",臺股指群益43購18,0,0,0,"10,000","5,000","5,000","10,000","5,000","5,000"
"=""051628""",威盛元富49購01  ,0,0,0,"10,000","5,000","5,000","10,000","5,000","5,000"
"=""051754""",亞航元富43購01  ,0,0,0,"10,000","5,000","5,000","10,000","5,000","5,000"
"=""051788""",興勤永豐44購01  ,0,0,0,"5,000",0,"5,000","5,000",0,"5,000"
"=""05195T""",華城凱基36售06  ,0,0,0,"5,000",0,"5,000","5,000",0,"5,000"
"=""052348""",偉詮電永豐46購01,0,0,0,"5,000",0,"5,000","5,000",0,"5,000"
"=""052405""",台積電第一47購01,0,0,0,"5,000",0,"5,000","5,000",0,"5,000"
"=""052418""",國泰金元大43購01,0,0,0,"10,000","5,000","5,000","10,000","5,000","5,000"
"=""052486""",A50正2永豐47購01,0,0,0,"5,000",0,"5,000","5,000",0,"5,000"
"=""052520""",上証2X群益4A購01,0,0,0,"5,000",0,"5,000","5,000",0,"5,000"
"=""05273T""",聯發科元大36售16,0,0,0,"5,000",0,"5,000","5,000",0,"5,000"
"=""052813""",遠雄群益47購01  ,0,0,0,"5,000",0,"5,000","5,000",0,"5,000"
"=""052983""",國企2X元富45購01,0,0,0,"5,000",0,"5,000","5,000",0,"5,000"
"=""053246""",威盛元大44購04  ,0,0,0,"5,000",0,"5,000","5,000",0,"5,000"
"=""053537""",台灣50元大46購02,0,0,0,"5,000",0,"5,000","5,000",0,"5,000"
"=""053654""",元債2X永豐4A購03,0,0,0,"30,000","25,000","5,000","30,000","25,000","5,000"
"=""05379T""",京元電元富36售05,0,0,0,"5,000",0,"5,000","5,000",0,"5,000"
"=""053847""",十銓元富44購02  ,0,0,0,"5,000",0,"5,000","5,000",0,"5,000"
"=""054059""",訊芯元大44購02  ,0,0,0,"5,000",0,"5,000","5,000",0,"5,000"
"=""054116""",致茂群益44購03  ,0,0,0,"5,000",0,"5,000","5,000",0,"5,000"
"=""054135""",訊芯群益44購04  ,0,0,0,"5,000",0,"5,000","5,000",0,"5,000"
"=""054391""",矽格凱基44購02  ,0,0,0,"5,000",0,"5,000","5,000",0,"5,000"
"=""054590""",技嘉統一39購01  ,0,0,0,"10,000","5,000","5,000","10,000","5,000","5,000"
"=""054955""",亞翔永豐44購01  ,0,0,0,"5,000",0,"5,000","5,000",0,"5,000"
"=""054992""",台玻國票45購01  ,0,0,0,"5,000",0,"5,000","5,000",0,"5,000"
"=""055077""",大立光群益46購04,0,0,0,"238,000","233,000","5,000","238,000","233,000","5,000"
"=""055150""",德律富邦46購02  ,0,0,0,"5,000",0,"5,000","5,000",0,"5,000"
"=""055187""",海悅國票44購01  ,0,0,0,"5,000",0,"5,000","5,000",0,"5,000"
"=""055294""",台積電元大45購09,0,0,0,"5,000",0,"5,000","5,000",0,"5,000"
"=""055310""",長榮元大48購02  ,0,0,0,"10,000","5,000","5,000","10,000","5,000","5,000"
"=""05608T""",鉅祥凱基37售03  ,0,0,0,"5,000",0,"5,000","5,000",0,"5,000"
"=""056137""",台積電元富44購19,0,0,0,"5,000",0,"5,000","5,000",0,"5,000"
"=""05633T""",光寶科元富37售01,0,0,0,"5,000",0,"5,000","5,000",0,"5,000"
"=""05646T""",南電國票38售02  ,0,0,0,"5,000",0,"5,000","5,000",0,"5,000"
"=""056557""",鴻海元大45購16  ,0,0,0,"25,000","20,000","5,000","25,000","20,000","5,000"
"=""056881""",鴻海元大47購06  ,0,0,0,"5,000",0,"5,000","5,000",0,"5,000"
"=""057274""",富鼎國票46購02  ,0,0,0,"10,000","5,000","5,000","10,000","5,000","5,000"
"=""057412""",德律元富46購01  ,0,0,0,"5,000",0,"5,000","5,000",0,"5,000"
"=""057465""",元金2X國票49購02,0,0,0,"5,000",0,"5,000","5,000",0,"5,000"
"=""057655""",道瓊銀元富45購01,0,0,0,"8,000","3,000","5,000","8,000","3,000","5,000"
"=""057955""",滬深2X群益45購09,0,0,0,"5,000",0,"5,000","5,000",0,"5,000"
"=""057975""",緯創群益45購09  ,0,0,0,"5,000",0,"5,000","5,000",0,"5,000"
"=""058054""",台化國票45購01  ,0,0,0,"5,000",0,"5,000","5,000",0,"5,000"
"=""058138""",金像電群益46購02,0,0,0,"5,000",0,"5,000","5,000",0,"5,000"
"=""05813T""",華城國票38售04  ,0,0,0,"5,000",0,"5,000","5,000",0,"5,000"
"=""058345""",臺股指群益46購06,0,0,0,"25,000","20,000","5,000","25,000","20,000","5,000"
"=""058630""",新日興統一4B購01,0,0,0,"5,000",0,"5,000","5,000",0,"5,000"
"=""058665""",臺股指凱基4B購07,0,0,0,"5,000",0,"5,000","5,000",0,"5,000"
"=""058684""",光寶科國票46購02,0,0,0,"5,000",0,"5,000","5,000",0,"5,000"
"=""058752""",富鼎群益45購01  ,0,0,0,"5,000",0,"5,000","5,000",0,"5,000"
"=""058761""",川湖元大45購07  ,0,0,0,"5,000",0,"5,000","5,000",0,"5,000"
"=""058835""",皇昌統一53購02  ,0,0,0,"9,000","4,000","5,000","9,000","4,000","5,000"
"=""058886""",光寶科元大45購02,0,0,0,"5,000",0,"5,000","5,000",0,"5,000"
"=""059023""",可成中信47購01  ,0,0,0,"5,000",0,"5,000","5,000",0,"5,000"
"=""059227""",同欣電元富45購01,0,0,0,"5,000",0,"5,000","5,000",0,"5,000"
"=""059306""",中砂群益45購11  ,0,0,0,"5,000",0,"5,000","5,000",0,"5,000"
"=""059582""",世芯元大45購25  ,0,0,0,"5,000",0,"5,000","5,000",0,"5,000"
"=""059780""",臺股指元大45購47,0,0,0,"23,000","18,000","5,000","23,000","18,000","5,000"
"=""059843""",聯茂凱基45購02  ,0,0,0,"5,000",0,"5,000","5,000",0,"5,000"
"=""060031""",緯穎元富46購05  ,0,0,0,"5,000",0,"5,000","5,000",0,"5,000"
"=""060074""",台化國票47購01  ,0,0,0,"5,000",0,"5,000","5,000",0,"5,000"
"=""060437""",群臺2X群益46購01,0,0,0,"5,000",0,"5,000","5,000",0,"5,000"
"=""060729""",嘉澤群益4A購02  ,0,0,0,"103,000","98,000","5,000","103,000","98,000","5,000"
"=""061057""",緯穎元大46購13  ,0,0,0,"5,000",0,"5,000","5,000",0,"5,000"
"=""061383""",亞光國泰48購01  ,0,0,0,"5,000",0,"5,000","5,000",0,"5,000"
"=""061595""",義隆國票48購01  ,0,0,0,"12,000","7,000","5,000","12,000","7,000","5,000"
"=""061619""",T50正2元大47購02,0,0,0,"5,000",0,"5,000","5,000",0,"5,000"
"=""061772""",波力元富46購01  ,0,0,0,"5,000",0,"5,000","5,000",0,"5,000"
"=""062265""",波力凱基46購02  ,0,0,0,"5,000",0,"5,000","5,000",0,"5,000"
"=""062503""",志聖元富46購01  ,0,0,0,"60,000","55,000","5,000","60,000","55,000","5,000"
"=""062679""",世芯國票48購06  ,0,0,0,"10,000","5,000","5,000","10,000","5,000","5,000"
"=""062708""",緯穎永豐47購07  ,0,0,0,"5,000",0,"5,000","5,000",0,"5,000"
"=""062763""",智邦群益46購06  ,0,0,0,"5,000",0,"5,000","5,000",0,"5,000"
"=""062782""",材料群益46購14  ,0,0,0,"5,000",0,"5,000","5,000",0,"5,000"
"=""062815""",亞光元大46購07  ,0,0,0,"60,000","55,000","5,000","60,000","55,000","5,000"
"=""062820""",世芯元大46購21  ,0,0,0,"5,000",0,"5,000","5,000",0,"5,000"
"=""062859""",世芯永豐4B購03  ,0,0,0,"5,000",0,"5,000","5,000",0,"5,000"
"=""062890""",亞光元富4A購01  ,0,0,0,"5,000",0,"5,000","5,000",0,"5,000"
"=""062971""",全新元大46購04  ,0,0,0,"6,000","1,000","5,000","6,000","1,000","5,000"
"=""063009""",聯發科群益46購08,0,0,0,"5,000",0,"5,000","5,000",0,"5,000"
"=""063129""",聯發科凱基46購11,0,0,0,"5,000",0,"5,000","5,000",0,"5,000"
"=""063217""",東陽元大46購10  ,0,0,0,"5,000",0,"5,000","5,000",0,"5,000"
"=""063250""",智原元大4B購01  ,0,0,0,"5,000",0,"5,000","5,000",0,"5,000"
"=""063374""",燿華國泰48購01  ,0,0,0,"5,000",0,"5,000","5,000",0,"5,000"
"=""063410""",臻鼎群益47購02  ,0,0,0,"10,000","5,000","5,000","10,000","5,000","5,000"
"=""063463""",碩天元大46購02  ,0,0,0,"5,000",0,"5,000","5,000",0,"5,000"
"=""063616""",鴻準群益46購07  ,0,0,0,"5,000",0,"5,000","5,000",0,"5,000"
"=""063630""",中磊群益47購01  ,0,0,0,"5,000",0,"5,000","5,000",0,"5,000"
"=""063655""",聯發科元大46購20,0,0,0,"8,000","3,000","5,000","8,000","3,000","5,000"
"=""063718""",元債反中信46購01,0,0,0,"5,000",0,"5,000","5,000",0,"5,000"
"=""064060""",鉅祥元大46購03  ,0,0,0,"5,000",0,"5,000","5,000",0,"5,000"
"=""064159""",國巨兆豐47購01  ,0,0,0,"5,000",0,"5,000","5,000",0,"5,000"
"=""064215""",文曄永豐48購01  ,0,0,0,"5,000",0,"5,000","5,000",0,"5,000"
"=""064332""",南亞科凱基46購05,0,0,0,"5,000",0,"5,000","5,000",0,"5,000"
"=""064566""",奇鋐國票49購01  ,0,0,0,"5,000",0,"5,000","5,000",0,"5,000"
"=""064670""",鴻海元大49購02  ,0,0,0,"5,000",0,"5,000","5,000",0,"5,000"
"=""064900""",潤泰全第一47購01,0,0,0,"5,000",0,"5,000","5,000",0,"5,000"
"=""064901""",巨大第一49購01  ,0,0,0,"109,000","104,000","5,000","109,000","104,000","5,000"
"=""065020""",迅得國票48購02  ,0,0,0,"5,000",0,"5,000","5,000",0,"5,000"
"=""065265""",洋基元富47購02  ,0,0,0,"71,000","66,000","5,000","71,000","66,000","5,000"
"=""065430""",長榮元大47購04  ,0,0,0,"5,000",0,"5,000","5,000",0,"5,000"
"=""065559""",宏�痐葩I47購01  ,0,0,0,"5,000",0,"5,000","5,000",0,"5,000"
"=""065596""",海華國票48購01  ,0,0,0,"5,000",0,"5,000","5,000",0,"5,000"
"=""065924""",陽明元富47購02  ,0,0,0,"11,000","6,000","5,000","11,000","6,000","5,000"
"=""066247""",健策國票49購01  ,0,0,0,"5,000",0,"5,000","5,000",0,"5,000"
"=""066329""",訊芯永豐54購01  ,0,0,0,"5,000",0,"5,000","5,000",0,"5,000"
"=""066445""",FBNQ2X元富3B購01,0,0,0,"5,000",0,"5,000","5,000",0,"5,000"
"=""066780""",愛普元大47購12  ,0,0,0,"10,000","5,000","5,000","10,000","5,000","5,000"
"=""066935""",裕慶群益51購01  ,0,0,0,"15,000","10,000","5,000","15,000","10,000","5,000"
"=""067033""",華通台新47購02  ,0,0,0,"25,000","20,000","5,000","25,000","20,000","5,000"
"=""067147""",金像電元大47購06,0,0,0,"5,000",0,"5,000","5,000",0,"5,000"
"=""067185""",國泰金富邦49購01,0,0,0,"5,000",0,"5,000","5,000",0,"5,000"
"=""067198""",台積電凱基47購25,0,0,0,"5,000",0,"5,000","5,000",0,"5,000"
"=""067264""",達興國票47購02  ,0,0,0,"5,000",0,"5,000","5,000",0,"5,000"
"=""067385""",臺股指富邦48購10,0,0,0,"5,000",0,"5,000","5,000",0,"5,000"
"=""067411""",奇鋐統一51購02  ,0,0,0,"5,000",0,"5,000","5,000",0,"5,000"
"=""067596""",南亞元富47購01  ,0,0,0,"5,000",0,"5,000","5,000",0,"5,000"
"=""067605""",長榮元富48購03  ,0,0,0,"5,000",0,"5,000","5,000",0,"5,000"
"=""067799""",神基統一3B購01  ,0,0,0,"5,000",0,"5,000","5,000",0,"5,000"
"=""067989""",富世達國票48購02,0,0,0,"5,000",0,"5,000","5,000",0,"5,000"
"=""068054""",T50正2凱基4A購03,0,0,0,"5,000",0,"5,000","5,000",0,"5,000"
"=""068074""",長榮凱基47購08  ,0,0,0,"5,000",0,"5,000","5,000",0,"5,000"
"=""068118""",神達元富47購06  ,0,0,0,"5,000",0,"5,000","5,000",0,"5,000"
"=""068199""",陽明元富48購01  ,0,0,0,"5,000",0,"5,000","5,000",0,"5,000"
"=""068212""",台化群益48購02  ,0,0,0,"8,000","3,000","5,000","8,000","3,000","5,000"
"=""068337""",和大永豐49購02  ,0,0,0,"5,000",0,"5,000","5,000",0,"5,000"
"=""068368""",亞翔統一45購01  ,0,0,0,"5,000",0,"5,000","5,000",0,"5,000"
"=""068400""",啟�眵峇@52購01  ,0,0,0,"5,000",0,"5,000","5,000",0,"5,000"
"=""068433""",嘉澤國票4A購02  ,0,0,0,"85,000","80,000","5,000","85,000","80,000","5,000"
"=""068502""",台光電元大48購05,0,0,0,"5,000",0,"5,000","5,000",0,"5,000"
"=""068572""",南電國票49購02  ,0,0,0,"15,000","10,000","5,000","15,000","10,000","5,000"
"=""068660""",力積電統一54購02,0,0,0,"5,000",0,"5,000","5,000",0,"5,000"
"=""068733""",台積電群益48購16,0,0,0,"5,000",0,"5,000","5,000",0,"5,000"
"=""068854""",昇陽半中信48購01,0,0,0,"5,000",0,"5,000","5,000",0,"5,000"
"=""068890""",精銳元富48購02  ,0,0,0,"13,000","8,000","5,000","13,000","8,000","5,000"
"=""069014""",啟�眥窶�4A購01  ,0,0,0,"5,000",0,"5,000","5,000",0,"5,000"
"=""069084""",華碩元大48購02  ,0,0,0,"5,000",0,"5,000","5,000",0,"5,000"
"=""069141""",世芯群益49購06  ,0,0,0,"57,000","52,000","5,000","57,000","52,000","5,000"
"=""069163""",大立光凱基3C購01,0,0,0,"5,000",0,"5,000","5,000",0,"5,000"
"=""069364""",台灣50永豐48購04,0,0,0,"134,000","129,000","5,000","134,000","129,000","5,000"
"=""069475""",長榮元大49購05  ,0,0,0,"5,000",0,"5,000","5,000",0,"5,000"
"=""069641""",立積凱基48購03  ,0,0,0,"5,000",0,"5,000","5,000",0,"5,000"
"=""069901""",鴻海元大48購20  ,0,0,0,"5,000",0,"5,000","5,000",0,"5,000"
"=""069915""",創意元大48購02  ,0,0,0,"5,000",0,"5,000","5,000",0,"5,000"
"=""069919""",世芯元大48購22  ,0,0,0,"5,000",0,"5,000","5,000",0,"5,000"
"=""069942""",滬深2X群益4A購12,0,0,0,"5,000",0,"5,000","5,000",0,"5,000"
"=""070187""",大成鋼統一52購08,0,0,0,"101,000","96,000","5,000","101,000","96,000","5,000"
"=""070531""",英業達永豐49購01,0,0,0,"5,000",0,"5,000","5,000",0,"5,000"
"=""070601""",材料元大51購03  ,0,0,0,"11,000","6,000","5,000","11,000","6,000","5,000"
"=""070863""",立隆電元大48購07,0,0,0,"5,000",0,"5,000","5,000",0,"5,000"
"=""071028""",新日興統一5A購02,0,0,0,"10,000","5,000","5,000","10,000","5,000","5,000"
"=""071146""",神達元大51購04  ,0,0,0,"45,000","40,000","5,000","45,000","40,000","5,000"
"=""071154""",晶心科元大48購02,0,0,0,"5,000",0,"5,000","5,000",0,"5,000"
"=""071245""",SP黃豆凱基48購01,0,0,0,"5,000",0,"5,000","5,000",0,"5,000"
"=""071316""",美時統一52購01  ,0,0,0,"5,000",0,"5,000","5,000",0,"5,000"
"=""071324""",慧洋統一55購01  ,0,0,0,"5,000",0,"5,000","5,000",0,"5,000"
"=""071352""",華新元大48購03  ,0,0,0,"5,000",0,"5,000","5,000",0,"5,000"
"=""071403""",台郡第一48購01  ,0,0,0,"5,000",0,"5,000","5,000",0,"5,000"
"=""071763""",台積電元大51購10,0,0,0,"15,000","10,000","5,000","15,000","10,000","5,000"
"=""071835""",台郡富邦48購01  ,0,0,0,"10,000","5,000","5,000","10,000","5,000","5,000"
"=""071864""",中租凱基49購02  ,0,0,0,"5,000",0,"5,000","5,000",0,"5,000"
"=""071922""",矽格統一52購02  ,0,0,0,"10,000","5,000","5,000","10,000","5,000","5,000"
"=""071959""",矽格群益48購03  ,0,0,0,"5,000",0,"5,000","5,000",0,"5,000"
"=""072062""",臺股指元大49購27,0,0,0,"5,000",0,"5,000","5,000",0,"5,000"
"=""072145""",龍德船統一51購02,0,0,0,"5,000",0,"5,000","5,000",0,"5,000"
"=""072209""",智原凱基51購02  ,0,0,0,"5,000",0,"5,000","5,000",0,"5,000"
"=""072297""",大立光元富48購03,0,0,0,"5,000",0,"5,000","5,000",0,"5,000"
"=""072464""",亞力元大48購02  ,0,0,0,"8,000","3,000","5,000","8,000","3,000","5,000"
"=""072499""",台郡元大48購03  ,0,0,0,"60,000","55,000","5,000","60,000","55,000","5,000"
"=""072552""",大成鋼凱基49購05,0,0,0,"5,000",0,"5,000","5,000",0,"5,000"
"=""072649""",世紀鋼統一53購02,0,0,0,"5,000",0,"5,000","5,000",0,"5,000"
"=""072797""",台光電國泰4A購01,0,0,0,"5,000",0,"5,000","5,000",0,"5,000"
"=""072937""",亞翔群益49購06  ,0,0,0,"5,000",0,"5,000","5,000",0,"5,000"
"=""073132""",中興電元大49購05,0,0,0,"5,000",0,"5,000","5,000",0,"5,000"
"=""073320""",台積電台新4A購01,0,0,0,"17,000","12,000","5,000","17,000","12,000","5,000"
"=""073329""",昆盈統一5B購01  ,0,0,0,"5,000",0,"5,000","5,000",0,"5,000"
"=""073417""",美食富邦41購01  ,0,0,0,"5,000",0,"5,000","5,000",0,"5,000"
"=""073595""",台積電元富53購02,0,0,0,"5,000",0,"5,000","5,000",0,"5,000"
"=""073675""",東科元大49購04  ,0,0,0,"5,000",0,"5,000","5,000",0,"5,000"
"=""074034""",亞翔元富53購01  ,0,0,0,"35,000","30,000","5,000","35,000","30,000","5,000"
"=""074160""",樺漢元大49購01  ,0,0,0,"5,000",0,"5,000","5,000",0,"5,000"
"=""074190""",台積電永豐4A購09,0,0,0,"5,000",0,"5,000","5,000",0,"5,000"
"=""074300""",台積電元富4B購04,0,0,0,"5,000",0,"5,000","5,000",0,"5,000"
"=""074660""",SGBR2X群益49購05,0,0,0,"5,000",0,"5,000","5,000",0,"5,000"
"=""074838""",上銀富邦4B購01  ,0,0,0,"5,000",0,"5,000","5,000",0,"5,000"
"=""074985""",台光電元大49購09,0,0,0,"5,000",0,"5,000","5,000",0,"5,000"
"=""075201""",迎廣群益4A購02  ,0,0,0,"5,000",0,"5,000","5,000",0,"5,000"
"=""075294""",貿聯富邦49購02  ,0,0,0,"5,000",0,"5,000","5,000",0,"5,000"
"=""075325""",全新元富49購01  ,0,0,0,"180,000","175,000","5,000","180,000","175,000","5,000"
"=""075385""",長榮群益49購04  ,0,0,0,"8,000","3,000","5,000","8,000","3,000","5,000"
"=""075851""",力成元大49購03  ,0,0,0,"40,000","35,000","5,000","40,000","35,000","5,000"
"=""075922""",華碩凱基49購04  ,0,0,0,"25,000","20,000","5,000","25,000","20,000","5,000"
"=""076107""",祥碩群益49購01  ,0,0,0,"5,000",0,"5,000","5,000",0,"5,000"
"=""076176""",緯創凱基4A購04  ,0,0,0,"5,000",0,"5,000","5,000",0,"5,000"
"=""076190""",台灣50元大49購27,0,0,0,"15,000","10,000","5,000","15,000","10,000","5,000"
"=""076272""",來億群益49購04  ,0,0,0,"10,000","5,000","5,000","10,000","5,000","5,000"
"=""076395""",台積電永豐4B購10,0,0,0,"5,000",0,"5,000","5,000",0,"5,000"
"=""076911""",臺股指群益46購01,0,0,0,"5,000",0,"5,000","5,000",0,"5,000"
"=""076955""",華新國泰4A購03  ,0,0,0,"5,000",0,"5,000","5,000",0,"5,000"
"=""077015""",臺股指元富49購31,0,0,0,"5,000",0,"5,000","5,000",0,"5,000"
"=""077172""",欣興統一54購01  ,0,0,0,"5,000",0,"5,000","5,000",0,"5,000"
"=""08983U""",宏�硌s益32售03  ,0,0,0,"5,000",0,"5,000","5,000",0,"5,000"
1442  ,名軒            ,"5,000",0,"5,000",0,0,0,"5,000",0,"5,000"
1471  ,首利            ,"6,000","1,000","5,000",0,0,0,"6,000","1,000","5,000"
2231  ,為升            ,"6,000","1,000","5,000",0,0,0,"6,000","1,000","5,000"
2450  ,神腦            ,"5,000",0,"5,000",0,0,0,"5,000",0,"5,000"
2480  ,敦陽科          ,"5,000",0,"5,000",0,0,0,"5,000",0,"5,000"
2906  ,高林            ,"8,000","3,000","5,000",0,0,0,"8,000","3,000","5,000"
3050  ,鈺德            ,0,0,0,"5,000",0,"5,000","5,000",0,"5,000"
6136  ,富爾特          ,"5,000",0,"5,000",0,0,0,"5,000",0,"5,000"
1522  ,堤維西          ,"8,000","3,294","4,706",0,0,0,"8,000","3,294","4,706"
6592  ,和潤企業        ,"1,000","1,412",-412,"5,000",0,"5,000","6,000","1,412","4,588"
2527  ,宏璟            ,"5,001",538,"4,463",0,0,0,"5,001",538,"4,463"
9921  ,巨大            ,0,0,0,"6,304","2,051","4,253","6,304","2,051","4,253"
1907  ,永豐餘          ,"10,000","5,804","4,196",0,0,0,"10,000","5,804","4,196"
"=""03003T""",長榮航凱基36售04,0,0,0,"6,000","2,000","4,000","6,000","2,000","4,000"
"=""031130""",華晶科國泰53購01,0,0,0,"4,000",0,"4,000","4,000",0,"4,000"
"=""038672""",金像電元大54購17,0,0,0,"11,000","7,000","4,000","11,000","7,000","4,000"
"=""03894C""",臺股指凱基32牛15,0,0,0,"4,000",0,"4,000","4,000",0,"4,000"
"=""03914C""",臺股指元大36牛61,0,0,0,"4,000",0,"4,000","4,000",0,"4,000"
"=""040317""",台達電群益54購07,0,0,0,"4,000",0,"4,000","4,000",0,"4,000"
"=""04082T""",漢翔國票35售06  ,0,0,0,"5,000","1,000","4,000","5,000","1,000","4,000"
"=""042798""",乙盛元富55購02  ,0,0,0,"24,000","20,000","4,000","24,000","20,000","4,000"
"=""042991""",長榮群益55購02  ,0,0,0,"5,000","1,000","4,000","5,000","1,000","4,000"
"=""04337T""",威盛元富35售01  ,0,0,0,"4,000",0,"4,000","4,000",0,"4,000"
"=""043793""",偉訓國票55購02  ,0,0,0,"4,000",0,"4,000","4,000",0,"4,000"
"=""04535T""",台積電凱基43售04,0,0,0,"4,000",0,"4,000","4,000",0,"4,000"
"=""04569T""",智原元大35售12  ,0,0,0,"4,000",0,"4,000","4,000",0,"4,000"
"=""046519""",臺股指群益37購01,0,0,0,"4,000",0,"4,000","4,000",0,"4,000"
"=""046524""",亞力凱基43購03  ,0,0,0,"4,000",0,"4,000","4,000",0,"4,000"
"=""04665T""",聯發科凱基35售24,0,0,0,"4,000",0,"4,000","4,000",0,"4,000"
"=""04678T""",金像電凱基35售03,0,0,0,"62,000","58,000","4,000","62,000","58,000","4,000"
"=""047617""",大銀元富42購03  ,0,0,0,"4,000",0,"4,000","4,000",0,"4,000"
"=""04973T""",京元電元富36售02,0,0,0,"37,000","33,000","4,000","37,000","33,000","4,000"
"=""05049T""",華泰統一39售03  ,0,0,0,"9,000","5,000","4,000","9,000","5,000","4,000"
"=""051329""",潤隆國泰45購02  ,0,0,0,"4,000",0,"4,000","4,000",0,"4,000"
"=""052651""",中砂永豐45購01  ,0,0,0,"4,000",0,"4,000","4,000",0,"4,000"
"=""052795""",鴻海群益5A購01  ,0,0,0,"4,000",0,"4,000","4,000",0,"4,000"
"=""052999""",達發元富44購01  ,0,0,0,"182,000","178,000","4,000","182,000","178,000","4,000"
"=""054138""",汎銓群益44購02  ,0,0,0,"4,000",0,"4,000","4,000",0,"4,000"
"=""054266""",台積電元大48購04,0,0,0,"4,000",0,"4,000","4,000",0,"4,000"
"=""05426T""",緯創元富36售12  ,0,0,0,"4,000",0,"4,000","4,000",0,"4,000"
"=""054621""",毅嘉國票46購02  ,0,0,0,"4,000",0,"4,000","4,000",0,"4,000"
"=""054747""",台灣50永豐44購05,0,0,0,"10,000","6,000","4,000","10,000","6,000","4,000"
"=""054864""",全新元大44購03  ,0,0,0,"4,000",0,"4,000","4,000",0,"4,000"
"=""05508T""",華城群益37售04  ,0,0,0,"4,000",0,"4,000","4,000",0,"4,000"
"=""055188""",佳世達國票45購01,0,0,0,"4,000",0,"4,000","4,000",0,"4,000"
"=""055211""",華泰永豐46購01  ,0,0,0,"4,000",0,"4,000","4,000",0,"4,000"
"=""055451""",宏達電群益44購07,0,0,0,"4,000",0,"4,000","4,000",0,"4,000"
"=""055704""",百和富邦44購01  ,0,0,0,"4,000",0,"4,000","4,000",0,"4,000"
"=""055985""",威盛國泰46購05  ,0,0,0,"4,000",0,"4,000","4,000",0,"4,000"
"=""056267""",天虹元大44購01  ,0,0,0,"4,000",0,"4,000","4,000",0,"4,000"
"=""056438""",智原兆豐47購01  ,0,0,0,"4,000",0,"4,000","4,000",0,"4,000"
"=""056935""",奇鋐群益45購07  ,0,0,0,"66,000","62,000","4,000","66,000","62,000","4,000"
"=""057107""",中華群益45購01  ,0,0,0,"5,000","1,000","4,000","5,000","1,000","4,000"
"=""057498""",華邦電凱基47購01,0,0,0,"4,000",0,"4,000","4,000",0,"4,000"
"=""058168""",緯穎群益45購09  ,0,0,0,"4,000",0,"4,000","4,000",0,"4,000"
"=""05820T""",美時統一39售04  ,0,0,0,"4,000",0,"4,000","4,000",0,"4,000"
"=""058213""",健和興元富45購01,0,0,0,"4,000",0,"4,000","4,000",0,"4,000"
"=""058315""",中砂群益45購07  ,0,0,0,"4,000",0,"4,000","4,000",0,"4,000"
"=""058634""",美債2X凱基4A購03,0,0,0,"4,000",0,"4,000","4,000",0,"4,000"
"=""058943""",世芯群益45購16  ,0,0,0,"8,000","4,000","4,000","8,000","4,000","4,000"
"=""059081""",友訊元富4B購01  ,0,0,0,"81,000","77,000","4,000","81,000","77,000","4,000"
"=""059210""",美時富邦48購01  ,0,0,0,"4,000",0,"4,000","4,000",0,"4,000"
"=""059747""",智邦元大45購05  ,0,0,0,"4,000",0,"4,000","4,000",0,"4,000"
"=""059817""",威強電富邦47購01,0,0,0,"4,000",0,"4,000","4,000",0,"4,000"
"=""059918""",世芯群益47購07  ,0,0,0,"4,000",0,"4,000","4,000",0,"4,000"
"=""059934""",順德國票46購02  ,0,0,0,"4,000",0,"4,000","4,000",0,"4,000"
"=""060012""",台積電永豐4C購03,0,0,0,"4,000",0,"4,000","4,000",0,"4,000"
"=""060146""",中502X元大47購04,0,0,0,"4,000",0,"4,000","4,000",0,"4,000"
"=""060262""",T50正2國票48購01,0,0,0,"4,000",0,"4,000","4,000",0,"4,000"
"=""060477""",陽明中信47購02  ,0,0,0,"15,000","11,000","4,000","15,000","11,000","4,000"
"=""060899""",凱美國票47購01  ,0,0,0,"4,000",0,"4,000","4,000",0,"4,000"
"=""060951""",穎崴凱基48購01  ,0,0,0,"4,000",0,"4,000","4,000",0,"4,000"
"=""061113""",緯創國泰48購01  ,0,0,0,"5,000","1,000","4,000","5,000","1,000","4,000"
"=""061247""",中502X凱基49購01,0,0,0,"4,000",0,"4,000","4,000",0,"4,000"
"=""061310""",鴻海富邦46購07  ,0,0,0,"12,000","8,000","4,000","12,000","8,000","4,000"
"=""061942""",大立光永豐46購05,0,0,0,"4,000",0,"4,000","4,000",0,"4,000"
"=""062042""",國企2X群益48購04,0,0,0,"4,000",0,"4,000","4,000",0,"4,000"
"=""062215""",FBNQ2X元富46購01,0,0,0,"59,000","55,000","4,000","59,000","55,000","4,000"
"=""062418""",所羅門永豐48購01,0,0,0,"4,000",0,"4,000","4,000",0,"4,000"
"=""062678""",世芯國票46購14  ,0,0,0,"4,000",0,"4,000","4,000",0,"4,000"
"=""062906""",台達電凱基48購02,0,0,0,"4,000",0,"4,000","4,000",0,"4,000"
"=""062925""",精銳凱基46購02  ,0,0,0,"70,000","66,000","4,000","70,000","66,000","4,000"
"=""063079""",緯穎統一54購01  ,0,0,0,"4,000",0,"4,000","4,000",0,"4,000"
"=""063433""",川湖元大47購05  ,0,0,0,"4,000",0,"4,000","4,000",0,"4,000"
"=""063918""",世芯中信47購03  ,0,0,0,"4,000",0,"4,000","4,000",0,"4,000"
"=""063979""",群創兆豐48購01  ,0,0,0,"4,000",0,"4,000","4,000",0,"4,000"
"=""064366""",友訊永豐48購01  ,0,0,0,"94,000","90,000","4,000","94,000","90,000","4,000"
"=""064431""",緯穎凱基47購05  ,0,0,0,"4,000",0,"4,000","4,000",0,"4,000"
"=""064512""",緯創統一3A購01  ,0,0,0,"37,000","33,000","4,000","37,000","33,000","4,000"
"=""064559""",海悅國票49購02  ,0,0,0,"4,000",0,"4,000","4,000",0,"4,000"
"=""064977""",大同富邦48購01  ,0,0,0,"4,000",0,"4,000","4,000",0,"4,000"
"=""065072""",泰金寶元大47購01,0,0,0,"10,000","6,000","4,000","10,000","6,000","4,000"
"=""065240""",炎洲凱基49購01  ,0,0,0,"4,000",0,"4,000","4,000",0,"4,000"
"=""065270""",台塑永豐48購01  ,0,0,0,"11,000","7,000","4,000","11,000","7,000","4,000"
"=""065328""",貿聯統一51購01  ,0,0,0,"4,000",0,"4,000","4,000",0,"4,000"
"=""065420""",廣宇元大47購03  ,0,0,0,"4,000",0,"4,000","4,000",0,"4,000"
"=""065468""",愛山林國票4A購01,0,0,0,"4,000",0,"4,000","4,000",0,"4,000"
"=""065608""",威盛凱基43購03  ,0,0,0,"11,000","7,000","4,000","11,000","7,000","4,000"
"=""065890""",中華凱基4C購01  ,0,0,0,"4,000",0,"4,000","4,000",0,"4,000"
"=""065894""",鴻海凱基48購03  ,0,0,0,"4,000",0,"4,000","4,000",0,"4,000"
"=""065976""",智原元大47購09  ,0,0,0,"10,000","6,000","4,000","10,000","6,000","4,000"
"=""066198""",台灣50群益47購04,0,0,0,"6,000","2,000","4,000","6,000","2,000","4,000"
"=""066292""",和椿元大47購02  ,0,0,0,"5,000","1,000","4,000","5,000","1,000","4,000"
"=""066365""",世芯元富51購03  ,0,0,0,"4,000",0,"4,000","4,000",0,"4,000"
"=""066386""",智原統一3B購02  ,0,0,0,"4,000",0,"4,000","4,000",0,"4,000"
"=""066404""",晟銘電國票4A購01,0,0,0,"9,000","5,000","4,000","9,000","5,000","4,000"
"=""066736""",來億群益49購01  ,0,0,0,"4,000",0,"4,000","4,000",0,"4,000"
"=""066798""",皇昌國泰48購02  ,0,0,0,"13,000","9,000","4,000","13,000","9,000","4,000"
"=""067127""",台化國票48購01  ,0,0,0,"9,000","5,000","4,000","9,000","5,000","4,000"
"=""067209""",奇鋐凱基48購03  ,0,0,0,"17,000","13,000","4,000","17,000","13,000","4,000"
"=""067422""",潤泰全永豐51購01,0,0,0,"10,000","6,000","4,000","10,000","6,000","4,000"
"=""067467""",群創凱基47購03  ,0,0,0,"4,000",0,"4,000","4,000",0,"4,000"
"=""067476""",華城統一3B購07  ,0,0,0,"4,000",0,"4,000","4,000",0,"4,000"
"=""067544""",國泰金群益47購03,0,0,0,"51,000","47,000","4,000","51,000","47,000","4,000"
"=""067779""",科妍國票4A購01  ,0,0,0,"4,000",0,"4,000","4,000",0,"4,000"
"=""067899""",台泥元大47購05  ,0,0,0,"29,000","25,000","4,000","29,000","25,000","4,000"
"=""068448""",立隆電凱基48購03,0,0,0,"5,000","1,000","4,000","5,000","1,000","4,000"
"=""068738""",辛耘群益48購01  ,0,0,0,"4,000",0,"4,000","4,000",0,"4,000"
"=""069515""",立積永豐49購01  ,0,0,0,"4,000",0,"4,000","4,000",0,"4,000"
"=""070020""",台積電元富49購11,0,0,0,"4,000",0,"4,000","4,000",0,"4,000"
"=""070142""",泰金寶元大48購03,0,0,0,"4,000",0,"4,000","4,000",0,"4,000"
"=""070413""",新唐元富4C購01  ,0,0,0,"4,000",0,"4,000","4,000",0,"4,000"
"=""071030""",群創統一52購03  ,0,0,0,"4,000",0,"4,000","4,000",0,"4,000"
"=""071104""",滬深2X元大4B購04,0,0,0,"9,000","5,000","4,000","9,000","5,000","4,000"
"=""071717""",台達電國泰49購01,0,0,0,"4,000",0,"4,000","4,000",0,"4,000"
"=""071750""",台灣50元大4A購06,0,0,0,"4,000",0,"4,000","4,000",0,"4,000"
"=""071853""",宇隆凱基48購04  ,0,0,0,"5,000","1,000","4,000","5,000","1,000","4,000"
"=""072117""",中興電統一58購02,0,0,0,"16,000","12,000","4,000","16,000","12,000","4,000"
"=""072330""",華碩元富43購01  ,0,0,0,"4,000",0,"4,000","4,000",0,"4,000"
"=""072601""",台塑永豐49購03  ,0,0,0,"13,000","9,000","4,000","13,000","9,000","4,000"
"=""072736""",裕民元大4A購01  ,0,0,0,"4,000",0,"4,000","4,000",0,"4,000"
"=""073194""",達興統一52購01  ,0,0,0,"4,000",0,"4,000","4,000",0,"4,000"
"=""073237""",世芯國泰4A購01  ,0,0,0,"4,000",0,"4,000","4,000",0,"4,000"
"=""073630""",台積電元大52購03,0,0,0,"4,000",0,"4,000","4,000",0,"4,000"
"=""073847""",微星元大49購03  ,0,0,0,"7,000","3,000","4,000","7,000","3,000","4,000"
"=""074279""",慧洋群益49購05  ,0,0,0,"4,000",0,"4,000","4,000",0,"4,000"
"=""074779""",巨大永豐49購02  ,0,0,0,"6,000","2,000","4,000","6,000","2,000","4,000"
"=""074930""",長榮統一43購02  ,0,0,0,"4,000",0,"4,000","4,000",0,"4,000"
"=""075044""",台泥富邦49購02  ,0,0,0,"4,000",0,"4,000","4,000",0,"4,000"
"=""075860""",亞德客永豐4B購01,0,0,0,"204,000","200,000","4,000","204,000","200,000","4,000"
"=""076049""",華邦電永豐4B購02,0,0,0,"180,000","176,000","4,000","180,000","176,000","4,000"
"=""076076""",T50正2群益49購05,0,0,0,"4,000",0,"4,000","4,000",0,"4,000"
"=""076260""",全新群益49購03  ,0,0,0,"4,000",0,"4,000","4,000",0,"4,000"
"=""076435""",昇陽半凱基4A購02,0,0,0,"13,000","9,000","4,000","13,000","9,000","4,000"
"=""076468""",T50反1國票4A購01,0,0,0,"4,000",0,"4,000","4,000",0,"4,000"
"=""076903""",長榮鋼凱基49購01,0,0,0,"6,000","2,000","4,000","6,000","2,000","4,000"
"=""076945""",旺宏永豐4C購01  ,0,0,0,"4,000",0,"4,000","4,000",0,"4,000"
"=""077019""",FBNQ2X群益4C購01,0,0,0,"5,000","1,000","4,000","5,000","1,000","4,000"
"=""077184""",大立光元富54購01,0,0,0,"4,000",0,"4,000","4,000",0,"4,000"
"=""077200""",台積電國票4A購14,0,0,0,"4,000",0,"4,000","4,000",0,"4,000"
"=""08089U""",陽明統一32售03  ,0,0,0,"4,000",0,"4,000","4,000",0,"4,000"
"=""08843U""",緯穎富邦33售02  ,0,0,0,"4,000",0,"4,000","4,000",0,"4,000"
1314  ,中石化          ,"16,000","12,000","4,000",0,0,0,"16,000","12,000","4,000"
2347  ,聯強            ,"14,000",0,"14,000","5,000","15,000","-10,000","19,000","15,000","4,000"
2390  ,云辰            ,"5,000","1,000","4,000",0,0,0,"5,000","1,000","4,000"
2801  ,彰銀            ,"4,000",0,"4,000",0,0,0,"4,000",0,"4,000"
2929  ,淘帝-KY         ,"4,000",0,"4,000",0,0,0,"4,000",0,"4,000"
3027  ,盛達            ,"4,000",0,"4,000",0,0,0,"4,000",0,"4,000"
3535  ,晶彩科          ,"4,000",0,"4,000",0,0,0,"4,000",0,"4,000"
6168  ,宏齊            ,"4,001",1,"4,000",0,0,0,"4,001",1,"4,000"
8011  ,台通            ,"4,000",0,"4,000",0,0,0,"4,000",0,"4,000"
"=""00739 """,元大MSCI A股    ,0,0,0,"84,400","80,568","3,832","84,400","80,568","3,832"
1476  ,儒鴻            ,"4,037",0,"4,037","1,290","1,528",-238,"5,327","1,528","3,799"
1528  ,恩德            ,"4,164",438,"3,726",0,0,0,"4,164",438,"3,726"
4915  ,致伸            ,"1,000",412,588,"22,000","19,018","2,982","23,000","19,430","3,570"
3023  ,信邦            ,"8,000","5,155","2,845",460,0,460,"8,460","5,155","3,305"
6715  ,嘉基            ,0,"1,000","-1,000","4,001",0,"4,001","4,001","1,000","3,001"
"=""00709 """,富邦歐洲        ,0,0,0,"23,000","20,000","3,000","23,000","20,000","3,000"
"=""00736 """,國泰新興市場    ,0,0,0,"103,000","100,000","3,000","103,000","100,000","3,000"
"=""00861 """,元大全球未來通訊,0,0,0,"4,000","1,000","3,000","4,000","1,000","3,000"
"=""020012""",富邦行動通訊N   ,0,0,0,"3,000",0,"3,000","3,000",0,"3,000"
"=""03095T""",東元元大34售01  ,0,0,0,"10,000","7,000","3,000","10,000","7,000","3,000"
"=""03273T""",美時群益33售03  ,0,0,0,"3,000",0,"3,000","3,000",0,"3,000"
"=""03421T""",健鼎元大33售24  ,0,0,0,"3,000",0,"3,000","3,000",0,"3,000"
"=""035862""",川湖群益55購02  ,0,0,0,"3,000",0,"3,000","3,000",0,"3,000"
"=""03774T""",上銀國票35售02  ,0,0,0,"3,000",0,"3,000","3,000",0,"3,000"
"=""03803T""",華孚群益34售04  ,0,0,0,"3,000",0,"3,000","3,000",0,"3,000"
"=""03809T""",承業醫國票34售01,0,0,0,"3,000",0,"3,000","3,000",0,"3,000"
"=""03838T""",電子類國票34售03,0,0,0,"10,000","7,000","3,000","10,000","7,000","3,000"
"=""03916C""",臺股指凱基3B牛04,0,0,0,"3,000",0,"3,000","3,000",0,"3,000"
"=""040720""",陽明凱基54購02  ,0,0,0,"3,000",0,"3,000","3,000",0,"3,000"
"=""04119T""",緯創群益34售04  ,0,0,0,"3,000",0,"3,000","3,000",0,"3,000"
"=""042138""",台表科國票5A購01,0,0,0,"3,000",0,"3,000","3,000",0,"3,000"
"=""04322T""",威盛元大35售18  ,0,0,0,"3,000",0,"3,000","3,000",0,"3,000"
"=""04451T""",愛普國票36售01  ,0,0,0,"13,000","10,000","3,000","13,000","10,000","3,000"
"=""045448""",世芯元大55購12  ,0,0,0,"3,000",0,"3,000","3,000",0,"3,000"
"=""046083""",SGBR2X群益44購01,0,0,0,"3,000",0,"3,000","3,000",0,"3,000"
"=""047153""",群臺2X凱基43購01,0,0,0,"9,000","6,000","3,000","9,000","6,000","3,000"
"=""047888""",世芯國泰44購04  ,0,0,0,"3,000",0,"3,000","3,000",0,"3,000"
"=""04789T""",高力國票35售04  ,0,0,0,"3,000",0,"3,000","3,000",0,"3,000"
"=""048193""",鴻海永豐49購02  ,0,0,0,"3,000",0,"3,000","3,000",0,"3,000"
"=""048225""",國泰金元富42購02,0,0,0,"3,000",0,"3,000","3,000",0,"3,000"
"=""048353""",美債2X凱基46購02,0,0,0,"13,000","10,000","3,000","13,000","10,000","3,000"
"=""04840T""",華泰元富36售02  ,0,0,0,"3,000",0,"3,000","3,000",0,"3,000"
"=""049239""",科妍元大43購01  ,0,0,0,"3,000",0,"3,000","3,000",0,"3,000"
"=""04991T""",台灣50元富36售12,0,0,0,"3,000",0,"3,000","3,000",0,"3,000"
"=""050052""",京鼎元大46購01  ,0,0,0,"3,000",0,"3,000","3,000",0,"3,000"
"=""050276""",聯發科元富57購05,0,0,0,"3,000",0,"3,000","3,000",0,"3,000"
"=""050345""",元債2X富邦4C購01,0,0,0,"3,000",0,"3,000","3,000",0,"3,000"
"=""05044T""",金像電凱基38售03,0,0,0,"11,000","8,000","3,000","11,000","8,000","3,000"
"=""05072T""",大立光元富36售08,0,0,0,"3,000",0,"3,000","3,000",0,"3,000"
"=""050799""",台積電中信47購02,0,0,0,"4,000","1,000","3,000","4,000","1,000","3,000"
"=""052278""",貿聯元富44購01  ,0,0,0,"6,000","3,000","3,000","6,000","3,000","3,000"
"=""052287""",中砂國票44購02  ,0,0,0,"8,000","5,000","3,000","8,000","5,000","3,000"
"=""052661""",萬海永豐45購03  ,0,0,0,"3,000",0,"3,000","3,000",0,"3,000"
"=""052786""",國企2X群益4A購01,0,0,0,"3,000",0,"3,000","3,000",0,"3,000"
"=""05284T""",華邦電元富36售02,0,0,0,"3,000",0,"3,000","3,000",0,"3,000"
"=""053308""",嘉澤凱基44購03  ,0,0,0,"3,000",0,"3,000","3,000",0,"3,000"
"=""053451""",華通中信44購01  ,0,0,0,"3,000",0,"3,000","3,000",0,"3,000"
"=""053740""",毅嘉國泰46購01  ,0,0,0,"3,000",0,"3,000","3,000",0,"3,000"
"=""054085""",金融類國票44購01,0,0,0,"3,000",0,"3,000","3,000",0,"3,000"
"=""054111""",上銀群益44購01  ,0,0,0,"3,000",0,"3,000","3,000",0,"3,000"
"=""054221""",京元電凱基44購03,0,0,0,"3,000",0,"3,000","3,000",0,"3,000"
"=""05501T""",長榮元大37售17  ,0,0,0,"3,000",0,"3,000","3,000",0,"3,000"
"=""055304""",聯發科元大44購12,0,0,0,"184,000","181,000","3,000","184,000","181,000","3,000"
"=""055437""",台積電群益54購01,0,0,0,"3,000",0,"3,000","3,000",0,"3,000"
"=""056278""",緯穎國泰47購02  ,0,0,0,"3,000",0,"3,000","3,000",0,"3,000"
"=""056826""",緯創元富4B購01  ,0,0,0,"3,000",0,"3,000","3,000",0,"3,000"
"=""056975""",英業達元富47購04,0,0,0,"3,000",0,"3,000","3,000",0,"3,000"
"=""057149""",佳必琪群益47購02,0,0,0,"3,000",0,"3,000","3,000",0,"3,000"
"=""05737T""",創意中信38售02  ,0,0,0,"39,000","36,000","3,000","39,000","36,000","3,000"
"=""057397""",台積電元富49購01,0,0,0,"8,000","5,000","3,000","8,000","5,000","3,000"
"=""057452""",陽明永豐45購06  ,0,0,0,"3,000",0,"3,000","3,000",0,"3,000"
"=""057483""",新唐國票46購02  ,0,0,0,"9,000","6,000","3,000","9,000","6,000","3,000"
"=""057591""",十銓群益45購01  ,0,0,0,"3,000",0,"3,000","3,000",0,"3,000"
"=""057781""",立積群益45購03  ,0,0,0,"16,000","13,000","3,000","16,000","13,000","3,000"
"=""057820""",貿聯台新45購01  ,0,0,0,"3,000",0,"3,000","3,000",0,"3,000"
"=""058154""",緯創群益45購10  ,0,0,0,"10,000","7,000","3,000","10,000","7,000","3,000"
"=""058316""",中砂群益45購08  ,0,0,0,"3,000",0,"3,000","3,000",0,"3,000"
"=""058374""",大立光國票46購02,0,0,0,"3,000",0,"3,000","3,000",0,"3,000"
"=""058604""",緯穎群益45購13  ,0,0,0,"3,000",0,"3,000","3,000",0,"3,000"
"=""05877T""",一詮元富37售05  ,0,0,0,"3,000",0,"3,000","3,000",0,"3,000"
"=""05880T""",敦泰國票38售04  ,0,0,0,"3,000",0,"3,000","3,000",0,"3,000"
"=""058994""",貿聯國票46購05  ,0,0,0,"5,000","2,000","3,000","5,000","2,000","3,000"
"=""059048""",長榮統一4A購03  ,0,0,0,"25,000","22,000","3,000","25,000","22,000","3,000"
"=""059432""",康舒群益46購01  ,0,0,0,"3,000",0,"3,000","3,000",0,"3,000"
"=""059546""",元債2X元大49購03,0,0,0,"4,000","1,000","3,000","4,000","1,000","3,000"
"=""059580""",緯創元大45購33  ,0,0,0,"3,000",0,"3,000","3,000",0,"3,000"
"=""059727""",祥碩群益45購04  ,0,0,0,"3,000",0,"3,000","3,000",0,"3,000"
"=""059913""",日電貿群益45購01,0,0,0,"13,000","10,000","3,000","13,000","10,000","3,000"
"=""060315""",大立光群益46購07,0,0,0,"3,000",0,"3,000","3,000",0,"3,000"
"=""060420""",穎崴永豐47購01  ,0,0,0,"3,000",0,"3,000","3,000",0,"3,000"
"=""060459""",世芯群益46購07  ,0,0,0,"3,000",0,"3,000","3,000",0,"3,000"
"=""060504""",瑞祺國票46購01  ,0,0,0,"4,000","1,000","3,000","4,000","1,000","3,000"
"=""060547""",英業達富邦48購01,0,0,0,"226,000","223,000","3,000","226,000","223,000","3,000"
"=""060631""",穎崴國票48購01  ,0,0,0,"3,000",0,"3,000","3,000",0,"3,000"
"=""060862""",正文永豐46購01  ,0,0,0,"7,000","4,000","3,000","7,000","4,000","3,000"
"=""061181""",正崴群益48購03  ,0,0,0,"5,000","2,000","3,000","5,000","2,000","3,000"
"=""061260""",義隆凱基46購01  ,0,0,0,"15,000","12,000","3,000","15,000","12,000","3,000"
"=""061736""",鴻海國泰48購01  ,0,0,0,"43,000","40,000","3,000","43,000","40,000","3,000"
"=""061773""",元黃金國票4C購01,0,0,0,"4,000","1,000","3,000","4,000","1,000","3,000"
"=""061901""",大立光元大4A購03,0,0,0,"3,000",0,"3,000","3,000",0,"3,000"
"=""062061""",材料群益46購12  ,0,0,0,"3,000",0,"3,000","3,000",0,"3,000"
"=""062080""",鴻準元大46購17  ,0,0,0,"3,000",0,"3,000","3,000",0,"3,000"
"=""062211""",T50反1元富4C購01,0,0,0,"124,000","121,000","3,000","124,000","121,000","3,000"
"=""062355""",達發元大49購01  ,0,0,0,"3,000",0,"3,000","3,000",0,"3,000"
"=""062365""",台虹富邦48購01  ,0,0,0,"3,000",0,"3,000","3,000",0,"3,000"
"=""062707""",緯穎永豐47購06  ,0,0,0,"3,000",0,"3,000","3,000",0,"3,000"
"=""062872""",智邦第一46購01  ,0,0,0,"5,000","2,000","3,000","5,000","2,000","3,000"
"=""062905""",川湖凱基49購02  ,0,0,0,"3,000",0,"3,000","3,000",0,"3,000"
"=""062929""",力積電凱基46購04,0,0,0,"3,000",0,"3,000","3,000",0,"3,000"
"=""062951""",川湖元大46購13  ,0,0,0,"114,000","111,000","3,000","114,000","111,000","3,000"
"=""062994""",達發元大4A購02  ,0,0,0,"97,000","94,000","3,000","97,000","94,000","3,000"
"=""063065""",大同永豐46購02  ,0,0,0,"3,000",0,"3,000","3,000",0,"3,000"
"=""063352""",全新凱基48購01  ,0,0,0,"3,000",0,"3,000","3,000",0,"3,000"
"=""063390""",上銀群益48購02  ,0,0,0,"8,000","5,000","3,000","8,000","5,000","3,000"
"=""063666""",貿聯元大46購14  ,0,0,0,"3,000",0,"3,000","3,000",0,"3,000"
"=""064182""",上証2X中信4C購01,0,0,0,"12,000","9,000","3,000","12,000","9,000","3,000"
"=""064349""",臺股指凱基46購37,0,0,0,"3,000",0,"3,000","3,000",0,"3,000"
"=""064372""",T50反1元富46購08,0,0,0,"3,000",0,"3,000","3,000",0,"3,000"
"=""064455""",玉晶光元大46購09,0,0,0,"3,000",0,"3,000","3,000",0,"3,000"
"=""064479""",滬深2X群益46購10,0,0,0,"3,000",0,"3,000","3,000",0,"3,000"
"=""064529""",威盛永豐47購02  ,0,0,0,"3,000",0,"3,000","3,000",0,"3,000"
"=""064617""",雲品群益3A購01  ,0,0,0,"3,000",0,"3,000","3,000",0,"3,000"
"=""064768""",美債2X元富49購03,0,0,0,"5,000","2,000","3,000","5,000","2,000","3,000"
"=""064873""",威盛群益47購04  ,0,0,0,"3,000",0,"3,000","3,000",0,"3,000"
"=""065074""",漢翔統一51購01  ,0,0,0,"3,000",0,"3,000","3,000",0,"3,000"
"=""065363""",立隆電群益47購01,0,0,0,"191,000","188,000","3,000","191,000","188,000","3,000"
"=""065527""",精成科統一55購01,0,0,0,"13,000","10,000","3,000","13,000","10,000","3,000"
"=""065531""",南電統一51購01  ,0,0,0,"3,000",0,"3,000","3,000",0,"3,000"
"=""065704""",華通元大47購03  ,0,0,0,"5,000","2,000","3,000","5,000","2,000","3,000"
"=""065794""",A50正2國泰48購01,0,0,0,"10,000","7,000","3,000","10,000","7,000","3,000"
"=""066205""",上銀群益49購01  ,0,0,0,"3,000",0,"3,000","3,000",0,"3,000"
"=""066222""",台耀群益47購03  ,0,0,0,"3,000",0,"3,000","3,000",0,"3,000"
"=""066286""",精成科元大47購02,0,0,0,"3,000",0,"3,000","3,000",0,"3,000"
"=""066528""",台灣50凱基47購12,0,0,0,"113,000","110,000","3,000","113,000","110,000","3,000"
"=""066719""",致茂群益4B購01  ,0,0,0,"27,000","24,000","3,000","27,000","24,000","3,000"
"=""066740""",元債2X元大59購01,0,0,0,"105,000","102,000","3,000","105,000","102,000","3,000"
"=""066765""",聯發科元大4A購03,0,0,0,"3,000",0,"3,000","3,000",0,"3,000"
"=""066782""",洋基元大47購02  ,0,0,0,"40,000","37,000","3,000","40,000","37,000","3,000"
"=""067031""",台塑中信48購02  ,0,0,0,"9,000","6,000","3,000","9,000","6,000","3,000"
"=""067205""",全新凱基47購03  ,0,0,0,"3,000",0,"3,000","3,000",0,"3,000"
"=""067534""",華通群益47購09  ,0,0,0,"3,000",0,"3,000","3,000",0,"3,000"
"=""067541""",漢唐群益47購02  ,0,0,0,"8,000","5,000","3,000","8,000","5,000","3,000"
"=""067564""",祥碩兆豐48購01  ,0,0,0,"3,000",0,"3,000","3,000",0,"3,000"
"=""067907""",昆盈元大47購05  ,0,0,0,"15,000","12,000","3,000","15,000","12,000","3,000"
"=""068123""",汎銓元富47購02  ,0,0,0,"159,000","156,000","3,000","159,000","156,000","3,000"
"=""068140""",奇鋐富邦49購02  ,0,0,0,"4,000","1,000","3,000","4,000","1,000","3,000"
"=""068206""",緯創國泰49購01  ,0,0,0,"3,000",0,"3,000","3,000",0,"3,000"
"=""068227""",奇鋐群益48購01  ,0,0,0,"3,000",0,"3,000","3,000",0,"3,000"
"=""068464""",中鋼群益49購01  ,0,0,0,"5,000","2,000","3,000","5,000","2,000","3,000"
"=""069067""",保瑞凱基4A購02  ,0,0,0,"9,000","6,000","3,000","9,000","6,000","3,000"
"=""069070""",中興電凱基3C購02,0,0,0,"70,000","67,000","3,000","70,000","67,000","3,000"
"=""069591""",新日興統一52購02,0,0,0,"3,000",0,"3,000","3,000",0,"3,000"
"=""069741""",上銀元富48購02  ,0,0,0,"3,000",0,"3,000","3,000",0,"3,000"
"=""070132""",迅得元大48購03  ,0,0,0,"76,000","73,000","3,000","76,000","73,000","3,000"
"=""070143""",百和元大48購01  ,0,0,0,"15,000","12,000","3,000","15,000","12,000","3,000"
"=""070240""",偉訓群益4A購02  ,0,0,0,"3,000",0,"3,000","3,000",0,"3,000"
"=""070538""",美利達永豐49購02,0,0,0,"4,000","1,000","3,000","4,000","1,000","3,000"
"=""070564""",力積電群益48購06,0,0,0,"3,000",0,"3,000","3,000",0,"3,000"
"=""071007""",國巨統一52購02  ,0,0,0,"3,000",0,"3,000","3,000",0,"3,000"
"=""071421""",國企2X元富48購03,0,0,0,"11,000","8,000","3,000","11,000","8,000","3,000"
"=""071513""",大成鋼元大48購14,0,0,0,"15,000","12,000","3,000","15,000","12,000","3,000"
"=""071803""",旺宏國票49購01  ,0,0,0,"3,000",0,"3,000","3,000",0,"3,000"
"=""072318""",世紀鋼中信4A購01,0,0,0,"68,000","65,000","3,000","68,000","65,000","3,000"
"=""072325""",奇鋐永豐4A購03  ,0,0,0,"23,000","20,000","3,000","23,000","20,000","3,000"
"=""072355""",華孚統一52購02  ,0,0,0,"250,000","247,000","3,000","250,000","247,000","3,000"
"=""072616""",緯穎永豐49購04  ,0,0,0,"3,000",0,"3,000","3,000",0,"3,000"
"=""072696""",台光電國票4A購01,0,0,0,"3,000",0,"3,000","3,000",0,"3,000"
"=""072728""",台積電元大49購09,0,0,0,"4,000","1,000","3,000","4,000","1,000","3,000"
"=""073191""",信邦統一53購03  ,0,0,0,"6,000","3,000","3,000","6,000","3,000","3,000"
"=""073355""",群創群益4B購03  ,0,0,0,"35,000","32,000","3,000","35,000","32,000","3,000"
"=""073436""",廣宇台新49購01  ,0,0,0,"177,000","174,000","3,000","177,000","174,000","3,000"
"=""073526""",牧德凱基4A購02  ,0,0,0,"3,000",0,"3,000","3,000",0,"3,000"
"=""073768""",中鴻凱基4A購01  ,0,0,0,"4,000","1,000","3,000","4,000","1,000","3,000"
"=""073818""",宏�痐葩I49購01  ,0,0,0,"10,000","7,000","3,000","10,000","7,000","3,000"
"=""073944""",碩天第一49購01  ,0,0,0,"3,000",0,"3,000","3,000",0,"3,000"
"=""074530""",SGBR2X群益49購02,0,0,0,"3,000",0,"3,000","3,000",0,"3,000"
"=""074750""",漢翔統一52購01  ,0,0,0,"3,000",0,"3,000","3,000",0,"3,000"
"=""074895""",中鋼凱基4B購02  ,0,0,0,"3,000",0,"3,000","3,000",0,"3,000"
"=""075071""",富邦金元富53購01,0,0,0,"372,000","369,000","3,000","372,000","369,000","3,000"
"=""075182""",台泥群益4B購01  ,0,0,0,"3,000",0,"3,000","3,000",0,"3,000"
"=""075809""",中502X元大4A購04,0,0,0,"19,000","16,000","3,000","19,000","16,000","3,000"
"=""076070""",全訊統一53購02  ,0,0,0,"55,000","52,000","3,000","55,000","52,000","3,000"
"=""076422""",美律凱基4B購02  ,0,0,0,"3,000",0,"3,000","3,000",0,"3,000"
"=""076479""",美費半群益49購03,0,0,0,"32,000","29,000","3,000","32,000","29,000","3,000"
"=""076483""",南亞科群益4B購05,0,0,0,"26,000","23,000","3,000","26,000","23,000","3,000"
"=""076550""",台積電富邦4A購06,0,0,0,"3,000",0,"3,000","3,000",0,"3,000"
"=""08864U""",農林元大33售09  ,0,0,0,"3,000",0,"3,000","3,000",0,"3,000"
1101B ,台泥乙特        ,"3,000",0,"3,000",0,0,0,"3,000",0,"3,000"
1446  ,宏和            ,"4,000","1,000","3,000",0,0,0,"4,000","1,000","3,000"
1525  ,江申            ,"3,000",0,"3,000",0,0,0,"3,000",0,"3,000"
3021  ,鴻名            ,"3,000",0,"3,000",0,0,0,"3,000",0,"3,000"
4440  ,宜新實業        ,"5,000","2,000","3,000",0,0,0,"5,000","2,000","3,000"
4557  ,永新-KY         ,"3,000",0,"3,000",0,0,0,"3,000",0,"3,000"
4912  ,聯德控股-KY     ,"3,000",0,"3,000",0,0,0,"3,000",0,"3,000"
5285  ,界霖            ,"3,000",0,"3,000",0,0,0,"3,000",0,"3,000"
8422  ,可寧衛*         ,"3,000",0,"3,000",0,0,0,"3,000",0,"3,000"
5880  ,合庫金          ,"3,000","1,082","1,918","1,000",0,"1,000","4,000","1,082","2,918"
4967  ,十銓            ,"3,846","1,000","2,846",0,0,0,"3,846","1,000","2,846"
2316  ,楠梓電          ,"18,000","19,193","-1,193","7,000","3,000","4,000","25,000","22,193","2,807"
2441  ,超豐            ,"3,000",586,"2,414",0,0,0,"3,000",586,"2,414"
4927  ,泰鼎-KY         ,"3,000",627,"2,373",0,0,0,"3,000",627,"2,373"
3346  ,麗清            ,"3,000",648,"2,352",0,0,0,"3,000",648,"2,352"
6214  ,精誠            ,521,"1,174",-653,"6,000","3,000","3,000","6,521","4,174","2,347"
2362  ,藍天            ,"4,000","1,716","2,284",0,0,0,"4,000","1,716","2,284"
6189  ,豐藝            ,"13,000",410,"12,590","3,000","13,489","-10,489","16,000","13,899","2,101"
"=""03022X""",富展01          ,0,0,0,"2,000",0,"2,000","2,000",0,"2,000"
"=""03028X""",元展25          ,0,0,0,"2,000",0,"2,000","2,000",0,"2,000"
"=""03049X""",元展46          ,0,0,0,"2,000",0,"2,000","2,000",0,"2,000"
"=""03052X""",元展49          ,0,0,0,"2,000",0,"2,000","2,000",0,"2,000"
"=""03129T""",奇鋐群益34售03  ,0,0,0,"7,000","5,000","2,000","7,000","5,000","2,000"
"=""03363T""",健鼎凱基34售04  ,0,0,0,"2,000",0,"2,000","2,000",0,"2,000"
"=""03454T""",聯發科凱基33售09,0,0,0,"2,000",0,"2,000","2,000",0,"2,000"
"=""037828""",可寧衛群益55購01,0,0,0,"2,000",0,"2,000","2,000",0,"2,000"
"=""03869T""",聯發科凱基34售15,0,0,0,"2,000",0,"2,000","2,000",0,"2,000"
"=""038702""",鴻海台新54購01  ,0,0,0,"2,000",0,"2,000","2,000",0,"2,000"
"=""040718""",長榮凱基54購07  ,0,0,0,"2,000",0,"2,000","2,000",0,"2,000"
"=""041788""",緯創元大54購34  ,0,0,0,"2,000",0,"2,000","2,000",0,"2,000"
"=""042033""",華新科中信54購01,0,0,0,"2,000",0,"2,000","2,000",0,"2,000"
"=""04311T""",威盛統一39售08  ,0,0,0,"2,000",0,"2,000","2,000",0,"2,000"
"=""043126""",國巨群益55購06  ,0,0,0,"2,000",0,"2,000","2,000",0,"2,000"
"=""04397T""",T50正2凱基38售01,0,0,0,"21,000","19,000","2,000","21,000","19,000","2,000"
"=""044433""",旺宏元大55購06  ,0,0,0,"2,000",0,"2,000","2,000",0,"2,000"
"=""044537""",台積電統一57購04,0,0,0,"2,000",0,"2,000","2,000",0,"2,000"
"=""044628""",金像電永豐56購04,0,0,0,"2,000",0,"2,000","2,000",0,"2,000"
"=""044947""",日電貿元大55購03,0,0,0,"102,000","100,000","2,000","102,000","100,000","2,000"
"=""045033""",儒鴻元富55購01  ,0,0,0,"2,000",0,"2,000","2,000",0,"2,000"
"=""045446""",緯創元大55購16  ,0,0,0,"2,000",0,"2,000","2,000",0,"2,000"
"=""04562T""",偉詮電永豐35售01,0,0,0,"2,000",0,"2,000","2,000",0,"2,000"
"=""045848""",世芯元大43購15  ,0,0,0,"2,000",0,"2,000","2,000",0,"2,000"
"=""046512""",亞翔元大44購05  ,0,0,0,"2,000",0,"2,000","2,000",0,"2,000"
"=""046978""",T50反1元大48購06,0,0,0,"10,000","8,000","2,000","10,000","8,000","2,000"
"=""04720T""",國泰金元富35售01,0,0,0,"2,000",0,"2,000","2,000",0,"2,000"
"=""047495""",鴻海元富4B購01  ,0,0,0,"2,000",0,"2,000","2,000",0,"2,000"
"=""047516""",台積電國票44購02,0,0,0,"2,000",0,"2,000","2,000",0,"2,000"
"=""04766T""",台積電國票35售05,0,0,0,"112,000","110,000","2,000","112,000","110,000","2,000"
"=""04768T""",華碩國票35售04  ,0,0,0,"2,000",0,"2,000","2,000",0,"2,000"
"=""048229""",材料元富43購04  ,0,0,0,"2,000",0,"2,000","2,000",0,"2,000"
"=""049139""",達興國票43購02  ,0,0,0,"2,000",0,"2,000","2,000",0,"2,000"
"=""049150""",聯發科國泰44購05,0,0,0,"7,000","5,000","2,000","7,000","5,000","2,000"
"=""049201""",元金2X永豐46購01,0,0,0,"2,000",0,"2,000","2,000",0,"2,000"
"=""049371""",盟立凱基46購02  ,0,0,0,"2,000",0,"2,000","2,000",0,"2,000"
"=""05015T""",漢唐中信36售02  ,0,0,0,"2,000",0,"2,000","2,000",0,"2,000"
"=""050215""",亞光群益47購01  ,0,0,0,"2,000",0,"2,000","2,000",0,"2,000"
"=""050542""",台達電凱基43購08,0,0,0,"2,000",0,"2,000","2,000",0,"2,000"
"=""05060T""",臺股指元大37售13,0,0,0,"2,000",0,"2,000","2,000",0,"2,000"
"=""05070T""",長榮元富37售02  ,0,0,0,"151,000","149,000","2,000","151,000","149,000","2,000"
"=""050723""",萬海國票44購05  ,0,0,0,"2,000",0,"2,000","2,000",0,"2,000"
"=""050729""",貿聯國票44購02  ,0,0,0,"2,000",0,"2,000","2,000",0,"2,000"
"=""050798""",台積電中信44購05,0,0,0,"2,000",0,"2,000","2,000",0,"2,000"
"=""050973""",達興元富49購01  ,0,0,0,"2,000",0,"2,000","2,000",0,"2,000"
"=""051199""",亞翔群益44購02  ,0,0,0,"2,000",0,"2,000","2,000",0,"2,000"
"=""051242""",台積電富邦45購03,0,0,0,"2,000",0,"2,000","2,000",0,"2,000"
"=""051599""",元日2X國票47購01,0,0,0,"2,000",0,"2,000","2,000",0,"2,000"
"=""052210""",義隆元富43購01  ,0,0,0,"2,000",0,"2,000","2,000",0,"2,000"
"=""05233T""",陽明群益36售06  ,0,0,0,"2,000",0,"2,000","2,000",0,"2,000"
"=""052413""",皇昌元大43購12  ,0,0,0,"2,000",0,"2,000","2,000",0,"2,000"
"=""052478""",愛普國泰46購01  ,0,0,0,"2,000",0,"2,000","2,000",0,"2,000"
"=""052496""",大成鋼永豐46購01,0,0,0,"2,000",0,"2,000","2,000",0,"2,000"
"=""052552""",上証2X凱基46購02,0,0,0,"2,000",0,"2,000","2,000",0,"2,000"
"=""052602""",亞光元大44購05  ,0,0,0,"2,000",0,"2,000","2,000",0,"2,000"
"=""05264T""",精英中信36售02  ,0,0,0,"3,000","1,000","2,000","3,000","1,000","2,000"
"=""052815""",昇陽半群益44購01,0,0,0,"10,000","8,000","2,000","10,000","8,000","2,000"
"=""053209""",正文元富44購01  ,0,0,0,"2,000",0,"2,000","2,000",0,"2,000"
"=""05354T""",陽明群益36售10  ,0,0,0,"3,000","1,000","2,000","3,000","1,000","2,000"
"=""054284""",嘉澤元大44購03  ,0,0,0,"2,000",0,"2,000","2,000",0,"2,000"
"=""054781""",所羅門凱基44購01,0,0,0,"2,000",0,"2,000","2,000",0,"2,000"
"=""054987""",香港2X國票46購01,0,0,0,"2,000",0,"2,000","2,000",0,"2,000"
"=""055041""",健策凱基44購01  ,0,0,0,"2,000",0,"2,000","2,000",0,"2,000"
"=""055198""",瑞儀國票45購01  ,0,0,0,"2,000",0,"2,000","2,000",0,"2,000"
"=""055269""",欣興群益45購04  ,0,0,0,"2,000",0,"2,000","2,000",0,"2,000"
"=""055306""",一詮元大46購01  ,0,0,0,"2,000",0,"2,000","2,000",0,"2,000"
"=""055367""",香港2X凱基45購04,0,0,0,"2,000",0,"2,000","2,000",0,"2,000"
"=""055502""",佳必琪元大44購02,0,0,0,"2,000",0,"2,000","2,000",0,"2,000"
"=""055718""",永光元大44購06  ,0,0,0,"2,000",0,"2,000","2,000",0,"2,000"
"=""055893""",華城元富44購02  ,0,0,0,"22,000","20,000","2,000","22,000","20,000","2,000"
"=""055907""",訊舟元富44購01  ,0,0,0,"2,000",0,"2,000","2,000",0,"2,000"
"=""05604T""",矽力元大37售07  ,0,0,0,"2,000",0,"2,000","2,000",0,"2,000"
"=""056310""",世芯永豐45購08  ,0,0,0,"4,000","2,000","2,000","4,000","2,000","2,000"
"=""056502""",香港2X凱基45購05,0,0,0,"2,000",0,"2,000","2,000",0,"2,000"
"=""056717""",世紀鋼元大45購06,0,0,0,"2,000",0,"2,000","2,000",0,"2,000"
"=""056733""",創意群益47購02  ,0,0,0,"2,000",0,"2,000","2,000",0,"2,000"
"=""057041""",技嘉凱基45購03  ,0,0,0,"4,000","2,000","2,000","4,000","2,000","2,000"
"=""057121""",義隆群益47購01  ,0,0,0,"2,000",0,"2,000","2,000",0,"2,000"
"=""057131""",亞光群益48購01  ,0,0,0,"2,000",0,"2,000","2,000",0,"2,000"
"=""057183""",新唐凱基47購01  ,0,0,0,"2,000",0,"2,000","2,000",0,"2,000"
"=""057392""",立積統一4B購02  ,0,0,0,"2,000",0,"2,000","2,000",0,"2,000"
"=""057408""",正崴元富45購01  ,0,0,0,"2,000",0,"2,000","2,000",0,"2,000"
"=""057586""",嘉澤群益46購04  ,0,0,0,"4,000","2,000","2,000","4,000","2,000","2,000"
"=""057644""",新唐凱基47購02  ,0,0,0,"2,000",0,"2,000","2,000",0,"2,000"
"=""057765""",長榮群益47購01  ,0,0,0,"32,000","30,000","2,000","32,000","30,000","2,000"
"=""057885""",元債2X國票4B購01,0,0,0,"2,000",0,"2,000","2,000",0,"2,000"
"=""057898""",皇昌國票45購01  ,0,0,0,"2,000",0,"2,000","2,000",0,"2,000"
"=""05805T""",聯發科台新37售01,0,0,0,"2,000",0,"2,000","2,000",0,"2,000"
"=""058220""",保瑞元富48購01  ,0,0,0,"2,000",0,"2,000","2,000",0,"2,000"
"=""058317""",上銀群益45購04  ,0,0,0,"6,000","4,000","2,000","6,000","4,000","2,000"
"=""058376""",益登國票45購01  ,0,0,0,"7,000","5,000","2,000","7,000","5,000","2,000"
"=""058437""",金寶永豐45購04  ,0,0,0,"2,000",0,"2,000","2,000",0,"2,000"
"=""058588""",聯陽群益3A購01  ,0,0,0,"2,000",0,"2,000","2,000",0,"2,000"
"=""058606""",東哥群益47購01  ,0,0,0,"15,000","13,000","2,000","15,000","13,000","2,000"
"=""058626""",金寶統一4B購02  ,0,0,0,"5,000","3,000","2,000","5,000","3,000","2,000"
"=""05895T""",智原元大37售15  ,0,0,0,"2,000",0,"2,000","2,000",0,"2,000"
"=""058975""",川湖國票46購05  ,0,0,0,"2,000",0,"2,000","2,000",0,"2,000"
"=""058992""",世芯國票48購03  ,0,0,0,"2,000",0,"2,000","2,000",0,"2,000"
"=""05924T""",華城元大37售25  ,0,0,0,"2,000",0,"2,000","2,000",0,"2,000"
"=""059336""",台灣50元大46購10,0,0,0,"2,000",0,"2,000","2,000",0,"2,000"
"=""059535""",世芯凱基45購14  ,0,0,0,"2,000",0,"2,000","2,000",0,"2,000"
"=""059564""",正崴元大45購06  ,0,0,0,"2,000",0,"2,000","2,000",0,"2,000"
"=""059599""",宇隆統一4B購01  ,0,0,0,"2,000",0,"2,000","2,000",0,"2,000"
"=""060057""",一詮凱基46購04  ,0,0,0,"244,000","242,000","2,000","244,000","242,000","2,000"
"=""060246""",聯電元富47購04  ,0,0,0,"2,000",0,"2,000","2,000",0,"2,000"
"=""060476""",長榮中信4A購01  ,0,0,0,"2,000",0,"2,000","2,000",0,"2,000"
"=""060536""",臺股指凱基4A購07,0,0,0,"2,000",0,"2,000","2,000",0,"2,000"
"=""060674""",嘉澤凱基46購05  ,0,0,0,"2,000",0,"2,000","2,000",0,"2,000"
"=""060817""",迅得元富46購01  ,0,0,0,"50,000","48,000","2,000","50,000","48,000","2,000"
"=""060985""",台積電元富4A購01,0,0,0,"2,000",0,"2,000","2,000",0,"2,000"
"=""061047""",牧德元大46購03  ,0,0,0,"2,000",0,"2,000","2,000",0,"2,000"
"=""061094""",晶技永豐47購01  ,0,0,0,"12,000","10,000","2,000","12,000","10,000","2,000"
"=""061120""",A50正2元富4C購02,0,0,0,"2,000",0,"2,000","2,000",0,"2,000"
"=""061527""",偉詮電中信46購01,0,0,0,"12,000","10,000","2,000","12,000","10,000","2,000"
"=""061701""",緯穎群益48購03  ,0,0,0,"2,000",0,"2,000","2,000",0,"2,000"
"=""061826""",緯穎凱基4A購02  ,0,0,0,"5,000","3,000","2,000","5,000","3,000","2,000"
"=""061964""",宏泰凱基47購01  ,0,0,0,"2,000",0,"2,000","2,000",0,"2,000"
"=""062023""",材料國票47購04  ,0,0,0,"2,000",0,"2,000","2,000",0,"2,000"
"=""062163""",南亞科中信47購01,0,0,0,"2,000",0,"2,000","2,000",0,"2,000"
"=""062164""",聯發科中信49購01,0,0,0,"2,000",0,"2,000","2,000",0,"2,000"
"=""062207""",T50反1元富46購03,0,0,0,"130,000","128,000","2,000","130,000","128,000","2,000"
"=""062239""",台塑凱基46購04  ,0,0,0,"2,000",0,"2,000","2,000",0,"2,000"
"=""062302""",精成科群益46購01,0,0,0,"103,000","101,000","2,000","103,000","101,000","2,000"
"=""062448""",川湖群益46購11  ,0,0,0,"2,000",0,"2,000","2,000",0,"2,000"
"=""062481""",台虹群益46購01  ,0,0,0,"2,000",0,"2,000","2,000",0,"2,000"
"=""062559""",SP黃豆元大48購01,0,0,0,"2,000",0,"2,000","2,000",0,"2,000"
"=""062582""",陽明元大47購08  ,0,0,0,"2,000",0,"2,000","2,000",0,"2,000"
"=""062777""",牧德群益48購01  ,0,0,0,"2,000",0,"2,000","2,000",0,"2,000"
"=""062803""",台積電元大46購22,0,0,0,"2,000",0,"2,000","2,000",0,"2,000"
"=""062936""",創意國票47購04  ,0,0,0,"2,000",0,"2,000","2,000",0,"2,000"
"=""062968""",漢唐元大46購07  ,0,0,0,"2,000",0,"2,000","2,000",0,"2,000"
"=""063124""",所羅門凱基46購03,0,0,0,"7,000","5,000","2,000","7,000","5,000","2,000"
"=""063267""",景碩兆豐46購02  ,0,0,0,"2,000",0,"2,000","2,000",0,"2,000"
"=""063393""",金寶群益46購02  ,0,0,0,"2,000",0,"2,000","2,000",0,"2,000"
"=""063503""",台積電統一5C購01,0,0,0,"5,000","3,000","2,000","5,000","3,000","2,000"
"=""063584""",鴻海凱基48購02  ,0,0,0,"178,000","176,000","2,000","178,000","176,000","2,000"
"=""063628""",鈞興群益49購01  ,0,0,0,"2,000",0,"2,000","2,000",0,"2,000"
"=""063658""",長榮元大46購30  ,0,0,0,"2,000",0,"2,000","2,000",0,"2,000"
"=""063661""",健鼎元大46購01  ,0,0,0,"2,000",0,"2,000","2,000",0,"2,000"
"=""063814""",大立光凱基46購05,0,0,0,"2,000",0,"2,000","2,000",0,"2,000"
"=""064019""",台積電凱基48購05,0,0,0,"8,000","6,000","2,000","8,000","6,000","2,000"
"=""064108""",矽統群益46購02  ,0,0,0,"2,000",0,"2,000","2,000",0,"2,000"
"=""064126""",緯創群益46購08  ,0,0,0,"2,000",0,"2,000","2,000",0,"2,000"
"=""064308""",達發元大46購08  ,0,0,0,"2,000",0,"2,000","2,000",0,"2,000"
"=""064557""",廣宇國票49購01  ,0,0,0,"2,000",0,"2,000","2,000",0,"2,000"
"=""064661""",元債2X元大4A購02,0,0,0,"206,000","204,000","2,000","206,000","204,000","2,000"
"=""064921""",緯創凱基47購04  ,0,0,0,"2,000",0,"2,000","2,000",0,"2,000"
"=""065126""",華電群益48購01  ,0,0,0,"5,000","3,000","2,000","5,000","3,000","2,000"
"=""065179""",川湖凱基4B購02  ,0,0,0,"2,000",0,"2,000","2,000",0,"2,000"
"=""065277""",大立光永豐47購02,0,0,0,"2,000",0,"2,000","2,000",0,"2,000"
"=""065381""",世芯群益47購11  ,0,0,0,"7,000","5,000","2,000","7,000","5,000","2,000"
"=""065550""",台塑元富48購01  ,0,0,0,"2,000",0,"2,000","2,000",0,"2,000"
"=""065593""",全科國票47購01  ,0,0,0,"41,000","39,000","2,000","41,000","39,000","2,000"
"=""065612""",上証2X群益47購02,0,0,0,"2,000",0,"2,000","2,000",0,"2,000"
"=""065621""",長榮鋼群益49購01,0,0,0,"31,000","29,000","2,000","31,000","29,000","2,000"
"=""065818""",泓德國票47購01  ,0,0,0,"4,000","2,000","2,000","4,000","2,000","2,000"
"=""066011""",所羅門群益49購02,0,0,0,"2,000",0,"2,000","2,000",0,"2,000"
"=""066086""",欣興富邦4A購01  ,0,0,0,"22,000","20,000","2,000","22,000","20,000","2,000"
"=""066243""",技嘉國票49購01  ,0,0,0,"2,000",0,"2,000","2,000",0,"2,000"
"=""066269""",威盛元大47購09  ,0,0,0,"52,000","50,000","2,000","52,000","50,000","2,000"
"=""066283""",聯德元大47購02  ,0,0,0,"2,000",0,"2,000","2,000",0,"2,000"
"=""066284""",勤誠群益3B購01  ,0,0,0,"14,000","12,000","2,000","14,000","12,000","2,000"
"=""066344""",聯發科富邦4B購01,0,0,0,"5,000","3,000","2,000","5,000","3,000","2,000"
"=""066446""",聯發科元富41購01,0,0,0,"5,000","3,000","2,000","5,000","3,000","2,000"
"=""066527""",台灣50凱基47購11,0,0,0,"88,000","86,000","2,000","88,000","86,000","2,000"
"=""066553""",材料凱基3B購02  ,0,0,0,"2,000",0,"2,000","2,000",0,"2,000"
"=""066636""",南亞科永豐47購02,0,0,0,"8,000","6,000","2,000","8,000","6,000","2,000"
"=""066637""",欣興永豐47購02  ,0,0,0,"9,000","7,000","2,000","9,000","7,000","2,000"
"=""066650""",日電貿統一51購01,0,0,0,"16,000","14,000","2,000","16,000","14,000","2,000"
"=""066658""",永道統一51購01  ,0,0,0,"2,000",0,"2,000","2,000",0,"2,000"
"=""066676""",所羅門凱基49購01,0,0,0,"186,000","184,000","2,000","186,000","184,000","2,000"
"=""066891""",緯穎元富48購01  ,0,0,0,"2,000",0,"2,000","2,000",0,"2,000"
"=""066927""",祥碩群益47購04  ,0,0,0,"2,000",0,"2,000","2,000",0,"2,000"
"=""067018""",臺股指凱基4C購05,0,0,0,"2,000",0,"2,000","2,000",0,"2,000"
"=""067135""",永道國票48購02  ,0,0,0,"2,000",0,"2,000","2,000",0,"2,000"
"=""067136""",臺股指國票48購05,0,0,0,"2,000",0,"2,000","2,000",0,"2,000"
"=""067360""",晶心科元大47購01,0,0,0,"2,000",0,"2,000","2,000",0,"2,000"
"=""067413""",台塑化統一51購01,0,0,0,"22,000","20,000","2,000","22,000","20,000","2,000"
"=""067582""",鴻海國泰48購05  ,0,0,0,"2,000",0,"2,000","2,000",0,"2,000"
"=""067629""",台積電統一51購08,0,0,0,"2,000",0,"2,000","2,000",0,"2,000"
"=""067643""",T50正2永豐49購01,0,0,0,"23,000","21,000","2,000","23,000","21,000","2,000"
"=""067679""",長榮凱基47購07  ,0,0,0,"2,000",0,"2,000","2,000",0,"2,000"
"=""067740""",大量群益47購01  ,0,0,0,"5,000","3,000","2,000","5,000","3,000","2,000"
"=""067822""",神基永豐49購01  ,0,0,0,"142,000","140,000","2,000","142,000","140,000","2,000"
"=""068417""",立隆電元富48購02,0,0,0,"23,000","21,000","2,000","23,000","21,000","2,000"
"=""068445""",致茂凱基48購02  ,0,0,0,"12,000","10,000","2,000","12,000","10,000","2,000"
"=""068457""",南電凱基48購02  ,0,0,0,"2,000",0,"2,000","2,000",0,"2,000"
"=""068480""",創意群益49購07  ,0,0,0,"2,000",0,"2,000","2,000",0,"2,000"
"=""068542""",力積電富邦4A購02,0,0,0,"2,000",0,"2,000","2,000",0,"2,000"
"=""068698""",京元電凱基49購02,0,0,0,"2,000",0,"2,000","2,000",0,"2,000"
"=""068729""",金寶群益49購01  ,0,0,0,"2,000",0,"2,000","2,000",0,"2,000"
"=""068784""",精銳富邦4A購01  ,0,0,0,"2,000",0,"2,000","2,000",0,"2,000"
"=""068986""",精銳兆豐4A購01  ,0,0,0,"2,000",0,"2,000","2,000",0,"2,000"
"=""069023""",精銳中信48購01  ,0,0,0,"5,000","3,000","2,000","5,000","3,000","2,000"
"=""069256""",精銳第一48購02  ,0,0,0,"2,000",0,"2,000","2,000",0,"2,000"
"=""069344""",大立光凱基4A購03,0,0,0,"94,000","92,000","2,000","94,000","92,000","2,000"
"=""069353""",材料凱基52購01  ,0,0,0,"12,000","10,000","2,000","12,000","10,000","2,000"
"=""069675""",台積電第一46購01,0,0,0,"2,000",0,"2,000","2,000",0,"2,000"
"=""069822""",立積永豐4B購02  ,0,0,0,"2,000",0,"2,000","2,000",0,"2,000"
"=""069882""",世芯凱基48購09  ,0,0,0,"3,000","1,000","2,000","3,000","1,000","2,000"
"=""069957""",欣興群益48購04  ,0,0,0,"2,000",0,"2,000","2,000",0,"2,000"
"=""070056""",晟銘電國泰49購01,0,0,0,"2,000",0,"2,000","2,000",0,"2,000"
"=""070107""",華通元大48購06  ,0,0,0,"2,000",0,"2,000","2,000",0,"2,000"
"=""070747""",華新群益4A購02  ,0,0,0,"2,000",0,"2,000","2,000",0,"2,000"
"=""070893""",菱光元大48購01  ,0,0,0,"7,000","5,000","2,000","7,000","5,000","2,000"
"=""070954""",鴻海國票48購04  ,0,0,0,"2,000",0,"2,000","2,000",0,"2,000"
"=""071034""",達麗統一53購02  ,0,0,0,"2,000",0,"2,000","2,000",0,"2,000"
"=""071258""",大立光第一41購01,0,0,0,"2,000",0,"2,000","2,000",0,"2,000"
"=""071312""",力成國票4A購01  ,0,0,0,"2,000",0,"2,000","2,000",0,"2,000"
"=""071351""",華新元大48購02  ,0,0,0,"4,000","2,000","2,000","4,000","2,000","2,000"
"=""071896""",亞力統一52購02  ,0,0,0,"2,000",0,"2,000","2,000",0,"2,000"
"=""071904""",南亞科統一51購04,0,0,0,"2,000",0,"2,000","2,000",0,"2,000"
"=""071976""",欣興元富52購01  ,0,0,0,"52,000","50,000","2,000","52,000","50,000","2,000"
"=""072169""",中502X國票51購01,0,0,0,"2,000",0,"2,000","2,000",0,"2,000"
"=""072287""",鴻海元富48購17  ,0,0,0,"2,000",0,"2,000","2,000",0,"2,000"
"=""072289""",台積電元富49購16,0,0,0,"156,000","154,000","2,000","156,000","154,000","2,000"
"=""072596""",滬深2X永豐4A購04,0,0,0,"2,000",0,"2,000","2,000",0,"2,000"
"=""072705""",元晶國票4A購01  ,0,0,0,"2,000",0,"2,000","2,000",0,"2,000"
"=""073209""",元晶群益4B購01  ,0,0,0,"2,000",0,"2,000","2,000",0,"2,000"
"=""073773""",佳能凱基4B購01  ,0,0,0,"8,000","6,000","2,000","8,000","6,000","2,000"
"=""073882""",三芳群益49購01  ,0,0,0,"2,000",0,"2,000","2,000",0,"2,000"
"=""073924""",美費半富邦4B購01,0,0,0,"2,000",0,"2,000","2,000",0,"2,000"
"=""074025""",欣興元富4C購01  ,0,0,0,"4,000","2,000","2,000","4,000","2,000","2,000"
"=""074071""",台塑化凱基49購01,0,0,0,"2,000",0,"2,000","2,000",0,"2,000"
"=""074179""",國巨中信49購01  ,0,0,0,"3,000","1,000","2,000","3,000","1,000","2,000"
"=""074202""",大銀第一49購01  ,0,0,0,"2,000",0,"2,000","2,000",0,"2,000"
"=""074236""",神達凱基49購05  ,0,0,0,"2,000",0,"2,000","2,000",0,"2,000"
"=""074294""",中502X元富49購02,0,0,0,"2,000",0,"2,000","2,000",0,"2,000"
"=""074326""",美費半元大4A購01,0,0,0,"2,000",0,"2,000","2,000",0,"2,000"
"=""074360""",裕民元大4C購03  ,0,0,0,"2,000",0,"2,000","2,000",0,"2,000"
"=""074422""",緯穎富邦4A購03  ,0,0,0,"2,000",0,"2,000","2,000",0,"2,000"
"=""074560""",FB台半元大4C購01,0,0,0,"2,000",0,"2,000","2,000",0,"2,000"
"=""074913""",晶豪科凱基49購03,0,0,0,"7,000","5,000","2,000","7,000","5,000","2,000"
"=""075043""",萬海台新49購01  ,0,0,0,"2,000",0,"2,000","2,000",0,"2,000"
"=""075219""",FANG+元大4C購01 ,0,0,0,"2,000",0,"2,000","2,000",0,"2,000"
"=""075469""",富世達元大49購08,0,0,0,"2,000",0,"2,000","2,000",0,"2,000"
"=""075640""",陽明凱基44購02  ,0,0,0,"2,000",0,"2,000","2,000",0,"2,000"
"=""075912""",中502X凱基4A購03,0,0,0,"2,000",0,"2,000","2,000",0,"2,000"
"=""076061""",鴻海統一53購12  ,0,0,0,"2,000",0,"2,000","2,000",0,"2,000"
"=""076079""",川湖群益4A購04  ,0,0,0,"10,000","8,000","2,000","10,000","8,000","2,000"
"=""076200""",台積電元大49購33,0,0,0,"2,000",0,"2,000","2,000",0,"2,000"
"=""076279""",精銳富邦49購02  ,0,0,0,"20,000","18,000","2,000","20,000","18,000","2,000"
"=""076307""",喬山統一52購01  ,0,0,0,"137,000","135,000","2,000","137,000","135,000","2,000"
"=""07630U""",新光金凱基34售03,0,0,0,"2,000",0,"2,000","2,000",0,"2,000"
"=""076442""",聯發科兆豐49購01,0,0,0,"2,000",0,"2,000","2,000",0,"2,000"
"=""076488""",晶碩群益49購01  ,0,0,0,"2,000",0,"2,000","2,000",0,"2,000"
"=""077190""",矽力元富4A購02  ,0,0,0,"10,000","8,000","2,000","10,000","8,000","2,000"
"=""08634U""",全新群益34售02  ,0,0,0,"2,000",0,"2,000","2,000",0,"2,000"
"=""08759U""",臺股指凱基33售18,0,0,0,"2,000",0,"2,000","2,000",0,"2,000"
"=""08763U""",臺股指凱基35售32,0,0,0,"2,000",0,"2,000","2,000",0,"2,000"
"=""08909U""",創意富邦34售01  ,0,0,0,"2,000",0,"2,000","2,000",0,"2,000"
1723  ,中碳            ,"2,000",0,"2,000",0,0,0,"2,000",0,"2,000"
1725  ,元禎            ,"2,000",0,"2,000",0,0,0,"2,000",0,"2,000"
2002A ,中鋼特          ,"2,000",0,"2,000",0,0,0,"2,000",0,"2,000"
2208  ,台船            ,"2,000",0,"2,000",0,0,0,"2,000",0,"2,000"
2340  ,台亞            ,0,0,0,"5,000","3,000","2,000","5,000","3,000","2,000"
2706  ,第一店          ,"2,000",0,"2,000",0,0,0,"2,000",0,"2,000"
6598  ,ABC-KY          ,"2,000",0,"2,000",0,0,0,"2,000",0,"2,000"
6776  ,展�眥篕�        ,"2,000",0,"2,000",0,0,0,"2,000",0,"2,000"
9928  ,中視            ,"2,000",0,"2,000",0,0,0,"2,000",0,"2,000"
8464  ,億豐            ,0,4,-4,"2,000",0,"2,000","2,000",4,"1,996"
2597  ,潤弘            ,"2,000",23,"1,977",0,0,0,"2,000",23,"1,977"
3550  ,聯穎            ,"3,000","1,059","1,941",0,0,0,"3,000","1,059","1,941"
2451  ,創見            ,"1,000","1,086",-86,"2,000",0,"2,000","3,000","1,086","1,914"
1339  ,昭輝            ,"3,000","1,141","1,859",0,0,0,"3,000","1,141","1,859"
2414  ,精技            ,"2,000",169,"1,831",0,0,0,"2,000",169,"1,831"
9927  ,泰銘            ,"2,000",199,"1,801",0,0,0,"2,000",199,"1,801"
5222  ,全訊            ,"1,000","1,203",-203,"3,000","1,000","2,000","4,000","2,203","1,797"
2913  ,農林            ,"7,000","4,338","2,662",0,"1,000","-1,000","7,000","5,338","1,662"
4958  ,臻鼎-KY         ,"1,000","1,126",-126,"11,000","9,292","1,708","12,000","10,418","1,582"
1906  ,寶隆            ,"5,000","3,452","1,548",0,0,0,"5,000","3,452","1,548"
2351  ,順德            ,0,"2,000","-2,000","6,365","3,125","3,240","6,365","5,125","1,240"
6550  ,北極星藥業-KY   ,"2,000",791,"1,209",0,0,0,"2,000",791,"1,209"
"=""00865B""",國泰US短期公債  ,0,0,0,"102,077","101,000","1,077","102,077","101,000","1,077"
3056  ,富華新          ,52,0,52,"1,000",0,"1,000","1,052",0,"1,052"
3311  ,閎暉            ,"4,002","3,000","1,002",0,0,0,"4,002","3,000","1,002"
"=""00656R""",國泰中國A50反1  ,0,0,0,"753,000","752,000","1,000","753,000","752,000","1,000"
"=""00920 """,富邦ESG綠色電力 ,0,0,0,"7,000","6,000","1,000","7,000","6,000","1,000"
"=""020002""",元富新中國N     ,0,0,0,"1,000",0,"1,000","1,000",0,"1,000"
"=""03006X""",元展06          ,0,0,0,"1,000",0,"1,000","1,000",0,"1,000"
"=""03012X""",元展12          ,0,0,0,"1,000",0,"1,000","1,000",0,"1,000"
"=""03041T""",美時元大33售05  ,0,0,0,"1,000",0,"1,000","1,000",0,"1,000"
"=""03089T""",貿聯國票33售01  ,0,0,0,"1,000",0,"1,000","1,000",0,"1,000"
"=""03206T""",晶碩國票34售01  ,0,0,0,"1,000",0,"1,000","1,000",0,"1,000"
"=""03536T""",旺宏凱基34售03  ,0,0,0,"1,000",0,"1,000","1,000",0,"1,000"
"=""03571T""",國巨凱基35售01  ,0,0,0,"1,000",0,"1,000","1,000",0,"1,000"
"=""03598T""",元債2X元大38售02,0,0,0,"1,000",0,"1,000","1,000",0,"1,000"
"=""03794T""",矽統元大34售21  ,0,0,0,"1,000",0,"1,000","1,000",0,"1,000"
"=""038339""",道瓊銀凱基5B購01,0,0,0,"1,000",0,"1,000","1,000",0,"1,000"
"=""03988T""",欣興凱基34售05  ,0,0,0,"1,000",0,"1,000","1,000",0,"1,000"
"=""040402""",聯鈞元富54購07  ,0,0,0,"1,000",0,"1,000","1,000",0,"1,000"
"=""04055T""",臺股指凱基34售51,0,0,0,"1,000",0,"1,000","1,000",0,"1,000"
"=""04116T""",T50正2群益35售02,0,0,0,"1,000",0,"1,000","1,000",0,"1,000"
"=""042618""",力成凱基56購02  ,0,0,0,"1,000",0,"1,000","1,000",0,"1,000"
"=""042727""",旺宏元大55購03  ,0,0,0,"1,000",0,"1,000","1,000",0,"1,000"
"=""043086""",亞翔元大55購03  ,0,0,0,"1,000",0,"1,000","1,000",0,"1,000"
"=""043132""",長榮群益55購03  ,0,0,0,"2,000","1,000","1,000","2,000","1,000","1,000"
"=""04474T""",建準統一37售02  ,0,0,0,"6,000","5,000","1,000","6,000","5,000","1,000"
"=""04506T""",電子類國票35售05,0,0,0,"1,000",0,"1,000","1,000",0,"1,000"
"=""045185""",京鼎永豐55購03  ,0,0,0,"1,000",0,"1,000","1,000",0,"1,000"
"=""045355""",緯創凱基55購07  ,0,0,0,"1,000",0,"1,000","1,000",0,"1,000"
"=""045506""",華擎國票56購01  ,0,0,0,"1,000",0,"1,000","1,000",0,"1,000"
"=""045578""",可寧衛凱基55購03,0,0,0,"1,000",0,"1,000","1,000",0,"1,000"
"=""045598""",智邦元大55購23  ,0,0,0,"1,000",0,"1,000","1,000",0,"1,000"
"=""045608""",建準元大55購07  ,0,0,0,"1,000",0,"1,000","1,000",0,"1,000"
"=""045842""",創意元大43購08  ,0,0,0,"1,000",0,"1,000","1,000",0,"1,000"
"=""046316""",旺宏元大46購02  ,0,0,0,"1,000",0,"1,000","1,000",0,"1,000"
"=""04653T""",威盛元大35售25  ,0,0,0,"1,000",0,"1,000","1,000",0,"1,000"
"=""046562""",臺股指凱基44購18,0,0,0,"1,000",0,"1,000","1,000",0,"1,000"
"=""04740T""",中興電群益37售03,0,0,0,"1,000",0,"1,000","1,000",0,"1,000"
"=""048040""",創意凱基42購05  ,0,0,0,"1,000",0,"1,000","1,000",0,"1,000"
"=""048120""",台積電國泰44購06,0,0,0,"1,000",0,"1,000","1,000",0,"1,000"
"=""048536""",矽統凱基43購07  ,0,0,0,"1,000",0,"1,000","1,000",0,"1,000"
"=""048855""",長虹群益44購01  ,0,0,0,"21,000","20,000","1,000","21,000","20,000","1,000"
"=""04926T""",晶心科國票36售02,0,0,0,"2,000","1,000","1,000","2,000","1,000","1,000"
"=""049277""",美時凱基43購06  ,0,0,0,"1,000",0,"1,000","1,000",0,"1,000"
"=""049381""",臺股指凱基43購84,0,0,0,"1,000",0,"1,000","1,000",0,"1,000"
"=""04975T""",瀚宇博中信36售02,0,0,0,"1,000",0,"1,000","1,000",0,"1,000"
"=""049987""",技嘉群益45購01  ,0,0,0,"1,000",0,"1,000","1,000",0,"1,000"
"=""05003T""",華擎凱基36售03  ,0,0,0,"6,000","5,000","1,000","6,000","5,000","1,000"
"=""050186""",奇鋐元大43購23  ,0,0,0,"1,000",0,"1,000","1,000",0,"1,000"
"=""050281""",世芯元富49購03  ,0,0,0,"1,000",0,"1,000","1,000",0,"1,000"
"=""050326""",台塑永豐44購01  ,0,0,0,"1,000",0,"1,000","1,000",0,"1,000"
"=""050335""",景碩永豐43購03  ,0,0,0,"1,000",0,"1,000","1,000",0,"1,000"
"=""050708""",長榮凱基43購15  ,0,0,0,"3,000","2,000","1,000","3,000","2,000","1,000"
"=""050762""",川湖元大43購05  ,0,0,0,"1,000",0,"1,000","1,000",0,"1,000"
"=""050810""",長榮永豐45購03  ,0,0,0,"1,000",0,"1,000","1,000",0,"1,000"
"=""050924""",嘉澤元富49購02  ,0,0,0,"1,000",0,"1,000","1,000",0,"1,000"
"=""051011""",玉晶光國泰45購02,0,0,0,"1,000",0,"1,000","1,000",0,"1,000"
"=""051014""",臻鼎國泰45購02  ,0,0,0,"1,000",0,"1,000","1,000",0,"1,000"
"=""051057""",富邦金元大46購02,0,0,0,"1,000",0,"1,000","1,000",0,"1,000"
"=""051128""",亞光凱基43購08  ,0,0,0,"1,000",0,"1,000","1,000",0,"1,000"
"=""05113T""",台灣50群益36售05,0,0,0,"9,000","8,000","1,000","9,000","8,000","1,000"
"=""051143""",長榮中信43購03  ,0,0,0,"1,000",0,"1,000","1,000",0,"1,000"
"=""051212""",達興元富49購02  ,0,0,0,"1,000",0,"1,000","1,000",0,"1,000"
"=""051219""",華通元大43購15  ,0,0,0,"1,000",0,"1,000","1,000",0,"1,000"
"=""05130T""",華碩中信38售03  ,0,0,0,"31,000","30,000","1,000","31,000","30,000","1,000"
"=""051361""",臺股指凱基44購29,0,0,0,"1,000",0,"1,000","1,000",0,"1,000"
"=""051435""",華航國泰45購02  ,0,0,0,"1,000",0,"1,000","1,000",0,"1,000"
"=""051938""",京鼎統一49購03  ,0,0,0,"1,000",0,"1,000","1,000",0,"1,000"
"=""052183""",亞光國票46購02  ,0,0,0,"1,000",0,"1,000","1,000",0,"1,000"
"=""052381""",國泰金群益47購01,0,0,0,"1,000",0,"1,000","1,000",0,"1,000"
"=""052431""",元晶富邦46購01  ,0,0,0,"1,000",0,"1,000","1,000",0,"1,000"
"=""052799""",全新群益46購01  ,0,0,0,"1,000",0,"1,000","1,000",0,"1,000"
"=""052896""",A50正2國票45購03,0,0,0,"1,000",0,"1,000","1,000",0,"1,000"
"=""052953""",橋椿群益44購01  ,0,0,0,"1,000",0,"1,000","1,000",0,"1,000"
"=""052969""",鈞興群益44購01  ,0,0,0,"1,000",0,"1,000","1,000",0,"1,000"
"=""053045""",宏致元大44購01  ,0,0,0,"1,000",0,"1,000","1,000",0,"1,000"
"=""053286""",迅得中信44購01  ,0,0,0,"1,000",0,"1,000","1,000",0,"1,000"
"=""053402""",毅嘉元大44購02  ,0,0,0,"1,000",0,"1,000","1,000",0,"1,000"
"=""053425""",鴻海元富4A購02  ,0,0,0,"1,000",0,"1,000","1,000",0,"1,000"
"=""053500""",矽統國票45購01  ,0,0,0,"1,000",0,"1,000","1,000",0,"1,000"
"=""054189""",A50正2元富44購03,0,0,0,"1,000",0,"1,000","1,000",0,"1,000"
"=""054240""",台積電國泰46購08,0,0,0,"1,000",0,"1,000","1,000",0,"1,000"
"=""054282""",建漢元大44購01  ,0,0,0,"3,000","2,000","1,000","3,000","2,000","1,000"
"=""054358""",威盛第一44購01  ,0,0,0,"11,000","10,000","1,000","11,000","10,000","1,000"
"=""054364""",中砂統一4A購03  ,0,0,0,"1,000",0,"1,000","1,000",0,"1,000"
"=""054620""",英業達國票45購01,0,0,0,"1,000",0,"1,000","1,000",0,"1,000"
"=""054637""",和大元富44購01  ,0,0,0,"1,000",0,"1,000","1,000",0,"1,000"
"=""054830""",京鼎國票45購03  ,0,0,0,"1,000",0,"1,000","1,000",0,"1,000"
"=""055079""",景碩群益46購02  ,0,0,0,"28,000","27,000","1,000","28,000","27,000","1,000"
"=""055138""",健策兆豐45購01  ,0,0,0,"1,000",0,"1,000","1,000",0,"1,000"
"=""055151""",欣興富邦46購04  ,0,0,0,"1,000",0,"1,000","1,000",0,"1,000"
"=""055320""",健策元大44購06  ,0,0,0,"12,000","11,000","1,000","12,000","11,000","1,000"
"=""055560""",亞力兆豐46購01  ,0,0,0,"1,000",0,"1,000","1,000",0,"1,000"
"=""055609""",臺股指凱基49購07,0,0,0,"1,000",0,"1,000","1,000",0,"1,000"
"=""055659""",普安群益44購01  ,0,0,0,"83,000","82,000","1,000","83,000","82,000","1,000"
"=""055673""",零壹群益45購02  ,0,0,0,"21,000","20,000","1,000","21,000","20,000","1,000"
"=""055690""",T50反1富邦4A購01,0,0,0,"1,000",0,"1,000","1,000",0,"1,000"
"=""055829""",臻鼎群益44購01  ,0,0,0,"1,000",0,"1,000","1,000",0,"1,000"
"=""055984""",致茂國泰46購02  ,0,0,0,"1,000",0,"1,000","1,000",0,"1,000"
"=""056303""",廣宇永豐45購01  ,0,0,0,"1,000",0,"1,000","1,000",0,"1,000"
"=""056340""",美債2X凱基4B購02,0,0,0,"1,000",0,"1,000","1,000",0,"1,000"
"=""056559""",台積電元大45購10,0,0,0,"1,000",0,"1,000","1,000",0,"1,000"
"=""056736""",佳必琪群益45購01,0,0,0,"1,000",0,"1,000","1,000",0,"1,000"
"=""056845""",威盛永豐45購02  ,0,0,0,"107,000","106,000","1,000","107,000","106,000","1,000"
"=""056917""",台灣50群益45購06,0,0,0,"2,000","1,000","1,000","2,000","1,000","1,000"
"=""056930""",強茂群益47購01  ,0,0,0,"12,000","11,000","1,000","12,000","11,000","1,000"
"=""056951""",台積電富邦49購01,0,0,0,"5,000","4,000","1,000","5,000","4,000","1,000"
"=""057018""",技嘉統一4B購02  ,0,0,0,"1,000",0,"1,000","1,000",0,"1,000"
"=""05715T""",英業達國票38售01,0,0,0,"2,000","1,000","1,000","2,000","1,000","1,000"
"=""057184""",乙盛凱基46購01  ,0,0,0,"1,000",0,"1,000","1,000",0,"1,000"
"=""057197""",佳世達永豐46購01,0,0,0,"28,000","27,000","1,000","28,000","27,000","1,000"
"=""057208""",世芯永豐4B購01  ,0,0,0,"1,000",0,"1,000","1,000",0,"1,000"
"=""057226""",華擎統一4A購01  ,0,0,0,"1,000",0,"1,000","1,000",0,"1,000"
"=""057240""",大成鋼元富45購02,0,0,0,"1,000",0,"1,000","1,000",0,"1,000"
"=""057252""",S&P反1國票47購01,0,0,0,"1,000",0,"1,000","1,000",0,"1,000"
"=""057393""",立積統一4C購01  ,0,0,0,"1,000",0,"1,000","1,000",0,"1,000"
"=""057451""",陽明永豐45購05  ,0,0,0,"6,000","5,000","1,000","6,000","5,000","1,000"
"=""057523""",台灣50元大46購05,0,0,0,"1,000",0,"1,000","1,000",0,"1,000"
"=""057585""",緯創群益45購07  ,0,0,0,"1,000",0,"1,000","1,000",0,"1,000"
"=""05758T""",宏�痐舅j37售28  ,0,0,0,"1,000",0,"1,000","1,000",0,"1,000"
"=""057600""",世紀鋼群益45購05,0,0,0,"11,000","10,000","1,000","11,000","10,000","1,000"
"=""057643""",材料凱基47購03  ,0,0,0,"1,000",0,"1,000","1,000",0,"1,000"
"=""057720""",技嘉元大45購12  ,0,0,0,"21,000","20,000","1,000","21,000","20,000","1,000"
"=""058261""",東哥凱基45購02  ,0,0,0,"321,000","320,000","1,000","321,000","320,000","1,000"
"=""058414""",台積電富邦47購04,0,0,0,"1,000",0,"1,000","1,000",0,"1,000"
"=""058480""",日電貿國票48購01,0,0,0,"1,000",0,"1,000","1,000",0,"1,000"
"=""058596""",建漢群益46購01  ,0,0,0,"2,000","1,000","1,000","2,000","1,000","1,000"
"=""058640""",台積電凱基45購28,0,0,0,"1,000",0,"1,000","1,000",0,"1,000"
"=""058718""",元債2X群益4B購04,0,0,0,"1,000",0,"1,000","1,000",0,"1,000"
"=""058777""",聯發科元大45購03,0,0,0,"1,000",0,"1,000","1,000",0,"1,000"
"=""058902""",慧洋元大45購01  ,0,0,0,"1,000",0,"1,000","1,000",0,"1,000"
"=""059076""",金寶兆豐47購01  ,0,0,0,"1,000",0,"1,000","1,000",0,"1,000"
"=""059325""",緯創群益45購16  ,0,0,0,"10,000","9,000","1,000","10,000","9,000","1,000"
"=""059494""",技嘉永豐45購05  ,0,0,0,"3,000","2,000","1,000","3,000","2,000","1,000"
"=""059906""",新光金群益45購02,0,0,0,"1,000",0,"1,000","1,000",0,"1,000"
"=""059988""",富邦金元大45購02,0,0,0,"1,000",0,"1,000","1,000",0,"1,000"
"=""059995""",敦泰元大45購01  ,0,0,0,"1,000",0,"1,000","1,000",0,"1,000"
"=""060141""",華擎群益46購01  ,0,0,0,"21,000","20,000","1,000","21,000","20,000","1,000"
"=""060269""",仲琦國票47購01  ,0,0,0,"1,000",0,"1,000","1,000",0,"1,000"
"=""060517""",台積電凱基4A購10,0,0,0,"1,000",0,"1,000","1,000",0,"1,000"
"=""060572""",美時元大46購03  ,0,0,0,"61,000","60,000","1,000","61,000","60,000","1,000"
"=""060622""",聯發科國票47購02,0,0,0,"1,000",0,"1,000","1,000",0,"1,000"
"=""060623""",一詮國票47購02  ,0,0,0,"1,000",0,"1,000","1,000",0,"1,000"
"=""060629""",迎廣國票47購01  ,0,0,0,"1,000",0,"1,000","1,000",0,"1,000"
"=""060798""",台積電元富46購09,0,0,0,"1,000",0,"1,000","1,000",0,"1,000"
"=""060824""",長榮航兆豐48購01,0,0,0,"1,000",0,"1,000","1,000",0,"1,000"
"=""060949""",保瑞凱基46購06  ,0,0,0,"1,000",0,"1,000","1,000",0,"1,000"
"=""061075""",新日興中信46購01,0,0,0,"1,000",0,"1,000","1,000",0,"1,000"
"=""061357""",川湖國票4A購02  ,0,0,0,"94,000","93,000","1,000","94,000","93,000","1,000"
"=""061578""",緯穎凱基48購05  ,0,0,0,"1,000",0,"1,000","1,000",0,"1,000"
"=""061636""",長榮元大46購17  ,0,0,0,"1,000",0,"1,000","1,000",0,"1,000"
"=""061667""",大成鋼群益46購02,0,0,0,"1,000",0,"1,000","1,000",0,"1,000"
"=""061671""",聯電群益46購04  ,0,0,0,"1,000",0,"1,000","1,000",0,"1,000"
"=""061684""",長榮群益4A購01  ,0,0,0,"1,000",0,"1,000","1,000",0,"1,000"
"=""061786""",中興電富邦48購01,0,0,0,"1,000",0,"1,000","1,000",0,"1,000"
"=""061806""",京元電凱基47購05,0,0,0,"8,000","7,000","1,000","8,000","7,000","1,000"
"=""061828""",臺股指凱基46購26,0,0,0,"98,000","97,000","1,000","98,000","97,000","1,000"
"=""061859""",聯茂群益46購02  ,0,0,0,"1,000",0,"1,000","1,000",0,"1,000"
"=""061864""",緯穎群益48購05  ,0,0,0,"1,000",0,"1,000","1,000",0,"1,000"
"=""061915""",緯穎元大46購24  ,0,0,0,"1,000",0,"1,000","1,000",0,"1,000"
"=""061982""",材料凱基49購01  ,0,0,0,"1,000",0,"1,000","1,000",0,"1,000"
"=""062071""",滬深2X元大49購06,0,0,0,"1,000",0,"1,000","1,000",0,"1,000"
"=""062124""",T50反1國票47購01,0,0,0,"1,000",0,"1,000","1,000",0,"1,000"
"=""062154""",T50反1中信49購04,0,0,0,"1,000",0,"1,000","1,000",0,"1,000"
"=""062318""",中502X元大48購03,0,0,0,"4,000","3,000","1,000","4,000","3,000","1,000"
"=""062395""",臻鼎凱基46購06  ,0,0,0,"1,000",0,"1,000","1,000",0,"1,000"
"=""062461""",凌陽群益52購01  ,0,0,0,"101,000","100,000","1,000","101,000","100,000","1,000"
"=""062579""",漢唐元大46購06  ,0,0,0,"1,000",0,"1,000","1,000",0,"1,000"
"=""062608""",川湖國泰48購03  ,0,0,0,"1,000",0,"1,000","1,000",0,"1,000"
"=""062629""",亞光中信47購02  ,0,0,0,"1,000",0,"1,000","1,000",0,"1,000"
"=""062719""",台積電元富47購08,0,0,0,"3,000","2,000","1,000","3,000","2,000","1,000"
"=""063033""",臺股指群益46購21,0,0,0,"1,000",0,"1,000","1,000",0,"1,000"
"=""063047""",臺股指富邦49購06,0,0,0,"1,000",0,"1,000","1,000",0,"1,000"
"=""063055""",長榮國泰48購03  ,0,0,0,"98,000","97,000","1,000","98,000","97,000","1,000"
"=""063068""",志聖永豐46購01  ,0,0,0,"6,000","5,000","1,000","6,000","5,000","1,000"
"=""063083""",所羅門國票48購01,0,0,0,"1,000",0,"1,000","1,000",0,"1,000"
"=""063240""",全新元大46購05  ,0,0,0,"11,000","10,000","1,000","11,000","10,000","1,000"
"=""063280""",大立光統一5C購01,0,0,0,"1,000",0,"1,000","1,000",0,"1,000"
"=""063438""",鴻海元大46購27  ,0,0,0,"1,000",0,"1,000","1,000",0,"1,000"
"=""063618""",台光電群益46購05,0,0,0,"11,000","10,000","1,000","11,000","10,000","1,000"
"=""063636""",世紀鋼群益46購05,0,0,0,"1,000",0,"1,000","1,000",0,"1,000"
"=""063641""",堤維西元大46購06,0,0,0,"1,000",0,"1,000","1,000",0,"1,000"
"=""063675""",智原兆豐48購01  ,0,0,0,"1,000",0,"1,000","1,000",0,"1,000"
"=""063783""",中磊元富46購03  ,0,0,0,"1,000",0,"1,000","1,000",0,"1,000"
"=""063816""",祥碩凱基46購05  ,0,0,0,"1,000",0,"1,000","1,000",0,"1,000"
"=""063841""",台積電群益5C購04,0,0,0,"16,000","15,000","1,000","16,000","15,000","1,000"
"=""063903""",緯穎元大46購30  ,0,0,0,"1,000",0,"1,000","1,000",0,"1,000"
"=""063923""",美債2X國票46購03,0,0,0,"1,000",0,"1,000","1,000",0,"1,000"
"=""063964""",彩晶永豐46購01  ,0,0,0,"1,000",0,"1,000","1,000",0,"1,000"
"=""064181""",嘉晶統一54購01  ,0,0,0,"1,000",0,"1,000","1,000",0,"1,000"
"=""064506""",嘉晶群益47購01  ,0,0,0,"1,000",0,"1,000","1,000",0,"1,000"
"=""064535""",乙盛永豐46購02  ,0,0,0,"1,000",0,"1,000","1,000",0,"1,000"
"=""064553""",華通國票47購03  ,0,0,0,"1,000",0,"1,000","1,000",0,"1,000"
"=""064554""",鴻海國票49購02  ,0,0,0,"1,000",0,"1,000","1,000",0,"1,000"
"=""064627""",世芯凱基49購03  ,0,0,0,"3,000","2,000","1,000","3,000","2,000","1,000"
"=""064937""",T50反1永豐49購02,0,0,0,"1,000",0,"1,000","1,000",0,"1,000"
"=""065075""",晶心科統一57購01,0,0,0,"1,000",0,"1,000","1,000",0,"1,000"
"=""065125""",力鵬群益49購01  ,0,0,0,"2,000","1,000","1,000","2,000","1,000","1,000"
"=""065185""",台積電凱基48購07,0,0,0,"130,000","129,000","1,000","130,000","129,000","1,000"
"=""065226""",中華凱基48購01  ,0,0,0,"1,000",0,"1,000","1,000",0,"1,000"
"=""065316""",緯創統一51購01  ,0,0,0,"1,000",0,"1,000","1,000",0,"1,000"
"=""065342""",滬深2X國泰48購02,0,0,0,"1,000",0,"1,000","1,000",0,"1,000"
"=""065455""",臺股指元大4C購06,0,0,0,"1,000",0,"1,000","1,000",0,"1,000"
"=""065474""",融程電國票48購01,0,0,0,"1,000",0,"1,000","1,000",0,"1,000"
"=""065479""",彩晶國票49購01  ,0,0,0,"1,000",0,"1,000","1,000",0,"1,000"
"=""065618""",中鋼群益47購01  ,0,0,0,"1,000",0,"1,000","1,000",0,"1,000"
"=""065757""",神達元大4A購03  ,0,0,0,"1,000",0,"1,000","1,000",0,"1,000"
"=""066074""",汎銓元富47購01  ,0,0,0,"1,000",0,"1,000","1,000",0,"1,000"
"=""066113""",祥碩凱基48購02  ,0,0,0,"1,000",0,"1,000","1,000",0,"1,000"
"=""066139""",所羅門統一57購01,0,0,0,"1,000",0,"1,000","1,000",0,"1,000"
"=""066210""",智邦群益47購03  ,0,0,0,"1,000",0,"1,000","1,000",0,"1,000"
"=""066290""",精成科元大51購01,0,0,0,"3,000","2,000","1,000","3,000","2,000","1,000"
"=""066291""",和椿元大47購01  ,0,0,0,"1,000",0,"1,000","1,000",0,"1,000"
"=""066305""",智邦第一47購01  ,0,0,0,"21,000","20,000","1,000","21,000","20,000","1,000"
"=""066371""",富鼎元富47購01  ,0,0,0,"1,000",0,"1,000","1,000",0,"1,000"
"=""066535""",鴻海凱基49購06  ,0,0,0,"66,000","65,000","1,000","66,000","65,000","1,000"
"=""066654""",祥碩統一59購01  ,0,0,0,"2,000","1,000","1,000","2,000","1,000","1,000"
"=""066808""",金像電統一51購02,0,0,0,"2,000","1,000","1,000","2,000","1,000","1,000"
"=""066979""",同欣電元大47購05,0,0,0,"1,000",0,"1,000","1,000",0,"1,000"
"=""066988""",元金2X凱基51購01,0,0,0,"1,000",0,"1,000","1,000",0,"1,000"
"=""067085""",中砂兆豐49購01  ,0,0,0,"12,000","11,000","1,000","12,000","11,000","1,000"
"=""067165""",聯詠元大47購05  ,0,0,0,"1,000",0,"1,000","1,000",0,"1,000"
"=""067178""",臺股指元大4C購08,0,0,0,"1,000",0,"1,000","1,000",0,"1,000"
"=""067268""",來億國票48購01  ,0,0,0,"1,000",0,"1,000","1,000",0,"1,000"
"=""067279""",長榮兆豐49購01  ,0,0,0,"1,000",0,"1,000","1,000",0,"1,000"
"=""067315""",台灣50元大47購16,0,0,0,"683,000","682,000","1,000","683,000","682,000","1,000"
"=""067751""",富邦金台新47購01,0,0,0,"1,000",0,"1,000","1,000",0,"1,000"
"=""067957""",台積電統一3B購02,0,0,0,"10,000","9,000","1,000","10,000","9,000","1,000"
"=""068037""",奇鋐元大47購09  ,0,0,0,"1,000",0,"1,000","1,000",0,"1,000"
"=""068058""",美債2X凱基5C購01,0,0,0,"10,000","9,000","1,000","10,000","9,000","1,000"
"=""068434""",辛耘國票48購01  ,0,0,0,"1,000",0,"1,000","1,000",0,"1,000"
"=""068598""",科妍元大48購01  ,0,0,0,"31,000","30,000","1,000","31,000","30,000","1,000"
"=""068620""",玉晶光元大48購01,0,0,0,"1,000",0,"1,000","1,000",0,"1,000"
"=""068644""",仁寶統一52購01  ,0,0,0,"6,000","5,000","1,000","6,000","5,000","1,000"
"=""068898""",鴻海元大48購13  ,0,0,0,"1,000",0,"1,000","1,000",0,"1,000"
"=""068917""",玉晶光元大48購02,0,0,0,"1,000",0,"1,000","1,000",0,"1,000"
"=""069043""",華泰元富3C購01  ,0,0,0,"1,000",0,"1,000","1,000",0,"1,000"
"=""069092""",台光電元大48購07,0,0,0,"1,000",0,"1,000","1,000",0,"1,000"
"=""069157""",大成鋼統一52購03,0,0,0,"78,000","77,000","1,000","78,000","77,000","1,000"
"=""069223""",鴻海元富52購03  ,0,0,0,"1,000",0,"1,000","1,000",0,"1,000"
"=""069276""",鴻海元富48購07  ,0,0,0,"3,000","2,000","1,000","3,000","2,000","1,000"
"=""069366""",滬深2X永豐48購07,0,0,0,"1,000",0,"1,000","1,000",0,"1,000"
"=""069916""",創意元大4C購01  ,0,0,0,"1,000",0,"1,000","1,000",0,"1,000"
"=""070174""",華新富邦48購01  ,0,0,0,"1,000",0,"1,000","1,000",0,"1,000"
"=""070618""",至上統一46購01  ,0,0,0,"1,000",0,"1,000","1,000",0,"1,000"
"=""070719""",慧洋中信48購01  ,0,0,0,"1,000",0,"1,000","1,000",0,"1,000"
"=""070805""",台化國票49購01  ,0,0,0,"1,000",0,"1,000","1,000",0,"1,000"
"=""071041""",勤誠統一51購03  ,0,0,0,"7,000","6,000","1,000","7,000","6,000","1,000"
"=""071231""",華新台新48購01  ,0,0,0,"1,000",0,"1,000","1,000",0,"1,000"
"=""071252""",華新凱基4A購02  ,0,0,0,"1,000",0,"1,000","1,000",0,"1,000"
"=""071347""",中502X元大53購01,0,0,0,"1,000",0,"1,000","1,000",0,"1,000"
"=""071452""",智邦統一51購02  ,0,0,0,"2,000","1,000","1,000","2,000","1,000","1,000"
"=""071494""",華城統一43購02  ,0,0,0,"1,000",0,"1,000","1,000",0,"1,000"
"=""071507""",美費半元大49購01,0,0,0,"1,000",0,"1,000","1,000",0,"1,000"
"=""071693""",神達群益48購08  ,0,0,0,"16,000","15,000","1,000","16,000","15,000","1,000"
"=""071721""",滬深2X統一4C購01,0,0,0,"11,000","10,000","1,000","11,000","10,000","1,000"
"=""071869""",偉訓台新48購01  ,0,0,0,"1,000",0,"1,000","1,000",0,"1,000"
"=""071875""",中興電永豐4A購02,0,0,0,"11,000","10,000","1,000","11,000","10,000","1,000"
"=""072003""",時碩國票49購01  ,0,0,0,"1,000",0,"1,000","1,000",0,"1,000"
"=""072237""",東鹼元大48購01  ,0,0,0,"1,000",0,"1,000","1,000",0,"1,000"
"=""072673""",華友聯國票4B購02,0,0,0,"1,000",0,"1,000","1,000",0,"1,000"
"=""072729""",台積電元大52購01,0,0,0,"3,000","2,000","1,000","3,000","2,000","1,000"
"=""072732""",聯發科元大52購01,0,0,0,"1,000",0,"1,000","1,000",0,"1,000"
"=""07275U""",道瓊銀凱基36售01,0,0,0,"1,000",0,"1,000","1,000",0,"1,000"
"=""072987""",矽格元大49購02  ,0,0,0,"1,000",0,"1,000","1,000",0,"1,000"
"=""073000""",台積電富邦4B購03,0,0,0,"1,000",0,"1,000","1,000",0,"1,000"
"=""073107""",中興電國票4A購02,0,0,0,"1,000",0,"1,000","1,000",0,"1,000"
"=""073361""",亞翔群益49購07  ,0,0,0,"85,000","84,000","1,000","85,000","84,000","1,000"
"=""073431""",臺股指中信4A購08,0,0,0,"1,000",0,"1,000","1,000",0,"1,000"
"=""073606""",景碩元富49購02  ,0,0,0,"1,000",0,"1,000","1,000",0,"1,000"
"=""073690""",達興國泰4A購02  ,0,0,0,"1,000",0,"1,000","1,000",0,"1,000"
"=""073796""",緯穎凱基54購01  ,0,0,0,"15,000","14,000","1,000","15,000","14,000","1,000"
"=""074035""",臺股指元富4C購03,0,0,0,"1,000",0,"1,000","1,000",0,"1,000"
"=""074048""",上銀凱基49購09  ,0,0,0,"4,000","3,000","1,000","4,000","3,000","1,000"
"=""074108""",世芯群益49購12  ,0,0,0,"1,000",0,"1,000","1,000",0,"1,000"
"=""074110""",日月光群益49購01,0,0,0,"1,000",0,"1,000","1,000",0,"1,000"
"=""074148""",慧洋元大49購10  ,0,0,0,"1,000",0,"1,000","1,000",0,"1,000"
"=""074381""",台化國票4A購01  ,0,0,0,"11,000","10,000","1,000","11,000","10,000","1,000"
"=""074460""",金像電國票4A購02,0,0,0,"1,000",0,"1,000","1,000",0,"1,000"
"=""074478""",大成鋼元富49購06,0,0,0,"1,000",0,"1,000","1,000",0,"1,000"
"=""074667""",東鹼群益4A購01  ,0,0,0,"1,000",0,"1,000","1,000",0,"1,000"
"=""074714""",世芯元富49購15  ,0,0,0,"2,000","1,000","1,000","2,000","1,000","1,000"
"=""074804""",建準元大49購03  ,0,0,0,"11,000","10,000","1,000","11,000","10,000","1,000"
"=""075004""",富世達元大49購03,0,0,0,"1,000",0,"1,000","1,000",0,"1,000"
"=""075011""",華新群益49購06  ,0,0,0,"1,000",0,"1,000","1,000",0,"1,000"
"=""075063""",台玻元富49購01  ,0,0,0,"92,000","91,000","1,000","92,000","91,000","1,000"
"=""075067""",華碩元富49購03  ,0,0,0,"3,000","2,000","1,000","3,000","2,000","1,000"
"=""075208""",臺股指群益49購26,0,0,0,"34,000","33,000","1,000","34,000","33,000","1,000"
"=""075626""",盟立群益49購02  ,0,0,0,"56,000","55,000","1,000","56,000","55,000","1,000"
"=""075686""",奇鋐統一53購01  ,0,0,0,"1,000",0,"1,000","1,000",0,"1,000"
"=""075790""",台達電元富49購02,0,0,0,"1,000",0,"1,000","1,000",0,"1,000"
"=""075795""",台積電元富4A購15,0,0,0,"1,000",0,"1,000","1,000",0,"1,000"
"=""075906""",漢翔統一53購02  ,0,0,0,"1,000",0,"1,000","1,000",0,"1,000"
"=""076030""",保瑞兆豐49購01  ,0,0,0,"2,000","1,000","1,000","2,000","1,000","1,000"
"=""076073""",AES統一59購01   ,0,0,0,"81,000","80,000","1,000","81,000","80,000","1,000"
"=""076363""",華邦電元大49購25,0,0,0,"22,000","21,000","1,000","22,000","21,000","1,000"
"=""076392""",中502X永豐53購02,0,0,0,"1,000",0,"1,000","1,000",0,"1,000"
"=""076498""",智原群益43購01  ,0,0,0,"1,000",0,"1,000","1,000",0,"1,000"
"=""076504""",滬深2X元大54購01,0,0,0,"31,000","30,000","1,000","31,000","30,000","1,000"
"=""076836""",華碩富邦49購02  ,0,0,0,"11,000","10,000","1,000","11,000","10,000","1,000"
"=""076884""",力成元大49購08  ,0,0,0,"4,000","3,000","1,000","4,000","3,000","1,000"
"=""076887""",緯穎元大4A購06  ,0,0,0,"1,000",0,"1,000","1,000",0,"1,000"
"=""076929""",啟�硈肭�4C購02  ,0,0,0,"1,000",0,"1,000","1,000",0,"1,000"
"=""081007""",虎航元大4B購02  ,0,0,0,"1,000",0,"1,000","1,000",0,"1,000"
1438  ,三地開發        ,"1,000",0,"1,000",0,0,0,"1,000",0,"1,000"
1451  ,年興            ,"1,000",0,"1,000",0,0,0,"1,000",0,"1,000"
1516  ,川飛            ,"1,000",0,"1,000",0,0,0,"1,000",0,"1,000"
1521  ,大億            ,"1,000",0,"1,000",0,0,0,"1,000",0,"1,000"
2358  ,廷鑫            ,"1,000",0,"1,000",0,0,0,"1,000",0,"1,000"
2365  ,昆盈            ,"1,000",0,"1,000",0,0,0,"1,000",0,"1,000"
2405  ,輔信            ,"1,000",0,"1,000",0,0,0,"1,000",0,"1,000"
2413  ,環科            ,"1,000",0,"1,000",0,0,0,"1,000",0,"1,000"
2462  ,良得電          ,"3,000","2,000","1,000",0,0,0,"3,000","2,000","1,000"
2539  ,櫻花建          ,"1,000",0,"1,000",0,0,0,"1,000",0,"1,000"
2642  ,宅配通          ,"1,000",0,"1,000",0,0,0,"1,000",0,"1,000"
2882B ,國泰金乙特      ,"10,000","9,000","1,000",0,0,0,"10,000","9,000","1,000"
2891B ,中信金乙特      ,"2,000","1,000","1,000",0,0,0,"2,000","1,000","1,000"
2891C ,中信金丙特      ,"2,000","1,000","1,000",0,0,0,"2,000","1,000","1,000"
3257  ,虹冠電          ,"1,000",0,"1,000",0,0,0,"1,000",0,"1,000"
3308  ,聯德            ,"1,000",0,"1,000",0,0,0,"1,000",0,"1,000"
3607  ,谷崧            ,"1,000",0,"1,000",0,0,0,"1,000",0,"1,000"
3645  ,達邁            ,"1,000",0,"1,000",0,0,0,"1,000",0,"1,000"
4551  ,智伸科          ,"1,000",0,"1,000",0,0,0,"1,000",0,"1,000"
4566  ,時碩工業        ,"5,000","4,000","1,000",0,0,0,"5,000","4,000","1,000"
5484  ,慧友            ,"2,000","1,000","1,000",0,0,0,"2,000","1,000","1,000"
5515  ,建國            ,"14,000","13,000","1,000",0,0,0,"14,000","13,000","1,000"
6152  ,百一            ,"1,000",0,"1,000",0,0,0,"1,000",0,"1,000"
6183  ,關貿            ,"1,000",0,"1,000",0,0,0,"1,000",0,"1,000"
6243  ,迅杰            ,"1,000",0,"1,000",0,0,0,"1,000",0,"1,000"
6552  ,易華電          ,"1,000",0,"1,000",0,0,0,"1,000",0,"1,000"
6706  ,惠特            ,"1,000",0,"1,000",0,0,0,"1,000",0,"1,000"
6743  ,安普新          ,"2,000",0,"2,000",0,"1,000","-1,000","2,000","1,000","1,000"
6834  ,天二科技        ,"1,000",0,"1,000",0,0,0,"1,000",0,"1,000"
6901  ,鑽石投資        ,0,0,0,"1,000",0,"1,000","1,000",0,"1,000"
6906  ,現觀科          ,"1,000",0,"1,000",0,0,0,"1,000",0,"1,000"
8476  ,台境*           ,"1,000",0,"1,000",0,0,0,"1,000",0,"1,000"
9935  ,慶豐富          ,"2,000","1,000","1,000",0,0,0,"2,000","1,000","1,000"
9941  ,裕融            ,0,0,0,"1,000",0,"1,000","1,000",0,"1,000"
3312  ,弘憶股          ,"1,000",1,999,0,0,0,"1,000",1,999
1783  ,和康生          ,"1,717",749,968,0,0,0,"1,717",749,968
3015  ,全漢            ,0,0,0,"1,000",99,901,"1,000",99,901
2420  ,新巨            ,0,0,0,"1,000",133,867,"1,000",133,867
5225  ,東科-KY         ,"2,000","1,153",847,0,0,0,"2,000","1,153",847
9933  ,中鼎            ,"1,000",160,840,0,0,0,"1,000",160,840
5706  ,鳳凰            ,"2,000","1,181",819,0,0,0,"2,000","1,181",819
3679  ,新至陞          ,"1,000",200,800,0,0,0,"1,000",200,800
1736  ,喬山            ,0,248,-248,"6,000","5,014",986,"6,000","5,262",738
1590  ,亞德客-KY       ,0,0,0,711,6,705,711,6,705
6409  ,旭隼            ,"1,000","1,481",-481,"1,170",0,"1,170","2,170","1,481",689
2488  ,漢平            ,0,0,0,"1,000",390,610,"1,000",390,610
8462  ,柏文            ,601,0,601,0,0,0,601,0,601
2227  ,裕日車          ,0,0,0,"2,000","1,437",563,"2,000","1,437",563
1455  ,集盛            ,"1,000",439,561,0,0,0,"1,000",439,561
3167  ,大量            ,"1,000",459,541,0,0,0,"1,000",459,541
9937  ,全國            ,491,0,491,0,0,0,491,0,491
3090  ,日電貿          ,"1,000",546,454,0,0,0,"1,000",546,454
2722  ,夏都            ,"1,000",555,445,0,0,0,"1,000",555,445
1817  ,凱撒衛          ,0,0,0,"1,000",557,443,"1,000",557,443
1337  ,再生-KY         ,"1,000",590,410,0,0,0,"1,000",590,410
1310  ,台苯            ,"10,000","9,612",388,0,0,0,"10,000","9,612",388
6224  ,聚鼎            ,"1,000",612,388,0,0,0,"1,000",612,388
2836  ,高雄銀          ,"1,000",638,362,0,0,0,"1,000",638,362
6141  ,柏承            ,351,0,351,0,0,0,351,0,351
1515  ,力山            ,"1,000",697,303,0,0,0,"1,000",697,303
2433  ,互盛電          ,"1,000",707,293,0,0,0,"1,000",707,293
3576  ,聯合再生        ,"6,000","5,707",293,0,0,0,"6,000","5,707",293
2373  ,震旦行          ,"1,000",723,277,0,0,0,"1,000",723,277
1536  ,和大            ,"2,000","1,741",259,0,0,0,"2,000","1,741",259
1231  ,聯華食          ,"4,000","3,756",244,0,0,0,"4,000","3,756",244
1434  ,福懋            ,"3,000","2,767",233,0,0,0,"3,000","2,767",233
2207  ,和泰車          ,"23,000","22,524",476,0,270,-270,"23,000","22,794",206
2399  ,映泰            ,"1,000",800,200,0,0,0,"1,000",800,200
1444  ,力麗            ,"2,000","1,912",88,0,0,0,"2,000","1,912",88
6288  ,聯嘉            ,67,7,60,0,0,0,67,7,60
3022  ,威強電          ,"2,000","1,972",28,0,0,0,"2,000","1,972",28
2491  ,吉祥全          ,24,0,24,0,0,0,24,0,24
1418  ,東華            ,2,0,2,0,0,0,2,0,2
3049  ,精金            ,3,1,2,0,0,0,3,1,2
2038  ,海光            ,1,0,1,0,0,0,1,0,1
2472  ,立隆電          ,0,0,0,1,0,1,1,0,1
2530  ,華建            ,1,0,1,0,0,0,1,0,1
3038  ,全台            ,1,0,1,0,0,0,1,0,1
"=""00632R""",元大台灣50反1   ,"2,200,000",0,"2,200,000","6,144,000","44,029,573","-37,885,573","8,344,000","44,029,573","-35,685,573"
"=""00673R""",期元大S&P原油反1,0,0,0,"2,068,000","27,557,225","-25,489,225","2,068,000","27,557,225","-25,489,225"
"=""00637L""",元大滬深300正2  ,"1,000,000","1,254,000","-254,000","43,660,992","64,373,476","-20,712,484","44,660,992","65,627,476","-20,966,484"
"=""00882 """,中信中國高股息  ,0,0,0,"10,345,395","21,969,966","-11,624,571","10,345,395","21,969,966","-11,624,571"
"=""00680L""",元大美債20正2   ,"1,225,000","657,000","568,000","2,377,000","14,033,027","-11,656,027","3,602,000","14,690,027","-11,088,027"
"=""052747""",世芯統一47購04  ,0,0,0,0,"9,838,000","-9,838,000",0,"9,838,000","-9,838,000"
"=""00929 """,復華台灣科技優息,"94,000",0,"94,000","21,351,609","30,154,231","-8,802,622","21,445,609","30,154,231","-8,708,622"
"=""07609U""",臺股指元大34售10,0,0,0,"73,000","5,951,000","-5,878,000","73,000","5,951,000","-5,878,000"
"=""08750U""",臺股指元大36售15,0,0,0,"78,000","4,720,000","-4,642,000","78,000","4,720,000","-4,642,000"
"=""00919 """,群益台灣精選高息,"43,000",0,"43,000","9,051,000","13,713,972","-4,662,972","9,094,000","13,713,972","-4,619,972"
"=""00830 """,國泰費城半導體  ,0,0,0,"1,348,000","5,709,000","-4,361,000","1,348,000","5,709,000","-4,361,000"
"=""00688L""",國泰20年美債正2 ,0,"2,491,000","-2,491,000","5,172,000","5,736,106","-564,106","5,172,000","8,227,106","-3,055,106"
"=""050871""",所羅門元大43購01,0,0,0,"50,000","3,035,000","-2,985,000","50,000","3,035,000","-2,985,000"
"=""056767""",訊芯凱基46購02  ,0,0,0,"565,000","3,399,000","-2,834,000","565,000","3,399,000","-2,834,000"
"=""050313""",緯創凱基3C購01  ,0,0,0,"427,000","3,173,000","-2,746,000","427,000","3,173,000","-2,746,000"
"=""069770""",美律國泰49購01  ,0,0,0,"22,000","2,749,000","-2,727,000","22,000","2,749,000","-2,727,000"
"=""00664R""",國泰臺灣加權反1 ,0,0,0,"861,000","3,567,000","-2,706,000","861,000","3,567,000","-2,706,000"
"=""05141T""",勤誠凱基36售05  ,0,0,0,0,"2,605,000","-2,605,000",0,"2,605,000","-2,605,000"
"=""061658""",國企2X群益48購03,0,0,0,0,"2,495,000","-2,495,000",0,"2,495,000","-2,495,000"
"=""070010""",永道永豐4B購01  ,0,0,0,"32,000","2,328,000","-2,296,000","32,000","2,328,000","-2,296,000"
"=""00671R""",富邦NASDAQ反1   ,0,0,0,"1,516,000","3,796,050","-2,280,050","1,516,000","3,796,050","-2,280,050"
"=""05928T""",勤誠元大37售08  ,0,0,0,"10,000","2,198,000","-2,188,000","10,000","2,198,000","-2,188,000"
"=""04249T""",英業達群益35售07,0,0,0,0,"2,171,000","-2,171,000",0,"2,171,000","-2,171,000"
"=""00706L""",期元大S&P日圓正2,0,"180,000","-180,000","5,030,000","6,908,035","-1,878,035","5,030,000","7,088,035","-2,058,035"
"=""03629B""",臺股指元大39熊03,0,0,0,0,"2,054,000","-2,054,000",0,"2,054,000","-2,054,000"
"=""05527T""",勤誠永豐37售02  ,0,0,0,"80,000","2,096,000","-2,016,000","80,000","2,096,000","-2,016,000"
"=""066097""",鴻海凱基5C購02  ,0,0,0,"40,000","2,028,000","-1,988,000","40,000","2,028,000","-1,988,000"
"=""04574T""",臺股指元大36售70,0,0,0,"570,000","2,486,000","-1,916,000","570,000","2,486,000","-1,916,000"
"=""071379""",大銀元大48購02  ,0,0,0,"61,000","1,945,000","-1,884,000","61,000","1,945,000","-1,884,000"
"=""047678""",智原富邦42購03  ,0,0,0,"67,000","1,897,000","-1,830,000","67,000","1,897,000","-1,830,000"
"=""050790""",長榮富邦46購03  ,0,0,0,"178,000","2,008,000","-1,830,000","178,000","2,008,000","-1,830,000"
"=""03603B""",臺股指凱基34熊02,0,0,0,"450,000","2,279,000","-1,829,000","450,000","2,279,000","-1,829,000"
"=""062802""",鴻海元大49購01  ,0,0,0,0,"1,800,000","-1,800,000",0,"1,800,000","-1,800,000"
"=""076313""",AES統一53購03   ,0,0,0,"30,000","1,772,000","-1,742,000","30,000","1,772,000","-1,742,000"
3231  ,緯創            ,"1,211,272","2,174,273","-963,001","398,254","1,171,000","-772,746","1,609,526","3,345,273","-1,735,747"
"=""00655L""",國泰中國A50正2  ,0,0,0,"3,780,059","5,503,598","-1,723,539","3,780,059","5,503,598","-1,723,539"
"=""00885 """,富邦越南        ,"9,000",0,"9,000",0,"1,673,659","-1,673,659","9,000","1,673,659","-1,664,659"
"=""03719T""",亞翔元大34售09  ,0,0,0,0,"1,499,000","-1,499,000",0,"1,499,000","-1,499,000"
"=""053924""",美時國泰46購02  ,0,0,0,"5,000","1,480,000","-1,475,000","5,000","1,480,000","-1,475,000"
"=""00713 """,元大台灣高息低波,"46,000","40,000","6,000","524,000","1,983,040","-1,459,040","570,000","2,023,040","-1,453,040"
"=""048567""",嘉澤元大44購01  ,0,0,0,"697,000","2,126,000","-1,429,000","697,000","2,126,000","-1,429,000"
"=""077174""",智易統一54購01  ,0,0,0,"91,000","1,513,000","-1,422,000","91,000","1,513,000","-1,422,000"
"=""00676R""",富邦臺灣加權反1 ,0,0,0,"5,000","1,401,018","-1,396,018","5,000","1,401,018","-1,396,018"
"=""075353""",威強電凱基4C購01,0,0,0,"72,000","1,458,000","-1,386,000","72,000","1,458,000","-1,386,000"
"=""074295""",FANG+元富49購01 ,0,0,0,"337,000","1,705,000","-1,368,000","337,000","1,705,000","-1,368,000"
"=""063598""",臻鼎凱基4A購01  ,0,0,0,"1,025,000","2,387,000","-1,362,000","1,025,000","2,387,000","-1,362,000"
"=""051817""",滬深2X群益45購04,0,0,0,"23,000","1,373,000","-1,350,000","23,000","1,373,000","-1,350,000"
"=""061012""",緯穎群益46購11  ,0,0,0,"22,000","1,358,000","-1,336,000","22,000","1,358,000","-1,336,000"
"=""066394""",敦泰統一3B購01  ,0,0,0,"279,000","1,612,000","-1,333,000","279,000","1,612,000","-1,333,000"
2883  ,凱基金          ,0,"2,000","-2,000",0,"1,318,000","-1,318,000",0,"1,320,000","-1,320,000"
"=""04162T""",華城國票36售01  ,0,0,0,"366,000","1,657,000","-1,291,000","366,000","1,657,000","-1,291,000"
"=""062523""",創意統一3C購01  ,0,0,0,"27,000","1,311,000","-1,284,000","27,000","1,311,000","-1,284,000"
"=""070633""",勤誠富邦48購02  ,0,0,0,"218,000","1,493,000","-1,275,000","218,000","1,493,000","-1,275,000"
"=""071492""",台積電國泰49購04,0,0,0,"10,000","1,261,000","-1,251,000","10,000","1,261,000","-1,251,000"
"=""058433""",元晶統一53購02  ,0,0,0,"10,000","1,233,000","-1,223,000","10,000","1,233,000","-1,223,000"
"=""076796""",台積電國泰4A購08,0,0,0,"44,000","1,253,000","-1,209,000","44,000","1,253,000","-1,209,000"
"=""051486""",永道元大43購03  ,0,0,0,0,"1,197,000","-1,197,000",0,"1,197,000","-1,197,000"
"=""051016""",T50正2富邦43購05,0,0,0,"383,000","1,569,000","-1,186,000","383,000","1,569,000","-1,186,000"
"=""073604""",奇鋐元富4C購01  ,0,0,0,0,"1,176,000","-1,176,000",0,"1,176,000","-1,176,000"
3706  ,神達            ,"987,446","939,861","47,585","127,102","1,341,163","-1,214,061","1,114,548","2,281,024","-1,166,476"
"=""00893 """,國泰智能電動車  ,0,0,0,"3,615,176","4,776,625","-1,161,449","3,615,176","4,776,625","-1,161,449"
"=""070193""",晟銘電統一53購01,0,0,0,"305,000","1,440,000","-1,135,000","305,000","1,440,000","-1,135,000"
"=""070293""",台光電國票49購02,0,0,0,"39,000","1,169,000","-1,130,000","39,000","1,169,000","-1,130,000"
"=""070675""",華新統一52購02  ,0,0,0,"155,000","1,264,000","-1,109,000","155,000","1,264,000","-1,109,000"
"=""070676""",華新統一52購03  ,0,0,0,0,"1,100,000","-1,100,000",0,"1,100,000","-1,100,000"
"=""062431""",神達永豐46購03  ,0,0,0,"137,000","1,235,000","-1,098,000","137,000","1,235,000","-1,098,000"
"=""074638""",南亞科凱基49購05,0,0,0,"36,000","1,130,000","-1,094,000","36,000","1,130,000","-1,094,000"
"=""00915 """,凱基優選高股息30,"44,000",0,"44,000","593,000","1,727,241","-1,134,241","637,000","1,727,241","-1,090,241"
"=""066177""",高力統一41購02  ,0,0,0,"307,000","1,379,000","-1,072,000","307,000","1,379,000","-1,072,000"
"=""059761""",文曄元大45購05  ,0,0,0,"3,000","1,067,000","-1,064,000","3,000","1,067,000","-1,064,000"
"=""055121""",訊芯元大44購07  ,0,0,0,"290,000","1,350,000","-1,060,000","290,000","1,350,000","-1,060,000"
"=""074472""",FBNQ2X元富49購06,0,0,0,"50,000","1,100,000","-1,050,000","50,000","1,100,000","-1,050,000"
"=""065875""",華城第一47購02  ,0,0,0,"20,000","1,068,000","-1,048,000","20,000","1,068,000","-1,048,000"
"=""04175T""",華城凱基35售03  ,0,0,0,"25,000","1,070,000","-1,045,000","25,000","1,070,000","-1,045,000"
"=""073387""",海華元大49購04  ,0,0,0,0,"1,020,000","-1,020,000",0,"1,020,000","-1,020,000"
"=""064660""",元債2X元大46購07,0,0,0,"239,000","1,254,000","-1,015,000","239,000","1,254,000","-1,015,000"
"=""069546""",中砂群益49購01  ,0,0,0,"2,004,000","3,019,000","-1,015,000","2,004,000","3,019,000","-1,015,000"
"=""068261""",鈺齊國票48購02  ,0,0,0,0,"1,012,000","-1,012,000",0,"1,012,000","-1,012,000"
"=""076834""",台積電富邦4C購07,0,0,0,0,"1,005,000","-1,005,000",0,"1,005,000","-1,005,000"
"=""069992""",大成鋼永豐49購01,0,0,0,"62,000","1,065,000","-1,003,000","62,000","1,065,000","-1,003,000"
"=""056778""",台玻國票46購03  ,0,0,0,"56,000","1,058,000","-1,002,000","56,000","1,058,000","-1,002,000"
"=""058215""",嘉澤元富4B購02  ,0,0,0,0,"999,000","-999,000",0,"999,000","-999,000"
"=""03724T""",亞翔元富34售02  ,0,0,0,0,"998,000","-998,000",0,"998,000","-998,000"
"=""04241T""",臺股指國票35售09,0,0,0,0,"998,000","-998,000",0,"998,000","-998,000"
"=""046269""",台積電凱基43購40,0,0,0,0,"998,000","-998,000",0,"998,000","-998,000"
"=""049558""",臺股指元大43購75,0,0,0,0,"998,000","-998,000",0,"998,000","-998,000"
"=""049559""",台積電富邦45購01,0,0,0,0,"998,000","-998,000",0,"998,000","-998,000"
"=""064369""",國建永豐49購01  ,0,0,0,0,"998,000","-998,000",0,"998,000","-998,000"
"=""069100""",嘉澤元大48購02  ,0,0,0,"20,000","1,008,000","-988,000","20,000","1,008,000","-988,000"
"=""055249""",訊芯凱基44購08  ,0,0,0,"30,000","1,005,000","-975,000","30,000","1,005,000","-975,000"
"=""058942""",世芯群益45購15  ,0,0,0,"5,000","975,000","-970,000","5,000","975,000","-970,000"
"=""05304T""",勤誠群益36售05  ,0,0,0,"81,000","1,048,000","-967,000","81,000","1,048,000","-967,000"
"=""059088""",全漢元富48購01  ,0,0,0,"10,000","972,000","-962,000","10,000","972,000","-962,000"
"=""068107""",全新元富48購01  ,0,0,0,"325,000","1,279,000","-954,000","325,000","1,279,000","-954,000"
"=""073669""",群創元大4C購01  ,0,0,0,"769,000","1,719,000","-950,000","769,000","1,719,000","-950,000"
"=""058278""",鴻海元大45購28  ,0,0,0,"118,000","1,067,000","-949,000","118,000","1,067,000","-949,000"
"=""058021""",台積電凱基47購05,0,0,0,"80,000","1,027,000","-947,000","80,000","1,027,000","-947,000"
"=""057854""",萬海凱基4A購03  ,0,0,0,0,"935,000","-935,000",0,"935,000","-935,000"
"=""074907""",台光電凱基49購07,0,0,0,"651,000","1,582,000","-931,000","651,000","1,582,000","-931,000"
"=""075972""",宏致群益4A購01  ,0,0,0,"99,000","1,022,000","-923,000","99,000","1,022,000","-923,000"
"=""053087""",上証2X永豐48購02,0,0,0,"92,000","1,010,000","-918,000","92,000","1,010,000","-918,000"
"=""073611""",亞翔元富4A購03  ,0,0,0,"41,000","959,000","-918,000","41,000","959,000","-918,000"
"=""05085T""",勤誠國票36售02  ,0,0,0,"6,000","919,000","-913,000","6,000","919,000","-913,000"
"=""061499""",牧德兆豐48購01  ,0,0,0,"49,000","959,000","-910,000","49,000","959,000","-910,000"
"=""05292T""",世紀鋼元富36售04,0,0,0,"30,000","939,000","-909,000","30,000","939,000","-909,000"
"=""070197""",華擎統一52購01  ,0,0,0,"10,000","919,000","-909,000","10,000","919,000","-909,000"
"=""071029""",群創統一51購02  ,0,0,0,"726,000","1,633,000","-907,000","726,000","1,633,000","-907,000"
"=""060267""",台光電國票47購02,0,0,0,"6,000","907,000","-901,000","6,000","907,000","-901,000"
"=""04240T""",臺股指國票35售08,0,0,0,0,"898,000","-898,000",0,"898,000","-898,000"
"=""076653""",群創凱基4B購02  ,0,0,0,"31,000","926,000","-895,000","31,000","926,000","-895,000"
"=""044380""",貿聯中信56購01  ,0,0,0,0,"888,000","-888,000",0,"888,000","-888,000"
"=""057430""",神達兆豐47購01  ,0,0,0,"268,000","1,156,000","-888,000","268,000","1,156,000","-888,000"
"=""00662 """,富邦NASDAQ      ,0,"15,000","-15,000","249,000","1,121,000","-872,000","249,000","1,136,000","-887,000"
"=""033714""",宏致元富52購04  ,0,0,0,"3,000","890,000","-887,000","3,000","890,000","-887,000"
"=""04698T""",勤誠凱基35售07  ,0,0,0,"13,000","899,000","-886,000","13,000","899,000","-886,000"
"=""08688U""",陽明元大33售01  ,0,0,0,"260,000","1,145,000","-885,000","260,000","1,145,000","-885,000"
"=""066297""",矽力元大4C購01  ,0,0,0,0,"880,000","-880,000",0,"880,000","-880,000"
"=""061042""",長榮航元大46購06,0,0,0,"30,000","908,000","-878,000","30,000","908,000","-878,000"
"=""076145""",迅得國票4B購01  ,0,0,0,"272,000","1,144,000","-872,000","272,000","1,144,000","-872,000"
"=""073332""",迅得統一53購03  ,0,0,0,"6,000","877,000","-871,000","6,000","877,000","-871,000"
"=""076528""",信邦元大49購05  ,0,0,0,"177,000","1,047,000","-870,000","177,000","1,047,000","-870,000"
"=""065745""",玉晶光統一3B購01,0,0,0,"352,000","1,216,000","-864,000","352,000","1,216,000","-864,000"
"=""07714U""",T50正2永豐34售01,0,0,0,0,"859,000","-859,000",0,"859,000","-859,000"
"=""072906""",緯穎元富4C購01  ,0,0,0,"17,000","871,000","-854,000","17,000","871,000","-854,000"
"=""052285""",中興電國票44購03,0,0,0,"76,000","922,000","-846,000","76,000","922,000","-846,000"
"=""055960""",川湖國票46購01  ,0,0,0,"446,000","1,292,000","-846,000","446,000","1,292,000","-846,000"
"=""058279""",仁寶元大45購04  ,0,0,0,"366,000","1,212,000","-846,000","366,000","1,212,000","-846,000"
"=""070894""",羅昇元大48購02  ,0,0,0,"7,000","852,000","-845,000","7,000","852,000","-845,000"
"=""074129""",華新元大49購06  ,0,0,0,"11,000","851,000","-840,000","11,000","851,000","-840,000"
"=""076493""",滬深2X富邦49購02,0,0,0,"5,000","843,000","-838,000","5,000","843,000","-838,000"
"=""04242T""",臺股指國票35售10,0,0,0,0,"830,000","-830,000",0,"830,000","-830,000"
"=""052077""",新日興永豐43購02,0,0,0,"406,000","1,236,000","-830,000","406,000","1,236,000","-830,000"
"=""058439""",鴻準永豐45購05  ,0,0,0,"4,000","817,000","-813,000","4,000","817,000","-813,000"
"=""059738""",中華元大45購05  ,0,0,0,"178,000","989,000","-811,000","178,000","989,000","-811,000"
"=""00712 """,復華富時不動產  ,0,0,0,"583,000","1,386,549","-803,549","583,000","1,386,549","-803,549"
"=""03518T""",世紀鋼元大33售07,0,0,0,0,"800,000","-800,000",0,"800,000","-800,000"
"=""061243""",世芯台新46購01  ,0,0,0,0,"800,000","-800,000",0,"800,000","-800,000"
"=""05859T""",日本2X元大38售01,0,0,0,"3,000","798,000","-795,000","3,000","798,000","-795,000"
"=""058537""",技嘉元大4B購01  ,0,0,0,"10,000","804,000","-794,000","10,000","804,000","-794,000"
"=""03472T""",金像電國票34售02,0,0,0,"120,000","910,000","-790,000","120,000","910,000","-790,000"
"=""066163""",文曄統一3C購01  ,0,0,0,"411,000","1,197,000","-786,000","411,000","1,197,000","-786,000"
"=""08764U""",臺股指凱基35售33,0,0,0,0,"784,000","-784,000",0,"784,000","-784,000"
"=""045785""",新日興凱基43購01,0,0,0,"955,000","1,737,000","-782,000","955,000","1,737,000","-782,000"
"=""065444""",材料元大47購06  ,0,0,0,"31,000","813,000","-782,000","31,000","813,000","-782,000"
"=""074188""",台積電永豐4A購07,0,0,0,"87,000","869,000","-782,000","87,000","869,000","-782,000"
"=""054948""",欣興永豐44購03  ,0,0,0,0,"781,000","-781,000",0,"781,000","-781,000"
"=""053925""",台達電國泰46購02,0,0,0,"766,000","1,545,000","-779,000","766,000","1,545,000","-779,000"
"=""072783""",世紀鋼群益49購01,0,0,0,"266,000","1,038,000","-772,000","266,000","1,038,000","-772,000"
"=""063638""",道瓊2X元大47購01,0,0,0,"152,000","922,000","-770,000","152,000","922,000","-770,000"
"=""00738U""",期元大道瓊白銀  ,0,0,0,"10,130","766,844","-756,714","10,130","766,844","-756,714"
"=""066792""",聯發科永豐54購01,0,0,0,"5,000","755,000","-750,000","5,000","755,000","-750,000"
"=""054756""",台積電永豐46購15,0,0,0,"256,000","1,000,000","-744,000","256,000","1,000,000","-744,000"
"=""04940T""",長榮元富39售01  ,0,0,0,0,"740,000","-740,000",0,"740,000","-740,000"
"=""04486T""",川湖元大35售17  ,0,0,0,"16,000","750,000","-734,000","16,000","750,000","-734,000"
"=""074433""",欣興統一53購01  ,0,0,0,"67,000","801,000","-734,000","67,000","801,000","-734,000"
"=""068566""",欣興國票49購02  ,0,0,0,"11,000","742,000","-731,000","11,000","742,000","-731,000"
"=""043817""",至上永豐55購03  ,0,0,0,"2,000","732,000","-730,000","2,000","732,000","-730,000"
"=""055463""",材料群益49購01  ,0,0,0,"30,000","760,000","-730,000","30,000","760,000","-730,000"
"=""076813""",偉訓國票4A購01  ,0,0,0,"370,000","1,096,000","-726,000","370,000","1,096,000","-726,000"
"=""075131""",欣興永豐49購04  ,0,0,0,"478,000","1,203,000","-725,000","478,000","1,203,000","-725,000"
"=""075558""",臺股指凱基53購03,0,0,0,"119,000","837,000","-718,000","119,000","837,000","-718,000"
"=""067864""",裕慶凱基49購01  ,0,0,0,"352,000","1,069,000","-717,000","352,000","1,069,000","-717,000"
"=""053593""",矽力統一4A購03  ,0,0,0,"265,000","976,000","-711,000","265,000","976,000","-711,000"
"=""071191""",光寶科群益48購02,0,0,0,"46,000","756,000","-710,000","46,000","756,000","-710,000"
"=""03836T""",臺股指元大36售47,0,0,0,0,"705,000","-705,000",0,"705,000","-705,000"
"=""057081""",晶技元大45購03  ,0,0,0,"18,000","719,000","-701,000","18,000","719,000","-701,000"
"=""073244""",友達統一41購01  ,0,0,0,"49,000","750,000","-701,000","49,000","750,000","-701,000"
"=""051665""",材料群益43購11  ,0,0,0,0,"700,000","-700,000",0,"700,000","-700,000"
"=""062633""",力積電中信46購03,0,0,0,"1,000","699,000","-698,000","1,000","699,000","-698,000"
"=""070847""",中鴻元大48購01  ,0,0,0,"36,000","733,000","-697,000","36,000","733,000","-697,000"
"=""068705""",T50反1富邦3C購01,0,0,0,0,"696,000","-696,000",0,"696,000","-696,000"
"=""050163""",聯茂國票44購04  ,0,0,0,"24,000","718,000","-694,000","24,000","718,000","-694,000"
"=""04541T""",臺股指凱基36售45,0,0,0,"67,000","760,000","-693,000","67,000","760,000","-693,000"
"=""04810T""",臺股指凱基36售55,0,0,0,"14,000","707,000","-693,000","14,000","707,000","-693,000"
"=""062930""",金像電國票47購04,0,0,0,0,"687,000","-687,000",0,"687,000","-687,000"
"=""071372""",新日興元大4C購02,0,0,0,"20,000","706,000","-686,000","20,000","706,000","-686,000"
"=""076271""",富世達群益4A購02,0,0,0,"50,000","736,000","-686,000","50,000","736,000","-686,000"
"=""04754T""",聯電凱基35售09  ,0,0,0,0,"685,000","-685,000",0,"685,000","-685,000"
"=""060293""",滬深2X群益46購05,0,0,0,"51,000","733,000","-682,000","51,000","733,000","-682,000"
"=""048796""",美費半凱基44購04,0,0,0,0,"680,000","-680,000",0,"680,000","-680,000"
"=""068626""",玉晶光統一3C購01,0,0,0,"284,000","962,000","-678,000","284,000","962,000","-678,000"
"=""073733""",長榮永豐4A購02  ,0,0,0,"13,000","691,000","-678,000","13,000","691,000","-678,000"
"=""066400""",華邦電兆豐3B購01,0,0,0,"105,000","779,000","-674,000","105,000","779,000","-674,000"
"=""061324""",台灣50凱基46購11,0,0,0,"281,000","952,000","-671,000","281,000","952,000","-671,000"
"=""066644""",中興電統一4C購01,0,0,0,0,"670,000","-670,000",0,"670,000","-670,000"
"=""00907 """,永豐優息存股    ,"100,000",0,"100,000","743,000","1,511,047","-768,047","843,000","1,511,047","-668,047"
"=""051216""",元債2X元大4C購03,0,0,0,"529,000","1,194,000","-665,000","529,000","1,194,000","-665,000"
"=""055859""",佳必琪凱基44購02,0,0,0,"125,000","790,000","-665,000","125,000","790,000","-665,000"
"=""072949""",三芳元大49購02  ,0,0,0,0,"663,000","-663,000",0,"663,000","-663,000"
"=""070188""",上銀統一56購01  ,0,0,0,"45,000","707,000","-662,000","45,000","707,000","-662,000"
"=""077356""",瑞儀群益4A購01  ,0,0,0,0,"658,000","-658,000",0,"658,000","-658,000"
3481  ,群創            ,"3,498,254","4,925,000","-1,426,746","2,910,722","2,140,730","769,992","6,408,976","7,065,730","-656,754"
"=""061241""",華航台新46購01  ,0,0,0,"320,000","974,000","-654,000","320,000","974,000","-654,000"
"=""052074""",台光電永豐46購02,0,0,0,0,"652,000","-652,000",0,"652,000","-652,000"
"=""04951T""",康舒國票37售03  ,0,0,0,"1,000","650,000","-649,000","1,000","650,000","-649,000"
"=""063746""",奇鋐國票47購02  ,0,0,0,"3,000","650,000","-647,000","3,000","650,000","-647,000"
"=""049278""",微星凱基43購01  ,0,0,0,0,"645,000","-645,000",0,"645,000","-645,000"
"=""062123""",T50反1國票46購05,0,0,0,"132,000","777,000","-645,000","132,000","777,000","-645,000"
"=""058186""",滬深2X永豐46購08,0,0,0,"20,000","662,000","-642,000","20,000","662,000","-642,000"
"=""062341""",亞光元大46購05  ,0,0,0,"10,000","650,000","-640,000","10,000","650,000","-640,000"
"=""049088""",皇昌元大43購07  ,0,0,0,"15,000","654,000","-639,000","15,000","654,000","-639,000"
"=""069480""",欣興元大48購05  ,0,0,0,"8,000","646,000","-638,000","8,000","646,000","-638,000"
"=""066563""",南電凱基47購02  ,0,0,0,"1,333,000","1,968,000","-635,000","1,333,000","1,968,000","-635,000"
"=""070229""",華新群益48購03  ,0,0,0,"41,000","675,000","-634,000","41,000","675,000","-634,000"
"=""059955""",華城元大47購02  ,0,0,0,"243,000","876,000","-633,000","243,000","876,000","-633,000"
"=""074513""",威盛凱基49購03  ,0,0,0,"82,000","714,000","-632,000","82,000","714,000","-632,000"
"=""066150""",華擎統一51購01  ,0,0,0,0,"631,000","-631,000",0,"631,000","-631,000"
"=""045730""",新日興統一48購01,0,0,0,0,"629,000","-629,000",0,"629,000","-629,000"
"=""05778T""",奇鋐第一39售02  ,0,0,0,"3,000","630,000","-627,000","3,000","630,000","-627,000"
"=""074069""",臻鼎凱基4B購01  ,0,0,0,"360,000","987,000","-627,000","360,000","987,000","-627,000"
"=""054133""",材料群益44購10  ,0,0,0,"351,000","977,000","-626,000","351,000","977,000","-626,000"
"=""058280""",鴻準元大45購12  ,0,0,0,"93,000","718,000","-625,000","93,000","718,000","-625,000"
"=""059753""",長榮元大45購29  ,0,0,0,"4,000","629,000","-625,000","4,000","629,000","-625,000"
"=""059954""",東元元大45購03  ,0,0,0,"195,000","816,000","-621,000","195,000","816,000","-621,000"
"=""074230""",陽明凱基4A購02  ,0,0,0,0,"620,000","-620,000",0,"620,000","-620,000"
"=""04378T""",勤誠元大35售02  ,0,0,0,0,"619,000","-619,000",0,"619,000","-619,000"
"=""074922""",巨大凱基4B購01  ,0,0,0,"72,000","686,000","-614,000","72,000","686,000","-614,000"
"=""051510""",巨騰國票45購01  ,0,0,0,"1,000","610,000","-609,000","1,000","610,000","-609,000"
"=""058282""",鴻準元大47購01  ,0,0,0,"419,000","1,027,000","-608,000","419,000","1,027,000","-608,000"
"=""072027""",上銀元大48購20  ,0,0,0,0,"608,000","-608,000",0,"608,000","-608,000"
"=""00918 """,大華優利高填息30,"12,000",0,"12,000","976,000","1,589,544","-613,544","988,000","1,589,544","-601,544"
"=""046856""",鴻海台新42購02  ,0,0,0,"20,000","621,000","-601,000","20,000","621,000","-601,000"
"=""060738""",潤泰新第一46購01,0,0,0,0,"600,000","-600,000",0,"600,000","-600,000"
"=""067849""",海悅凱基47購03  ,0,0,0,0,"600,000","-600,000",0,"600,000","-600,000"
"=""066129""",直得統一59購01  ,0,0,0,0,"598,000","-598,000",0,"598,000","-598,000"
"=""065518""",台光電統一51購01,0,0,0,"73,000","669,000","-596,000","73,000","669,000","-596,000"
"=""074170""",臺股指元大52購03,0,0,0,"30,000","622,000","-592,000","30,000","622,000","-592,000"
"=""058263""",臺股指凱基48購02,0,0,0,"20,000","609,000","-589,000","20,000","609,000","-589,000"
"=""05569T""",世紀鋼國票37售02,0,0,0,0,"588,000","-588,000",0,"588,000","-588,000"
"=""066240""",台積電國票48購04,0,0,0,"163,000","749,000","-586,000","163,000","749,000","-586,000"
"=""072273""",勤誠元大48購02  ,0,0,0,"2,000","588,000","-586,000","2,000","588,000","-586,000"
"=""057848""",鴻準凱基47購01  ,0,0,0,0,"585,000","-585,000",0,"585,000","-585,000"
"=""068093""",材料中信3B購04  ,0,0,0,0,"585,000","-585,000",0,"585,000","-585,000"
"=""059240""",深中小凱基4B購01,0,0,0,0,"584,000","-584,000",0,"584,000","-584,000"
"=""066340""",高力永豐3B購01  ,0,0,0,"183,000","764,000","-581,000","183,000","764,000","-581,000"
"=""066508""",聯發科群益51購01,0,0,0,"44,000","625,000","-581,000","44,000","625,000","-581,000"
"=""064275""",鴻海元大48購02  ,0,0,0,"150,000","727,000","-577,000","150,000","727,000","-577,000"
"=""074702""",鴻海元富49購08  ,0,0,0,"40,000","616,000","-576,000","40,000","616,000","-576,000"
"=""067126""",台化國票47購04  ,0,0,0,"181,000","754,000","-573,000","181,000","754,000","-573,000"
"=""074699""",聯電元富4A購03  ,0,0,0,"121,000","691,000","-570,000","121,000","691,000","-570,000"
"=""066564""",台塑台新47購01  ,0,0,0,"490,000","1,059,000","-569,000","490,000","1,059,000","-569,000"
"=""069750""",道瓊銀國票52購01,0,0,0,"40,000","606,000","-566,000","40,000","606,000","-566,000"
"=""072058""",晶心科元大48購05,0,0,0,"109,000","674,000","-565,000","109,000","674,000","-565,000"
"=""058222""",緯穎元富45購02  ,0,0,0,"247,000","811,000","-564,000","247,000","811,000","-564,000"
"=""073410""",聯發科富邦4B購02,0,0,0,"395,000","959,000","-564,000","395,000","959,000","-564,000"
"=""049739""",東科國票45購01  ,0,0,0,"103,000","665,000","-562,000","103,000","665,000","-562,000"
"=""074235""",貿聯凱基49購04  ,0,0,0,0,"562,000","-562,000",0,"562,000","-562,000"
"=""071100""",T50反1元大48購09,0,0,0,"150,000","711,000","-561,000","150,000","711,000","-561,000"
"=""076439""",迅得統一53購04  ,0,0,0,"166,000","725,000","-559,000","166,000","725,000","-559,000"
"=""072127""",大亞統一52購01  ,0,0,0,0,"556,000","-556,000",0,"556,000","-556,000"
"=""054882""",訊芯元大44購04  ,0,0,0,"61,000","616,000","-555,000","61,000","616,000","-555,000"
"=""076868""",皇昌元大49購14  ,0,0,0,0,"554,000","-554,000",0,"554,000","-554,000"
2329  ,華泰            ,"58,626","405,034","-346,408","39,614","247,090","-207,476","98,240","652,124","-553,884"
"=""064101""",宇隆群益48購02  ,0,0,0,"75,000","628,000","-553,000","75,000","628,000","-553,000"
"=""059772""",保瑞元大45購14  ,0,0,0,"396,000","946,000","-550,000","396,000","946,000","-550,000"
"=""069584""",陽明統一52購03  ,0,0,0,0,"550,000","-550,000",0,"550,000","-550,000"
"=""068172""",富世達統一62購01,0,0,0,0,"549,000","-549,000",0,"549,000","-549,000"
"=""071876""",華城永豐49購01  ,0,0,0,"20,000","566,000","-546,000","20,000","566,000","-546,000"
"=""061166""",天虹元富46購02  ,0,0,0,0,"545,000","-545,000",0,"545,000","-545,000"
"=""04812T""",台灣50元大37售18,0,0,0,0,"544,000","-544,000",0,"544,000","-544,000"
"=""071289""",陽明元富48購04  ,0,0,0,0,"544,000","-544,000",0,"544,000","-544,000"
"=""059365""",長榮航元大45購08,0,0,0,0,"542,000","-542,000",0,"542,000","-542,000"
"=""045179""",智原國泰56購02  ,0,0,0,0,"541,000","-541,000",0,"541,000","-541,000"
"=""00638R""",元大滬深300反1  ,0,"9,250,000","-9,250,000","9,123,300","414,000","8,709,300","9,123,300","9,664,000","-540,700"
"=""070303""",永道國票4A購01  ,0,0,0,"13,000","553,000","-540,000","13,000","553,000","-540,000"
"=""069652""",臺指反元大48購04,0,0,0,"20,000","559,000","-539,000","20,000","559,000","-539,000"
"=""071537""",新日興元大48購08,0,0,0,0,"537,000","-537,000",0,"537,000","-537,000"
"=""051022""",T50反1凱基49購01,0,0,0,"53,000","589,000","-536,000","53,000","589,000","-536,000"
"=""065102""",威盛統一45購01  ,0,0,0,0,"534,000","-534,000",0,"534,000","-534,000"
"=""065174""",SP黃豆凱基49購01,0,0,0,0,"531,000","-531,000",0,"531,000","-531,000"
"=""070992""",晟銘電台新48購01,0,0,0,"112,000","643,000","-531,000","112,000","643,000","-531,000"
"=""03559T""",世紀鋼群益33售08,0,0,0,0,"530,000","-530,000",0,"530,000","-530,000"
"=""045489""",華新國票57購01  ,0,0,0,"74,000","604,000","-530,000","74,000","604,000","-530,000"
"=""065375""",英業達統一41購01,0,0,0,"34,000","562,000","-528,000","34,000","562,000","-528,000"
"=""074799""",鴻準元大51購01  ,0,0,0,"160,000","687,000","-527,000","160,000","687,000","-527,000"
"=""074458""",友訊國票4A購01  ,0,0,0,0,"524,000","-524,000",0,"524,000","-524,000"
"=""07849U""",台灣50元大34售05,0,0,0,0,"524,000","-524,000",0,"524,000","-524,000"
"=""072727""",台積電元大49購08,0,0,0,"359,000","881,000","-522,000","359,000","881,000","-522,000"
"=""065062""",中磊元大47購03  ,0,0,0,"36,000","557,000","-521,000","36,000","557,000","-521,000"
"=""069706""",士電統一46購01  ,0,0,0,0,"521,000","-521,000",0,"521,000","-521,000"
"=""062491""",神達統一5C購01  ,0,0,0,0,"520,000","-520,000",0,"520,000","-520,000"
"=""072361""",台灣50元富48購14,0,0,0,0,"518,000","-518,000",0,"518,000","-518,000"
"=""05266T""",群創中信39售01  ,0,0,0,"30,000","547,000","-517,000","30,000","547,000","-517,000"
"=""069106""",材料元大48購07  ,0,0,0,"23,000","539,000","-516,000","23,000","539,000","-516,000"
"=""071645""",聚陽凱基48購01  ,0,0,0,0,"516,000","-516,000",0,"516,000","-516,000"
"=""074209""",元石油凱基49購01,0,0,0,0,"514,000","-514,000",0,"514,000","-514,000"
"=""066518""",亞翔群益49購01  ,0,0,0,"549,000","1,062,000","-513,000","549,000","1,062,000","-513,000"
"=""074359""",裕民元大49購06  ,0,0,0,"101,000","614,000","-513,000","101,000","614,000","-513,000"
"=""03796T""",世紀鋼元大34售04,0,0,0,0,"512,000","-512,000",0,"512,000","-512,000"
"=""052211""",長榮元富43購03  ,0,0,0,"170,000","682,000","-512,000","170,000","682,000","-512,000"
"=""056243""",鴻準元大44購06  ,0,0,0,0,"512,000","-512,000",0,"512,000","-512,000"
"=""03235T""",臺股指元大33售44,0,0,0,"30,000","541,000","-511,000","30,000","541,000","-511,000"
"=""056382""",美律元大45購03  ,0,0,0,0,"511,000","-511,000",0,"511,000","-511,000"
"=""059752""",一詮元大45購04  ,0,0,0,"4,000","515,000","-511,000","4,000","515,000","-511,000"
"=""069578""",友訊統一52購02  ,0,0,0,"28,000","538,000","-510,000","28,000","538,000","-510,000"
"=""062988""",上緯控元大46購03,0,0,0,0,"509,000","-509,000",0,"509,000","-509,000"
"=""074680""",威強電群益51購01,0,0,0,0,"509,000","-509,000",0,"509,000","-509,000"
"=""05728T""",大同群益37售01  ,0,0,0,0,"508,000","-508,000",0,"508,000","-508,000"
"=""077135""",奇鋐元大49購13  ,0,0,0,0,"508,000","-508,000",0,"508,000","-508,000"
"=""04846T""",臺股指國票36售07,0,0,0,"300,000","805,000","-505,000","300,000","805,000","-505,000"
"=""071386""",矽格元大48購01  ,0,0,0,"402,000","906,000","-504,000","402,000","906,000","-504,000"
"=""066895""",FBNQ2X群益51購01,0,0,0,"55,000","558,000","-503,000","55,000","558,000","-503,000"
"=""076415""",鴻海凱基4B購07  ,0,0,0,0,"502,000","-502,000",0,"502,000","-502,000"
"=""058539""",正崴元大46購02  ,0,0,0,0,"501,000","-501,000",0,"501,000","-501,000"
"=""065643""",jpp群益48購02   ,0,0,0,"699,000","1,200,000","-501,000","699,000","1,200,000","-501,000"
2324  ,仁寶            ,"186,000","496,428","-310,428","63,033","252,855","-189,822","249,033","749,283","-500,250"
"=""048710""",皇昌富邦44購01  ,0,0,0,0,"500,000","-500,000",0,"500,000","-500,000"
"=""054218""",致茂凱基45購01  ,0,0,0,0,"500,000","-500,000",0,"500,000","-500,000"
"=""069799""",精成科統一58購01,0,0,0,0,"500,000","-500,000",0,"500,000","-500,000"
"=""071746""",南電統一52購02  ,0,0,0,0,"500,000","-500,000",0,"500,000","-500,000"
"=""077026""",華邦電群益49購11,0,0,0,0,"500,000","-500,000",0,"500,000","-500,000"
"=""045850""",亞翔元大43購04  ,0,0,0,0,"499,000","-499,000",0,"499,000","-499,000"
"=""045958""",上緯控富邦43購01,0,0,0,0,"499,000","-499,000",0,"499,000","-499,000"
"=""04978T""",台灣50凱基36售12,0,0,0,0,"499,000","-499,000",0,"499,000","-499,000"
"=""051701""",群光永豐44購01  ,0,0,0,0,"499,000","-499,000",0,"499,000","-499,000"
"=""053854""",滬深2X群益4A購04,0,0,0,0,"499,000","-499,000",0,"499,000","-499,000"
"=""068789""",國巨統一41購01  ,0,0,0,0,"499,000","-499,000",0,"499,000","-499,000"
"=""059855""",正崴統一4C購02  ,0,0,0,"1,000","499,000","-498,000","1,000","499,000","-498,000"
"=""071385""",亞翔元大48購17  ,0,0,0,0,"496,000","-496,000",0,"496,000","-496,000"
"=""074387""",國巨國票4B購01  ,0,0,0,"10,000","506,000","-496,000","10,000","506,000","-496,000"
"=""066897""",中502X群益47購02,0,0,0,"126,000","620,000","-494,000","126,000","620,000","-494,000"
"=""073167""",海華元大49購03  ,0,0,0,"4,000","498,000","-494,000","4,000","498,000","-494,000"
"=""066857""",南亞科兆豐3B購01,0,0,0,"26,000","519,000","-493,000","26,000","519,000","-493,000"
"=""038157""",中砂永豐55購02  ,0,0,0,"398,000","889,000","-491,000","398,000","889,000","-491,000"
"=""055197""",乙盛國票45購01  ,0,0,0,"10,000","501,000","-491,000","10,000","501,000","-491,000"
"=""059378""",緯穎元大4A購02  ,0,0,0,"333,000","824,000","-491,000","333,000","824,000","-491,000"
"=""059695""",臺股指凱基4B購09,0,0,0,0,"491,000","-491,000",0,"491,000","-491,000"
"=""064328""",海悅凱基46購04  ,0,0,0,0,"491,000","-491,000",0,"491,000","-491,000"
"=""061810""",大立光凱基48購02,0,0,0,"262,000","752,000","-490,000","262,000","752,000","-490,000"
"=""067060""",鴻海群益61購01  ,0,0,0,"199,000","689,000","-490,000","199,000","689,000","-490,000"
"=""067356""",啟�痐舅j47購02  ,0,0,0,"10,000","500,000","-490,000","10,000","500,000","-490,000"
"=""071207""",臺股指群益4B購09,0,0,0,"19,000","509,000","-490,000","19,000","509,000","-490,000"
"=""03751T""",台灣50永豐37售01,0,0,0,0,"489,000","-489,000",0,"489,000","-489,000"
"=""046967""",日月光元富42購02,0,0,0,"431,000","920,000","-489,000","431,000","920,000","-489,000"
"=""052584""",上証2X元大46購01,0,0,0,0,"489,000","-489,000",0,"489,000","-489,000"
"=""070122""",海華元大48購01  ,0,0,0,"134,000","622,000","-488,000","134,000","622,000","-488,000"
"=""064489""",廣宇群益46購01  ,0,0,0,"180,000","667,000","-487,000","180,000","667,000","-487,000"
"=""065984""",聯茂元大47購06  ,0,0,0,"6,000","492,000","-486,000","6,000","492,000","-486,000"
"=""076617""",亞翔元富49購05  ,0,0,0,"103,000","589,000","-486,000","103,000","589,000","-486,000"
"=""00651R""",復華香港反1     ,0,0,0,"1,223,000","1,707,853","-484,853","1,223,000","1,707,853","-484,853"
"=""00733 """,富邦臺灣中小    ,0,0,0,"441,740","926,445","-484,705","441,740","926,445","-484,705"
"=""053793""",材料凱基44購04  ,0,0,0,"216,000","700,000","-484,000","216,000","700,000","-484,000"
"=""056912""",晶心科元大45購01,0,0,0,"30,000","512,000","-482,000","30,000","512,000","-482,000"
"=""069540""",智原兆豐4A購02  ,0,0,0,"19,000","501,000","-482,000","19,000","501,000","-482,000"
"=""075230""",華邦電元大49購17,0,0,0,"249,000","731,000","-482,000","249,000","731,000","-482,000"
"=""00927 """,群益半導體收益  ,0,"729,000","-729,000","2,118,378","1,869,962","248,416","2,118,378","2,598,962","-480,584"
"=""062862""",巨大永豐47購01  ,0,0,0,"90,000","570,000","-480,000","90,000","570,000","-480,000"
"=""070123""",永崴控元大48購02,0,0,0,"926,000","1,406,000","-480,000","926,000","1,406,000","-480,000"
"=""070732""",華邦電永豐48購02,0,0,0,"70,000","548,000","-478,000","70,000","548,000","-478,000"
"=""074012""",FBNQ2X元富49購05,0,0,0,"293,000","771,000","-478,000","293,000","771,000","-478,000"
"=""052350""",萬海永豐44購04  ,0,0,0,"68,000","542,000","-474,000","68,000","542,000","-474,000"
"=""066158""",洋基統一51購01  ,0,0,0,"9,000","482,000","-473,000","9,000","482,000","-473,000"
"=""059265""",臺股指凱基49購13,0,0,0,"27,000","499,000","-472,000","27,000","499,000","-472,000"
"=""062565""",金寶元大46購06  ,0,0,0,"130,000","602,000","-472,000","130,000","602,000","-472,000"
"=""066638""",世芯永豐48購10  ,0,0,0,0,"472,000","-472,000",0,"472,000","-472,000"
"=""052922""",永光凱基44購02  ,0,0,0,"245,000","716,000","-471,000","245,000","716,000","-471,000"
"=""042542""",日電貿元大54購06,0,0,0,0,"470,000","-470,000",0,"470,000","-470,000"
"=""042587""",南茂群益56購01  ,0,0,0,"30,000","499,000","-469,000","30,000","499,000","-469,000"
"=""046658""",T50正2元大43購06,0,0,0,"385,000","853,000","-468,000","385,000","853,000","-468,000"
"=""069180""",新日興統一52購01,0,0,0,0,"468,000","-468,000",0,"468,000","-468,000"
"=""074395""",萬海國票4A購02  ,0,0,0,"135,000","602,000","-467,000","135,000","602,000","-467,000"
"=""062753""",保瑞富邦48購05  ,0,0,0,"835,000","1,300,000","-465,000","835,000","1,300,000","-465,000"
"=""073245""",群創統一41購01  ,0,0,0,"5,000","469,000","-464,000","5,000","469,000","-464,000"
"=""03626B""",臺股指元大35熊52,0,0,0,"199,000","662,000","-463,000","199,000","662,000","-463,000"
"=""057802""",未來車元富45購03,0,0,0,"36,000","499,000","-463,000","36,000","499,000","-463,000"
"=""067083""",啟�眥禤�48購02  ,0,0,0,"136,000","599,000","-463,000","136,000","599,000","-463,000"
"=""067824""",奇鋐永豐47購02  ,0,0,0,"220,000","682,000","-462,000","220,000","682,000","-462,000"
"=""075929""",長榮航凱基49購02,0,0,0,0,"462,000","-462,000",0,"462,000","-462,000"
"=""00641R""",富邦日本反1     ,0,0,0,"2,051,000","2,512,146","-461,146","2,051,000","2,512,146","-461,146"
"=""058844""",中砂凱基45購05  ,0,0,0,"30,000","490,000","-460,000","30,000","490,000","-460,000"
"=""065685""",洋基凱基47購01  ,0,0,0,0,"460,000","-460,000",0,"460,000","-460,000"
"=""071815""",嘉澤國票49購03  ,0,0,0,0,"460,000","-460,000",0,"460,000","-460,000"
"=""056032""",長榮凱基49購01  ,0,0,0,0,"459,000","-459,000",0,"459,000","-459,000"
"=""04589T""",臺股指凱基36售48,0,0,0,0,"458,000","-458,000",0,"458,000","-458,000"
"=""04179T""",華城永豐37售01  ,0,0,0,"1,000","456,000","-455,000","1,000","456,000","-455,000"
"=""063145""",緯穎凱基49購04  ,0,0,0,"7,000","462,000","-455,000","7,000","462,000","-455,000"
"=""075209""",臺股指群益49購27,0,0,0,"7,000","460,000","-453,000","7,000","460,000","-453,000"
2498  ,宏達電          ,"39,263","245,000","-205,737","60,001","306,583","-246,582","99,264","551,583","-452,319"
"=""074385""",鴻海國票4A購03  ,0,0,0,"16,000","468,000","-452,000","16,000","468,000","-452,000"
"=""047266""",聯茂統一49購01  ,0,0,0,"100,000","551,000","-451,000","100,000","551,000","-451,000"
"=""070131""",精成科元大48購03,0,0,0,"124,000","575,000","-451,000","124,000","575,000","-451,000"
"=""05212T""",世紀鋼中信36售02,0,0,0,0,"450,000","-450,000",0,"450,000","-450,000"
"=""065186""",智邦凱基49購02  ,0,0,0,"496,000","946,000","-450,000","496,000","946,000","-450,000"
"=""060317""",華擎群益46購02  ,0,0,0,0,"449,000","-449,000",0,"449,000","-449,000"
"=""075267""",威強電第一49購02,0,0,0,0,"449,000","-449,000",0,"449,000","-449,000"
"=""045686""",華邦電國票43購01,0,0,0,"32,000","480,000","-448,000","32,000","480,000","-448,000"
"=""071605""",華泰群益4A購01  ,0,0,0,0,"448,000","-448,000",0,"448,000","-448,000"
"=""074350""",華邦電元大49購10,0,0,0,0,"448,000","-448,000",0,"448,000","-448,000"
"=""065182""",金寶凱基4A購01  ,0,0,0,0,"447,000","-447,000",0,"447,000","-447,000"
"=""069477""",大立光元大48購10,0,0,0,"76,000","523,000","-447,000","76,000","523,000","-447,000"
"=""076138""",健策國票4B購01  ,0,0,0,"148,000","595,000","-447,000","148,000","595,000","-447,000"
"=""061092""",奇鋐永豐48購02  ,0,0,0,"475,000","918,000","-443,000","475,000","918,000","-443,000"
"=""073649""",聯發科元大49購08,0,0,0,0,"442,000","-442,000",0,"442,000","-442,000"
"=""057709""",上銀元大4B購02  ,0,0,0,"90,000","530,000","-440,000","90,000","530,000","-440,000"
"=""072830""",滬深2X凱基51購03,0,0,0,"507,000","947,000","-440,000","507,000","947,000","-440,000"
"=""071441""",訊芯國票49購04  ,0,0,0,"32,000","471,000","-439,000","32,000","471,000","-439,000"
"=""074128""",和大元大49購06  ,0,0,0,"86,000","525,000","-439,000","86,000","525,000","-439,000"
"=""062157""",信錦中信47購01  ,0,0,0,"946,000","1,383,000","-437,000","946,000","1,383,000","-437,000"
"=""04625T""",友達元大35售03  ,0,0,0,"14,000","450,000","-436,000","14,000","450,000","-436,000"
"=""056117""",訊芯元大44購12  ,0,0,0,0,"436,000","-436,000",0,"436,000","-436,000"
"=""059678""",聯發科凱基47購01,0,0,0,0,"436,000","-436,000",0,"436,000","-436,000"
"=""071926""",龍德船統一52購01,0,0,0,"26,000","461,000","-435,000","26,000","461,000","-435,000"
"=""076763""",欣巴巴永豐53購01,0,0,0,0,"435,000","-435,000",0,"435,000","-435,000"
"=""069669""",皇昌元大48購05  ,0,0,0,"273,000","707,000","-434,000","273,000","707,000","-434,000"
"=""068725""",大成鋼群益48購01,0,0,0,0,"432,000","-432,000",0,"432,000","-432,000"
"=""053615""",SGBR2X國票45購02,0,0,0,"254,000","685,000","-431,000","254,000","685,000","-431,000"
"=""00924 """,復華S&P500成長  ,0,0,0,"342,999","773,659","-430,660","342,999","773,659","-430,660"
"=""047654""",南亞科群益42購02,0,0,0,0,"430,000","-430,000",0,"430,000","-430,000"
"=""063336""",美德醫國票4B購01,0,0,0,"200,000","630,000","-430,000","200,000","630,000","-430,000"
"=""071267""",創意凱基4C購02  ,0,0,0,0,"430,000","-430,000",0,"430,000","-430,000"
"=""060350""",可成元大46購04  ,0,0,0,0,"428,000","-428,000",0,"428,000","-428,000"
"=""068687""",佳能元富49購03  ,0,0,0,"138,000","565,000","-427,000","138,000","565,000","-427,000"
"=""057988""",新光鋼富邦45購01,0,0,0,"5,000","431,000","-426,000","5,000","431,000","-426,000"
"=""03426T""",臺股指元大33售51,0,0,0,0,"424,000","-424,000",0,"424,000","-424,000"
"=""05331T""",聯發科國泰38售03,0,0,0,0,"422,000","-422,000",0,"422,000","-422,000"
"=""040041""",元金2X永豐5A購01,0,0,0,"403,000","824,000","-421,000","403,000","824,000","-421,000"
"=""072295""",皇昌元富58購01  ,0,0,0,0,"418,000","-418,000",0,"418,000","-418,000"
"=""074003""",智易統一53購01  ,0,0,0,0,"418,000","-418,000",0,"418,000","-418,000"
"=""066800""",新唐國泰48購01  ,0,0,0,"62,000","478,000","-416,000","62,000","478,000","-416,000"
"=""067017""",永道凱基49購01  ,0,0,0,0,"415,000","-415,000",0,"415,000","-415,000"
"=""052340""",萬海中信46購01  ,0,0,0,"50,000","464,000","-414,000","50,000","464,000","-414,000"
"=""05368T""",緯穎國泰38售04  ,0,0,0,"69,000","482,000","-413,000","69,000","482,000","-413,000"
"=""058072""",台灣50元富45購07,0,0,0,"146,000","557,000","-411,000","146,000","557,000","-411,000"
"=""065106""",S&P500中信48購01,0,0,0,"120,000","531,000","-411,000","120,000","531,000","-411,000"
"=""070763""",矽力群益48購05  ,0,0,0,"2,000","413,000","-411,000","2,000","413,000","-411,000"
"=""071487""",皇昌永豐49購03  ,0,0,0,0,"411,000","-411,000",0,"411,000","-411,000"
"=""073146""",台積電元大53購01,0,0,0,0,"411,000","-411,000",0,"411,000","-411,000"
"=""061562""",可成凱基46購03  ,0,0,0,0,"410,000","-410,000",0,"410,000","-410,000"
"=""066599""",世芯國票49購04  ,0,0,0,"98,000","507,000","-409,000","98,000","507,000","-409,000"
"=""067533""",中興電群益48購03,0,0,0,0,"409,000","-409,000",0,"409,000","-409,000"
"=""068786""",亞力統一3C購01  ,0,0,0,"342,000","751,000","-409,000","342,000","751,000","-409,000"
"=""069144""",材料群益48購01  ,0,0,0,"193,000","601,000","-408,000","193,000","601,000","-408,000"
"=""062744""",所羅門富邦47購01,0,0,0,0,"407,000","-407,000",0,"407,000","-407,000"
"=""068861""",聯強永豐49購01  ,0,0,0,"43,000","450,000","-407,000","43,000","450,000","-407,000"
"=""051904""",鴻海國泰45購15  ,0,0,0,0,"405,000","-405,000",0,"405,000","-405,000"
"=""065653""",T50反1凱基51購01,0,0,0,"42,000","447,000","-405,000","42,000","447,000","-405,000"
"=""073289""",群高息凱基49購01,0,0,0,"5,000","410,000","-405,000","5,000","410,000","-405,000"
2353  ,宏��            ,"468,000","565,687","-97,687","167,750","472,935","-305,185","635,750","1,038,622","-402,872"
"=""070624""",台積電富邦49購07,0,0,0,"539,000","941,000","-402,000","539,000","941,000","-402,000"
"=""073477""",富華新國票4A購01,0,0,0,"4,000","406,000","-402,000","4,000","406,000","-402,000"
"=""076383""",啟�痐舅j49購04  ,0,0,0,"10,000","412,000","-402,000","10,000","412,000","-402,000"
"=""05465T""",景碩元富36售02  ,0,0,0,0,"401,000","-401,000",0,"401,000","-401,000"
"=""066709""",台灣50群益47購07,0,0,0,"132,000","533,000","-401,000","132,000","533,000","-401,000"
"=""069005""",德律國票49購01  ,0,0,0,"41,000","442,000","-401,000","41,000","442,000","-401,000"
"=""070826""",慧洋國票49購01  ,0,0,0,0,"401,000","-401,000",0,"401,000","-401,000"
"=""055480""",藍天元大44購02  ,0,0,0,0,"400,000","-400,000",0,"400,000","-400,000"
"=""05684T""",大同元大37售01  ,0,0,0,0,"400,000","-400,000",0,"400,000","-400,000"
"=""067350""",群創元大47購09  ,0,0,0,0,"400,000","-400,000",0,"400,000","-400,000"
"=""073317""",華邦電凱基41購01,0,0,0,0,"400,000","-400,000",0,"400,000","-400,000"
"=""076075""",AES統一63購01   ,0,0,0,0,"400,000","-400,000",0,"400,000","-400,000"
"=""065811""",大立光國票48購01,0,0,0,"30,000","429,000","-399,000","30,000","429,000","-399,000"
"=""071508""",美費半元大51購01,0,0,0,0,"399,000","-399,000",0,"399,000","-399,000"
"=""08766U""",臺股指凱基36售08,0,0,0,0,"399,000","-399,000",0,"399,000","-399,000"
"=""054441""",威盛群益44購08  ,0,0,0,0,"398,000","-398,000",0,"398,000","-398,000"
"=""068272""",台積電凱基49購13,0,0,0,0,"397,000","-397,000",0,"397,000","-397,000"
"=""074942""",南亞科元富4A購04,0,0,0,"10,000","407,000","-397,000","10,000","407,000","-397,000"
"=""045180""",亞翔國泰56購01  ,0,0,0,0,"396,000","-396,000",0,"396,000","-396,000"
"=""054952""",世芯永豐45購06  ,0,0,0,0,"396,000","-396,000",0,"396,000","-396,000"
"=""00897 """,富邦基因免疫生技,0,0,0,"145,000","540,058","-395,058","145,000","540,058","-395,058"
"=""060529""",材料凱基46購01  ,0,0,0,"25,000","420,000","-395,000","25,000","420,000","-395,000"
"=""076114""",元油反元富4C購01,0,0,0,0,"395,000","-395,000",0,"395,000","-395,000"
"=""059563""",英業達元大45購11,0,0,0,"140,000","534,000","-394,000","140,000","534,000","-394,000"
"=""052419""",大立光元大49購01,0,0,0,0,"393,000","-393,000",0,"393,000","-393,000"
"=""057132""",聯詠群益45購01  ,0,0,0,"97,000","490,000","-393,000","97,000","490,000","-393,000"
"=""075443""",長榮元大4B購03  ,0,0,0,0,"393,000","-393,000",0,"393,000","-393,000"
"=""075607""",美利達元大49購02,0,0,0,"59,000","451,000","-392,000","59,000","451,000","-392,000"
"=""065536""",京元電富邦48購03,0,0,0,0,"391,000","-391,000",0,"391,000","-391,000"
"=""050674""",景碩國泰45購01  ,0,0,0,"8,000","398,000","-390,000","8,000","398,000","-390,000"
"=""071690""",晟銘電群益52購01,0,0,0,"1,000","390,000","-389,000","1,000","390,000","-389,000"
"=""058483""",佳必琪國票45購03,0,0,0,"796,000","1,184,000","-388,000","796,000","1,184,000","-388,000"
"=""05332T""",緯創國泰38售03  ,0,0,0,"210,000","597,000","-387,000","210,000","597,000","-387,000"
"=""066342""",國巨富邦4A購01  ,0,0,0,"84,000","467,000","-383,000","84,000","467,000","-383,000"
"=""061841""",智邦群益46購05  ,0,0,0,"117,000","499,000","-382,000","117,000","499,000","-382,000"
"=""063103""",聯發科中信46購04,0,0,0,"24,000","406,000","-382,000","24,000","406,000","-382,000"
"=""073824""",奇鋐元富53購01  ,0,0,0,"70,000","452,000","-382,000","70,000","452,000","-382,000"
"=""054726""",雲豹台新44購01  ,0,0,0,"50,000","431,000","-381,000","50,000","431,000","-381,000"
"=""063753""",啟�眥窶�49購01  ,0,0,0,0,"381,000","-381,000",0,"381,000","-381,000"
"=""069768""",國巨國泰49購01  ,0,0,0,"224,000","604,000","-380,000","224,000","604,000","-380,000"
"=""070129""",亞翔元大4C購03  ,0,0,0,"26,000","406,000","-380,000","26,000","406,000","-380,000"
"=""073577""",材料群益53購01  ,0,0,0,"448,000","828,000","-380,000","448,000","828,000","-380,000"
"=""068205""",佳能國泰49購01  ,0,0,0,0,"379,000","-379,000",0,"379,000","-379,000"
"=""070786""",群創元富48購02  ,0,0,0,"40,000","419,000","-379,000","40,000","419,000","-379,000"
"=""076778""",聯發科群益49購14,0,0,0,"125,000","504,000","-379,000","125,000","504,000","-379,000"
"=""050401""",鴻海元富49購02  ,0,0,0,"12,000","390,000","-378,000","12,000","390,000","-378,000"
"=""064485""",金寶群益46購04  ,0,0,0,"112,000","490,000","-378,000","112,000","490,000","-378,000"
"=""072021""",華友聯元大48購01,0,0,0,0,"377,000","-377,000",0,"377,000","-377,000"
"=""064716""",全新群益47購01  ,0,0,0,0,"376,000","-376,000",0,"376,000","-376,000"
"=""069518""",中502X元富52購01,0,0,0,"43,000","419,000","-376,000","43,000","419,000","-376,000"
"=""04070T""",台灣50元富34售05,0,0,0,0,"375,000","-375,000",0,"375,000","-375,000"
"=""04817T""",臺股指元大3A售06,0,0,0,0,"375,000","-375,000",0,"375,000","-375,000"
"=""060139""",日電貿群益47購01,0,0,0,"5,000","380,000","-375,000","5,000","380,000","-375,000"
"=""060472""",台積電中信4C購01,0,0,0,"18,000","392,000","-374,000","18,000","392,000","-374,000"
"=""073919""",樺漢群益49購01  ,0,0,0,"134,000","508,000","-374,000","134,000","508,000","-374,000"
"=""00898 """,國泰基因免疫革命,0,0,0,"56,000","429,000","-373,000","56,000","429,000","-373,000"
"=""053898""",鴻海元大47購04  ,0,0,0,"56,000","429,000","-373,000","56,000","429,000","-373,000"
"=""065769""",伊雲谷元大47購02,0,0,0,0,"372,000","-372,000",0,"372,000","-372,000"
"=""061242""",華航台新46購02  ,0,0,0,"328,000","699,000","-371,000","328,000","699,000","-371,000"
"=""065611""",志強國票49購01  ,0,0,0,0,"371,000","-371,000",0,"371,000","-371,000"
"=""070211""",中502X永豐4A購01,0,0,0,0,"371,000","-371,000",0,"371,000","-371,000"
"=""052356""",材料永豐46購01  ,0,0,0,"97,000","467,000","-370,000","97,000","467,000","-370,000"
"=""064480""",台塑群益46購07  ,0,0,0,"281,000","649,000","-368,000","281,000","649,000","-368,000"
"=""065071""",威盛永豐3B購01  ,0,0,0,"38,000","406,000","-368,000","38,000","406,000","-368,000"
"=""067651""",南亞科永豐48購02,0,0,0,"200,000","568,000","-368,000","200,000","568,000","-368,000"
"=""076269""",AES群益4A購01   ,0,0,0,0,"368,000","-368,000",0,"368,000","-368,000"
"=""03584T""",金像電元大33售28,0,0,0,"300,000","666,000","-366,000","300,000","666,000","-366,000"
"=""066791""",大同永豐51購01  ,0,0,0,"184,000","550,000","-366,000","184,000","550,000","-366,000"
"=""071502""",大銀國泰49購01  ,0,0,0,0,"365,000","-365,000",0,"365,000","-365,000"
"=""052642""",滬深反中信46購01,0,0,0,"12,000","376,000","-364,000","12,000","376,000","-364,000"
"=""066501""",廣宇群益47購03  ,0,0,0,"400,000","764,000","-364,000","400,000","764,000","-364,000"
"=""052254""",世芯國泰46購01  ,0,0,0,0,"363,000","-363,000",0,"363,000","-363,000"
"=""061719""",華邦電永豐47購01,0,0,0,"146,000","509,000","-363,000","146,000","509,000","-363,000"
"=""058136""",英業達群益45購06,0,0,0,"5,000","367,000","-362,000","5,000","367,000","-362,000"
"=""061111""",世紀鋼兆豐3A購01,0,0,0,"92,000","454,000","-362,000","92,000","454,000","-362,000"
"=""056567""",技嘉元大45購02  ,0,0,0,"40,000","400,000","-360,000","40,000","400,000","-360,000"
"=""062811""",全新元大4A購01  ,0,0,0,"135,000","495,000","-360,000","135,000","495,000","-360,000"
"=""056443""",智原統一4B購03  ,0,0,0,"903,000","1,262,000","-359,000","903,000","1,262,000","-359,000"
"=""058155""",晶睿群益47購01  ,0,0,0,"566,000","925,000","-359,000","566,000","925,000","-359,000"
"=""054335""",創意群益44購06  ,0,0,0,0,"358,000","-358,000",0,"358,000","-358,000"
"=""05556T""",緯穎元富37售05  ,0,0,0,0,"358,000","-358,000",0,"358,000","-358,000"
"=""05040T""",英業達中信37售02,0,0,0,0,"357,000","-357,000",0,"357,000","-357,000"
"=""075010""",華城群益49購06  ,0,0,0,0,"356,000","-356,000",0,"356,000","-356,000"
"=""073719""",神達國票49購04  ,0,0,0,"170,000","525,000","-355,000","170,000","525,000","-355,000"
"=""061565""",智原凱基46購04  ,0,0,0,"5,000","358,000","-353,000","5,000","358,000","-353,000"
"=""048398""",台積電國泰44購09,0,0,0,"100,000","452,000","-352,000","100,000","452,000","-352,000"
"=""057582""",冠德群益45購01  ,0,0,0,"140,000","492,000","-352,000","140,000","492,000","-352,000"
"=""076280""",訊芯富邦4A購03  ,0,0,0,"50,000","402,000","-352,000","50,000","402,000","-352,000"
"=""05494T""",長榮富邦39售05  ,0,0,0,0,"351,000","-351,000",0,"351,000","-351,000"
"=""062654""",一詮凱基46購06  ,0,0,0,"10,000","361,000","-351,000","10,000","361,000","-351,000"
"=""071087""",長榮航群益48購06,0,0,0,"250,000","601,000","-351,000","250,000","601,000","-351,000"
"=""046454""",緯創統一4C購01  ,0,0,0,0,"350,000","-350,000",0,"350,000","-350,000"
"=""057651""",牧德兆豐47購01  ,0,0,0,"5,000","355,000","-350,000","5,000","355,000","-350,000"
"=""063780""",鴻海統一3C購02  ,0,0,0,0,"350,000","-350,000",0,"350,000","-350,000"
"=""065243""",復盛凱基47購01  ,0,0,0,0,"350,000","-350,000",0,"350,000","-350,000"
"=""066686""",T50反1富邦3B購01,0,0,0,0,"350,000","-350,000",0,"350,000","-350,000"
"=""071209""",華新國泰49購01  ,0,0,0,"158,000","508,000","-350,000","158,000","508,000","-350,000"
"=""059497""",聯發科永豐46購08,0,0,0,"70,000","419,000","-349,000","70,000","419,000","-349,000"
"=""066091""",遠東新凱基47購02,0,0,0,"204,000","553,000","-349,000","204,000","553,000","-349,000"
"=""055964""",技嘉國票46購02  ,0,0,0,"15,000","363,000","-348,000","15,000","363,000","-348,000"
"=""068914""",敦泰富邦3C購01  ,0,0,0,0,"348,000","-348,000",0,"348,000","-348,000"
"=""063587""",國巨凱基46購03  ,0,0,0,"134,000","481,000","-347,000","134,000","481,000","-347,000"
"=""073265""",華邦電元富4A購03,0,0,0,"279,000","625,000","-346,000","279,000","625,000","-346,000"
"=""00921 """,兆豐龍頭等權重  ,0,0,0,"524,000","869,131","-345,131","524,000","869,131","-345,131"
"=""060144""",緯穎群益46購06  ,0,0,0,"127,000","472,000","-345,000","127,000","472,000","-345,000"
"=""064230""",玉晶光國泰47購01,0,0,0,"40,000","385,000","-345,000","40,000","385,000","-345,000"
"=""070221""",新日興永豐49購01,0,0,0,"7,000","351,000","-344,000","7,000","351,000","-344,000"
"=""060855""",華航永豐46購01  ,0,0,0,0,"343,000","-343,000",0,"343,000","-343,000"
"=""052341""",萬海中信46購02  ,0,0,0,"210,000","552,000","-342,000","210,000","552,000","-342,000"
"=""066393""",台積電國票49購02,0,0,0,0,"342,000","-342,000",0,"342,000","-342,000"
"=""071776""",新日興元大48購09,0,0,0,"44,000","386,000","-342,000","44,000","386,000","-342,000"
"=""076663""",至上凱基4B購01  ,0,0,0,0,"342,000","-342,000",0,"342,000","-342,000"
"=""072396""",大銀國票49購06  ,0,0,0,"5,000","346,000","-341,000","5,000","346,000","-341,000"
"=""072969""",台光電元大49購04,0,0,0,"140,000","481,000","-341,000","140,000","481,000","-341,000"
2401  ,凌陽            ,"6,040","94,000","-87,960","18,009","271,000","-252,991","24,049","365,000","-340,951"
"=""03056T""",技嘉群益38售04  ,0,0,0,0,"340,000","-340,000",0,"340,000","-340,000"
"=""05165T""",臺股指群益36售49,0,0,0,0,"340,000","-340,000",0,"340,000","-340,000"
"=""05229T""",宏�硌s益36售02  ,0,0,0,"20,000","360,000","-340,000","20,000","360,000","-340,000"
"=""061013""",緯穎群益46購12  ,0,0,0,0,"340,000","-340,000",0,"340,000","-340,000"
"=""066646""",南亞科統一51購01,0,0,0,"90,000","430,000","-340,000","90,000","430,000","-340,000"
"=""070651""",英業達凱基49購02,0,0,0,"316,000","656,000","-340,000","316,000","656,000","-340,000"
"=""051013""",致伸國泰45購02  ,0,0,0,0,"339,000","-339,000",0,"339,000","-339,000"
"=""054596""",佳能群益45購01  ,0,0,0,"137,000","475,000","-338,000","137,000","475,000","-338,000"
"=""058149""",長榮航群益47購01,0,0,0,"10,000","347,000","-337,000","10,000","347,000","-337,000"
"=""059448""",保瑞富邦48購03  ,0,0,0,"97,000","434,000","-337,000","97,000","434,000","-337,000"
"=""062016""",威盛國票48購01  ,0,0,0,0,"337,000","-337,000",0,"337,000","-337,000"
"=""076501""",臺股指富邦4A購08,0,0,0,"32,000","369,000","-337,000","32,000","369,000","-337,000"
"=""069311""",文曄國票48購01  ,0,0,0,0,"336,000","-336,000",0,"336,000","-336,000"
"=""057515""",立積凱基45購02  ,0,0,0,"257,000","592,000","-335,000","257,000","592,000","-335,000"
"=""062486""",神達統一4C購03  ,0,0,0,"130,000","464,000","-334,000","130,000","464,000","-334,000"
"=""066570""",建準統一45購02  ,0,0,0,0,"334,000","-334,000",0,"334,000","-334,000"
"=""04760T""",華城元大35售15  ,0,0,0,"36,000","369,000","-333,000","36,000","369,000","-333,000"
"=""070706""",保瑞統一5A購01  ,0,0,0,"60,000","392,000","-332,000","60,000","392,000","-332,000"
"=""055082""",大銀群益44購02  ,0,0,0,"97,000","428,000","-331,000","97,000","428,000","-331,000"
"=""060803""",凱美元富47購03  ,0,0,0,"7,000","338,000","-331,000","7,000","338,000","-331,000"
"=""065547""",貿聯國泰48購01  ,0,0,0,"6,000","337,000","-331,000","6,000","337,000","-331,000"
"=""070458""",鴻海凱基48購08  ,0,0,0,"6,000","337,000","-331,000","6,000","337,000","-331,000"
"=""070855""",台達電元大48購06,0,0,0,"376,000","707,000","-331,000","376,000","707,000","-331,000"
"=""041434""",聯鈞統一5C購01  ,0,0,0,"418,000","748,000","-330,000","418,000","748,000","-330,000"
"=""057080""",聯詠元大45購02  ,0,0,0,"463,000","793,000","-330,000","463,000","793,000","-330,000"
"=""059538""",祥碩凱基45購01  ,0,0,0,0,"330,000","-330,000",0,"330,000","-330,000"
"=""064083""",愛普元大46購03  ,0,0,0,"2,000","332,000","-330,000","2,000","332,000","-330,000"
"=""066396""",台積電國票4A購02,0,0,0,"10,000","340,000","-330,000","10,000","340,000","-330,000"
"=""074801""",台光電元大49購08,0,0,0,0,"330,000","-330,000",0,"330,000","-330,000"
"=""067155""",中鴻群益3B購01  ,0,0,0,"256,000","585,000","-329,000","256,000","585,000","-329,000"
"=""069377""",貿聯永豐4A購01  ,0,0,0,"4,000","333,000","-329,000","4,000","333,000","-329,000"
"=""072016""",滬深2X元大4B購05,0,0,0,"8,000","337,000","-329,000","8,000","337,000","-329,000"
"=""061257""",海悅凱基46購02  ,0,0,0,"69,000","397,000","-328,000","69,000","397,000","-328,000"
"=""061367""",宏致國票46購03  ,0,0,0,"2,000","330,000","-328,000","2,000","330,000","-328,000"
"=""072093""",慧洋中信48購02  ,0,0,0,"50,000","377,000","-327,000","50,000","377,000","-327,000"
3036  ,文曄            ,"299,102","582,757","-283,655","82,176","125,000","-42,824","381,278","707,757","-326,479"
"=""060050""",台積電凱基47購13,0,0,0,"50,000","376,000","-326,000","50,000","376,000","-326,000"
"=""058663""",世紀鋼凱基45購07,0,0,0,0,"325,000","-325,000",0,"325,000","-325,000"
"=""059500""",大立光永豐46購02,0,0,0,0,"325,000","-325,000",0,"325,000","-325,000"
"=""063741""",京元電國票46購03,0,0,0,0,"325,000","-325,000",0,"325,000","-325,000"
"=""073878""",元債2X群益53購01,0,0,0,0,"324,000","-324,000",0,"324,000","-324,000"
"=""066001""",國巨群益4B購01  ,0,0,0,"124,000","447,000","-323,000","124,000","447,000","-323,000"
"=""04176T""",華城凱基37售01  ,0,0,0,0,"322,000","-322,000",0,"322,000","-322,000"
"=""069690""",志強元大48購02  ,0,0,0,"74,000","396,000","-322,000","74,000","396,000","-322,000"
"=""03477T""",臺股指富邦35售05,0,0,0,0,"321,000","-321,000",0,"321,000","-321,000"
"=""063405""",世芯群益46購20  ,0,0,0,0,"321,000","-321,000",0,"321,000","-321,000"
"=""065183""",鴻海統一45購02  ,0,0,0,0,"321,000","-321,000",0,"321,000","-321,000"
"=""067953""",奇鋐永豐47購03  ,0,0,0,"156,000","477,000","-321,000","156,000","477,000","-321,000"
"=""068370""",世紀鋼統一3B購01,0,0,0,"515,000","836,000","-321,000","515,000","836,000","-321,000"
"=""058337""",貿聯群益47購04  ,0,0,0,"106,000","426,000","-320,000","106,000","426,000","-320,000"
"=""061434""",祥碩元富49購03  ,0,0,0,0,"320,000","-320,000",0,"320,000","-320,000"
"=""070139""",永道元大48購03  ,0,0,0,0,"320,000","-320,000",0,"320,000","-320,000"
"=""03837T""",世紀鋼國票34售06,0,0,0,"102,000","421,000","-319,000","102,000","421,000","-319,000"
"=""070815""",台積電國票4A購03,0,0,0,"351,000","670,000","-319,000","351,000","670,000","-319,000"
"=""061264""",漢翔凱基46購02  ,0,0,0,0,"318,000","-318,000",0,"318,000","-318,000"
"=""067597""",南亞元富47購02  ,0,0,0,0,"318,000","-318,000",0,"318,000","-318,000"
"=""068209""",滬深2X群益48購05,0,0,0,"10,000","328,000","-318,000","10,000","328,000","-318,000"
"=""069838""",瑞昱群益48購01  ,0,0,0,"11,000","329,000","-318,000","11,000","329,000","-318,000"
"=""057260""",華邦電國票46購01,0,0,0,"10,000","327,000","-317,000","10,000","327,000","-317,000"
"=""062989""",康舒元大46購05  ,0,0,0,"5,000","322,000","-317,000","5,000","322,000","-317,000"
"=""066691""",緯穎富邦3B購01  ,0,0,0,0,"317,000","-317,000",0,"317,000","-317,000"
"=""073172""",華孚元大49購01  ,0,0,0,0,"317,000","-317,000",0,"317,000","-317,000"
"=""066601""",jpp國票49購01   ,0,0,0,"28,000","344,000","-316,000","28,000","344,000","-316,000"
"=""074046""",華新凱基49購04  ,0,0,0,0,"316,000","-316,000",0,"316,000","-316,000"
"=""053160""",台光電國泰46購03,0,0,0,"135,000","450,000","-315,000","135,000","450,000","-315,000"
"=""065331""",台耀統一55購02  ,0,0,0,"49,000","364,000","-315,000","49,000","364,000","-315,000"
"=""070789""",世芯元富52購03  ,0,0,0,"75,000","390,000","-315,000","75,000","390,000","-315,000"
"=""071885""",精銳永豐48購03  ,0,0,0,0,"315,000","-315,000",0,"315,000","-315,000"
"=""072046""",群創元大48購05  ,0,0,0,"518,000","833,000","-315,000","518,000","833,000","-315,000"
"=""059584""",祥碩元大47購01  ,0,0,0,0,"313,000","-313,000",0,"313,000","-313,000"
"=""065570""",義隆元富47購01  ,0,0,0,"16,000","329,000","-313,000","16,000","329,000","-313,000"
"=""056535""",鴻準永豐46購03  ,0,0,0,"8,000","320,000","-312,000","8,000","320,000","-312,000"
"=""064564""",大立光國票47購01,0,0,0,"57,000","369,000","-312,000","57,000","369,000","-312,000"
"=""070692""",晶豪科統一54購01,0,0,0,"48,000","360,000","-312,000","48,000","360,000","-312,000"
"=""073991""",晶心科永豐49購01,0,0,0,0,"312,000","-312,000",0,"312,000","-312,000"
"=""077000""",鴻海元富53購05  ,0,0,0,0,"312,000","-312,000",0,"312,000","-312,000"
"=""050010""",中興電國票44購01,0,0,0,0,"311,000","-311,000",0,"311,000","-311,000"
"=""046846""",玉晶光元大43購11,0,0,0,0,"310,000","-310,000",0,"310,000","-310,000"
"=""064667""",上銀元大46購08  ,0,0,0,"145,000","455,000","-310,000","145,000","455,000","-310,000"
"=""064721""",大立光群益46購15,0,0,0,0,"310,000","-310,000",0,"310,000","-310,000"
"=""05203T""",臺股指群益3B售07,0,0,0,0,"308,000","-308,000",0,"308,000","-308,000"
"=""072394""",裕民國票49購04  ,0,0,0,0,"308,000","-308,000",0,"308,000","-308,000"
"=""042796""",京鼎元富55購01  ,0,0,0,"235,000","542,000","-307,000","235,000","542,000","-307,000"
"=""052011""",世紀鋼元富43購01,0,0,0,0,"307,000","-307,000",0,"307,000","-307,000"
"=""064513""",緯創統一3A購02  ,0,0,0,"69,000","376,000","-307,000","69,000","376,000","-307,000"
"=""00686R""",群益臺灣加權反1 ,0,0,0,0,"306,869","-306,869",0,"306,869","-306,869"
"=""03648T""",金像電凱基34售07,0,0,0,"2,000","308,000","-306,000","2,000","308,000","-306,000"
"=""055715""",中502X元大46購03,0,0,0,"10,000","316,000","-306,000","10,000","316,000","-306,000"
"=""076620""",廣宇台新49購02  ,0,0,0,"409,000","715,000","-306,000","409,000","715,000","-306,000"
"=""077263""",台積電元大4A購10,0,0,0,0,"306,000","-306,000",0,"306,000","-306,000"
"=""052989""",大亞元富45購01  ,0,0,0,"225,000","530,000","-305,000","225,000","530,000","-305,000"
"=""056877""",上銀元大45購03  ,0,0,0,0,"305,000","-305,000",0,"305,000","-305,000"
"=""070726""",中鋼永豐49購01  ,0,0,0,"319,000","624,000","-305,000","319,000","624,000","-305,000"
"=""058324""",技嘉群益45購08  ,0,0,0,0,"304,000","-304,000",0,"304,000","-304,000"
"=""051390""",世紀鋼元大43購06,0,0,0,"11,000","314,000","-303,000","11,000","314,000","-303,000"
"=""075978""",立積群益49購01  ,0,0,0,"351,000","654,000","-303,000","351,000","654,000","-303,000"
"=""00669R""",國泰美國道瓊反1 ,0,0,0,"823,000","1,125,000","-302,000","823,000","1,125,000","-302,000"
"=""064509""",欣興群益46購10  ,0,0,0,"46,000","348,000","-302,000","46,000","348,000","-302,000"
"=""067662""",滬深2X凱基4C購01,0,0,0,0,"302,000","-302,000",0,"302,000","-302,000"
"=""075038""",亞翔群益49購11  ,0,0,0,0,"302,000","-302,000",0,"302,000","-302,000"
"=""061838""",大成鋼群益46購03,0,0,0,0,"301,000","-301,000",0,"301,000","-301,000"
"=""063892""",群創元大47購03  ,0,0,0,"629,000","930,000","-301,000","629,000","930,000","-301,000"
"=""065911""",SGBR2X元富47購03,0,0,0,"329,000","630,000","-301,000","329,000","630,000","-301,000"
"=""048787""",矽力統一4C購02  ,0,0,0,0,"300,000","-300,000",0,"300,000","-300,000"
"=""054387""",定穎控凱基47購02,0,0,0,0,"300,000","-300,000",0,"300,000","-300,000"
"=""056357""",世芯凱基45購08  ,0,0,0,0,"300,000","-300,000",0,"300,000","-300,000"
"=""061697""",精誠群益48購01  ,0,0,0,0,"300,000","-300,000",0,"300,000","-300,000"
"=""062434""",神達永豐4A購01  ,0,0,0,0,"300,000","-300,000",0,"300,000","-300,000"
"=""063680""",元債2X富邦47購01,0,0,0,0,"300,000","-300,000",0,"300,000","-300,000"
"=""070577""",大成鋼元大4B購02,0,0,0,0,"300,000","-300,000",0,"300,000","-300,000"
"=""072938""",亞翔群益53購01  ,0,0,0,0,"300,000","-300,000",0,"300,000","-300,000"
"=""074669""",國巨群益49購01  ,0,0,0,0,"300,000","-300,000",0,"300,000","-300,000"
"=""075235""",漢唐元大4A購01  ,0,0,0,0,"300,000","-300,000",0,"300,000","-300,000"
"=""075819""",華碩元大49購04  ,0,0,0,0,"300,000","-300,000",0,"300,000","-300,000"
"=""076242""",貿聯永豐49購03  ,0,0,0,0,"300,000","-300,000",0,"300,000","-300,000"
"=""08884U""",創意群益32售03  ,0,0,0,0,"300,000","-300,000",0,"300,000","-300,000"
"=""04244T""",臺股指國票36售02,0,0,0,0,"299,000","-299,000",0,"299,000","-299,000"
"=""076728""",新日興元大49購11,0,0,0,"20,000","319,000","-299,000","20,000","319,000","-299,000"
"=""077153""",電子類元大49購01,0,0,0,"33,000","332,000","-299,000","33,000","332,000","-299,000"
"=""051470""",萬海元大43購18  ,0,0,0,"60,000","358,000","-298,000","60,000","358,000","-298,000"
"=""061914""",緯穎元大46購23  ,0,0,0,"3,000","301,000","-298,000","3,000","301,000","-298,000"
"=""064640""",玉晶光統一56購01,0,0,0,"10,000","308,000","-298,000","10,000","308,000","-298,000"
"=""065644""",jpp群益48購03   ,0,0,0,"2,000","300,000","-298,000","2,000","300,000","-298,000"
"=""076651""",大立光凱基4A購04,0,0,0,"188,000","486,000","-298,000","188,000","486,000","-298,000"
"=""062808""",聯發科元大46購08,0,0,0,0,"297,000","-297,000",0,"297,000","-297,000"
"=""067865""",南電凱基47購03  ,0,0,0,"219,000","516,000","-297,000","219,000","516,000","-297,000"
"=""076102""",新日興群益49購05,0,0,0,0,"297,000","-297,000",0,"297,000","-297,000"
"=""062452""",鴻海群益5C購02  ,0,0,0,"20,000","316,000","-296,000","20,000","316,000","-296,000"
"=""03597T""",金像電永豐36售03,0,0,0,"1,000","296,000","-295,000","1,000","296,000","-295,000"
"=""065837""",玉晶光統一51購03,0,0,0,0,"295,000","-295,000",0,"295,000","-295,000"
"=""049421""",華通元富44購02  ,0,0,0,"6,000","300,000","-294,000","6,000","300,000","-294,000"
"=""054090""",台積電富邦44購04,0,0,0,0,"294,000","-294,000",0,"294,000","-294,000"
"=""063609""",台積電群益46購24,0,0,0,"6,000","300,000","-294,000","6,000","300,000","-294,000"
"=""069179""",緯創統一52購01  ,0,0,0,"606,000","900,000","-294,000","606,000","900,000","-294,000"
"=""03850T""",電子類群益34售04,0,0,0,0,"293,000","-293,000",0,"293,000","-293,000"
"=""068709""",世芯凱基4A購06  ,0,0,0,"292,000","585,000","-293,000","292,000","585,000","-293,000"
"=""076037""",AES富邦4B購01   ,0,0,0,"2,000","295,000","-293,000","2,000","295,000","-293,000"
"=""076275""",南亞科富邦4B購04,0,0,0,"64,000","357,000","-293,000","64,000","357,000","-293,000"
2352  ,佳世達          ,"46,000","84,000","-38,000","16,000","270,541","-254,541","62,000","354,541","-292,541"
"=""071861""",玉晶光凱基49購03,0,0,0,"16,000","308,000","-292,000","16,000","308,000","-292,000"
"=""05803T""",創意元大37售10  ,0,0,0,"205,000","496,000","-291,000","205,000","496,000","-291,000"
"=""044080""",材料群益55購02  ,0,0,0,"172,000","462,000","-290,000","172,000","462,000","-290,000"
"=""051801""",A50正2凱基45購01,0,0,0,"10,000","300,000","-290,000","10,000","300,000","-290,000"
"=""069381""",帝寶永豐49購01  ,0,0,0,"82,000","372,000","-290,000","82,000","372,000","-290,000"
"=""073940""",材料富邦4B購02  ,0,0,0,"44,000","334,000","-290,000","44,000","334,000","-290,000"
"=""055548""",零壹中信45購01  ,0,0,0,"1,000","290,000","-289,000","1,000","290,000","-289,000"
"=""072888""",台積電元富4A購07,0,0,0,"17,000","306,000","-289,000","17,000","306,000","-289,000"
"=""052048""",上品凱基45購01  ,0,0,0,"322,000","610,000","-288,000","322,000","610,000","-288,000"
"=""071129""",聯發科元大51購06,0,0,0,"102,000","390,000","-288,000","102,000","390,000","-288,000"
"=""072786""",台灣50永豐49購03,0,0,0,"98,000","386,000","-288,000","98,000","386,000","-288,000"
1301  ,台塑            ,"18,000","281,759","-263,759","5,000","28,861","-23,861","23,000","310,620","-287,620"
"=""058373""",萬海國票46購04  ,0,0,0,"544,000","831,000","-287,000","544,000","831,000","-287,000"
"=""063499""",啟�皏�豐48購01  ,0,0,0,0,"287,000","-287,000",0,"287,000","-287,000"
"=""069589""",鴻海元富4C購01  ,0,0,0,0,"287,000","-287,000",0,"287,000","-287,000"
"=""074751""",威強電統一53購02,0,0,0,"110,000","396,000","-286,000","110,000","396,000","-286,000"
"=""04622T""",華城元大35售14  ,0,0,0,0,"285,000","-285,000",0,"285,000","-285,000"
"=""057473""",宏達電國票49購01,0,0,0,"2,000","287,000","-285,000","2,000","287,000","-285,000"
"=""059295""",裕民國泰47購01  ,0,0,0,"12,000","297,000","-285,000","12,000","297,000","-285,000"
"=""064607""",鴻海凱基47購14  ,0,0,0,"35,000","320,000","-285,000","35,000","320,000","-285,000"
"=""076317""",滬深2X元富49購05,0,0,0,"30,000","312,000","-282,000","30,000","312,000","-282,000"
"=""04676T""",臺股指群益35售51,0,0,0,"20,000","301,000","-281,000","20,000","301,000","-281,000"
"=""058659""",保瑞凱基45購03  ,0,0,0,"1,000","282,000","-281,000","1,000","282,000","-281,000"
"=""060043""",大成鋼凱基46購02,0,0,0,"69,000","350,000","-281,000","69,000","350,000","-281,000"
"=""05506T""",臺股指元大3A售12,0,0,0,"12,000","292,000","-280,000","12,000","292,000","-280,000"
"=""064259""",FB台50元大46購01,0,0,0,0,"280,000","-280,000",0,"280,000","-280,000"
"=""071239""",晶心科第一48購01,0,0,0,0,"280,000","-280,000",0,"280,000","-280,000"
"=""076628""",京城統一53購01  ,0,0,0,"122,000","402,000","-280,000","122,000","402,000","-280,000"
"=""050216""",京鼎群益43購04  ,0,0,0,0,"279,000","-279,000",0,"279,000","-279,000"
"=""051031""",長榮航凱基45購05,0,0,0,"33,000","312,000","-279,000","33,000","312,000","-279,000"
"=""061561""",義隆凱基46購02  ,0,0,0,0,"279,000","-279,000",0,"279,000","-279,000"
"=""065483""",英業達群益3B購01,0,0,0,"55,000","334,000","-279,000","55,000","334,000","-279,000"
"=""066899""",台塑群益47購03  ,0,0,0,"692,000","971,000","-279,000","692,000","971,000","-279,000"
"=""072831""",中高息凱基49購01,0,0,0,"16,000","295,000","-279,000","16,000","295,000","-279,000"
"=""076627""",順德統一53購01  ,0,0,0,"81,000","360,000","-279,000","81,000","360,000","-279,000"
"=""071108""",臺指反元大51購01,0,0,0,"21,000","299,000","-278,000","21,000","299,000","-278,000"
"=""071604""",上銀群益49購03  ,0,0,0,"116,000","394,000","-278,000","116,000","394,000","-278,000"
"=""08053U""",臺股指元大35售08,0,0,0,0,"278,000","-278,000",0,"278,000","-278,000"
"=""05245T""",大立光元大36售16,0,0,0,0,"277,000","-277,000",0,"277,000","-277,000"
"=""06058T""",友達群益41售01  ,0,0,0,0,"277,000","-277,000",0,"277,000","-277,000"
"=""058610""",臺股指群益4B購03,0,0,0,0,"275,000","-275,000",0,"275,000","-275,000"
"=""069469""",致茂元大48購03  ,0,0,0,"77,000","352,000","-275,000","77,000","352,000","-275,000"
"=""072479""",滬深2X凱基42購01,0,0,0,"36,000","311,000","-275,000","36,000","311,000","-275,000"
"=""053658""",智邦永豐46購01  ,0,0,0,"20,000","294,000","-274,000","20,000","294,000","-274,000"
"=""054676""",陽明元大44購15  ,0,0,0,"115,000","389,000","-274,000","115,000","389,000","-274,000"
"=""068386""",聯發科統一62購01,0,0,0,0,"274,000","-274,000",0,"274,000","-274,000"
"=""075743""",智邦群益49購07  ,0,0,0,0,"274,000","-274,000",0,"274,000","-274,000"
"=""076230""",臺股指元大49購54,0,0,0,0,"274,000","-274,000",0,"274,000","-274,000"
"=""076323""",聯發科元富49購02,0,0,0,0,"274,000","-274,000",0,"274,000","-274,000"
2449  ,京元電子        ,"124,000","169,652","-45,652","4,000","231,913","-227,913","128,000","401,565","-273,565"
"=""068029""",聯發科元大47購22,0,0,0,"124,000","397,000","-273,000","124,000","397,000","-273,000"
"=""068192""",泰金寶永豐4C購01,0,0,0,"205,000","478,000","-273,000","205,000","478,000","-273,000"
"=""057497""",聯電統一41購01  ,0,0,0,"100,000","372,000","-272,000","100,000","372,000","-272,000"
"=""061878""",智邦元大48購02  ,0,0,0,"25,000","297,000","-272,000","25,000","297,000","-272,000"
"=""073819""",所羅門元富4A購02,0,0,0,"204,000","476,000","-272,000","204,000","476,000","-272,000"
"=""073925""",東陽富邦4B購01  ,0,0,0,0,"272,000","-272,000",0,"272,000","-272,000"
"=""05017T""",鴻海凱基36售08  ,0,0,0,"90,000","361,000","-271,000","90,000","361,000","-271,000"
"=""05929T""",世紀鋼元大37售07,0,0,0,"8,000","279,000","-271,000","8,000","279,000","-271,000"
"=""074629""",中鋼凱基49購05  ,0,0,0,0,"271,000","-271,000",0,"271,000","-271,000"
"=""079470""",臺股指國票4B購05,0,0,0,"125,000","396,000","-271,000","125,000","396,000","-271,000"
"=""00757 """,統一FANG+       ,0,0,0,"248,000","518,487","-270,487","248,000","518,487","-270,487"
"=""052021""",大同國票44購02  ,0,0,0,"141,000","411,000","-270,000","141,000","411,000","-270,000"
"=""058555""",保瑞元大45購07  ,0,0,0,0,"270,000","-270,000",0,"270,000","-270,000"
"=""062469""",大立光群益46購10,0,0,0,0,"270,000","-270,000",0,"270,000","-270,000"
"=""067866""",滬深2X群益47購08,0,0,0,0,"270,000","-270,000",0,"270,000","-270,000"
"=""070563""",志強群益48購01  ,0,0,0,0,"270,000","-270,000",0,"270,000","-270,000"
"=""074090""",鴻海群益49購10  ,0,0,0,"220,000","490,000","-270,000","220,000","490,000","-270,000"
"=""064154""",裕隆第一46購01  ,0,0,0,"31,000","300,000","-269,000","31,000","300,000","-269,000"
"=""066374""",聯發科國泰48購01,0,0,0,"8,000","277,000","-269,000","8,000","277,000","-269,000"
"=""076009""",嘉澤元大49購07  ,0,0,0,0,"269,000","-269,000",0,"269,000","-269,000"
"=""053947""",大立光兆豐45購01,0,0,0,"244,000","512,000","-268,000","244,000","512,000","-268,000"
"=""05616T""",采鈺元大37售04  ,0,0,0,"4,000","272,000","-268,000","4,000","272,000","-268,000"
"=""063710""",昆盈統一54購02  ,0,0,0,0,"268,000","-268,000",0,"268,000","-268,000"
"=""071530""",大立光元大51購06,0,0,0,"145,000","413,000","-268,000","145,000","413,000","-268,000"
"=""059441""",台積電富邦45購12,0,0,0,0,"267,000","-267,000",0,"267,000","-267,000"
"=""066705""",盛群凱基48購01  ,0,0,0,"177,000","444,000","-267,000","177,000","444,000","-267,000"
"=""071800""",華城國票49購03  ,0,0,0,"71,000","338,000","-267,000","71,000","338,000","-267,000"
"=""055289""",鴻海元大44購31  ,0,0,0,"154,000","420,000","-266,000","154,000","420,000","-266,000"
"=""071484""",中砂永豐49購01  ,0,0,0,"17,000","282,000","-265,000","17,000","282,000","-265,000"
"=""057933""",零壹元大45購03  ,0,0,0,"30,000","294,000","-264,000","30,000","294,000","-264,000"
"=""064791""",鴻海元大4B購01  ,0,0,0,"52,000","316,000","-264,000","52,000","316,000","-264,000"
"=""074417""",中鋼富邦4B購02  ,0,0,0,0,"264,000","-264,000",0,"264,000","-264,000"
"=""043210""",亞力國票56購01  ,0,0,0,"45,000","308,000","-263,000","45,000","308,000","-263,000"
"=""045322""",台積電永豐57購07,0,0,0,"30,000","293,000","-263,000","30,000","293,000","-263,000"
"=""063040""",臺股指法興46購13,0,0,0,"30,000","293,000","-263,000","30,000","293,000","-263,000"
"=""067666""",南亞凱基47購02  ,0,0,0,"90,000","353,000","-263,000","90,000","353,000","-263,000"
"=""068653""",創意統一52購04  ,0,0,0,"91,000","354,000","-263,000","91,000","354,000","-263,000"
"=""075797""",台積電元富4A購17,0,0,0,"69,000","332,000","-263,000","69,000","332,000","-263,000"
"=""04777T""",華城元富35售04  ,0,0,0,"160,000","422,000","-262,000","160,000","422,000","-262,000"
"=""069935""",臺股指元大48購23,0,0,0,0,"262,000","-262,000",0,"262,000","-262,000"
"=""072403""",威強電國泰49購01,0,0,0,"10,000","272,000","-262,000","10,000","272,000","-262,000"
"=""048137""",京元電元大44購05,0,0,0,"127,000","388,000","-261,000","127,000","388,000","-261,000"
"=""053614""",道瓊反國票45購01,0,0,0,"41,000","302,000","-261,000","41,000","302,000","-261,000"
"=""057816""",神達元富45購04  ,0,0,0,0,"261,000","-261,000",0,"261,000","-261,000"
"=""074232""",華晶科凱基4A購01,0,0,0,"3,000","264,000","-261,000","3,000","264,000","-261,000"
"=""045841""",創意元大43購07  ,0,0,0,"5,000","265,000","-260,000","5,000","265,000","-260,000"
"=""070431""",美利達國票48購01,0,0,0,0,"260,000","-260,000",0,"260,000","-260,000"
"=""071474""",力成統一51購02  ,0,0,0,0,"260,000","-260,000",0,"260,000","-260,000"
"=""072984""",東科元大49購03  ,0,0,0,"140,000","400,000","-260,000","140,000","400,000","-260,000"
"=""055750""",訊芯元大44購10  ,0,0,0,"100,000","359,000","-259,000","100,000","359,000","-259,000"
"=""058813""",皇翔台新45購01  ,0,0,0,0,"258,000","-258,000",0,"258,000","-258,000"
"=""070862""",美律元大48購02  ,0,0,0,"10,000","268,000","-258,000","10,000","268,000","-258,000"
"=""03894T""",川湖元富34售02  ,0,0,0,0,"257,000","-257,000",0,"257,000","-257,000"
"=""048468""",SGBR2X元富42購03,0,0,0,"2,000","259,000","-257,000","2,000","259,000","-257,000"
"=""058998""",世紀鋼國票46購03,0,0,0,"186,000","443,000","-257,000","186,000","443,000","-257,000"
"=""069301""",緯穎元富48購03  ,0,0,0,"94,000","351,000","-257,000","94,000","351,000","-257,000"
"=""04705T""",T50正2元大39售03,0,0,0,0,"256,000","-256,000",0,"256,000","-256,000"
"=""061808""",冠德凱基46購01  ,0,0,0,"250,000","506,000","-256,000","250,000","506,000","-256,000"
"=""072419""",新唐富邦49購01  ,0,0,0,"76,000","332,000","-256,000","76,000","332,000","-256,000"
"=""0061  """,元大寶滬深      ,0,0,0,"55,328","310,926","-255,598","55,328","310,926","-255,598"
"=""058047""",玉晶光兆豐46購01,0,0,0,"138,000","393,000","-255,000","138,000","393,000","-255,000"
"=""067548""",材料群益47購09  ,0,0,0,"50,000","305,000","-255,000","50,000","305,000","-255,000"
"=""064634""",廣宇統一54購01  ,0,0,0,0,"254,000","-254,000",0,"254,000","-254,000"
"=""066565""",建準統一3B購01  ,0,0,0,"263,000","517,000","-254,000","263,000","517,000","-254,000"
"=""070220""",緯創永豐49購03  ,0,0,0,0,"254,000","-254,000",0,"254,000","-254,000"
"=""073007""",華友聯中信49購01,0,0,0,0,"254,000","-254,000",0,"254,000","-254,000"
"=""052174""",陽明國票44購03  ,0,0,0,"1,000","254,000","-253,000","1,000","254,000","-253,000"
"=""054867""",宏達電元大4A購03,0,0,0,"10,000","263,000","-253,000","10,000","263,000","-253,000"
"=""070000""",玉晶光永豐49購02,0,0,0,"662,000","915,000","-253,000","662,000","915,000","-253,000"
"=""070397""",上銀元富48購05  ,0,0,0,0,"253,000","-253,000",0,"253,000","-253,000"
"=""072045""",新日興元大51購02,0,0,0,"2,000","255,000","-253,000","2,000","255,000","-253,000"
"=""075854""",緯穎元大51購04  ,0,0,0,"106,000","359,000","-253,000","106,000","359,000","-253,000"
"=""067143""",台積電元大4B購05,0,0,0,"1,000","253,000","-252,000","1,000","253,000","-252,000"
"=""052605""",京鼎元大4A購01  ,0,0,0,"19,000","270,000","-251,000","19,000","270,000","-251,000"
"=""059635""",啟�眥窶�47購01  ,0,0,0,"20,000","271,000","-251,000","20,000","271,000","-251,000"
"=""068097""",台積電元富48購11,0,0,0,0,"251,000","-251,000",0,"251,000","-251,000"
"=""03747T""",偉訓國票34售02  ,0,0,0,0,"250,000","-250,000",0,"250,000","-250,000"
"=""049663""",元債2X元大49購02,0,0,0,0,"250,000","-250,000",0,"250,000","-250,000"
"=""050071""",滬深2X凱基39購01,0,0,0,0,"250,000","-250,000",0,"250,000","-250,000"
"=""052846""",長華元大4A購01  ,0,0,0,0,"250,000","-250,000",0,"250,000","-250,000"
"=""061563""",皇昌凱基4A購01  ,0,0,0,"16,000","266,000","-250,000","16,000","266,000","-250,000"
"=""061711""",長榮航中信46購04,0,0,0,"46,000","296,000","-250,000","46,000","296,000","-250,000"
"=""062281""",光寶科群益47購02,0,0,0,0,"250,000","-250,000",0,"250,000","-250,000"
"=""069201""",日月光統一3C購01,0,0,0,"109,000","359,000","-250,000","109,000","359,000","-250,000"
"=""069450""",亞翔群益48購03  ,0,0,0,0,"250,000","-250,000",0,"250,000","-250,000"
"=""070474""",材料凱基48購03  ,0,0,0,"6,000","256,000","-250,000","6,000","256,000","-250,000"
"=""071393""",上銀富邦48購04  ,0,0,0,0,"250,000","-250,000",0,"250,000","-250,000"
"=""074153""",神達元大49購01  ,0,0,0,0,"250,000","-250,000",0,"250,000","-250,000"
"=""075153""",台達電凱基4B購01,0,0,0,0,"250,000","-250,000",0,"250,000","-250,000"
"=""075257""",富世達元大49購04,0,0,0,0,"250,000","-250,000",0,"250,000","-250,000"
"=""077051""",晶碩群益49購02  ,0,0,0,"50,000","300,000","-250,000","50,000","300,000","-250,000"
"=""04510T""",金融類國票35售03,0,0,0,0,"249,000","-249,000",0,"249,000","-249,000"
"=""055152""",瑞儀富邦45購01  ,0,0,0,"61,000","310,000","-249,000","61,000","310,000","-249,000"
"=""059636""",緯穎國票46購03  ,0,0,0,"11,000","260,000","-249,000","11,000","260,000","-249,000"
"=""061109""",中鴻兆豐3A購01  ,0,0,0,"24,000","273,000","-249,000","24,000","273,000","-249,000"
"=""063376""",智原國泰48購02  ,0,0,0,"99,000","348,000","-249,000","99,000","348,000","-249,000"
"=""065267""",東哥元富55購01  ,0,0,0,"15,000","264,000","-249,000","15,000","264,000","-249,000"
"=""065294""",聯電統一4C購02  ,0,0,0,"94,000","343,000","-249,000","94,000","343,000","-249,000"
"=""071125""",台積電元大4C購02,0,0,0,"104,000","353,000","-249,000","104,000","353,000","-249,000"
"=""057666""",勤誠元富46購01  ,0,0,0,"175,000","423,000","-248,000","175,000","423,000","-248,000"
"=""067901""",鴻海元大47購21  ,0,0,0,"44,000","291,000","-247,000","44,000","291,000","-247,000"
"=""069609""",晶心科統一58購01,0,0,0,0,"247,000","-247,000",0,"247,000","-247,000"
"=""077111""",台積電元大4C購11,0,0,0,0,"247,000","-247,000",0,"247,000","-247,000"
"=""061633""",正崴元大46購12  ,0,0,0,"37,000","283,000","-246,000","37,000","283,000","-246,000"
"=""066511""",玉晶光群益47購06,0,0,0,"147,000","393,000","-246,000","147,000","393,000","-246,000"
"=""074704""",台積電元富49購35,0,0,0,"118,000","364,000","-246,000","118,000","364,000","-246,000"
3017  ,奇鋐            ,"502,393","498,262","4,131","42,267","292,161","-249,894","544,660","790,423","-245,763"
"=""067956""",玉晶光永豐4B購02,0,0,0,0,"245,000","-245,000",0,"245,000","-245,000"
"=""072153""",大成鋼國泰49購05,0,0,0,"82,000","327,000","-245,000","82,000","327,000","-245,000"
"=""072291""",台積電元富52購03,0,0,0,0,"245,000","-245,000",0,"245,000","-245,000"
"=""075875""",鴻海元富49購09  ,0,0,0,"11,000","256,000","-245,000","11,000","256,000","-245,000"
"=""052040""",潤隆凱基48購01  ,0,0,0,"16,000","260,000","-244,000","16,000","260,000","-244,000"
"=""075597""",材料元大49購09  ,0,0,0,"6,000","250,000","-244,000","6,000","250,000","-244,000"
"=""075634""",欣興群益49購05  ,0,0,0,0,"244,000","-244,000",0,"244,000","-244,000"
"=""071288""",裕民元富48購01  ,0,0,0,"176,000","418,000","-242,000","176,000","418,000","-242,000"
"=""059774""",緯穎元大45購30  ,0,0,0,0,"241,000","-241,000",0,"241,000","-241,000"
"=""059960""",中華元大45購08  ,0,0,0,"7,000","248,000","-241,000","7,000","248,000","-241,000"
"=""04741T""",康舒群益35售02  ,0,0,0,0,"240,000","-240,000",0,"240,000","-240,000"
"=""05047T""",臺股指富邦37售08,0,0,0,"60,000","300,000","-240,000","60,000","300,000","-240,000"
"=""053333""",奇鋐群益46購02  ,0,0,0,0,"240,000","-240,000",0,"240,000","-240,000"
"=""057650""",臺股指凱基46購15,0,0,0,"14,000","254,000","-240,000","14,000","254,000","-240,000"
"=""067303""",亞翔群益49購03  ,0,0,0,"30,000","270,000","-240,000","30,000","270,000","-240,000"
"=""075357""",道瓊反凱基43購01,0,0,0,0,"240,000","-240,000",0,"240,000","-240,000"
"=""08396U""",日本2X元大33售02,0,0,0,0,"240,000","-240,000",0,"240,000","-240,000"
2301  ,光寶科          ,"59,000","84,000","-25,000","49,000","263,248","-214,248","108,000","347,248","-239,248"
"=""052190""",長華國票45購02  ,0,0,0,0,"239,000","-239,000",0,"239,000","-239,000"
"=""05490T""",世紀鋼元富37售02,0,0,0,0,"239,000","-239,000",0,"239,000","-239,000"
"=""068724""",華城群益48購03  ,0,0,0,"76,000","315,000","-239,000","76,000","315,000","-239,000"
"=""072818""",信邦國票4A購01  ,0,0,0,"84,000","323,000","-239,000","84,000","323,000","-239,000"
"=""073418""",華邦電國泰4A購01,0,0,0,"235,000","474,000","-239,000","235,000","474,000","-239,000"
3711  ,日月光投控      ,"25,380","150,000","-124,620","40,750","155,000","-114,250","66,130","305,000","-238,870"
"=""057815""",神達元富45購03  ,0,0,0,"11,000","249,000","-238,000","11,000","249,000","-238,000"
"=""071905""",南亞科統一52購08,0,0,0,"10,000","248,000","-238,000","10,000","248,000","-238,000"
"=""042696""",智邦群益55購03  ,0,0,0,0,"237,000","-237,000",0,"237,000","-237,000"
"=""069285""",聯發科元富5A購03,0,0,0,"105,000","342,000","-237,000","105,000","342,000","-237,000"
"=""071902""",旺宏統一52購03  ,0,0,0,"66,000","303,000","-237,000","66,000","303,000","-237,000"
"=""074549""",漢翔群益49購01  ,0,0,0,"3,000","240,000","-237,000","3,000","240,000","-237,000"
"=""054754""",材料統一39購01  ,0,0,0,"10,000","246,000","-236,000","10,000","246,000","-236,000"
"=""058096""",鴻準元大49購02  ,0,0,0,"11,000","247,000","-236,000","11,000","247,000","-236,000"
"=""066193""",華晶科永豐4A購01,0,0,0,"8,000","244,000","-236,000","8,000","244,000","-236,000"
"=""072038""",裕民元大48購10  ,0,0,0,"90,000","326,000","-236,000","90,000","326,000","-236,000"
"=""065767""",愛普元大47購08  ,0,0,0,"8,000","243,000","-235,000","8,000","243,000","-235,000"
"=""067663""",滬深2X凱基51購01,0,0,0,0,"235,000","-235,000",0,"235,000","-235,000"
"=""068775""",德律國泰49購01  ,0,0,0,"81,000","316,000","-235,000","81,000","316,000","-235,000"
"=""071580""",富邦金凱基48購04,0,0,0,0,"235,000","-235,000",0,"235,000","-235,000"
"=""076310""",力成統一51購03  ,0,0,0,0,"235,000","-235,000",0,"235,000","-235,000"
1513  ,中興電          ,"408,862","918,288","-509,426","411,409","136,370","275,039","820,271","1,054,658","-234,387"
"=""051816""",臺股指凱基45購34,0,0,0,"421,000","655,000","-234,000","421,000","655,000","-234,000"
"=""067208""",大立光凱基47購12,0,0,0,"25,000","259,000","-234,000","25,000","259,000","-234,000"
"=""072961""",大成鋼元大4C購04,0,0,0,0,"234,000","-234,000",0,"234,000","-234,000"
"=""059975""",微星元大45購03  ,0,0,0,"100,000","333,000","-233,000","100,000","333,000","-233,000"
"=""065844""",泓德統一51購02  ,0,0,0,"25,000","258,000","-233,000","25,000","258,000","-233,000"
"=""039965""",華通群益58購02  ,0,0,0,"375,000","607,000","-232,000","375,000","607,000","-232,000"
"=""04744T""",日本2X元大37售01,0,0,0,"350,000","582,000","-232,000","350,000","582,000","-232,000"
"=""068913""",偉訓元大48購01  ,0,0,0,0,"232,000","-232,000",0,"232,000","-232,000"
"=""071076""",上銀群益4C購03  ,0,0,0,"22,000","254,000","-232,000","22,000","254,000","-232,000"
"=""076163""",台積電凱基49購27,0,0,0,"22,000","254,000","-232,000","22,000","254,000","-232,000"
"=""064201""",昆盈國票48購01  ,0,0,0,"206,000","437,000","-231,000","206,000","437,000","-231,000"
"=""067299""",群創群益48購02  ,0,0,0,0,"231,000","-231,000",0,"231,000","-231,000"
"=""051126""",陽明凱基43購07  ,0,0,0,"20,000","250,000","-230,000","20,000","250,000","-230,000"
"=""052367""",智邦群益46購01  ,0,0,0,0,"230,000","-230,000",0,"230,000","-230,000"
"=""062974""",長榮元大46購28  ,0,0,0,0,"230,000","-230,000",0,"230,000","-230,000"
"=""065699""",台塑元大51購02  ,0,0,0,0,"230,000","-230,000",0,"230,000","-230,000"
"=""071466""",創意統一54購02  ,0,0,0,"381,000","611,000","-230,000","381,000","611,000","-230,000"
"=""071523""",皇昌元大48購12  ,0,0,0,0,"230,000","-230,000",0,"230,000","-230,000"
"=""072624""",貿聯國泰4A購01  ,0,0,0,0,"230,000","-230,000",0,"230,000","-230,000"
"=""073628""",台積電元大49購13,0,0,0,0,"230,000","-230,000",0,"230,000","-230,000"
"=""074743""",聯電國泰4A購01  ,0,0,0,0,"230,000","-230,000",0,"230,000","-230,000"
"=""076607""",富邦金元富49購02,0,0,0,"55,000","285,000","-230,000","55,000","285,000","-230,000"
"=""077161""",名軒永豐4A購01  ,0,0,0,0,"230,000","-230,000",0,"230,000","-230,000"
"=""08762U""",臺股指凱基34售31,0,0,0,0,"230,000","-230,000",0,"230,000","-230,000"
"=""065682""",精成科凱基47購01,0,0,0,"167,000","396,000","-229,000","167,000","396,000","-229,000"
"=""068111""",訊芯統一3B購02  ,0,0,0,0,"229,000","-229,000",0,"229,000","-229,000"
"=""057495""",鴻海凱基46購09  ,0,0,0,"152,000","380,000","-228,000","152,000","380,000","-228,000"
"=""059293""",仁寶國泰47購02  ,0,0,0,"218,000","446,000","-228,000","218,000","446,000","-228,000"
"=""059561""",智邦元大45購04  ,0,0,0,"30,000","258,000","-228,000","30,000","258,000","-228,000"
"=""063415""",訊芯統一3C購03  ,0,0,0,"10,000","238,000","-228,000","10,000","238,000","-228,000"
"=""072613""",華晶科永豐4C購01,0,0,0,"82,000","310,000","-228,000","82,000","310,000","-228,000"
"=""077018""",FBNQ2X群益49購05,0,0,0,0,"228,000","-228,000",0,"228,000","-228,000"
"=""057911""",香港2X元大47購01,0,0,0,"106,000","333,000","-227,000","106,000","333,000","-227,000"
"=""053150""",矽格群益46購01  ,0,0,0,0,"226,000","-226,000",0,"226,000","-226,000"
"=""061229""",緯創元大46購07  ,0,0,0,"35,000","261,000","-226,000","35,000","261,000","-226,000"
"=""063093""",川湖統一3C購01  ,0,0,0,"30,000","256,000","-226,000","30,000","256,000","-226,000"
"=""063586""",國巨凱基46購02  ,0,0,0,"114,000","340,000","-226,000","114,000","340,000","-226,000"
"=""069382""",美利達永豐49購01,0,0,0,"100,000","326,000","-226,000","100,000","326,000","-226,000"
"=""072276""",鈺齊元大48購02  ,0,0,0,0,"226,000","-226,000",0,"226,000","-226,000"
"=""074929""",長榮統一43購01  ,0,0,0,"114,000","340,000","-226,000","114,000","340,000","-226,000"
"=""059099""",臺股指元富49購02,0,0,0,"145,000","370,000","-225,000","145,000","370,000","-225,000"
"=""062731""",緯創元富46購03  ,0,0,0,0,"225,000","-225,000",0,"225,000","-225,000"
"=""066306""",鴻準第一47購02  ,0,0,0,"63,000","288,000","-225,000","63,000","288,000","-225,000"
"=""069119""",緯穎元大4A購05  ,0,0,0,"78,000","303,000","-225,000","78,000","303,000","-225,000"
"=""071520""",華邦電元大48購06,0,0,0,0,"225,000","-225,000",0,"225,000","-225,000"
"=""072272""",富世達元大48購04,0,0,0,"7,000","232,000","-225,000","7,000","232,000","-225,000"
"=""044541""",台塑化凱基55購02,0,0,0,"102,000","326,000","-224,000","102,000","326,000","-224,000"
"=""057316""",臻鼎元大45購03  ,0,0,0,0,"224,000","-224,000",0,"224,000","-224,000"
"=""063755""",波力國票47購01  ,0,0,0,"109,000","333,000","-224,000","109,000","333,000","-224,000"
"=""072804""",元油反國票4A購01,0,0,0,"85,000","309,000","-224,000","85,000","309,000","-224,000"
"=""073854""",裕民元大49購04  ,0,0,0,"6,000","230,000","-224,000","6,000","230,000","-224,000"
"=""075426""",喬山元大49購01  ,0,0,0,0,"224,000","-224,000",0,"224,000","-224,000"
"=""048470""",亞力元富48購01  ,0,0,0,"108,000","331,000","-223,000","108,000","331,000","-223,000"
"=""053903""",群光元大44購03  ,0,0,0,"76,000","298,000","-222,000","76,000","298,000","-222,000"
"=""057266""",欣興國票46購02  ,0,0,0,"71,000","293,000","-222,000","71,000","293,000","-222,000"
"=""066680""",友達凱基47購01  ,0,0,0,"162,000","384,000","-222,000","162,000","384,000","-222,000"
"=""054088""",美時富邦47購01  ,0,0,0,"182,000","403,000","-221,000","182,000","403,000","-221,000"
"=""057985""",台泥富邦47購01  ,0,0,0,"17,000","238,000","-221,000","17,000","238,000","-221,000"
"=""062065""",晶心科群益46購03,0,0,0,"55,000","276,000","-221,000","55,000","276,000","-221,000"
4906  ,正文            ,0,0,0,"37,000","258,000","-221,000","37,000","258,000","-221,000"
"=""058123""",T50正2群益47購01,0,0,0,"246,000","466,000","-220,000","246,000","466,000","-220,000"
"=""05852T""",世紀鋼元富37售05,0,0,0,0,"220,000","-220,000",0,"220,000","-220,000"
"=""060331""",東元元大46購01  ,0,0,0,0,"220,000","-220,000",0,"220,000","-220,000"
"=""071185""",國企2X群益4B購02,0,0,0,0,"220,000","-220,000",0,"220,000","-220,000"
"=""072953""",中興電元大49購03,0,0,0,"1,000","221,000","-220,000","1,000","221,000","-220,000"
"=""075969""",聯詠群益4A購01  ,0,0,0,"161,000","381,000","-220,000","161,000","381,000","-220,000"
"=""076268""",緯穎群益4A購03  ,0,0,0,0,"220,000","-220,000",0,"220,000","-220,000"
"=""075735""",中興電群益49購07,0,0,0,0,"219,000","-219,000",0,"219,000","-219,000"
"=""077137""",威健元大49購01  ,0,0,0,0,"219,000","-219,000",0,"219,000","-219,000"
"=""063420""",緯穎群益46購19  ,0,0,0,0,"218,000","-218,000",0,"218,000","-218,000"
"=""067115""",華通統一3B購01  ,0,0,0,"34,000","252,000","-218,000","34,000","252,000","-218,000"
"=""073420""",智邦國泰4A購02  ,0,0,0,"31,000","249,000","-218,000","31,000","249,000","-218,000"
"=""063421""",緯穎群益48購09  ,0,0,0,0,"217,000","-217,000",0,"217,000","-217,000"
"=""066747""",聯電元大47購04  ,0,0,0,"185,000","402,000","-217,000","185,000","402,000","-217,000"
"=""071707""",台積電元富48購17,0,0,0,"13,000","230,000","-217,000","13,000","230,000","-217,000"
"=""074593""",群創元大4B購01  ,0,0,0,"193,000","410,000","-217,000","193,000","410,000","-217,000"
"=""04825T""",臺股指群益36售36,0,0,0,0,"216,000","-216,000",0,"216,000","-216,000"
"=""054712""",美利達凱基45購01,0,0,0,"19,000","235,000","-216,000","19,000","235,000","-216,000"
"=""077259""",鴻海元大51購07  ,0,0,0,0,"216,000","-216,000",0,"216,000","-216,000"
2383  ,台光電          ,"114,019","308,000","-193,981","54,084","75,106","-21,022","168,103","383,106","-215,003"
"=""051842""",碩天國票44購06  ,0,0,0,"151,000","366,000","-215,000","151,000","366,000","-215,000"
"=""067610""",台塑化元富51購01,0,0,0,0,"215,000","-215,000",0,"215,000","-215,000"
"=""068028""",佳能元大47購01  ,0,0,0,"654,000","869,000","-215,000","654,000","869,000","-215,000"
"=""069458""",上銀元大48購03  ,0,0,0,"161,000","376,000","-215,000","161,000","376,000","-215,000"
"=""070006""",新唐永豐49購01  ,0,0,0,"80,000","295,000","-215,000","80,000","295,000","-215,000"
"=""072067""",矽力富邦4B購01  ,0,0,0,"26,000","241,000","-215,000","26,000","241,000","-215,000"
"=""072664""",創意元富49購03  ,0,0,0,"97,000","312,000","-215,000","97,000","312,000","-215,000"
"=""075609""",華城群益49購08  ,0,0,0,"212,000","427,000","-215,000","212,000","427,000","-215,000"
"=""059782""",冠德國泰47購01  ,0,0,0,"4,000","218,000","-214,000","4,000","218,000","-214,000"
"=""060879""",明基材群益3A購01,0,0,0,"26,000","240,000","-214,000","26,000","240,000","-214,000"
"=""068664""",宇隆台新48購01  ,0,0,0,0,"214,000","-214,000",0,"214,000","-214,000"
"=""070742""",昇陽半永豐49購02,0,0,0,0,"214,000","-214,000",0,"214,000","-214,000"
"=""073741""",漢唐統一51購04  ,0,0,0,"202,000","416,000","-214,000","202,000","416,000","-214,000"
"=""074013""",三芳元富49購04  ,0,0,0,"10,000","224,000","-214,000","10,000","224,000","-214,000"
"=""05350T""",緯穎元大36售12  ,0,0,0,"76,000","289,000","-213,000","76,000","289,000","-213,000"
"=""058188""",長榮航永豐45購03,0,0,0,0,"213,000","-213,000",0,"213,000","-213,000"
"=""063412""",祥碩群益46購07  ,0,0,0,0,"213,000","-213,000",0,"213,000","-213,000"
"=""062476""",神達群益48購01  ,0,0,0,0,"212,000","-212,000",0,"212,000","-212,000"
"=""064970""",日月光國泰48購01,0,0,0,"103,000","315,000","-212,000","103,000","315,000","-212,000"
"=""065190""",台光電凱基47購04,0,0,0,"20,000","232,000","-212,000","20,000","232,000","-212,000"
"=""075210""",臺股指群益49購28,0,0,0,0,"212,000","-212,000",0,"212,000","-212,000"
"=""062531""",漢唐國票47購03  ,0,0,0,0,"211,000","-211,000",0,"211,000","-211,000"
"=""062611""",創意國泰48購01  ,0,0,0,0,"211,000","-211,000",0,"211,000","-211,000"
"=""068264""",T50反1凱基49購05,0,0,0,0,"211,000","-211,000",0,"211,000","-211,000"
"=""068443""",科技息凱基49購01,0,0,0,"176,000","387,000","-211,000","176,000","387,000","-211,000"
"=""068825""",汎銓國票48購01  ,0,0,0,"80,000","291,000","-211,000","80,000","291,000","-211,000"
"=""073378""",華邦電元大4B購01,0,0,0,"38,000","249,000","-211,000","38,000","249,000","-211,000"
"=""074963""",元債2X元大44購01,0,0,0,0,"211,000","-211,000",0,"211,000","-211,000"
"=""076470""",慧洋國票4A購02  ,0,0,0,0,"211,000","-211,000",0,"211,000","-211,000"
"=""03292T""",台灣50群益33售08,0,0,0,0,"210,000","-210,000",0,"210,000","-210,000"
"=""04797T""",T50正2群益35售09,0,0,0,0,"210,000","-210,000",0,"210,000","-210,000"
"=""050884""",景碩元大43購29  ,0,0,0,"56,000","266,000","-210,000","56,000","266,000","-210,000"
"=""052448""",晶碩兆豐46購01  ,0,0,0,"5,000","215,000","-210,000","5,000","215,000","-210,000"
"=""054720""",大銀統一4A購01  ,0,0,0,0,"210,000","-210,000",0,"210,000","-210,000"
"=""068984""",文曄兆豐4A購01  ,0,0,0,0,"210,000","-210,000",0,"210,000","-210,000"
"=""069910""",長榮元大49購06  ,0,0,0,0,"210,000","-210,000",0,"210,000","-210,000"
"=""069973""",佳能統一52購01  ,0,0,0,0,"210,000","-210,000",0,"210,000","-210,000"
"=""070311""",富世達國泰49購01,0,0,0,"158,000","368,000","-210,000","158,000","368,000","-210,000"
"=""072415""",凱基金富邦48購02,0,0,0,0,"210,000","-210,000",0,"210,000","-210,000"
"=""075206""",臺股指群益49購24,0,0,0,0,"210,000","-210,000",0,"210,000","-210,000"
"=""076065""",聯發科統一53購06,0,0,0,"2,000","212,000","-210,000","2,000","212,000","-210,000"
"=""045766""",亞翔群益42購03  ,0,0,0,"51,000","260,000","-209,000","51,000","260,000","-209,000"
"=""068476""",大立光群益49購04,0,0,0,0,"209,000","-209,000",0,"209,000","-209,000"
"=""070635""",臺股指富邦4A購06,0,0,0,"58,000","267,000","-209,000","58,000","267,000","-209,000"
"=""070682""",華邦電統一52購03,0,0,0,0,"209,000","-209,000",0,"209,000","-209,000"
"=""075599""",材料元大4C購03  ,0,0,0,"115,000","324,000","-209,000","115,000","324,000","-209,000"
"=""03904T""",緯穎群益37售03  ,0,0,0,0,"208,000","-208,000",0,"208,000","-208,000"
"=""052339""",陽明中信46購01  ,0,0,0,"140,000","348,000","-208,000","140,000","348,000","-208,000"
"=""061131""",致茂元富46購01  ,0,0,0,"129,000","337,000","-208,000","129,000","337,000","-208,000"
"=""065804""",宏�眥窶�48購01  ,0,0,0,0,"208,000","-208,000",0,"208,000","-208,000"
"=""068960""",神基富邦4A購01  ,0,0,0,0,"208,000","-208,000",0,"208,000","-208,000"
"=""073922""",巨大群益4B購01  ,0,0,0,"20,000","228,000","-208,000","20,000","228,000","-208,000"
"=""049851""",滬深2X元富37購01,0,0,0,"2,122,000","2,329,000","-207,000","2,122,000","2,329,000","-207,000"
"=""051651""",台光電群益43購12,0,0,0,"116,000","323,000","-207,000","116,000","323,000","-207,000"
"=""061344""",碩天凱基46購01  ,0,0,0,"79,000","286,000","-207,000","79,000","286,000","-207,000"
"=""064816""",神達元大47購06  ,0,0,0,0,"207,000","-207,000",0,"207,000","-207,000"
"=""071349""",台化元大48購08  ,0,0,0,"68,000","275,000","-207,000","68,000","275,000","-207,000"
"=""073954""",中鋼中信49購02  ,0,0,0,0,"207,000","-207,000",0,"207,000","-207,000"
"=""074398""",健鼎國票4A購02  ,0,0,0,"2,000","209,000","-207,000","2,000","209,000","-207,000"
"=""075324""",大同元富49購03  ,0,0,0,"2,000","209,000","-207,000","2,000","209,000","-207,000"
"=""055872""",元債2X國票48購01,0,0,0,"54,000","260,000","-206,000","54,000","260,000","-206,000"
"=""064222""",元晶永豐48購01  ,0,0,0,0,"206,000","-206,000",0,"206,000","-206,000"
"=""064486""",緯創中信3A購01  ,0,0,0,"44,000","250,000","-206,000","44,000","250,000","-206,000"
"=""067335""",長榮元大47購08  ,0,0,0,"20,000","226,000","-206,000","20,000","226,000","-206,000"
"=""070479""",盟立中信48購01  ,0,0,0,0,"206,000","-206,000",0,"206,000","-206,000"
"=""074512""",台光電凱基49購06,0,0,0,"60,000","266,000","-206,000","60,000","266,000","-206,000"
"=""062810""",聯發科元大46購10,0,0,0,"93,000","298,000","-205,000","93,000","298,000","-205,000"
"=""069963""",台郡群益49購01  ,0,0,0,0,"205,000","-205,000",0,"205,000","-205,000"
"=""070558""",臻鼎群益48購02  ,0,0,0,0,"205,000","-205,000",0,"205,000","-205,000"
"=""071601""",台化群益48購04  ,0,0,0,0,"205,000","-205,000",0,"205,000","-205,000"
"=""074317""",泓德元富4A購02  ,0,0,0,0,"205,000","-205,000",0,"205,000","-205,000"
"=""08174U""",長榮富邦36售01  ,0,0,0,0,"205,000","-205,000",0,"205,000","-205,000"
"=""00652 """,富邦印度        ,0,0,0,"234,000","438,898","-204,898","234,000","438,898","-204,898"
"=""051763""",長華元富49購01  ,0,0,0,"137,000","341,000","-204,000","137,000","341,000","-204,000"
"=""058825""",文曄永豐46購01  ,0,0,0,"130,000","334,000","-204,000","130,000","334,000","-204,000"
"=""076311""",AES統一52購01   ,0,0,0,"18,000","222,000","-204,000","18,000","222,000","-204,000"
"=""057148""",佳必琪群益45購02,0,0,0,"210,000","413,000","-203,000","210,000","413,000","-203,000"
"=""064484""",上銀群益4C購02  ,0,0,0,"67,000","270,000","-203,000","67,000","270,000","-203,000"
"=""069170""",技嘉統一52購02  ,0,0,0,"227,000","430,000","-203,000","227,000","430,000","-203,000"
"=""074181""",穎崴中信4B購01  ,0,0,0,"28,000","231,000","-203,000","28,000","231,000","-203,000"
"=""075144""",群光第一49購01  ,0,0,0,"208,000","411,000","-203,000","208,000","411,000","-203,000"
"=""05166T""",電子類群益36售02,0,0,0,0,"202,000","-202,000",0,"202,000","-202,000"
"=""057261""",威盛國票47購02  ,0,0,0,"22,000","224,000","-202,000","22,000","224,000","-202,000"
"=""063588""",台積電凱基4C購06,0,0,0,"28,000","230,000","-202,000","28,000","230,000","-202,000"
"=""065388""",神達統一43購01  ,0,0,0,0,"202,000","-202,000",0,"202,000","-202,000"
"=""065820""",鈺齊國票47購01  ,0,0,0,0,"202,000","-202,000",0,"202,000","-202,000"
"=""069667""",皇昌元大48購03  ,0,0,0,0,"202,000","-202,000",0,"202,000","-202,000"
"=""069978""",健策統一52購02  ,0,0,0,"10,000","212,000","-202,000","10,000","212,000","-202,000"
"=""071468""",定穎控統一52購02,0,0,0,"40,000","242,000","-202,000","40,000","242,000","-202,000"
"=""073798""",臺股指凱基55購01,0,0,0,0,"202,000","-202,000",0,"202,000","-202,000"
"=""077183""",台積電元富4A購22,0,0,0,0,"202,000","-202,000",0,"202,000","-202,000"
"=""060515""",鴻海凱基47購10  ,0,0,0,0,"201,000","-201,000",0,"201,000","-201,000"
"=""073293""",大亞凱基4A購01  ,0,0,0,0,"201,000","-201,000",0,"201,000","-201,000"
"=""03171T""",嘉澤凱基34售03  ,0,0,0,0,"200,000","-200,000",0,"200,000","-200,000"
"=""03182T""",聯電國票33售02  ,0,0,0,0,"200,000","-200,000",0,"200,000","-200,000"
"=""03246T""",中華永豐34售01  ,0,0,0,0,"200,000","-200,000",0,"200,000","-200,000"
"=""03905T""",臺股指群益36售22,0,0,0,0,"200,000","-200,000",0,"200,000","-200,000"
"=""04065T""",華擎群益34售05  ,0,0,0,0,"200,000","-200,000",0,"200,000","-200,000"
"=""04238T""",創意國票36售02  ,0,0,0,0,"200,000","-200,000",0,"200,000","-200,000"
"=""045687""",鉅祥國票43購02  ,0,0,0,0,"200,000","-200,000",0,"200,000","-200,000"
"=""046797""",緯穎元富42購07  ,0,0,0,0,"200,000","-200,000",0,"200,000","-200,000"
"=""047573""",大同統一4C購02  ,0,0,0,0,"200,000","-200,000",0,"200,000","-200,000"
"=""047904""",T50反1元大37購02,0,0,0,0,"200,000","-200,000",0,"200,000","-200,000"
"=""049511""",電子類凱基44購04,0,0,0,0,"200,000","-200,000",0,"200,000","-200,000"
"=""050376""",達發元大43購01  ,0,0,0,"45,000","245,000","-200,000","45,000","245,000","-200,000"
"=""050424""",東哥國票43購03  ,0,0,0,0,"200,000","-200,000",0,"200,000","-200,000"
"=""051185""",威盛群益45購01  ,0,0,0,"200,000","400,000","-200,000","200,000","400,000","-200,000"
"=""05179T""",華城元大36售07  ,0,0,0,"85,000","285,000","-200,000","85,000","285,000","-200,000"
"=""05294T""",台積電富邦3A售03,0,0,0,0,"200,000","-200,000",0,"200,000","-200,000"
"=""053307""",創意凱基4A購01  ,0,0,0,0,"200,000","-200,000",0,"200,000","-200,000"
"=""05399T""",陽明元大36售14  ,0,0,0,0,"200,000","-200,000",0,"200,000","-200,000"
"=""054243""",訊芯國泰46購03  ,0,0,0,0,"200,000","-200,000",0,"200,000","-200,000"
"=""056111""",世芯元大44購25  ,0,0,0,0,"200,000","-200,000",0,"200,000","-200,000"
"=""056720""",香港2X群益45購03,0,0,0,0,"200,000","-200,000",0,"200,000","-200,000"
"=""057030""",緯穎富邦49購01  ,0,0,0,0,"200,000","-200,000",0,"200,000","-200,000"
"=""057467""",科妍國票46購01  ,0,0,0,0,"200,000","-200,000",0,"200,000","-200,000"
"=""057533""",鴻海元大45購24  ,0,0,0,0,"200,000","-200,000",0,"200,000","-200,000"
"=""058129""",華通群益45購03  ,0,0,0,"168,000","368,000","-200,000","168,000","368,000","-200,000"
"=""058193""",晶睿永豐45購01  ,0,0,0,0,"200,000","-200,000",0,"200,000","-200,000"
"=""058198""",緯穎永豐47購01  ,0,0,0,0,"200,000","-200,000",0,"200,000","-200,000"
"=""059639""",世芯國泰47購01  ,0,0,0,"44,000","244,000","-200,000","44,000","244,000","-200,000"
"=""061238""",緯穎元大46購15  ,0,0,0,0,"200,000","-200,000",0,"200,000","-200,000"
"=""063126""",佳能凱基47購02  ,0,0,0,0,"200,000","-200,000",0,"200,000","-200,000"
"=""063304""",南亞科永豐48購01,0,0,0,0,"200,000","-200,000",0,"200,000","-200,000"
"=""063422""",矽創群益46購01  ,0,0,0,0,"200,000","-200,000",0,"200,000","-200,000"
"=""066829""",聯發科凱基48購06,0,0,0,0,"200,000","-200,000",0,"200,000","-200,000"
"=""067939""",亞翔中信3B購01  ,0,0,0,0,"200,000","-200,000",0,"200,000","-200,000"
"=""068713""",訊芯凱基48購05  ,0,0,0,"125,000","325,000","-200,000","125,000","325,000","-200,000"
"=""068977""",台灣50康和48購01,0,0,0,0,"200,000","-200,000",0,"200,000","-200,000"
"=""071634""",美律兆豐4A購01  ,0,0,0,0,"200,000","-200,000",0,"200,000","-200,000"
"=""071872""",滬深2X永豐4A購02,0,0,0,0,"200,000","-200,000",0,"200,000","-200,000"
"=""071891""",東元統一55購01  ,0,0,0,0,"200,000","-200,000",0,"200,000","-200,000"
"=""072195""",大成鋼凱基4C購01,0,0,0,0,"200,000","-200,000",0,"200,000","-200,000"
"=""072207""",奇鋐凱基49購06  ,0,0,0,0,"200,000","-200,000",0,"200,000","-200,000"
"=""073369""",大成鋼元大4B購05,0,0,0,0,"200,000","-200,000",0,"200,000","-200,000"
"=""073585""",SGBR2X元富53購01,0,0,0,0,"200,000","-200,000",0,"200,000","-200,000"
"=""074113""",亞翔群益49購08  ,0,0,0,0,"200,000","-200,000",0,"200,000","-200,000"
"=""074533""",美費半群益51購01,0,0,0,0,"200,000","-200,000",0,"200,000","-200,000"
"=""075195""",華固群益49購01  ,0,0,0,0,"200,000","-200,000",0,"200,000","-200,000"
"=""075485""",慧洋富邦49購03  ,0,0,0,0,"200,000","-200,000",0,"200,000","-200,000"
"=""042153""",仁寶凱基54購06  ,0,0,0,0,"199,000","-199,000",0,"199,000","-199,000"
"=""050829""",威盛國泰45購01  ,0,0,0,"41,000","240,000","-199,000","41,000","240,000","-199,000"
"=""05859U""",楠梓電群益53售03,0,0,0,0,"199,000","-199,000",0,"199,000","-199,000"
"=""058721""",台塑群益46購02  ,0,0,0,0,"199,000","-199,000",0,"199,000","-199,000"
"=""061898""",健和興元大46購03,0,0,0,0,"199,000","-199,000",0,"199,000","-199,000"
"=""062422""",一詮永豐47購03  ,0,0,0,0,"199,000","-199,000",0,"199,000","-199,000"
"=""062441""",中租兆豐48購01  ,0,0,0,"193,000","392,000","-199,000","193,000","392,000","-199,000"
"=""063585""",國巨凱基46購01  ,0,0,0,0,"199,000","-199,000",0,"199,000","-199,000"
"=""066004""",台積電群益47購29,0,0,0,"73,000","272,000","-199,000","73,000","272,000","-199,000"
"=""069702""",技嘉富邦4A購01  ,0,0,0,0,"199,000","-199,000",0,"199,000","-199,000"
"=""073115""",美律國票4B購01  ,0,0,0,"158,000","357,000","-199,000","158,000","357,000","-199,000"
"=""074343""",大成鋼元大49購08,0,0,0,"15,000","214,000","-199,000","15,000","214,000","-199,000"
"=""076044""",AES中信49購01   ,0,0,0,0,"199,000","-199,000",0,"199,000","-199,000"
"=""076274""",台積電富邦4A購05,0,0,0,0,"199,000","-199,000",0,"199,000","-199,000"
"=""077443""",大亞群益4A購02  ,0,0,0,0,"199,000","-199,000",0,"199,000","-199,000"
"=""057700""",奇鋐富邦48購01  ,0,0,0,0,"198,000","-198,000",0,"198,000","-198,000"
"=""060825""",材料兆豐48購01  ,0,0,0,"4,000","202,000","-198,000","4,000","202,000","-198,000"
"=""063770""",仲琦元富46購01  ,0,0,0,"152,000","350,000","-198,000","152,000","350,000","-198,000"
"=""064402""",貿聯第一46購01  ,0,0,0,"20,000","218,000","-198,000","20,000","218,000","-198,000"
"=""066314""",滬深2X永豐48購04,0,0,0,"39,000","237,000","-198,000","39,000","237,000","-198,000"
"=""068045""",富世達元大47購01,0,0,0,"25,000","223,000","-198,000","25,000","223,000","-198,000"
"=""068588""",中磊群益4B購01  ,0,0,0,0,"198,000","-198,000",0,"198,000","-198,000"
"=""073084""",中砂元富49購01  ,0,0,0,"138,000","336,000","-198,000","138,000","336,000","-198,000"
"=""075317""",振樺電永豐4A購01,0,0,0,"170,000","368,000","-198,000","170,000","368,000","-198,000"
"=""05218T""",美時元富36售06  ,0,0,0,"35,000","232,000","-197,000","35,000","232,000","-197,000"
"=""067501""",亞德客元大47購04,0,0,0,0,"197,000","-197,000",0,"197,000","-197,000"
"=""068770""",昇陽半凱基48購02,0,0,0,0,"197,000","-197,000",0,"197,000","-197,000"
"=""072446""",威強電凱基48購02,0,0,0,"4,000","201,000","-197,000","4,000","201,000","-197,000"
"=""076094""",強茂群益49購01  ,0,0,0,0,"197,000","-197,000",0,"197,000","-197,000"
"=""00657 """,國泰日經225     ,0,0,0,"365,679","562,231","-196,552","365,679","562,231","-196,552"
"=""055898""",威盛元富45購02  ,0,0,0,"555,000","751,000","-196,000","555,000","751,000","-196,000"
"=""057068""",仁寶元大45購02  ,0,0,0,0,"196,000","-196,000",0,"196,000","-196,000"
"=""064483""",華新群益49購02  ,0,0,0,"4,000","200,000","-196,000","4,000","200,000","-196,000"
"=""070261""",大成鋼元富48購06,0,0,0,"228,000","424,000","-196,000","228,000","424,000","-196,000"
"=""074925""",FBNQ2X元富53購02,0,0,0,"150,000","346,000","-196,000","150,000","346,000","-196,000"
"=""075351""",晶豪科凱基49購04,0,0,0,"268,000","464,000","-196,000","268,000","464,000","-196,000"
"=""053337""",世芯群益46購02  ,0,0,0,"632,000","827,000","-195,000","632,000","827,000","-195,000"
"=""068532""",立隆電國泰49購01,0,0,0,0,"195,000","-195,000",0,"195,000","-195,000"
"=""075742""",旺宏群益49購05  ,0,0,0,"168,000","363,000","-195,000","168,000","363,000","-195,000"
"=""076586""",廣宇永豐4C購01  ,0,0,0,0,"195,000","-195,000",0,"195,000","-195,000"
"=""076871""",漢翔元大4A購01  ,0,0,0,0,"195,000","-195,000",0,"195,000","-195,000"
"=""066573""",創意統一41購01  ,0,0,0,"463,000","657,000","-194,000","463,000","657,000","-194,000"
"=""066915""",國產群益4C購01  ,0,0,0,"148,000","342,000","-194,000","148,000","342,000","-194,000"
"=""070419""",所羅門國票49購02,0,0,0,"234,000","428,000","-194,000","234,000","428,000","-194,000"
"=""072967""",佳能元大49購01  ,0,0,0,0,"194,000","-194,000",0,"194,000","-194,000"
"=""058294""",萬海元大45購04  ,0,0,0,"57,000","250,000","-193,000","57,000","250,000","-193,000"
"=""074391""",建準國票4A購01  ,0,0,0,0,"193,000","-193,000",0,"193,000","-193,000"
"=""054722""",雲豹統一56購01  ,0,0,0,"150,000","342,000","-192,000","150,000","342,000","-192,000"
"=""059902""",一詮群益45購06  ,0,0,0,"262,000","454,000","-192,000","262,000","454,000","-192,000"
"=""071169""",景碩永豐49購03  ,0,0,0,"8,000","200,000","-192,000","8,000","200,000","-192,000"
"=""074267""",潤隆群益4A購01  ,0,0,0,"1,000","193,000","-192,000","1,000","193,000","-192,000"
"=""077122""",建準元大49購07  ,0,0,0,0,"192,000","-192,000",0,"192,000","-192,000"
"=""060253""",台灣50國票46購01,0,0,0,"30,000","221,000","-191,000","30,000","221,000","-191,000"
"=""061391""",台積電群益4C購04,0,0,0,"17,000","208,000","-191,000","17,000","208,000","-191,000"
"=""072472""",合機元大48購06  ,0,0,0,0,"191,000","-191,000",0,"191,000","-191,000"
"=""04223T""",華城群益35售05  ,0,0,0,"30,000","220,000","-190,000","30,000","220,000","-190,000"
"=""052945""",滬深2X群益46購03,0,0,0,0,"190,000","-190,000",0,"190,000","-190,000"
"=""05358T""",華城凱基36售11  ,0,0,0,"10,000","200,000","-190,000","10,000","200,000","-190,000"
"=""059722""",潤泰全群益45購01,0,0,0,"10,000","200,000","-190,000","10,000","200,000","-190,000"
"=""062256""",亞光凱基4A購01  ,0,0,0,0,"190,000","-190,000",0,"190,000","-190,000"
"=""066313""",台灣50永豐51購01,0,0,0,"10,000","200,000","-190,000","10,000","200,000","-190,000"
"=""070478""",美利達凱基48購01,0,0,0,0,"190,000","-190,000",0,"190,000","-190,000"
"=""071126""",台積電元大51購07,0,0,0,0,"190,000","-190,000",0,"190,000","-190,000"
"=""073445""",訊芯永豐4A購01  ,0,0,0,"110,000","300,000","-190,000","110,000","300,000","-190,000"
"=""073490""",川湖富邦49購03  ,0,0,0,"10,000","200,000","-190,000","10,000","200,000","-190,000"
"=""073535""",亞翔凱基51購01  ,0,0,0,"165,000","355,000","-190,000","165,000","355,000","-190,000"
"=""073660""",矽力統一41購01  ,0,0,0,0,"190,000","-190,000",0,"190,000","-190,000"
"=""074503""",潤隆凱基49購01  ,0,0,0,"10,000","200,000","-190,000","10,000","200,000","-190,000"
"=""060135""",長榮群益46購05  ,0,0,0,0,"189,000","-189,000",0,"189,000","-189,000"
"=""067491""",滬深2X元大4C購01,0,0,0,0,"189,000","-189,000",0,"189,000","-189,000"
"=""070827""",晶豪科國票49購01,0,0,0,0,"189,000","-189,000",0,"189,000","-189,000"
"=""057004""",穎崴國票49購01  ,0,0,0,"7,000","195,000","-188,000","7,000","195,000","-188,000"
"=""061703""",寶成群益46購01  ,0,0,0,"10,000","198,000","-188,000","10,000","198,000","-188,000"
"=""074574""",台積電元大49購18,0,0,0,0,"188,000","-188,000",0,"188,000","-188,000"
"=""074848""",FBNQ2X國票4A購03,0,0,0,"17,000","205,000","-188,000","17,000","205,000","-188,000"
"=""059136""",金融類凱基45購01,0,0,0,"20,000","207,000","-187,000","20,000","207,000","-187,000"
"=""063195""",緯創群益46購07  ,0,0,0,0,"187,000","-187,000",0,"187,000","-187,000"
"=""074358""",群光元大49購03  ,0,0,0,0,"187,000","-187,000",0,"187,000","-187,000"
"=""074903""",華邦電凱基4A購02,0,0,0,"13,000","200,000","-187,000","13,000","200,000","-187,000"
"=""076572""",達發國票53購01  ,0,0,0,0,"187,000","-187,000",0,"187,000","-187,000"
"=""045613""",美律元大55購03  ,0,0,0,"171,000","357,000","-186,000","171,000","357,000","-186,000"
"=""055200""",華孚國票44購01  ,0,0,0,"44,000","230,000","-186,000","44,000","230,000","-186,000"
"=""05721T""",群創中信37售02  ,0,0,0,"411,000","597,000","-186,000","411,000","597,000","-186,000"
"=""057697""",T50正2富邦4B購01,0,0,0,"40,000","226,000","-186,000","40,000","226,000","-186,000"
"=""064356""",盟立國票49購01  ,0,0,0,"66,000","252,000","-186,000","66,000","252,000","-186,000"
"=""065918""",漢唐元富47購03  ,0,0,0,"460,000","646,000","-186,000","460,000","646,000","-186,000"
"=""066832""",盟立凱基47購03  ,0,0,0,"30,000","216,000","-186,000","30,000","216,000","-186,000"
"=""069113""",亞翔元大48購03  ,0,0,0,0,"186,000","-186,000",0,"186,000","-186,000"
"=""03651T""",天鈺元大34售05  ,0,0,0,0,"185,000","-185,000",0,"185,000","-185,000"
"=""038523""",南電元大56購07  ,0,0,0,"127,000","312,000","-185,000","127,000","312,000","-185,000"
"=""052031""",祥碩國票43購02  ,0,0,0,"5,000","190,000","-185,000","5,000","190,000","-185,000"
"=""061478""",敦泰元大46購01  ,0,0,0,"52,000","237,000","-185,000","52,000","237,000","-185,000"
"=""068794""",玉晶光統一3C購02,0,0,0,0,"185,000","-185,000",0,"185,000","-185,000"
"=""073714""",鉅祥國票4A購01  ,0,0,0,"192,000","377,000","-185,000","192,000","377,000","-185,000"
"=""075769""",台塑化群益49購01,0,0,0,0,"185,000","-185,000",0,"185,000","-185,000"
2609  ,陽明            ,"508,000","661,000","-153,000","136,572","167,760","-31,188","644,572","828,760","-184,188"
"=""043442""",至上元富58購01  ,0,0,0,"19,000","203,000","-184,000","19,000","203,000","-184,000"
"=""04819T""",臺股指元大3A售08,0,0,0,"20,000","204,000","-184,000","20,000","204,000","-184,000"
"=""065684""",穎崴凱基47購02  ,0,0,0,0,"184,000","-184,000",0,"184,000","-184,000"
"=""068265""",台泥凱基4A購01  ,0,0,0,"145,000","329,000","-184,000","145,000","329,000","-184,000"
"=""068745""",精銳第一48購01  ,0,0,0,"11,000","195,000","-184,000","11,000","195,000","-184,000"
"=""069972""",大成鋼統一58購01,0,0,0,0,"184,000","-184,000",0,"184,000","-184,000"
"=""076041""",台積電中信4A購03,0,0,0,"10,000","194,000","-184,000","10,000","194,000","-184,000"
"=""076803""",國企2X元富49購02,0,0,0,"23,000","207,000","-184,000","23,000","207,000","-184,000"
"=""076826""",迅得國票4C購02  ,0,0,0,"1,009,000","1,193,000","-184,000","1,009,000","1,193,000","-184,000"
"=""04592T""",台灣50元富35售10,0,0,0,"488,000","671,000","-183,000","488,000","671,000","-183,000"
"=""063084""",南亞科國票47購03,0,0,0,0,"183,000","-183,000",0,"183,000","-183,000"
"=""066416""",永道國票48購01  ,0,0,0,0,"183,000","-183,000",0,"183,000","-183,000"
"=""068201""",緯創元富48購05  ,0,0,0,"137,000","320,000","-183,000","137,000","320,000","-183,000"
"=""075575""",長榮元大4C購02  ,0,0,0,"24,000","207,000","-183,000","24,000","207,000","-183,000"
"=""076270""",AES群益4B購01   ,0,0,0,0,"183,000","-183,000",0,"183,000","-183,000"
8070  ,長華*           ,"4,000","187,000","-183,000",0,0,0,"4,000","187,000","-183,000"
"=""04248T""",英業達群益35售06,0,0,0,0,"182,000","-182,000",0,"182,000","-182,000"
"=""049704""",雄獅永豐44購01  ,0,0,0,"11,000","193,000","-182,000","11,000","193,000","-182,000"
"=""063467""",鈞興元大46購01  ,0,0,0,0,"182,000","-182,000",0,"182,000","-182,000"
"=""070814""",台積電國票49購04,0,0,0,0,"182,000","-182,000",0,"182,000","-182,000"
"=""074070""",樺漢凱基49購02  ,0,0,0,"8,000","190,000","-182,000","8,000","190,000","-182,000"
2363  ,矽統            ,"3,507","7,993","-4,486","189,000","366,000","-177,000","192,507","373,993","-181,486"
"=""054040""",台積電元大44購54,0,0,0,0,"181,000","-181,000",0,"181,000","-181,000"
"=""056981""",世芯元富48購06  ,0,0,0,0,"181,000","-181,000",0,"181,000","-181,000"
"=""065755""",海華元大47購03  ,0,0,0,"117,000","298,000","-181,000","117,000","298,000","-181,000"
"=""066596""",揚明光國票48購02,0,0,0,0,"181,000","-181,000",0,"181,000","-181,000"
"=""074919""",訊芯凱基49購04  ,0,0,0,0,"181,000","-181,000",0,"181,000","-181,000"
"=""075620""",華泰群益49購01  ,0,0,0,0,"181,000","-181,000",0,"181,000","-181,000"
"=""076001""",南亞科元大51購04,0,0,0,0,"181,000","-181,000",0,"181,000","-181,000"
"=""03630T""",奇鋐國泰36售02  ,0,0,0,0,"180,000","-180,000",0,"180,000","-180,000"
"=""03978T""",華擎國票35售01  ,0,0,0,"20,000","200,000","-180,000","20,000","200,000","-180,000"
"=""04673T""",可成永豐35售01  ,0,0,0,0,"180,000","-180,000",0,"180,000","-180,000"
"=""058208""",鴻準元富45購06  ,0,0,0,0,"180,000","-180,000",0,"180,000","-180,000"
"=""059074""",帝寶國票46購01  ,0,0,0,"20,000","200,000","-180,000","20,000","200,000","-180,000"
"=""060435""",潤泰新國泰48購01,0,0,0,"10,000","190,000","-180,000","10,000","190,000","-180,000"
"=""061176""",川湖群益46購07  ,0,0,0,0,"180,000","-180,000",0,"180,000","-180,000"
"=""064731""",六方科群益49購01,0,0,0,"6,000","186,000","-180,000","6,000","186,000","-180,000"
"=""065303""",燿華統一4B購02  ,0,0,0,0,"180,000","-180,000",0,"180,000","-180,000"
"=""066303""",菱光元大47購02  ,0,0,0,0,"180,000","-180,000",0,"180,000","-180,000"
"=""070739""",亞翔永豐4A購01  ,0,0,0,"105,000","285,000","-180,000","105,000","285,000","-180,000"
"=""073865""",世芯元大49購09  ,0,0,0,0,"180,000","-180,000",0,"180,000","-180,000"
"=""043332""",智原群益55購04  ,0,0,0,"141,000","320,000","-179,000","141,000","320,000","-179,000"
"=""046812""",日本2X元大44購02,0,0,0,"42,000","221,000","-179,000","42,000","221,000","-179,000"
"=""060138""",智原群益46購03  ,0,0,0,"5,000","184,000","-179,000","5,000","184,000","-179,000"
"=""074240""",訊芯凱基49購03  ,0,0,0,0,"179,000","-179,000",0,"179,000","-179,000"
"=""05438T""",奇鋐中信38售01  ,0,0,0,"10,000","188,000","-178,000","10,000","188,000","-178,000"
"=""068421""",貿聯元富48購01  ,0,0,0,"53,000","231,000","-178,000","53,000","231,000","-178,000"
"=""03438T""",臺股指群益33售43,0,0,0,"10,000","187,000","-177,000","10,000","187,000","-177,000"
"=""052160""",志強元大43購01  ,0,0,0,"55,000","232,000","-177,000","55,000","232,000","-177,000"
"=""055053""",友訊統一4A購01  ,0,0,0,"100,000","277,000","-177,000","100,000","277,000","-177,000"
"=""055521""",一詮國票46購01  ,0,0,0,"5,000","182,000","-177,000","5,000","182,000","-177,000"
"=""059702""",金像電富邦47購01,0,0,0,"102,000","279,000","-177,000","102,000","279,000","-177,000"
"=""061920""",友訊富邦47購01  ,0,0,0,"80,000","257,000","-177,000","80,000","257,000","-177,000"
"=""065064""",華城永豐3B購01  ,0,0,0,"13,000","190,000","-177,000","13,000","190,000","-177,000"
"=""070868""",大立光元大48購14,0,0,0,"13,000","190,000","-177,000","13,000","190,000","-177,000"
"=""071232""",中鋼台新48購01  ,0,0,0,0,"177,000","-177,000",0,"177,000","-177,000"
"=""072445""",慧洋凱基48購02  ,0,0,0,"8,000","185,000","-177,000","8,000","185,000","-177,000"
"=""076535""",嘉澤元大49購09  ,0,0,0,"42,000","219,000","-177,000","42,000","219,000","-177,000"
"=""045845""",辛耘元大45購02  ,0,0,0,0,"176,000","-176,000",0,"176,000","-176,000"
"=""051454""",海華凱基43購01  ,0,0,0,"6,000","182,000","-176,000","6,000","182,000","-176,000"
"=""057468""",上銀國票46購03  ,0,0,0,"101,000","277,000","-176,000","101,000","277,000","-176,000"
"=""060454""",萬海群益46購05  ,0,0,0,0,"176,000","-176,000",0,"176,000","-176,000"
"=""064149""",群創富邦46購03  ,0,0,0,"24,000","200,000","-176,000","24,000","200,000","-176,000"
"=""065598""",海華國票49購01  ,0,0,0,"5,000","181,000","-176,000","5,000","181,000","-176,000"
"=""070693""",晟銘電統一52購04,0,0,0,0,"176,000","-176,000",0,"176,000","-176,000"
"=""072489""",世芯元大51購08  ,0,0,0,"100,000","276,000","-176,000","100,000","276,000","-176,000"
"=""00661 """,元大日經225     ,0,0,0,"107,063","282,572","-175,509","107,063","282,572","-175,509"
"=""059442""",台積電富邦47購05,0,0,0,0,"175,000","-175,000",0,"175,000","-175,000"
"=""067081""",台積電凱基3B購02,0,0,0,0,"175,000","-175,000",0,"175,000","-175,000"
"=""067270""",天虹國票47購01  ,0,0,0,"40,000","215,000","-175,000","40,000","215,000","-175,000"
"=""068176""",道瓊銅永豐4B購01,0,0,0,0,"175,000","-175,000",0,"175,000","-175,000"
"=""070873""",欣興元大48購10  ,0,0,0,"25,000","200,000","-175,000","25,000","200,000","-175,000"
"=""006205""",富邦上証        ,"20,000",0,"20,000","947,327","1,141,480","-194,153","967,327","1,141,480","-174,153"
"=""059403""",全漢統一53購02  ,0,0,0,"6,000","180,000","-174,000","6,000","180,000","-174,000"
"=""062610""",萬海國泰48購03  ,0,0,0,"60,000","234,000","-174,000","60,000","234,000","-174,000"
"=""065664""",台積電凱基49購08,0,0,0,"1,000","175,000","-174,000","1,000","175,000","-174,000"
"=""070095""",材料凱基4A購02  ,0,0,0,0,"174,000","-174,000",0,"174,000","-174,000"
"=""059094""",嘉澤元富4B購04  ,0,0,0,"44,000","217,000","-173,000","44,000","217,000","-173,000"
"=""059469""",中興電國票46購02,0,0,0,"101,000","274,000","-173,000","101,000","274,000","-173,000"
"=""067485""",辛耘統一3B購01  ,0,0,0,"40,000","213,000","-173,000","40,000","213,000","-173,000"
"=""069325""",亞翔國票4A購01  ,0,0,0,"18,000","191,000","-173,000","18,000","191,000","-173,000"
"=""069676""",精銳元大48購04  ,0,0,0,"27,000","200,000","-173,000","27,000","200,000","-173,000"
"=""075014""",廣宇群益49購02  ,0,0,0,"20,000","193,000","-173,000","20,000","193,000","-173,000"
2885  ,元大金          ,0,"2,000","-2,000",0,"171,000","-171,000",0,"173,000","-173,000"
"=""063328""",世芯國票48購07  ,0,0,0,"1,000","173,000","-172,000","1,000","173,000","-172,000"
"=""066377""",聯發科統一3B購04,0,0,0,"10,000","182,000","-172,000","10,000","182,000","-172,000"
"=""072917""",中鋼群益49購02  ,0,0,0,0,"172,000","-172,000",0,"172,000","-172,000"
"=""074242""",緯穎凱基4A購05  ,0,0,0,"40,000","212,000","-172,000","40,000","212,000","-172,000"
"=""074366""",新日興元大4B購02,0,0,0,"6,000","178,000","-172,000","6,000","178,000","-172,000"
"=""074824""",世芯元大49購13  ,0,0,0,"5,000","177,000","-172,000","5,000","177,000","-172,000"
1795  ,美時            ,"231,130","404,816","-173,686","34,000","31,424","2,576","265,130","436,240","-171,110"
"=""03310T""",臺股指元大35售50,0,0,0,"158,000","329,000","-171,000","158,000","329,000","-171,000"
"=""053622""",台光電凱基3B購02,0,0,0,0,"171,000","-171,000",0,"171,000","-171,000"
"=""062436""",樺漢永豐47購01  ,0,0,0,"11,000","182,000","-171,000","11,000","182,000","-171,000"
"=""063998""",達發元富4C購01  ,0,0,0,0,"171,000","-171,000",0,"171,000","-171,000"
"=""066209""",華邦電群益47購03,0,0,0,"4,000","175,000","-171,000","4,000","175,000","-171,000"
"=""071789""",材料元大4B購03  ,0,0,0,0,"171,000","-171,000",0,"171,000","-171,000"
"=""074561""",華城元大49購20  ,0,0,0,0,"171,000","-171,000",0,"171,000","-171,000"
"=""076810""",鴻海國票4C購01  ,0,0,0,"98,000","269,000","-171,000","98,000","269,000","-171,000"
"=""077352""",天鈺群益4B購01  ,0,0,0,0,"171,000","-171,000",0,"171,000","-171,000"
"=""058482""",中租國票46購03  ,0,0,0,"20,000","190,000","-170,000","20,000","190,000","-170,000"
"=""062147""",精英富邦48購01  ,0,0,0,"30,000","200,000","-170,000","30,000","200,000","-170,000"
"=""065273""",威盛永豐4A購01  ,0,0,0,0,"170,000","-170,000",0,"170,000","-170,000"
"=""065839""",辛耘統一51購02  ,0,0,0,0,"170,000","-170,000",0,"170,000","-170,000"
"=""071932""",中興電群益49購02,0,0,0,0,"170,000","-170,000",0,"170,000","-170,000"
"=""072792""",奇鋐永豐4A購04  ,0,0,0,0,"170,000","-170,000",0,"170,000","-170,000"
"=""073544""",華友聯群益52購01,0,0,0,"290,000","460,000","-170,000","290,000","460,000","-170,000"
"=""074174""",鉅祥國泰4A購01  ,0,0,0,"155,000","325,000","-170,000","155,000","325,000","-170,000"
"=""075998""",大同元大49購05  ,0,0,0,0,"170,000","-170,000",0,"170,000","-170,000"
"=""077139""",智易元大49購03  ,0,0,0,0,"170,000","-170,000",0,"170,000","-170,000"
"=""052134""",中鴻元大43購01  ,0,0,0,0,"169,000","-169,000",0,"169,000","-169,000"
"=""065711""",台積電元大47購15,0,0,0,0,"169,000","-169,000",0,"169,000","-169,000"
"=""067212""",玉晶光凱基47購05,0,0,0,"91,000","260,000","-169,000","91,000","260,000","-169,000"
"=""069123""",華泰中信3C購01  ,0,0,0,"185,000","354,000","-169,000","185,000","354,000","-169,000"
"=""072958""",中鴻元大49購01  ,0,0,0,0,"169,000","-169,000",0,"169,000","-169,000"
"=""076072""",AES統一55購01   ,0,0,0,"1,000","170,000","-169,000","1,000","170,000","-169,000"
"=""00762 """,元大全球AI      ,0,0,0,"50,000","218,897","-168,897","50,000","218,897","-168,897"
"=""066593""",長榮國票4A購02  ,0,0,0,"82,000","250,000","-168,000","82,000","250,000","-168,000"
"=""069238""",精銳元富52購01  ,0,0,0,0,"168,000","-168,000",0,"168,000","-168,000"
"=""076634""",達麗統一53購03  ,0,0,0,"50,000","218,000","-168,000","50,000","218,000","-168,000"
"=""03868T""",臺股指元大39售02,0,0,0,0,"167,000","-167,000",0,"167,000","-167,000"
"=""057521""",正崴台新45購01  ,0,0,0,"4,000","171,000","-167,000","4,000","171,000","-167,000"
"=""062485""",神達統一4C購02  ,0,0,0,0,"167,000","-167,000",0,"167,000","-167,000"
"=""067129""",旺宏國票47購01  ,0,0,0,0,"167,000","-167,000",0,"167,000","-167,000"
"=""068343""",立隆電永豐4B購01,0,0,0,"13,000","180,000","-167,000","13,000","180,000","-167,000"
"=""074519""",慧洋凱基49購06  ,0,0,0,"84,000","251,000","-167,000","84,000","251,000","-167,000"
"=""057147""",亞翔群益45購02  ,0,0,0,"100,000","266,000","-166,000","100,000","266,000","-166,000"
"=""057381""",正崴統一49購01  ,0,0,0,"70,000","236,000","-166,000","70,000","236,000","-166,000"
"=""058690""",台積電國票46購02,0,0,0,"26,000","192,000","-166,000","26,000","192,000","-166,000"
"=""064547""",迅得富邦4A購01  ,0,0,0,"173,000","339,000","-166,000","173,000","339,000","-166,000"
"=""067063""",所羅門群益4B購01,0,0,0,"186,000","352,000","-166,000","186,000","352,000","-166,000"
"=""068510""",大立光元大51購01,0,0,0,0,"166,000","-166,000",0,"166,000","-166,000"
"=""068706""",信邦凱基48購01  ,0,0,0,"562,000","728,000","-166,000","562,000","728,000","-166,000"
"=""071719""",貿聯國泰49購01  ,0,0,0,"15,000","181,000","-166,000","15,000","181,000","-166,000"
"=""072049""",神達元大48購19  ,0,0,0,0,"166,000","-166,000",0,"166,000","-166,000"
"=""075150""",美費半凱基4C購01,0,0,0,"250,000","416,000","-166,000","250,000","416,000","-166,000"
"=""065275""",華新科永豐4A購01,0,0,0,0,"165,000","-165,000",0,"165,000","-165,000"
"=""073500""",臺股指富邦56購01,0,0,0,0,"165,000","-165,000",0,"165,000","-165,000"
"=""073531""",神達凱基49購04  ,0,0,0,"20,000","185,000","-165,000","20,000","185,000","-165,000"
"=""073689""",達興國泰4A購01  ,0,0,0,0,"165,000","-165,000",0,"165,000","-165,000"
"=""074342""",大成鋼元大49購07,0,0,0,"32,000","197,000","-165,000","32,000","197,000","-165,000"
"=""075274""",台積電國票53購02,0,0,0,"5,000","170,000","-165,000","5,000","170,000","-165,000"
"=""057827""",鴻準永豐46購04  ,0,0,0,"10,000","174,000","-164,000","10,000","174,000","-164,000"
"=""068174""",鈺齊統一52購01  ,0,0,0,0,"164,000","-164,000",0,"164,000","-164,000"
"=""071886""",材料永豐48購04  ,0,0,0,"84,000","248,000","-164,000","84,000","248,000","-164,000"
"=""074275""",建準群益4A購02  ,0,0,0,"17,000","181,000","-164,000","17,000","181,000","-164,000"
"=""076753""",昆盈永豐4A購01  ,0,0,0,0,"164,000","-164,000",0,"164,000","-164,000"
"=""050668""",長榮航統一41購01,0,0,0,"50,000","213,000","-163,000","50,000","213,000","-163,000"
"=""059698""",川湖富邦48購02  ,0,0,0,"2,000","165,000","-163,000","2,000","165,000","-163,000"
"=""060990""",全新群益46購06  ,0,0,0,0,"163,000","-163,000",0,"163,000","-163,000"
"=""068754""",華碩凱基4A購01  ,0,0,0,0,"163,000","-163,000",0,"163,000","-163,000"
"=""068978""",川湖兆豐48購01  ,0,0,0,"72,000","235,000","-163,000","72,000","235,000","-163,000"
"=""049838""",中興電統一49購03,0,0,0,"13,000","175,000","-162,000","13,000","175,000","-162,000"
"=""051839""",晟銘電國票45購01,0,0,0,"103,000","265,000","-162,000","103,000","265,000","-162,000"
"=""056944""",富鼎群益47購01  ,0,0,0,0,"162,000","-162,000",0,"162,000","-162,000"
"=""058913""",樺漢元大45購05  ,0,0,0,"157,000","319,000","-162,000","157,000","319,000","-162,000"
"=""064466""",邁達特元大46購02,0,0,0,"54,000","216,000","-162,000","54,000","216,000","-162,000"
"=""067170""",世芯元大47購23  ,0,0,0,"453,000","615,000","-162,000","453,000","615,000","-162,000"
"=""068127""",臺股指元富47購13,0,0,0,"130,000","292,000","-162,000","130,000","292,000","-162,000"
"=""075565""",華邦電元大49購21,0,0,0,"4,000","166,000","-162,000","4,000","166,000","-162,000"
"=""077003""",順德元富4C購01  ,0,0,0,0,"162,000","-162,000",0,"162,000","-162,000"
"=""054648""",長榮元富4A購01  ,0,0,0,"5,000","166,000","-161,000","5,000","166,000","-161,000"
"=""057156""",緯穎群益45購04  ,0,0,0,0,"161,000","-161,000",0,"161,000","-161,000"
"=""058452""",中租永豐46購01  ,0,0,0,"19,000","180,000","-161,000","19,000","180,000","-161,000"
"=""063137""",創意凱基46購09  ,0,0,0,"3,000","164,000","-161,000","3,000","164,000","-161,000"
"=""070785""",群創元富48購01  ,0,0,0,"79,000","240,000","-161,000","79,000","240,000","-161,000"
"=""072795""",緯穎台新49購01  ,0,0,0,0,"161,000","-161,000",0,"161,000","-161,000"
"=""074551""",辛耘群益49購02  ,0,0,0,0,"161,000","-161,000",0,"161,000","-161,000"
"=""051756""",德律元富43購01  ,0,0,0,0,"160,000","-160,000",0,"160,000","-160,000"
"=""051831""",矽力群益43購04  ,0,0,0,0,"160,000","-160,000",0,"160,000","-160,000"
"=""05546T""",聯發科凱基3B售07,0,0,0,0,"160,000","-160,000",0,"160,000","-160,000"
"=""05650T""",美費半群益37售01,0,0,0,0,"160,000","-160,000",0,"160,000","-160,000"
"=""058120""",迅得元大47購01  ,0,0,0,"5,000","165,000","-160,000","5,000","165,000","-160,000"
"=""058274""",川湖元大45購05  ,0,0,0,0,"160,000","-160,000",0,"160,000","-160,000"
"=""058453""",迅得永豐45購01  ,0,0,0,0,"160,000","-160,000",0,"160,000","-160,000"
"=""060890""",長榮航中信47購02,0,0,0,"81,000","241,000","-160,000","81,000","241,000","-160,000"
"=""062189""",可成永豐47購01  ,0,0,0,0,"160,000","-160,000",0,"160,000","-160,000"
"=""064720""",美時統一45購01  ,0,0,0,"60,000","220,000","-160,000","60,000","220,000","-160,000"
"=""067784""",電子類國票48購01,0,0,0,"246,000","406,000","-160,000","246,000","406,000","-160,000"
"=""068534""",台積電富邦48購05,0,0,0,"29,000","189,000","-160,000","29,000","189,000","-160,000"
"=""070195""",智原統一52購03  ,0,0,0,0,"160,000","-160,000",0,"160,000","-160,000"
"=""070620""",勤誠國泰49購02  ,0,0,0,0,"160,000","-160,000",0,"160,000","-160,000"
"=""070664""",精銳凱基48購05  ,0,0,0,0,"160,000","-160,000",0,"160,000","-160,000"
"=""070834""",菱光國票49購01  ,0,0,0,0,"160,000","-160,000",0,"160,000","-160,000"
"=""071555""",亞翔元大4B購01  ,0,0,0,0,"160,000","-160,000",0,"160,000","-160,000"
"=""071774""",景碩元大48購05  ,0,0,0,0,"160,000","-160,000",0,"160,000","-160,000"
"=""072800""",華晶科國泰4A購01,0,0,0,0,"160,000","-160,000",0,"160,000","-160,000"
"=""073458""",牧德統一53購02  ,0,0,0,"56,000","216,000","-160,000","56,000","216,000","-160,000"
"=""075290""",鴻海富邦51購01  ,0,0,0,0,"160,000","-160,000",0,"160,000","-160,000"
"=""076348""",滬深2X元大53購01,0,0,0,"250,000","410,000","-160,000","250,000","410,000","-160,000"
"=""050454""",嘉澤群益46購02  ,0,0,0,0,"159,000","-159,000",0,"159,000","-159,000"
"=""066043""",材料群益47購06  ,0,0,0,"60,000","219,000","-159,000","60,000","219,000","-159,000"
"=""069872""",台積電凱基49購16,0,0,0,0,"159,000","-159,000",0,"159,000","-159,000"
"=""070441""",穎崴國泰49購02  ,0,0,0,0,"159,000","-159,000",0,"159,000","-159,000"
"=""073910""",欣興群益4A購02  ,0,0,0,0,"159,000","-159,000",0,"159,000","-159,000"
"=""074028""",群創元富49購02  ,0,0,0,0,"159,000","-159,000",0,"159,000","-159,000"
"=""074960""",滬深2X元大51購02,0,0,0,0,"159,000","-159,000",0,"159,000","-159,000"
"=""052010""",采鈺元富49購01  ,0,0,0,"637,000","795,000","-158,000","637,000","795,000","-158,000"
"=""056739""",力積電群益45購01,0,0,0,0,"158,000","-158,000",0,"158,000","-158,000"
"=""060494""",凱美國票46購01  ,0,0,0,0,"158,000","-158,000",0,"158,000","-158,000"
"=""063919""",材料中信49購02  ,0,0,0,0,"158,000","-158,000",0,"158,000","-158,000"
"=""070830""",亞翔國票4A購02  ,0,0,0,"102,000","260,000","-158,000","102,000","260,000","-158,000"
"=""071683""",南亞科群益4A購02,0,0,0,"2,000","160,000","-158,000","2,000","160,000","-158,000"
"=""072528""",欣興群益48購07  ,0,0,0,0,"158,000","-158,000",0,"158,000","-158,000"
"=""072720""",東鹼元大49購01  ,0,0,0,0,"158,000","-158,000",0,"158,000","-158,000"
"=""072998""",台化富邦4C購01  ,0,0,0,0,"158,000","-158,000",0,"158,000","-158,000"
"=""075062""",中502X元富49購06,0,0,0,0,"158,000","-158,000",0,"158,000","-158,000"
"=""057415""",世芯元富4B購04  ,0,0,0,0,"157,000","-157,000",0,"157,000","-157,000"
"=""05934T""",世紀鋼國票37售04,0,0,0,0,"157,000","-157,000",0,"157,000","-157,000"
"=""062442""",達發兆豐47購02  ,0,0,0,"10,000","167,000","-157,000","10,000","167,000","-157,000"
"=""062638""",上証2X凱基46購06,0,0,0,0,"157,000","-157,000",0,"157,000","-157,000"
"=""063321""",佳能國票47購04  ,0,0,0,0,"157,000","-157,000",0,"157,000","-157,000"
"=""066231""",志強群益47購01  ,0,0,0,0,"157,000","-157,000",0,"157,000","-157,000"
"=""067998""",上銀群益47購03  ,0,0,0,0,"157,000","-157,000",0,"157,000","-157,000"
"=""073920""",緯穎群益49購05  ,0,0,0,0,"157,000","-157,000",0,"157,000","-157,000"
"=""075585""",智原元大49購05  ,0,0,0,"10,000","167,000","-157,000","10,000","167,000","-157,000"
"=""065896""",台積電凱基49購10,0,0,0,"9,000","165,000","-156,000","9,000","165,000","-156,000"
"=""071123""",上銀元大48購13  ,0,0,0,0,"156,000","-156,000",0,"156,000","-156,000"
"=""071262""",長榮航凱基48購04,0,0,0,0,"156,000","-156,000",0,"156,000","-156,000"
"=""071482""",中502X永豐4A購02,0,0,0,"24,000","180,000","-156,000","24,000","180,000","-156,000"
"=""072004""",材料國票49購02  ,0,0,0,"50,000","206,000","-156,000","50,000","206,000","-156,000"
"=""072704""",東台國票49購01  ,0,0,0,0,"156,000","-156,000",0,"156,000","-156,000"
"=""074024""",文曄元富4C購01  ,0,0,0,"45,000","201,000","-156,000","45,000","201,000","-156,000"
"=""074200""",微星第一4A購01  ,0,0,0,0,"156,000","-156,000",0,"156,000","-156,000"
"=""075814""",台積電元大51購19,0,0,0,0,"156,000","-156,000",0,"156,000","-156,000"
"=""076101""",文曄群益49購01  ,0,0,0,"112,000","268,000","-156,000","112,000","268,000","-156,000"
"=""047960""",台積電富邦3C購01,0,0,0,0,"155,000","-155,000",0,"155,000","-155,000"
"=""048523""",T50反1元大37購03,0,0,0,"10,000","165,000","-155,000","10,000","165,000","-155,000"
"=""04873T""",臺股指元富3A售07,0,0,0,0,"155,000","-155,000",0,"155,000","-155,000"
"=""052222""",中502X凱基45購01,0,0,0,"58,000","213,000","-155,000","58,000","213,000","-155,000"
"=""057334""",英業達群益45購04,0,0,0,0,"155,000","-155,000",0,"155,000","-155,000"
"=""057916""",上銀元大47購01  ,0,0,0,0,"155,000","-155,000",0,"155,000","-155,000"
"=""065470""",長榮國票4A購01  ,0,0,0,0,"155,000","-155,000",0,"155,000","-155,000"
"=""065882""",道瓊銀凱基4B購01,0,0,0,"10,000","165,000","-155,000","10,000","165,000","-155,000"
"=""065990""",台塑群益47購01  ,0,0,0,"15,000","170,000","-155,000","15,000","170,000","-155,000"
"=""066337""",京鼎兆豐49購01  ,0,0,0,0,"155,000","-155,000",0,"155,000","-155,000"
"=""069379""",立積永豐52購02  ,0,0,0,0,"155,000","-155,000",0,"155,000","-155,000"
"=""069658""",宇隆元大48購03  ,0,0,0,0,"155,000","-155,000",0,"155,000","-155,000"
"=""069965""",志強群益49購02  ,0,0,0,"19,000","174,000","-155,000","19,000","174,000","-155,000"
"=""070508""",神達統一52購03  ,0,0,0,0,"155,000","-155,000",0,"155,000","-155,000"
"=""070645""",鴻海凱基49購09  ,0,0,0,0,"155,000","-155,000",0,"155,000","-155,000"
"=""072312""",矽格兆豐4A購01  ,0,0,0,0,"155,000","-155,000",0,"155,000","-155,000"
"=""073495""",台積電富邦4B購06,0,0,0,0,"155,000","-155,000",0,"155,000","-155,000"
"=""073744""",裕民統一52購06  ,0,0,0,0,"155,000","-155,000",0,"155,000","-155,000"
"=""074793""",大成鋼元大51購04,0,0,0,"1,000","156,000","-155,000","1,000","156,000","-155,000"
"=""03596T""",台積電兆豐38售01,0,0,0,0,"154,000","-154,000",0,"154,000","-154,000"
"=""04297T""",英業達群益35售09,0,0,0,"200,000","354,000","-154,000","200,000","354,000","-154,000"
"=""056751""",台玻凱基46購03  ,0,0,0,0,"154,000","-154,000",0,"154,000","-154,000"
"=""057139""",碩天群益47購01  ,0,0,0,0,"154,000","-154,000",0,"154,000","-154,000"
"=""057711""",金寶元大4A購02  ,0,0,0,"48,000","202,000","-154,000","48,000","202,000","-154,000"
"=""058415""",智邦富邦48購01  ,0,0,0,0,"154,000","-154,000",0,"154,000","-154,000"
"=""064967""",華航國泰48購01  ,0,0,0,0,"154,000","-154,000",0,"154,000","-154,000"
"=""067567""",台玻富邦49購01  ,0,0,0,"103,000","257,000","-154,000","103,000","257,000","-154,000"
"=""070099""",晶心科凱基48購01,0,0,0,"20,000","174,000","-154,000","20,000","174,000","-154,000"
"=""070587""",長榮元大51購01  ,0,0,0,"189,000","343,000","-154,000","189,000","343,000","-154,000"
"=""070901""",華城凱基48購04  ,0,0,0,0,"154,000","-154,000",0,"154,000","-154,000"
"=""070957""",威盛國票49購03  ,0,0,0,0,"154,000","-154,000",0,"154,000","-154,000"
"=""073114""",微星國票4A購02  ,0,0,0,"76,000","230,000","-154,000","76,000","230,000","-154,000"
"=""074027""",玉晶光元富49購02,0,0,0,0,"154,000","-154,000",0,"154,000","-154,000"
"=""075155""",台積電凱基4A購30,0,0,0,0,"154,000","-154,000",0,"154,000","-154,000"
"=""076797""",台積電國泰4A購09,0,0,0,"46,000","200,000","-154,000","46,000","200,000","-154,000"
"=""077013""",臺股指元富49購29,0,0,0,0,"154,000","-154,000",0,"154,000","-154,000"
"=""077156""",神基富邦4A購02  ,0,0,0,0,"154,000","-154,000",0,"154,000","-154,000"
"=""058328""",新興群益45購01  ,0,0,0,"35,000","188,000","-153,000","35,000","188,000","-153,000"
"=""068846""",立積統一62購01  ,0,0,0,"5,000","158,000","-153,000","5,000","158,000","-153,000"
"=""070769""",為升第一48購01  ,0,0,0,"32,000","185,000","-153,000","32,000","185,000","-153,000"
"=""071171""",新日興永豐4A購02,0,0,0,0,"153,000","-153,000",0,"153,000","-153,000"
"=""03311T""",臺股指元大36售20,0,0,0,0,"152,000","-152,000",0,"152,000","-152,000"
"=""066737""",元債2X元大48購04,0,0,0,0,"152,000","-152,000",0,"152,000","-152,000"
"=""067658""",來億永豐48購02  ,0,0,0,"11,000","163,000","-152,000","11,000","163,000","-152,000"
"=""067874""",威盛群益47購11  ,0,0,0,0,"152,000","-152,000",0,"152,000","-152,000"
"=""069941""",鉅祥兆豐4A購01  ,0,0,0,"49,000","201,000","-152,000","49,000","201,000","-152,000"
"=""071871""",南亞科中信4A購01,0,0,0,0,"152,000","-152,000",0,"152,000","-152,000"
"=""072621""",皇昌國泰4A購01  ,0,0,0,"98,000","250,000","-152,000","98,000","250,000","-152,000"
"=""073192""",文曄統一52購02  ,0,0,0,"3,000","155,000","-152,000","3,000","155,000","-152,000"
"=""073404""",聯電富邦41購01  ,0,0,0,0,"152,000","-152,000",0,"152,000","-152,000"
"=""075156""",台積電凱基4C購16,0,0,0,0,"152,000","-152,000",0,"152,000","-152,000"
"=""075602""",緯穎元大4B購04  ,0,0,0,0,"152,000","-152,000",0,"152,000","-152,000"
"=""057984""",鴻海統一41購01  ,0,0,0,0,"151,000","-151,000",0,"151,000","-151,000"
"=""058035""",緯穎凱基45購07  ,0,0,0,0,"151,000","-151,000",0,"151,000","-151,000"
"=""062870""",亞光統一54購01  ,0,0,0,"2,000","153,000","-151,000","2,000","153,000","-151,000"
"=""070991""",裕民台新48購01  ,0,0,0,"45,000","196,000","-151,000","45,000","196,000","-151,000"
"=""073161""",欣興元大49購02  ,0,0,0,0,"151,000","-151,000",0,"151,000","-151,000"
"=""074450""",智邦永豐4A購01  ,0,0,0,"32,000","183,000","-151,000","32,000","183,000","-151,000"
"=""075577""",新興元大49購05  ,0,0,0,0,"151,000","-151,000",0,"151,000","-151,000"
"=""03108T""",創意國票34售01  ,0,0,0,0,"150,000","-150,000",0,"150,000","-150,000"
"=""03267T""",SGBR2X元大34售02,0,0,0,0,"150,000","-150,000",0,"150,000","-150,000"
"=""04260T""",大立光元大35售14,0,0,0,0,"150,000","-150,000",0,"150,000","-150,000"
"=""050428""",台積電國泰45購09,0,0,0,0,"150,000","-150,000",0,"150,000","-150,000"
"=""050809""",金像電永豐43購01,0,0,0,0,"150,000","-150,000",0,"150,000","-150,000"
"=""052146""",京城銀元大43購01,0,0,0,0,"150,000","-150,000",0,"150,000","-150,000"
"=""053982""",緯創凱基47購02  ,0,0,0,0,"150,000","-150,000",0,"150,000","-150,000"
"=""056108""",嘉澤元大44購09  ,0,0,0,0,"150,000","-150,000",0,"150,000","-150,000"
"=""056581""",辛耘元大45購03  ,0,0,0,0,"150,000","-150,000",0,"150,000","-150,000"
"=""056918""",滬深2X群益4B購01,0,0,0,0,"150,000","-150,000",0,"150,000","-150,000"
"=""056980""",世芯元富45購05  ,0,0,0,0,"150,000","-150,000",0,"150,000","-150,000"
"=""057136""",昇貿群益45購01  ,0,0,0,0,"150,000","-150,000",0,"150,000","-150,000"
"=""057903""",神達國票45購03  ,0,0,0,0,"150,000","-150,000",0,"150,000","-150,000"
"=""059080""",華城元富4B購01  ,0,0,0,0,"150,000","-150,000",0,"150,000","-150,000"
"=""060739""",台塑元大46購03  ,0,0,0,"150,000","300,000","-150,000","150,000","300,000","-150,000"
"=""060924""",東元凱基46購03  ,0,0,0,"59,000","209,000","-150,000","59,000","209,000","-150,000"
"=""061024""",聯電元大46購10  ,0,0,0,0,"150,000","-150,000",0,"150,000","-150,000"
"=""061397""",聯發科群益48購02,0,0,0,0,"150,000","-150,000",0,"150,000","-150,000"
"=""062088""",全新元大4C購01  ,0,0,0,0,"150,000","-150,000",0,"150,000","-150,000"
"=""062253""",長榮凱基46購12  ,0,0,0,0,"150,000","-150,000",0,"150,000","-150,000"
"=""062658""",亞光凱基46購06  ,0,0,0,0,"150,000","-150,000",0,"150,000","-150,000"
"=""064184""",上銀中信46購04  ,0,0,0,0,"150,000","-150,000",0,"150,000","-150,000"
"=""065347""",元日2X群益4C購01,0,0,0,0,"150,000","-150,000",0,"150,000","-150,000"
"=""065686""",志強凱基47購01  ,0,0,0,"100,000","250,000","-150,000","100,000","250,000","-150,000"
"=""067030""",永道統一53購03  ,0,0,0,0,"150,000","-150,000",0,"150,000","-150,000"
"=""067843""",大成鋼凱基47購02,0,0,0,"186,000","336,000","-150,000","186,000","336,000","-150,000"
"=""068525""",永道元大48購01  ,0,0,0,0,"150,000","-150,000",0,"150,000","-150,000"
"=""068663""",力積電中信49購01,0,0,0,0,"150,000","-150,000",0,"150,000","-150,000"
"=""071055""",滬深2X永豐48購09,0,0,0,0,"150,000","-150,000",0,"150,000","-150,000"
"=""071377""",世芯元大51購06  ,0,0,0,0,"150,000","-150,000",0,"150,000","-150,000"
"=""071378""",神達元大51購05  ,0,0,0,0,"150,000","-150,000",0,"150,000","-150,000"
"=""072947""",中502X元大52購01,0,0,0,0,"150,000","-150,000",0,"150,000","-150,000"
"=""073130""",華友聯元大49購02,0,0,0,0,"150,000","-150,000",0,"150,000","-150,000"
"=""073806""",大亞元富4A購01  ,0,0,0,0,"150,000","-150,000",0,"150,000","-150,000"
"=""074268""",大成鋼群益49購04,0,0,0,0,"150,000","-150,000",0,"150,000","-150,000"
"=""074331""",華城元大4C購01  ,0,0,0,0,"150,000","-150,000",0,"150,000","-150,000"
"=""074335""",美時元大49購05  ,0,0,0,"22,000","172,000","-150,000","22,000","172,000","-150,000"
"=""074362""",慧洋元大49購11  ,0,0,0,0,"150,000","-150,000",0,"150,000","-150,000"
"=""075263""",臺股指元大49購45,0,0,0,0,"150,000","-150,000",0,"150,000","-150,000"
"=""075945""",華城群益49購10  ,0,0,0,"16,000","166,000","-150,000","16,000","166,000","-150,000"
"=""076100""",智原群益49購04  ,0,0,0,0,"150,000","-150,000",0,"150,000","-150,000"
"=""076214""",漢翔元大49購02  ,0,0,0,"10,000","160,000","-150,000","10,000","160,000","-150,000"
"=""076253""",台積電群益49購33,0,0,0,0,"150,000","-150,000",0,"150,000","-150,000"
"=""077177""",T50正2元富54購01,0,0,0,0,"150,000","-150,000",0,"150,000","-150,000"
"=""08454U""",友達凱基32售04  ,0,0,0,0,"150,000","-150,000",0,"150,000","-150,000"
3702  ,大聯大          ,"17,839","71,000","-53,161","25,000","121,000","-96,000","42,839","192,000","-149,161"
"=""061922""",長榮航富邦46購03,0,0,0,"1,000","150,000","-149,000","1,000","150,000","-149,000"
"=""064514""",緯創統一3A購03  ,0,0,0,"40,000","189,000","-149,000","40,000","189,000","-149,000"
"=""065773""",泰金寶元大47購06,0,0,0,"5,000","154,000","-149,000","5,000","154,000","-149,000"
"=""067734""",台塑群益49購03  ,0,0,0,"16,000","165,000","-149,000","16,000","165,000","-149,000"
"=""073247""",日本2X元富49購01,0,0,0,"234,000","383,000","-149,000","234,000","383,000","-149,000"
"=""074061""",奇鋐凱基49購07  ,0,0,0,"9,000","158,000","-149,000","9,000","158,000","-149,000"
"=""04747T""",愛普元大35售06  ,0,0,0,"10,000","158,000","-148,000","10,000","158,000","-148,000"
"=""047760""",長榮國泰44購03  ,0,0,0,"50,000","198,000","-148,000","50,000","198,000","-148,000"
"=""050954""",材料群益47購01  ,0,0,0,"36,000","184,000","-148,000","36,000","184,000","-148,000"
"=""05824T""",創意元大37售11  ,0,0,0,"10,000","158,000","-148,000","10,000","158,000","-148,000"
"=""063023""",穎崴群益46購02  ,0,0,0,"4,000","152,000","-148,000","4,000","152,000","-148,000"
"=""066969""",大立光元大47購11,0,0,0,"32,000","180,000","-148,000","32,000","180,000","-148,000"
"=""068103""",漢唐元富47購05  ,0,0,0,"31,000","179,000","-148,000","31,000","179,000","-148,000"
"=""068175""",滬深2X永豐48購05,0,0,0,"3,000","151,000","-148,000","3,000","151,000","-148,000"
"=""068194""",鴻海元富52購01  ,0,0,0,0,"148,000","-148,000",0,"148,000","-148,000"
"=""069033""",創意永豐4B購02  ,0,0,0,0,"148,000","-148,000",0,"148,000","-148,000"
"=""073788""",新日興凱基49購05,0,0,0,"105,000","253,000","-148,000","105,000","253,000","-148,000"
"=""076074""",AES統一59購02   ,0,0,0,"2,000","150,000","-148,000","2,000","150,000","-148,000"
3005  ,神基            ,"268,000","260,815","7,185","8,000","162,459","-154,459","276,000","423,274","-147,274"
"=""058406""",永崴控元富45購01,0,0,0,"2,000","149,000","-147,000","2,000","149,000","-147,000"
"=""063269""",上銀元富4C購01  ,0,0,0,"38,000","185,000","-147,000","38,000","185,000","-147,000"
"=""067903""",鴻海元大47購23  ,0,0,0,"103,000","250,000","-147,000","103,000","250,000","-147,000"
"=""072132""",晟銘電統一58購02,0,0,0,"31,000","178,000","-147,000","31,000","178,000","-147,000"
"=""07370U""",臺股指國泰34售01,0,0,0,0,"147,000","-147,000",0,"147,000","-147,000"
"=""074825""",世芯元大49購14  ,0,0,0,"226,000","373,000","-147,000","226,000","373,000","-147,000"
"=""076913""",漢唐凱基53購01  ,0,0,0,0,"147,000","-147,000",0,"147,000","-147,000"
"=""05723T""",陽明元大37售20  ,0,0,0,0,"146,000","-146,000",0,"146,000","-146,000"
"=""066361""",皇昌元富47購02  ,0,0,0,"626,000","772,000","-146,000","626,000","772,000","-146,000"
"=""067142""",台積電元大4B購04,0,0,0,"22,000","168,000","-146,000","22,000","168,000","-146,000"
"=""073085""",大成鋼元富49購04,0,0,0,"27,000","173,000","-146,000","27,000","173,000","-146,000"
"=""073422""",聯發科國泰4A購01,0,0,0,0,"146,000","-146,000",0,"146,000","-146,000"
"=""076429""",長虹凱基49購01  ,0,0,0,0,"146,000","-146,000",0,"146,000","-146,000"
"=""076580""",廣宇中信4B購01  ,0,0,0,0,"146,000","-146,000",0,"146,000","-146,000"
"=""047737""",元債2X元富3C購01,0,0,0,"95,000","240,000","-145,000","95,000","240,000","-145,000"
"=""05571T""",亞翔永豐37售05  ,0,0,0,"21,000","166,000","-145,000","21,000","166,000","-145,000"
"=""058650""",奇鋐凱基46購03  ,0,0,0,0,"145,000","-145,000",0,"145,000","-145,000"
"=""061052""",康舒元大46購02  ,0,0,0,"3,000","148,000","-145,000","3,000","148,000","-145,000"
"=""061709""",華航中信46購04  ,0,0,0,"349,000","494,000","-145,000","349,000","494,000","-145,000"
"=""065893""",鴻海凱基47購17  ,0,0,0,"483,000","628,000","-145,000","483,000","628,000","-145,000"
"=""066308""",直得中信47購01  ,0,0,0,"10,000","155,000","-145,000","10,000","155,000","-145,000"
"=""071212""",裕民國泰49購01  ,0,0,0,"10,000","155,000","-145,000","10,000","155,000","-145,000"
"=""072154""",台積電國泰49購05,0,0,0,"145,000","290,000","-145,000","145,000","290,000","-145,000"
"=""072839""",中鴻凱基49購02  ,0,0,0,"83,000","228,000","-145,000","83,000","228,000","-145,000"
"=""076865""",聯發科元大4A購05,0,0,0,"150,000","295,000","-145,000","150,000","295,000","-145,000"
"=""040020""",晶豪科國票54購04,0,0,0,"13,000","157,000","-144,000","13,000","157,000","-144,000"
"=""047645""",創意國泰44購01  ,0,0,0,0,"144,000","-144,000",0,"144,000","-144,000"
"=""064284""",聯發科元大49購01,0,0,0,0,"144,000","-144,000",0,"144,000","-144,000"
"=""065239""",世芯凱基4A購03  ,0,0,0,0,"144,000","-144,000",0,"144,000","-144,000"
"=""071626""",皇昌富邦4A購02  ,0,0,0,0,"144,000","-144,000",0,"144,000","-144,000"
"=""074646""",威強電凱基51購01,0,0,0,"27,000","171,000","-144,000","27,000","171,000","-144,000"
"=""076226""",AES元大49購02   ,0,0,0,0,"144,000","-144,000",0,"144,000","-144,000"
"=""03295T""",大眾控群益33售01,0,0,0,"3,000","146,000","-143,000","3,000","146,000","-143,000"
"=""055287""",中鴻元大44購03  ,0,0,0,"51,000","194,000","-143,000","51,000","194,000","-143,000"
"=""059385""",技嘉兆豐45購03  ,0,0,0,0,"143,000","-143,000",0,"143,000","-143,000"
"=""062894""",凱基金國泰48購01,0,0,0,"10,000","153,000","-143,000","10,000","153,000","-143,000"
"=""064239""",宇隆群益49購02  ,0,0,0,"53,000","196,000","-143,000","53,000","196,000","-143,000"
"=""064427""",中磊凱基46購03  ,0,0,0,"18,000","161,000","-143,000","18,000","161,000","-143,000"
"=""066909""",華通富邦3B購01  ,0,0,0,"151,000","294,000","-143,000","151,000","294,000","-143,000"
"=""068662""",力積電統一58購01,0,0,0,"7,000","150,000","-143,000","7,000","150,000","-143,000"
"=""070403""",聯發科元富4A購14,0,0,0,0,"143,000","-143,000",0,"143,000","-143,000"
"=""071084""",南亞科群益49購03,0,0,0,"3,000","146,000","-143,000","3,000","146,000","-143,000"
"=""072171""",英業達國票49購03,0,0,0,"11,000","154,000","-143,000","11,000","154,000","-143,000"
"=""073354""",欣興群益49購01  ,0,0,0,0,"143,000","-143,000",0,"143,000","-143,000"
"=""073914""",碩天群益49購02  ,0,0,0,"6,000","149,000","-143,000","6,000","149,000","-143,000"
"=""074916""",世芯凱基51購03  ,0,0,0,"16,000","159,000","-143,000","16,000","159,000","-143,000"
"=""03011T""",臺股指富邦35售02,0,0,0,"50,000","192,000","-142,000","50,000","192,000","-142,000"
"=""03875T""",臺股指凱基36售27,0,0,0,0,"142,000","-142,000",0,"142,000","-142,000"
"=""058288""",長榮元大45購15  ,0,0,0,0,"142,000","-142,000",0,"142,000","-142,000"
"=""063926""",道瓊銀國票4A購01,0,0,0,0,"142,000","-142,000",0,"142,000","-142,000"
"=""066688""",玉晶光凱基49購02,0,0,0,"236,000","378,000","-142,000","236,000","378,000","-142,000"
"=""068568""",祥碩國票49購01  ,0,0,0,"47,000","189,000","-142,000","47,000","189,000","-142,000"
"=""075045""",台泥富邦4B購01  ,0,0,0,0,"142,000","-142,000",0,"142,000","-142,000"
"=""056140""",緯創元富44購07  ,0,0,0,0,"141,000","-141,000",0,"141,000","-141,000"
"=""056904""",世芯元大45購12  ,0,0,0,"20,000","161,000","-141,000","20,000","161,000","-141,000"
"=""059296""",日月光國泰47購01,0,0,0,"12,000","153,000","-141,000","12,000","153,000","-141,000"
"=""061272""",保瑞凱基4A購01  ,0,0,0,"216,000","357,000","-141,000","216,000","357,000","-141,000"
"=""063332""",迅得國票47購02  ,0,0,0,"89,000","230,000","-141,000","89,000","230,000","-141,000"
"=""073790""",貿聯凱基4A購03  ,0,0,0,0,"141,000","-141,000",0,"141,000","-141,000"
"=""03743T""",文曄群益36售03  ,0,0,0,0,"140,000","-140,000",0,"140,000","-140,000"
"=""047251""",海悅統一4B購02  ,0,0,0,0,"140,000","-140,000",0,"140,000","-140,000"
"=""053164""",群創國泰46購01  ,0,0,0,"169,000","309,000","-140,000","169,000","309,000","-140,000"
"=""053950""",矽力兆豐45購01  ,0,0,0,"31,000","171,000","-140,000","31,000","171,000","-140,000"
"=""058461""",振樺電台新45購01,0,0,0,0,"140,000","-140,000",0,"140,000","-140,000"
"=""060010""",和大永豐47購01  ,0,0,0,0,"140,000","-140,000",0,"140,000","-140,000"
"=""060184""",長榮航元大46購01,0,0,0,0,"140,000","-140,000",0,"140,000","-140,000"
"=""061505""",威盛元富4C購01  ,0,0,0,0,"140,000","-140,000",0,"140,000","-140,000"
"=""062652""",威盛凱基46購02  ,0,0,0,"30,000","170,000","-140,000","30,000","170,000","-140,000"
"=""063506""",國巨中信48購01  ,0,0,0,"10,000","150,000","-140,000","10,000","150,000","-140,000"
"=""070104""",亞德客元大48購02,0,0,0,0,"140,000","-140,000",0,"140,000","-140,000"
"=""070338""",昇貿元大48購02  ,0,0,0,"200,000","340,000","-140,000","200,000","340,000","-140,000"
"=""071132""",裕民元大48購02  ,0,0,0,0,"140,000","-140,000",0,"140,000","-140,000"
"=""071971""",台積電元富49購15,0,0,0,0,"140,000","-140,000",0,"140,000","-140,000"
"=""072005""",天鈺國票48購01  ,0,0,0,0,"140,000","-140,000",0,"140,000","-140,000"
"=""074327""",美費半元大4B購01,0,0,0,"20,000","160,000","-140,000","20,000","160,000","-140,000"
"=""075452""",健鼎元大49購01  ,0,0,0,0,"140,000","-140,000",0,"140,000","-140,000"
"=""075625""",聯發科群益59購01,0,0,0,0,"140,000","-140,000",0,"140,000","-140,000"
"=""076321""",東陽元富49購02  ,0,0,0,"47,000","187,000","-140,000","47,000","187,000","-140,000"
"=""076537""",力成元大49購05  ,0,0,0,"34,000","174,000","-140,000","34,000","174,000","-140,000"
"=""076899""",國企2X凱基4C購01,0,0,0,"10,000","150,000","-140,000","10,000","150,000","-140,000"
"=""04634T""",臺股指元大38售07,0,0,0,"378,000","517,000","-139,000","378,000","517,000","-139,000"
"=""058377""",精金國票51購01  ,0,0,0,0,"139,000","-139,000",0,"139,000","-139,000"
"=""067505""",台積電元大47購37,0,0,0,"122,000","261,000","-139,000","122,000","261,000","-139,000"
"=""071147""",精銳元大48購10  ,0,0,0,"27,000","166,000","-139,000","27,000","166,000","-139,000"
"=""075350""",新興凱基4B購01  ,0,0,0,"693,000","832,000","-139,000","693,000","832,000","-139,000"
"=""075943""",漢唐台新49購01  ,0,0,0,0,"139,000","-139,000",0,"139,000","-139,000"
"=""076583""",和大永豐4A購01  ,0,0,0,"15,000","154,000","-139,000","15,000","154,000","-139,000"
"=""055109""",全科元大44購02  ,0,0,0,0,"138,000","-138,000",0,"138,000","-138,000"
"=""061498""",中信金兆豐46購01,0,0,0,0,"138,000","-138,000",0,"138,000","-138,000"
"=""069523""",台玻國票49購01  ,0,0,0,"485,000","623,000","-138,000","485,000","623,000","-138,000"
"=""075013""",上銀群益4A購05  ,0,0,0,"565,000","703,000","-138,000","565,000","703,000","-138,000"
"=""056942""",緯穎群益45購03  ,0,0,0,"5,000","142,000","-137,000","5,000","142,000","-137,000"
"=""057806""",鴻海元富45購09  ,0,0,0,"8,000","145,000","-137,000","8,000","145,000","-137,000"
"=""060621""",智邦國票47購01  ,0,0,0,"39,000","176,000","-137,000","39,000","176,000","-137,000"
"=""064754""",美時國票47購01  ,0,0,0,"151,000","288,000","-137,000","151,000","288,000","-137,000"
"=""066567""",建準統一41購01  ,0,0,0,"423,000","560,000","-137,000","423,000","560,000","-137,000"
"=""067536""",台積電群益47購38,0,0,0,"81,000","218,000","-137,000","81,000","218,000","-137,000"
"=""069407""",世芯統一52購02  ,0,0,0,0,"137,000","-137,000",0,"137,000","-137,000"
"=""071699""",鈺齊群益4A購02  ,0,0,0,0,"137,000","-137,000",0,"137,000","-137,000"
"=""076378""",宏致元大49購02  ,0,0,0,"9,000","146,000","-137,000","9,000","146,000","-137,000"
2812  ,台中銀          ,0,0,0,"12,000","149,000","-137,000","12,000","149,000","-137,000"
"=""049589""",萬海國票44購01  ,0,0,0,0,"136,000","-136,000",0,"136,000","-136,000"
"=""051366""",台化元大43購01  ,0,0,0,"136,000","272,000","-136,000","136,000","272,000","-136,000"
"=""059425""",亞光群益45購02  ,0,0,0,"7,000","143,000","-136,000","7,000","143,000","-136,000"
"=""062247""",威盛凱基47購02  ,0,0,0,"247,000","383,000","-136,000","247,000","383,000","-136,000"
"=""066608""",川湖兆豐47購01  ,0,0,0,"131,000","267,000","-136,000","131,000","267,000","-136,000"
"=""068339""",大成鋼永豐48購01,0,0,0,"58,000","194,000","-136,000","58,000","194,000","-136,000"
"=""072535""",華孚群益48購01  ,0,0,0,0,"136,000","-136,000",0,"136,000","-136,000"
"=""075143""",臺股指永豐4C購04,0,0,0,"32,000","168,000","-136,000","32,000","168,000","-136,000"
"=""03404T""",嘉澤國票34售02  ,0,0,0,0,"135,000","-135,000",0,"135,000","-135,000"
"=""057482""",材料國票46購01  ,0,0,0,"4,000","139,000","-135,000","4,000","139,000","-135,000"
"=""058410""",台積電富邦45購09,0,0,0,"40,000","175,000","-135,000","40,000","175,000","-135,000"
"=""062742""",智邦富邦48購02  ,0,0,0,"200,000","335,000","-135,000","200,000","335,000","-135,000"
"=""062921""",智原凱基48購01  ,0,0,0,0,"135,000","-135,000",0,"135,000","-135,000"
"=""06862U""",光寶科永豐56售03,0,0,0,0,"135,000","-135,000",0,"135,000","-135,000"
"=""068967""",創意富邦4A購03  ,0,0,0,"15,000","150,000","-135,000","15,000","150,000","-135,000"
"=""070153""",一詮富邦4A購02  ,0,0,0,"24,000","159,000","-135,000","24,000","159,000","-135,000"
"=""071679""",華通群益51購01  ,0,0,0,"25,000","160,000","-135,000","25,000","160,000","-135,000"
"=""074396""",信邦國票4A購02  ,0,0,0,0,"135,000","-135,000",0,"135,000","-135,000"
"=""075079""",泰金寶元富49購02,0,0,0,0,"135,000","-135,000",0,"135,000","-135,000"
"=""075123""",元債2X永豐56購01,0,0,0,0,"135,000","-135,000",0,"135,000","-135,000"
"=""075551""",世芯凱基49購12  ,0,0,0,0,"135,000","-135,000",0,"135,000","-135,000"
"=""077040""",漢翔群益49購05  ,0,0,0,"15,000","150,000","-135,000","15,000","150,000","-135,000"
"=""03343T""",聯發科元大33售06,0,0,0,0,"134,000","-134,000",0,"134,000","-134,000"
"=""03605B""",臺股指元大34熊03,0,0,0,"50,000","184,000","-134,000","50,000","184,000","-134,000"
"=""04656T""",虹堡元大35售04  ,0,0,0,0,"134,000","-134,000",0,"134,000","-134,000"
"=""050302""",長榮凱基3A購03  ,0,0,0,0,"134,000","-134,000",0,"134,000","-134,000"
"=""061930""",雲豹兆豐4C購01  ,0,0,0,"11,000","145,000","-134,000","11,000","145,000","-134,000"
"=""070842""",T50正2元大51購02,0,0,0,"28,000","162,000","-134,000","28,000","162,000","-134,000"
"=""071622""",臺股指群益48購22,0,0,0,0,"134,000","-134,000",0,"134,000","-134,000"
"=""072331""",勤誠永豐49購01  ,0,0,0,"42,000","176,000","-134,000","42,000","176,000","-134,000"
"=""075021""",大同群益49購03  ,0,0,0,"74,000","208,000","-134,000","74,000","208,000","-134,000"
"=""075714""",長榮凱基4C購01  ,0,0,0,"20,000","154,000","-134,000","20,000","154,000","-134,000"
"=""076724""",奇鋐元大51購02  ,0,0,0,"28,000","162,000","-134,000","28,000","162,000","-134,000"
"=""051753""",威盛元富46購01  ,0,0,0,"231,000","364,000","-133,000","231,000","364,000","-133,000"
"=""052007""",定穎控元富44購01,0,0,0,"46,000","179,000","-133,000","46,000","179,000","-133,000"
"=""059585""",力成元大45購01  ,0,0,0,"22,000","155,000","-133,000","22,000","155,000","-133,000"
"=""065927""",奇鋐元富4A購07  ,0,0,0,"181,000","314,000","-133,000","181,000","314,000","-133,000"
"=""066002""",廣宇群益47購02  ,0,0,0,"359,000","492,000","-133,000","359,000","492,000","-133,000"
"=""066710""",FBNQ2X群益47購01,0,0,0,"87,000","220,000","-133,000","87,000","220,000","-133,000"
"=""067442""",億光國票47購01  ,0,0,0,0,"133,000","-133,000",0,"133,000","-133,000"
"=""072133""",威強電統一51購01,0,0,0,"100,000","233,000","-133,000","100,000","233,000","-133,000"
6789  ,采鈺            ,"23,000","117,415","-94,415","4,065","42,000","-37,935","27,065","159,415","-132,350"
"=""061001""",亞光群益47購02  ,0,0,0,"76,000","208,000","-132,000","76,000","208,000","-132,000"
"=""063444""",智邦元大46購10  ,0,0,0,"71,000","203,000","-132,000","71,000","203,000","-132,000"
"=""063543""",世芯國泰48購01  ,0,0,0,"2,000","134,000","-132,000","2,000","134,000","-132,000"
"=""067177""",美利達元大47購01,0,0,0,0,"132,000","-132,000",0,"132,000","-132,000"
"=""067275""",永道國泰48購01  ,0,0,0,"5,000","137,000","-132,000","5,000","137,000","-132,000"
"=""067421""",鴻海永豐47購15  ,0,0,0,0,"132,000","-132,000",0,"132,000","-132,000"
"=""069349""",世芯凱基51購01  ,0,0,0,0,"132,000","-132,000",0,"132,000","-132,000"
"=""072156""",偉訓國泰49購01  ,0,0,0,"21,000","153,000","-132,000","21,000","153,000","-132,000"
"=""072430""",元債2X凱基4B購05,0,0,0,"148,000","280,000","-132,000","148,000","280,000","-132,000"
"=""075487""",材料富邦4C購02  ,0,0,0,"5,000","137,000","-132,000","5,000","137,000","-132,000"
"=""075624""",聯發科群益4B購05,0,0,0,0,"132,000","-132,000",0,"132,000","-132,000"
"=""075667""",華城永豐4C購01  ,0,0,0,"88,000","220,000","-132,000","88,000","220,000","-132,000"
"=""00700 """,富邦�琤肭磪�    ,0,0,0,"205,174","336,486","-131,312","205,174","336,486","-131,312"
"=""045190""",乙盛統一5C購02  ,0,0,0,0,"131,000","-131,000",0,"131,000","-131,000"
"=""048213""",緯穎凱基44購04  ,0,0,0,"193,000","324,000","-131,000","193,000","324,000","-131,000"
"=""055165""",華泰元富45購01  ,0,0,0,0,"131,000","-131,000",0,"131,000","-131,000"
"=""057989""",新光鋼富邦47購01,0,0,0,0,"131,000","-131,000",0,"131,000","-131,000"
"=""061464""",飛宏元大46購01  ,0,0,0,"45,000","176,000","-131,000","45,000","176,000","-131,000"
"=""061489""",可成國泰48購01  ,0,0,0,"10,000","141,000","-131,000","10,000","141,000","-131,000"
"=""072925""",所羅門群益49購05,0,0,0,"7,000","138,000","-131,000","7,000","138,000","-131,000"
"=""072946""",中502X元大51購01,0,0,0,0,"131,000","-131,000",0,"131,000","-131,000"
"=""073171""",亞翔元大49購04  ,0,0,0,"5,000","136,000","-131,000","5,000","136,000","-131,000"
"=""076531""",信邦元大49購08  ,0,0,0,0,"131,000","-131,000",0,"131,000","-131,000"
"=""03610T""",緯穎永豐36售01  ,0,0,0,0,"130,000","-130,000",0,"130,000","-130,000"
"=""03784T""",SGBR2X元富34售01,0,0,0,0,"130,000","-130,000",0,"130,000","-130,000"
"=""045102""",國喬元大55購01  ,0,0,0,"89,000","219,000","-130,000","89,000","219,000","-130,000"
"=""05082T""",祥碩國票38售03  ,0,0,0,0,"130,000","-130,000",0,"130,000","-130,000"
"=""053347""",訊芯台新44購01  ,0,0,0,0,"130,000","-130,000",0,"130,000","-130,000"
"=""054302""",上銀統一4A購01  ,0,0,0,0,"130,000","-130,000",0,"130,000","-130,000"
"=""056583""",健策元大45購01  ,0,0,0,0,"130,000","-130,000",0,"130,000","-130,000"
"=""059422""",萬海群益4A購04  ,0,0,0,"91,000","221,000","-130,000","91,000","221,000","-130,000"
"=""061200""",台塑元大46購05  ,0,0,0,"10,000","140,000","-130,000","10,000","140,000","-130,000"
"=""061665""",東鹼群益46購01  ,0,0,0,"70,000","200,000","-130,000","70,000","200,000","-130,000"
"=""062232""",保瑞元富4C購01  ,0,0,0,"55,000","185,000","-130,000","55,000","185,000","-130,000"
"=""062656""",大立光凱基46購04,0,0,0,"30,000","160,000","-130,000","30,000","160,000","-130,000"
"=""064263""",T50反1元大4C購01,0,0,0,0,"130,000","-130,000",0,"130,000","-130,000"
"=""064801""",義隆元大47購02  ,0,0,0,0,"130,000","-130,000",0,"130,000","-130,000"
"=""065429""",長榮元大47購03  ,0,0,0,"65,000","195,000","-130,000","65,000","195,000","-130,000"
"=""066309""",台積電中信4B購02,0,0,0,"20,000","150,000","-130,000","20,000","150,000","-130,000"
"=""066824""",所羅門凱基47購01,0,0,0,0,"130,000","-130,000",0,"130,000","-130,000"
"=""067484""",敦泰統一41購01  ,0,0,0,0,"130,000","-130,000",0,"130,000","-130,000"
"=""068456""",台虹凱基48購01  ,0,0,0,"1,000","131,000","-130,000","1,000","131,000","-130,000"
"=""069213""",羅昇統一53購01  ,0,0,0,0,"130,000","-130,000",0,"130,000","-130,000"
"=""069843""",長榮群益48購11  ,0,0,0,0,"130,000","-130,000",0,"130,000","-130,000"
"=""070101""",元日2X元大4C購01,0,0,0,"16,000","146,000","-130,000","16,000","146,000","-130,000"
"=""070304""",勤誠國票49購01  ,0,0,0,0,"130,000","-130,000",0,"130,000","-130,000"
"=""070906""",宇隆凱基48購03  ,0,0,0,0,"130,000","-130,000",0,"130,000","-130,000"
"=""071726""",皇昌統一52購06  ,0,0,0,0,"130,000","-130,000",0,"130,000","-130,000"
"=""073210""",臺股指群益49購20,0,0,0,"80,000","210,000","-130,000","80,000","210,000","-130,000"
"=""073311""",世芯凱基4B購03  ,0,0,0,0,"130,000","-130,000",0,"130,000","-130,000"
"=""073996""",台積電統一56購05,0,0,0,"150,000","280,000","-130,000","150,000","280,000","-130,000"
"=""074044""",神達元富51購01  ,0,0,0,0,"130,000","-130,000",0,"130,000","-130,000"
"=""074065""",聯發科統一47購01,0,0,0,0,"130,000","-130,000",0,"130,000","-130,000"
"=""074340""",中鴻元大49購10  ,0,0,0,0,"130,000","-130,000",0,"130,000","-130,000"
"=""075948""",亞德客群益4A購02,0,0,0,0,"130,000","-130,000",0,"130,000","-130,000"
"=""076036""",健策富邦49購02  ,0,0,0,"100,000","230,000","-130,000","100,000","230,000","-130,000"
"=""076914""",南亞科凱基4C購03,0,0,0,0,"130,000","-130,000",0,"130,000","-130,000"
"=""03439T""",臺股指群益33售44,0,0,0,"230,000","359,000","-129,000","230,000","359,000","-129,000"
"=""049658""",精成科富邦45購01,0,0,0,"67,000","196,000","-129,000","67,000","196,000","-129,000"
"=""053973""",中502X凱基46購02,0,0,0,0,"129,000","-129,000",0,"129,000","-129,000"
"=""057541""",技嘉元大48購02  ,0,0,0,"10,000","139,000","-129,000","10,000","139,000","-129,000"
"=""058238""",鴻海凱基45購15  ,0,0,0,0,"129,000","-129,000",0,"129,000","-129,000"
"=""060541""",中鴻富邦46購01  ,0,0,0,0,"129,000","-129,000",0,"129,000","-129,000"
"=""060782""",保瑞元大46購06  ,0,0,0,0,"129,000","-129,000",0,"129,000","-129,000"
"=""061396""",聯發科群益47購03,0,0,0,"15,000","144,000","-129,000","15,000","144,000","-129,000"
"=""062908""",智邦凱基4A購01  ,0,0,0,"27,000","156,000","-129,000","27,000","156,000","-129,000"
"=""063881""",長榮元大46購31  ,0,0,0,"652,000","781,000","-129,000","652,000","781,000","-129,000"
"=""066171""",和大中信47購02  ,0,0,0,0,"129,000","-129,000",0,"129,000","-129,000"
"=""066298""",愛普元大47購09  ,0,0,0,"288,000","417,000","-129,000","288,000","417,000","-129,000"
"=""068990""",鴻海國泰49購01  ,0,0,0,0,"129,000","-129,000",0,"129,000","-129,000"
"=""070792""",精成科元富52購01,0,0,0,"183,000","312,000","-129,000","183,000","312,000","-129,000"
"=""072654""",上銀元富53購01  ,0,0,0,0,"129,000","-129,000",0,"129,000","-129,000"
"=""074296""",美費半元富49購01,0,0,0,"18,000","147,000","-129,000","18,000","147,000","-129,000"
"=""076312""",AES統一53購02   ,0,0,0,"24,000","153,000","-129,000","24,000","153,000","-129,000"
"=""04271T""",英業達凱基35售05,0,0,0,"20,000","148,000","-128,000","20,000","148,000","-128,000"
"=""057734""",貿聯元大45購09  ,0,0,0,"30,000","158,000","-128,000","30,000","158,000","-128,000"
"=""066169""",緯穎統一45購01  ,0,0,0,"26,000","154,000","-128,000","26,000","154,000","-128,000"
"=""072134""",威強電統一52購02,0,0,0,0,"128,000","-128,000",0,"128,000","-128,000"
"=""073844""",華邦電元大49購06,0,0,0,0,"128,000","-128,000",0,"128,000","-128,000"
"=""075398""",力成群益49購02  ,0,0,0,0,"128,000","-128,000",0,"128,000","-128,000"
"=""077157""",欣興富邦4B購02  ,0,0,0,0,"128,000","-128,000",0,"128,000","-128,000"
"=""060746""",大成鋼元大46購02,0,0,0,0,"127,000","-127,000",0,"127,000","-127,000"
"=""062704""",聯茂永豐46購01  ,0,0,0,"20,000","147,000","-127,000","20,000","147,000","-127,000"
"=""064433""",臺股指凱基46購38,0,0,0,0,"127,000","-127,000",0,"127,000","-127,000"
"=""067078""",世芯群益48購18  ,0,0,0,0,"127,000","-127,000",0,"127,000","-127,000"
"=""069839""",威盛群益48購03  ,0,0,0,"194,000","321,000","-127,000","194,000","321,000","-127,000"
"=""071237""",大銀第一48購02  ,0,0,0,"52,000","179,000","-127,000","52,000","179,000","-127,000"
"=""071628""",臻鼎富邦4A購01  ,0,0,0,0,"127,000","-127,000",0,"127,000","-127,000"
"=""075775""",金像電國票4B購01,0,0,0,0,"127,000","-127,000",0,"127,000","-127,000"
"=""076077""",中502X群益4B購01,0,0,0,0,"127,000","-127,000",0,"127,000","-127,000"
"=""056776""",世紀鋼國泰47購01,0,0,0,0,"126,000","-126,000",0,"126,000","-126,000"
"=""061802""",鴻準凱基47購04  ,0,0,0,"258,000","384,000","-126,000","258,000","384,000","-126,000"
"=""065200""",瀚宇博凱基49購01,0,0,0,0,"126,000","-126,000",0,"126,000","-126,000"
"=""066229""",伊雲谷群益47購01,0,0,0,0,"126,000","-126,000",0,"126,000","-126,000"
"=""068229""",群創群益48購03  ,0,0,0,0,"126,000","-126,000",0,"126,000","-126,000"
"=""069257""",聯電兆豐4A購01  ,0,0,0,"77,000","203,000","-126,000","77,000","203,000","-126,000"
"=""072463""",亞力元大48購01  ,0,0,0,0,"126,000","-126,000",0,"126,000","-126,000"
"=""076648""",長榮凱基49購07  ,0,0,0,0,"126,000","-126,000",0,"126,000","-126,000"
"=""04600T""",台灣50群益35售09,0,0,0,"150,000","275,000","-125,000","150,000","275,000","-125,000"
"=""050828""",藍天國泰45購01  ,0,0,0,0,"125,000","-125,000",0,"125,000","-125,000"
"=""054455""",保瑞群益46購01  ,0,0,0,"12,000","137,000","-125,000","12,000","137,000","-125,000"
"=""059953""",T50正2元大46購04,0,0,0,0,"125,000","-125,000",0,"125,000","-125,000"
"=""063536""",華城國泰48購01  ,0,0,0,"255,000","380,000","-125,000","255,000","380,000","-125,000"
"=""066879""",台耀統一43購01  ,0,0,0,"10,000","135,000","-125,000","10,000","135,000","-125,000"
"=""068353""",力積電永豐4C購01,0,0,0,"43,000","168,000","-125,000","43,000","168,000","-125,000"
"=""071565""",鴻海凱基49購11  ,0,0,0,"70,000","195,000","-125,000","70,000","195,000","-125,000"
"=""073894""",台積電群益49購16,0,0,0,"40,000","165,000","-125,000","40,000","165,000","-125,000"
"=""075202""",世紀鋼群益49購03,0,0,0,0,"125,000","-125,000",0,"125,000","-125,000"
"=""075733""",元日2X群益59購01,0,0,0,0,"125,000","-125,000",0,"125,000","-125,000"
"=""04129T""",緯創元富3A售02  ,0,0,0,"35,000","159,000","-124,000","35,000","159,000","-124,000"
"=""055744""",健策元大44購07  ,0,0,0,"98,000","222,000","-124,000","98,000","222,000","-124,000"
"=""058934""",聯發科群益47購02,0,0,0,"47,000","171,000","-124,000","47,000","171,000","-124,000"
"=""063705""",緯穎永豐48購05  ,0,0,0,"19,000","143,000","-124,000","19,000","143,000","-124,000"
"=""064113""",全新群益46購11  ,0,0,0,"150,000","274,000","-124,000","150,000","274,000","-124,000"
"=""064501""",聯電統一3A購03  ,0,0,0,"44,000","168,000","-124,000","44,000","168,000","-124,000"
"=""065264""",洋基元富47購01  ,0,0,0,"5,000","129,000","-124,000","5,000","129,000","-124,000"
"=""068234""",臺指反國票52購01,0,0,0,"40,000","164,000","-124,000","40,000","164,000","-124,000"
"=""071130""",立隆電元大48購08,0,0,0,"154,000","278,000","-124,000","154,000","278,000","-124,000"
"=""071538""",新日興元大4C購03,0,0,0,"31,000","155,000","-124,000","31,000","155,000","-124,000"
"=""072694""",致茂國票4A購01  ,0,0,0,"59,000","183,000","-124,000","59,000","183,000","-124,000"
"=""073512""",台積電凱基54購08,0,0,0,0,"124,000","-124,000",0,"124,000","-124,000"
"=""075933""",智原凱基49購02  ,0,0,0,"15,000","139,000","-124,000","15,000","139,000","-124,000"
"=""076254""",台積電群益49購34,0,0,0,"5,000","129,000","-124,000","5,000","129,000","-124,000"
"=""076758""",漢翔永豐49購04  ,0,0,0,"59,000","183,000","-124,000","59,000","183,000","-124,000"
"=""04548T""",華城元富35售03  ,0,0,0,"272,000","395,000","-123,000","272,000","395,000","-123,000"
"=""04661T""",台灣50凱基35售13,0,0,0,"31,000","154,000","-123,000","31,000","154,000","-123,000"
"=""074682""",碩天群益49購03  ,0,0,0,"45,000","168,000","-123,000","45,000","168,000","-123,000"
"=""03344T""",華通群益35售01  ,0,0,0,0,"122,000","-122,000",0,"122,000","-122,000"
"=""045677""",東哥元富42購02  ,0,0,0,"20,000","142,000","-122,000","20,000","142,000","-122,000"
"=""057502""",聯發科統一41購01,0,0,0,0,"122,000","-122,000",0,"122,000","-122,000"
"=""060210""",台灣50凱基46購09,0,0,0,"221,000","343,000","-122,000","221,000","343,000","-122,000"
"=""061089""",華新科永豐47購01,0,0,0,"210,000","332,000","-122,000","210,000","332,000","-122,000"
"=""064441""",南亞元大46購01  ,0,0,0,"1,000","123,000","-122,000","1,000","123,000","-122,000"
"=""069029""",華碩永豐49購01  ,0,0,0,"15,000","137,000","-122,000","15,000","137,000","-122,000"
"=""069240""",穎崴元富48購01  ,0,0,0,"42,000","164,000","-122,000","42,000","164,000","-122,000"
"=""04476T""",建準群益35售03  ,0,0,0,"30,000","151,000","-121,000","30,000","151,000","-121,000"
"=""050812""",十銓永豐45購03  ,0,0,0,"100,000","221,000","-121,000","100,000","221,000","-121,000"
"=""05241T""",臺股指凱基3B售06,0,0,0,"31,000","152,000","-121,000","31,000","152,000","-121,000"
"=""05579T""",臺股指凱基3B售09,0,0,0,"20,000","141,000","-121,000","20,000","141,000","-121,000"
"=""056895""",長榮元大45購08  ,0,0,0,"10,000","131,000","-121,000","10,000","131,000","-121,000"
"=""064256""",材料群益46購15  ,0,0,0,0,"121,000","-121,000",0,"121,000","-121,000"
"=""065481""",精成科國票4A購01,0,0,0,"512,000","633,000","-121,000","512,000","633,000","-121,000"
"=""066864""",台積電元富47購22,0,0,0,"9,000","130,000","-121,000","9,000","130,000","-121,000"
"=""072754""",東科元大49購01  ,0,0,0,0,"121,000","-121,000",0,"121,000","-121,000"
"=""076098""",聯詠群益49購01  ,0,0,0,"34,000","155,000","-121,000","34,000","155,000","-121,000"
"=""03566T""",華通國泰35售04  ,0,0,0,0,"120,000","-120,000",0,"120,000","-120,000"
"=""047634""",樺漢國票43購03  ,0,0,0,0,"120,000","-120,000",0,"120,000","-120,000"
"=""048073""",蔚華科統一52購01,0,0,0,0,"120,000","-120,000",0,"120,000","-120,000"
"=""050288""",矽統國票44購01  ,0,0,0,0,"120,000","-120,000",0,"120,000","-120,000"
"=""054291""",祥碩元大44購01  ,0,0,0,0,"120,000","-120,000",0,"120,000","-120,000"
"=""054956""",瑞儀永豐46購01  ,0,0,0,0,"120,000","-120,000",0,"120,000","-120,000"
"=""056162""",台玻凱基46購02  ,0,0,0,0,"120,000","-120,000",0,"120,000","-120,000"
"=""057326""",川湖群益45購01  ,0,0,0,0,"120,000","-120,000",0,"120,000","-120,000"
"=""057604""",臺股指中信46購06,0,0,0,0,"120,000","-120,000",0,"120,000","-120,000"
"=""057727""",神基元大45購01  ,0,0,0,"135,000","255,000","-120,000","135,000","255,000","-120,000"
"=""057769""",蔚華科群益48購01,0,0,0,0,"120,000","-120,000",0,"120,000","-120,000"
"=""061467""",長榮元大46購14  ,0,0,0,"90,000","210,000","-120,000","90,000","210,000","-120,000"
"=""062305""",洋基群益46購01  ,0,0,0,0,"120,000","-120,000",0,"120,000","-120,000"
"=""065705""",華通元大47購04  ,0,0,0,0,"120,000","-120,000",0,"120,000","-120,000"
"=""066645""",華碩統一59購01  ,0,0,0,0,"120,000","-120,000",0,"120,000","-120,000"
"=""068197""",立隆電元富48購01,0,0,0,0,"120,000","-120,000",0,"120,000","-120,000"
"=""068744""",臺股指群益4A購13,0,0,0,0,"120,000","-120,000",0,"120,000","-120,000"
"=""068787""",美時統一46購01  ,0,0,0,0,"120,000","-120,000",0,"120,000","-120,000"
"=""068817""",創意國票4A購01  ,0,0,0,0,"120,000","-120,000",0,"120,000","-120,000"
"=""070204""",上銀中信48購03  ,0,0,0,0,"120,000","-120,000",0,"120,000","-120,000"
"=""072104""",信邦永豐49購02  ,0,0,0,0,"120,000","-120,000",0,"120,000","-120,000"
"=""072393""",皇昌國票4B購01  ,0,0,0,0,"120,000","-120,000",0,"120,000","-120,000"
"=""074021""",長榮航元富4A購02,0,0,0,0,"120,000","-120,000",0,"120,000","-120,000"
"=""074353""",台光電元大49購05,0,0,0,0,"120,000","-120,000",0,"120,000","-120,000"
"=""075824""",漢唐元大49購03  ,0,0,0,"10,000","130,000","-120,000","10,000","130,000","-120,000"
"=""076157""",台灣50凱基53購01,0,0,0,0,"120,000","-120,000",0,"120,000","-120,000"
"=""076809""",潤隆國票4C購01  ,0,0,0,0,"120,000","-120,000",0,"120,000","-120,000"
"=""077378""",保瑞中信4A購01  ,0,0,0,0,"120,000","-120,000",0,"120,000","-120,000"
"=""08578U""",T50正2元大36售01,0,0,0,0,"120,000","-120,000",0,"120,000","-120,000"
"=""05449T""",川湖凱基36售13  ,0,0,0,0,"119,000","-119,000",0,"119,000","-119,000"
"=""057636""",冠德凱基45購01  ,0,0,0,0,"119,000","-119,000",0,"119,000","-119,000"
"=""067795""",大量元富47購01  ,0,0,0,"30,000","149,000","-119,000","30,000","149,000","-119,000"
"=""069662""",億光元大48購01  ,0,0,0,0,"119,000","-119,000",0,"119,000","-119,000"
"=""070178""",光寶科富邦49購01,0,0,0,"8,000","127,000","-119,000","8,000","127,000","-119,000"
"=""072814""",瑞昱國票4B購01  ,0,0,0,"24,000","143,000","-119,000","24,000","143,000","-119,000"
"=""073791""",達興凱基4A購01  ,0,0,0,"83,000","202,000","-119,000","83,000","202,000","-119,000"
"=""074488""",緯穎元富59購01  ,0,0,0,"50,000","169,000","-119,000","50,000","169,000","-119,000"
"=""075883""",錸德國票4A購01  ,0,0,0,"60,000","179,000","-119,000","60,000","179,000","-119,000"
"=""076328""",精銳元富49購01  ,0,0,0,"37,000","156,000","-119,000","37,000","156,000","-119,000"
2889  ,國票金          ,0,"119,000","-119,000",0,0,0,0,"119,000","-119,000"
1402  ,遠東新          ,"15,000","86,431","-71,431","7,000","54,000","-47,000","22,000","140,431","-118,431"
"=""05038T""",國巨元富36售05  ,0,0,0,0,"118,000","-118,000",0,"118,000","-118,000"
"=""053590""",京鼎統一4A購01  ,0,0,0,"19,000","137,000","-118,000","19,000","137,000","-118,000"
"=""055738""",長榮航元大44購04,0,0,0,"408,000","526,000","-118,000","408,000","526,000","-118,000"
"=""064425""",神達凱基46購08  ,0,0,0,0,"118,000","-118,000",0,"118,000","-118,000"
"=""064469""",啟�痐舅j46購05  ,0,0,0,"56,000","174,000","-118,000","56,000","174,000","-118,000"
"=""066165""",緯創統一42購01  ,0,0,0,"15,000","133,000","-118,000","15,000","133,000","-118,000"
"=""067004""",元日2X元大3B購01,0,0,0,0,"118,000","-118,000",0,"118,000","-118,000"
"=""068356""",國企2X富邦4B購01,0,0,0,"23,000","141,000","-118,000","23,000","141,000","-118,000"
"=""068506""",長榮元大4A購01  ,0,0,0,0,"118,000","-118,000",0,"118,000","-118,000"
"=""069663""",京元電元大48購04,0,0,0,0,"118,000","-118,000",0,"118,000","-118,000"
"=""073598""",所羅門元富4A購01,0,0,0,"25,000","143,000","-118,000","25,000","143,000","-118,000"
"=""041347""",和碩國票55購01  ,0,0,0,"107,000","224,000","-117,000","107,000","224,000","-117,000"
"=""049628""",達發群益43購02  ,0,0,0,0,"117,000","-117,000",0,"117,000","-117,000"
"=""054649""",奇鋐元富47購01  ,0,0,0,0,"117,000","-117,000",0,"117,000","-117,000"
"=""05528T""",亞翔國票38售01  ,0,0,0,"5,000","122,000","-117,000","5,000","122,000","-117,000"
"=""059444""",嘉澤富邦48購02  ,0,0,0,"201,000","318,000","-117,000","201,000","318,000","-117,000"
"=""068398""",日月光統一52購01,0,0,0,"11,000","128,000","-117,000","11,000","128,000","-117,000"
"=""068689""",富世達元富48購01,0,0,0,0,"117,000","-117,000",0,"117,000","-117,000"
"=""076767""",大成鋼群益4A購06,0,0,0,"10,000","127,000","-117,000","10,000","127,000","-117,000"
"=""08072U""",臺股指凱基34售22,0,0,0,"10,000","127,000","-117,000","10,000","127,000","-117,000"
2888  ,新光金          ,0,"218,000","-218,000","182,000","81,000","101,000","182,000","299,000","-117,000"
"=""052034""",保瑞國票45購01  ,0,0,0,"9,000","125,000","-116,000","9,000","125,000","-116,000"
"=""056285""",楠梓電國票46購01,0,0,0,0,"116,000","-116,000",0,"116,000","-116,000"
"=""060960""",台積電元富49購07,0,0,0,"2,000","118,000","-116,000","2,000","118,000","-116,000"
"=""063875""",友訊元大46購04  ,0,0,0,0,"116,000","-116,000",0,"116,000","-116,000"
"=""067393""",飛宏元富47購01  ,0,0,0,"65,000","181,000","-116,000","65,000","181,000","-116,000"
"=""069443""",玉晶光群益48購02,0,0,0,0,"116,000","-116,000",0,"116,000","-116,000"
"=""069970""",大成鋼統一52購06,0,0,0,"1,000","117,000","-116,000","1,000","117,000","-116,000"
"=""070733""",新興永豐48購01  ,0,0,0,0,"116,000","-116,000",0,"116,000","-116,000"
"=""071101""",T50反1元大48購10,0,0,0,"10,000","126,000","-116,000","10,000","126,000","-116,000"
"=""071294""",新日興元富48購05,0,0,0,0,"116,000","-116,000",0,"116,000","-116,000"
"=""073873""",晶心科元大49購04,0,0,0,0,"116,000","-116,000",0,"116,000","-116,000"
"=""076215""",漢翔元大49購03  ,0,0,0,"100,000","216,000","-116,000","100,000","216,000","-116,000"
"=""076623""",世芯台新49購01  ,0,0,0,0,"116,000","-116,000",0,"116,000","-116,000"
"=""076901""",台玻凱基49購02  ,0,0,0,0,"116,000","-116,000",0,"116,000","-116,000"
"=""05069T""",國巨元富36售06  ,0,0,0,0,"115,000","-115,000",0,"115,000","-115,000"
"=""051170""",華通國泰45購04  ,0,0,0,0,"115,000","-115,000",0,"115,000","-115,000"
"=""055291""",仁寶統一39購01  ,0,0,0,"5,000","120,000","-115,000","5,000","120,000","-115,000"
"=""057123""",普安群益45購02  ,0,0,0,"52,000","167,000","-115,000","52,000","167,000","-115,000"
"=""058107""",建漢元大45購01  ,0,0,0,"37,000","152,000","-115,000","37,000","152,000","-115,000"
"=""058540""",正崴元大47購03  ,0,0,0,"14,000","129,000","-115,000","14,000","129,000","-115,000"
"=""059055""",全漢統一53購01  ,0,0,0,0,"115,000","-115,000",0,"115,000","-115,000"
"=""063445""",智邦元大49購01  ,0,0,0,"46,000","161,000","-115,000","46,000","161,000","-115,000"
"=""064704""",力智元大46購02  ,0,0,0,0,"115,000","-115,000",0,"115,000","-115,000"
"=""067271""",裕慶國票49購02  ,0,0,0,"1,000","116,000","-115,000","1,000","116,000","-115,000"
"=""071467""",群創統一52購04  ,0,0,0,"237,000","352,000","-115,000","237,000","352,000","-115,000"
"=""072278""",鈺齊元大48購04  ,0,0,0,"10,000","125,000","-115,000","10,000","125,000","-115,000"
"=""073335""",聯發科凱基41購02,0,0,0,0,"115,000","-115,000",0,"115,000","-115,000"
"=""073729""",亞力永豐49購01  ,0,0,0,"42,000","157,000","-115,000","42,000","157,000","-115,000"
6257  ,矽格            ,"4,000","30,000","-26,000","47,000","136,000","-89,000","51,000","166,000","-115,000"
"=""046299""",台灣50元大45購02,0,0,0,"10,000","124,000","-114,000","10,000","124,000","-114,000"
"=""04820T""",臺股指元大3A售09,0,0,0,"4,000","118,000","-114,000","4,000","118,000","-114,000"
"=""049193""",華通中信43購01  ,0,0,0,"630,000","744,000","-114,000","630,000","744,000","-114,000"
"=""050673""",長榮國泰45購08  ,0,0,0,"131,000","245,000","-114,000","131,000","245,000","-114,000"
"=""05173T""",力積電中信36售02,0,0,0,0,"114,000","-114,000",0,"114,000","-114,000"
"=""055332""",緯穎國泰46購01  ,0,0,0,"87,000","201,000","-114,000","87,000","201,000","-114,000"
"=""068805""",鴻海國票49購06  ,0,0,0,"100,000","214,000","-114,000","100,000","214,000","-114,000"
"=""071203""",大銀群益49購01  ,0,0,0,"20,000","134,000","-114,000","20,000","134,000","-114,000"
"=""073333""",訊芯統一53購02  ,0,0,0,"76,000","190,000","-114,000","76,000","190,000","-114,000"
"=""073880""",台泥群益53購01  ,0,0,0,"81,000","195,000","-114,000","81,000","195,000","-114,000"
2882  ,國泰金          ,0,"64,296","-64,296",0,"49,000","-49,000",0,"113,296","-113,296"
2059  ,川湖            ,"17,000","70,000","-53,000","33,957","94,143","-60,186","50,957","164,143","-113,186"
"=""048466""",台灣50元富58購01,0,0,0,0,"113,000","-113,000",0,"113,000","-113,000"
"=""058999""",電子類國票45購01,0,0,0,0,"113,000","-113,000",0,"113,000","-113,000"
"=""066594""",晶豪科國票47購01,0,0,0,"81,000","194,000","-113,000","81,000","194,000","-113,000"
"=""066696""",建準統一41購02  ,0,0,0,0,"113,000","-113,000",0,"113,000","-113,000"
"=""067640""",來億統一55購01  ,0,0,0,"114,000","227,000","-113,000","114,000","227,000","-113,000"
"=""068719""",敬鵬兆豐4A購01  ,0,0,0,"14,000","127,000","-113,000","14,000","127,000","-113,000"
"=""075511""",材料統一53購02  ,0,0,0,0,"113,000","-113,000",0,"113,000","-113,000"
"=""030651""",聯茂元大52購01  ,0,0,0,"20,000","132,000","-112,000","20,000","132,000","-112,000"
"=""057519""",臺股指凱基4A購05,0,0,0,0,"112,000","-112,000",0,"112,000","-112,000"
"=""058947""",亞翔群益45購03  ,0,0,0,"10,000","122,000","-112,000","10,000","122,000","-112,000"
"=""060493""",台積電國票47購02,0,0,0,"4,000","116,000","-112,000","4,000","116,000","-112,000"
"=""060768""",燿華兆豐3A購01  ,0,0,0,"145,000","257,000","-112,000","145,000","257,000","-112,000"
"=""062221""",南亞科元富46購01,0,0,0,"43,000","155,000","-112,000","43,000","155,000","-112,000"
"=""070764""",大立光凱基41購01,0,0,0,0,"112,000","-112,000",0,"112,000","-112,000"
"=""072249""",慧洋元大48購09  ,0,0,0,"111,000","223,000","-112,000","111,000","223,000","-112,000"
"=""073868""",材料元大49購06  ,0,0,0,0,"112,000","-112,000",0,"112,000","-112,000"
"=""074370""",亞翔元大49購10  ,0,0,0,"38,000","150,000","-112,000","38,000","150,000","-112,000"
"=""076999""",鴻海元富53購04  ,0,0,0,"18,000","130,000","-112,000","18,000","130,000","-112,000"
"=""045172""",台塑化國票56購01,0,0,0,"19,000","130,000","-111,000","19,000","130,000","-111,000"
"=""049951""",台積電國泰45購06,0,0,0,"30,000","141,000","-111,000","30,000","141,000","-111,000"
"=""051781""",矽力中信43購01  ,0,0,0,"50,000","161,000","-111,000","50,000","161,000","-111,000"
"=""055871""",香港2X國票48購01,0,0,0,0,"111,000","-111,000",0,"111,000","-111,000"
"=""057047""",世芯凱基46購09  ,0,0,0,"1,000","112,000","-111,000","1,000","112,000","-111,000"
"=""058504""",技嘉凱基46購03  ,0,0,0,0,"111,000","-111,000",0,"111,000","-111,000"
"=""060201""",台灣50永豐46購04,0,0,0,0,"111,000","-111,000",0,"111,000","-111,000"
"=""062252""",興富發凱基46購02,0,0,0,0,"111,000","-111,000",0,"111,000","-111,000"
"=""063326""",世芯國票46購15  ,0,0,0,"20,000","131,000","-111,000","20,000","131,000","-111,000"
"=""065908""",裕慶凱基47購01  ,0,0,0,"10,000","121,000","-111,000","10,000","121,000","-111,000"
"=""067320""",和大元大47購02  ,0,0,0,"100,000","211,000","-111,000","100,000","211,000","-111,000"
"=""068900""",台積電元大48購31,0,0,0,"56,000","167,000","-111,000","56,000","167,000","-111,000"
"=""069241""",昇陽半元富48購01,0,0,0,0,"111,000","-111,000",0,"111,000","-111,000"
"=""071205""",精銳群益48購08  ,0,0,0,0,"111,000","-111,000",0,"111,000","-111,000"
"=""075909""",穎崴統一53購01  ,0,0,0,0,"111,000","-111,000",0,"111,000","-111,000"
"=""08419U""",臺股指群益34售22,0,0,0,0,"111,000","-111,000",0,"111,000","-111,000"
"=""03461T""",華通元大33售06  ,0,0,0,"30,000","140,000","-110,000","30,000","140,000","-110,000"
"=""045915""",和大凱基43購03  ,0,0,0,"10,000","120,000","-110,000","10,000","120,000","-110,000"
"=""04737T""",神基凱基35售05  ,0,0,0,0,"110,000","-110,000",0,"110,000","-110,000"
"=""048463""",上緯控國泰44購01,0,0,0,"40,000","150,000","-110,000","40,000","150,000","-110,000"
"=""049091""",晟銘電元大43購04,0,0,0,0,"110,000","-110,000",0,"110,000","-110,000"
"=""050675""",新日興國泰45購01,0,0,0,0,"110,000","-110,000",0,"110,000","-110,000"
"=""05084T""",祥碩國票3C售02  ,0,0,0,"4,000","114,000","-110,000","4,000","114,000","-110,000"
"=""052670""",帝寶永豐45購01  ,0,0,0,0,"110,000","-110,000",0,"110,000","-110,000"
"=""054141""",台積電兆豐46購01,0,0,0,"10,000","120,000","-110,000","10,000","120,000","-110,000"
"=""055795""",穎崴永豐45購01  ,0,0,0,"202,000","312,000","-110,000","202,000","312,000","-110,000"
"=""056618""",創意富邦47購02  ,0,0,0,"47,000","157,000","-110,000","47,000","157,000","-110,000"
"=""05691T""",力積電群益37售01,0,0,0,0,"110,000","-110,000",0,"110,000","-110,000"
"=""058219""",保瑞元富45購02  ,0,0,0,"71,000","181,000","-110,000","71,000","181,000","-110,000"
"=""058614""",迅得第一45購01  ,0,0,0,0,"110,000","-110,000",0,"110,000","-110,000"
"=""061475""",奇鋐元大46購01  ,0,0,0,0,"110,000","-110,000",0,"110,000","-110,000"
"=""061540""",致新中信48購01  ,0,0,0,0,"110,000","-110,000",0,"110,000","-110,000"
"=""061781""",陽明國票48購01  ,0,0,0,"9,000","119,000","-110,000","9,000","119,000","-110,000"
"=""063561""",鴻海永豐4B購01  ,0,0,0,0,"110,000","-110,000",0,"110,000","-110,000"
"=""063950""",上銀永豐4A購01  ,0,0,0,0,"110,000","-110,000",0,"110,000","-110,000"
"=""064928""",聯詠中信3B購01  ,0,0,0,"60,000","170,000","-110,000","60,000","170,000","-110,000"
"=""065566""",圓剛元富47購01  ,0,0,0,"92,000","202,000","-110,000","92,000","202,000","-110,000"
"=""065592""",欣興國票49購01  ,0,0,0,0,"110,000","-110,000",0,"110,000","-110,000"
"=""065809""",亞航國票49購01  ,0,0,0,"10,000","120,000","-110,000","10,000","120,000","-110,000"
"=""067436""",台積電台新49購02,0,0,0,0,"110,000","-110,000",0,"110,000","-110,000"
"=""067665""",台塑凱基4B購02  ,0,0,0,"362,000","472,000","-110,000","362,000","472,000","-110,000"
"=""068223""",長榮群益48購08  ,0,0,0,"84,000","194,000","-110,000","84,000","194,000","-110,000"
"=""068947""",汎銓元大48購02  ,0,0,0,"6,000","116,000","-110,000","6,000","116,000","-110,000"
"=""071966""",上銀元富48購11  ,0,0,0,0,"110,000","-110,000",0,"110,000","-110,000"
"=""072919""",川湖群益49購01  ,0,0,0,"68,000","178,000","-110,000","68,000","178,000","-110,000"
"=""073415""",華航富邦41購01  ,0,0,0,"144,000","254,000","-110,000","144,000","254,000","-110,000"
"=""074125""",華城元大49購16  ,0,0,0,0,"110,000","-110,000",0,"110,000","-110,000"
"=""074264""",FBNQ2X群益49購03,0,0,0,0,"110,000","-110,000",0,"110,000","-110,000"
"=""074632""",台達電凱基49購03,0,0,0,0,"110,000","-110,000",0,"110,000","-110,000"
"=""074693""",FBNQ2X元富49購07,0,0,0,0,"110,000","-110,000",0,"110,000","-110,000"
"=""076216""",威強電元大49購13,0,0,0,"8,000","118,000","-110,000","8,000","118,000","-110,000"
"=""076308""",一詮統一53購02  ,0,0,0,"36,000","146,000","-110,000","36,000","146,000","-110,000"
"=""045417""",士電元大55購05  ,0,0,0,"11,000","120,000","-109,000","11,000","120,000","-109,000"
"=""060678""",永崴控凱基46購03,0,0,0,"41,000","150,000","-109,000","41,000","150,000","-109,000"
"=""061989""",勤誠凱基46購01  ,0,0,0,"26,000","135,000","-109,000","26,000","135,000","-109,000"
"=""064147""",元大金富邦48購01,0,0,0,0,"109,000","-109,000",0,"109,000","-109,000"
"=""064405""",神達統一56購01  ,0,0,0,"55,000","164,000","-109,000","55,000","164,000","-109,000"
"=""069082""",台積電元大4B購06,0,0,0,0,"109,000","-109,000",0,"109,000","-109,000"
"=""070007""",迅得永豐4A購02  ,0,0,0,0,"109,000","-109,000",0,"109,000","-109,000"
"=""070365""",立隆電凱基48購04,0,0,0,0,"109,000","-109,000",0,"109,000","-109,000"
"=""072669""",緯穎元富53購02  ,0,0,0,"10,000","119,000","-109,000","10,000","119,000","-109,000"
"=""072739""",長榮航元大4B購03,0,0,0,"1,000","110,000","-109,000","1,000","110,000","-109,000"
"=""073013""",偉訓中信49購01  ,0,0,0,0,"109,000","-109,000",0,"109,000","-109,000"
"=""074728""",大立光國票4B購02,0,0,0,"513,000","622,000","-109,000","513,000","622,000","-109,000"
"=""076045""",AES中信4A購01   ,0,0,0,0,"109,000","-109,000",0,"109,000","-109,000"
"=""050298""",萬海國泰45購03  ,0,0,0,0,"108,000","-108,000",0,"108,000","-108,000"
"=""05076T""",台積電中信3C售03,0,0,0,"154,000","262,000","-108,000","154,000","262,000","-108,000"
"=""053675""",滬深2X元大46購05,0,0,0,"120,000","228,000","-108,000","120,000","228,000","-108,000"
"=""05896T""",智原元大37售16  ,0,0,0,0,"108,000","-108,000",0,"108,000","-108,000"
"=""059291""",中興電國泰47購01,0,0,0,0,"108,000","-108,000",0,"108,000","-108,000"
"=""062879""",台積電元富46購12,0,0,0,"49,000","157,000","-108,000","49,000","157,000","-108,000"
"=""065988""",泰金寶元大4A購01,0,0,0,0,"108,000","-108,000",0,"108,000","-108,000"
"=""069186""",大立光富邦3C購01,0,0,0,0,"108,000","-108,000",0,"108,000","-108,000"
"=""070680""",華邦電統一4C購01,0,0,0,0,"108,000","-108,000",0,"108,000","-108,000"
"=""071066""",勤誠永豐48購01  ,0,0,0,0,"108,000","-108,000",0,"108,000","-108,000"
"=""04382T""",緯創國泰37售04  ,0,0,0,0,"107,000","-107,000",0,"107,000","-107,000"
"=""047069""",聯發科元富42購08,0,0,0,"3,000","110,000","-107,000","3,000","110,000","-107,000"
"=""067741""",台塑化群益48購02,0,0,0,"8,000","115,000","-107,000","8,000","115,000","-107,000"
"=""069670""",大立光元大48購12,0,0,0,"227,000","334,000","-107,000","227,000","334,000","-107,000"
"=""072105""",欣興永豐48購05  ,0,0,0,"84,000","191,000","-107,000","84,000","191,000","-107,000"
"=""074514""",建準凱基4A購01  ,0,0,0,"6,000","113,000","-107,000","6,000","113,000","-107,000"
"=""074744""",台積電國泰4A購02,0,0,0,0,"107,000","-107,000",0,"107,000","-107,000"
"=""076416""",台積電凱基4A購35,0,0,0,0,"107,000","-107,000",0,"107,000","-107,000"
"=""03312T""",臺股指元大36售21,0,0,0,"270,000","376,000","-106,000","270,000","376,000","-106,000"
"=""054709""",緯創凱基46購02  ,0,0,0,0,"106,000","-106,000",0,"106,000","-106,000"
"=""05780T""",群光凱基37售03  ,0,0,0,0,"106,000","-106,000",0,"106,000","-106,000"
"=""058985""",長榮國票46購07  ,0,0,0,0,"106,000","-106,000",0,"106,000","-106,000"
"=""062922""",創意凱基46購08  ,0,0,0,0,"106,000","-106,000",0,"106,000","-106,000"
"=""064563""",立隆電國票47購01,0,0,0,"54,000","160,000","-106,000","54,000","160,000","-106,000"
"=""065222""",美指2X凱基49購02,0,0,0,"6,000","112,000","-106,000","6,000","112,000","-106,000"
"=""068390""",陽明統一52購01  ,0,0,0,"45,000","151,000","-106,000","45,000","151,000","-106,000"
"=""068651""",聯詠統一51購02  ,0,0,0,0,"106,000","-106,000",0,"106,000","-106,000"
"=""074099""",群光群益4B購01  ,0,0,0,"92,000","198,000","-106,000","92,000","198,000","-106,000"
"=""076292""",華碩凱基49購05  ,0,0,0,"75,000","181,000","-106,000","75,000","181,000","-106,000"
"=""03681T""",T50正2永豐36售02,0,0,0,"30,000","135,000","-105,000","30,000","135,000","-105,000"
"=""03907T""",臺股指群益36售24,0,0,0,"10,000","115,000","-105,000","10,000","115,000","-105,000"
"=""04307T""",川湖統一37售01  ,0,0,0,0,"105,000","-105,000",0,"105,000","-105,000"
"=""04823T""",臺股指群益36售34,0,0,0,0,"105,000","-105,000",0,"105,000","-105,000"
"=""054809""",光寶科凱基3B購03,0,0,0,0,"105,000","-105,000",0,"105,000","-105,000"
"=""061227""",長榮航元大46購08,0,0,0,"30,000","135,000","-105,000","30,000","135,000","-105,000"
"=""063760""",元日2X元富5C購01,0,0,0,"75,000","180,000","-105,000","75,000","180,000","-105,000"
"=""063792""",漢翔國泰48購01  ,0,0,0,0,"105,000","-105,000",0,"105,000","-105,000"
"=""063833""",川湖群益46購16  ,0,0,0,"4,000","109,000","-105,000","4,000","109,000","-105,000"
"=""065917""",漢唐元富47購02  ,0,0,0,0,"105,000","-105,000",0,"105,000","-105,000"
"=""066161""",文曄統一3B購02  ,0,0,0,"16,000","121,000","-105,000","16,000","121,000","-105,000"
"=""066683""",大立光凱基47購10,0,0,0,"427,000","532,000","-105,000","427,000","532,000","-105,000"
"=""070163""",神達富邦49購02  ,0,0,0,0,"105,000","-105,000",0,"105,000","-105,000"
"=""070753""",聯發科群益48購14,0,0,0,0,"105,000","-105,000",0,"105,000","-105,000"
"=""071384""",立積元大48購06  ,0,0,0,"2,000","107,000","-105,000","2,000","107,000","-105,000"
"=""071477""",台灣50永豐48購05,0,0,0,"60,000","165,000","-105,000","60,000","165,000","-105,000"
"=""072712""",三芳元大49購01  ,0,0,0,"12,000","117,000","-105,000","12,000","117,000","-105,000"
"=""073108""",中砂國票4A購01  ,0,0,0,"48,000","153,000","-105,000","48,000","153,000","-105,000"
"=""073316""",志強凱基49購02  ,0,0,0,0,"105,000","-105,000",0,"105,000","-105,000"
"=""073443""",奇鋐永豐49購05  ,0,0,0,0,"105,000","-105,000",0,"105,000","-105,000"
"=""073976""",迎廣國票4A購01  ,0,0,0,0,"105,000","-105,000",0,"105,000","-105,000"
"=""075133""",富華新永豐49購01,0,0,0,0,"105,000","-105,000",0,"105,000","-105,000"
"=""075629""",漢翔群益4A購01  ,0,0,0,0,"105,000","-105,000",0,"105,000","-105,000"
"=""076221""",健策元大49購01  ,0,0,0,0,"105,000","-105,000",0,"105,000","-105,000"
2615  ,萬海            ,"82,000","176,322","-94,322","17,000","27,489","-10,489","99,000","203,811","-104,811"
"=""03220T""",臺股指國泰35售02,0,0,0,0,"104,000","-104,000",0,"104,000","-104,000"
"=""049968""",怡利電凱基43購02,0,0,0,"55,000","159,000","-104,000","55,000","159,000","-104,000"
"=""057674""",景碩統一51購02  ,0,0,0,0,"104,000","-104,000",0,"104,000","-104,000"
"=""058700""",裕民國票46購03  ,0,0,0,"4,000","108,000","-104,000","4,000","108,000","-104,000"
"=""060271""",怡利電國票46購02,0,0,0,0,"104,000","-104,000",0,"104,000","-104,000"
"=""060690""",瑞昱永豐47購01  ,0,0,0,0,"104,000","-104,000",0,"104,000","-104,000"
"=""061713""",精誠中信46購01  ,0,0,0,"92,000","196,000","-104,000","92,000","196,000","-104,000"
"=""063555""",臺股指元富4B購01,0,0,0,"1,000","105,000","-104,000","1,000","105,000","-104,000"
"=""067974""",台化統一51購05  ,0,0,0,0,"104,000","-104,000",0,"104,000","-104,000"
"=""068585""",緯創群益48購03  ,0,0,0,"5,000","109,000","-104,000","5,000","109,000","-104,000"
"=""068595""",台泥元大48購02  ,0,0,0,0,"104,000","-104,000",0,"104,000","-104,000"
"=""069429""",台積電群益48購19,0,0,0,"1,000","105,000","-104,000","1,000","105,000","-104,000"
"=""072110""",矽力永豐4A購01  ,0,0,0,"1,000","105,000","-104,000","1,000","105,000","-104,000"
"=""072157""",新日興國泰49購03,0,0,0,"213,000","317,000","-104,000","213,000","317,000","-104,000"
"=""072768""",大立光凱基46購01,0,0,0,0,"104,000","-104,000",0,"104,000","-104,000"
"=""073359""",大銀群益49購03  ,0,0,0,"213,000","317,000","-104,000","213,000","317,000","-104,000"
"=""074293""",台灣50元富49購16,0,0,0,0,"104,000","-104,000",0,"104,000","-104,000"
"=""049849""",緯創統一37購01  ,0,0,0,"1,022,000","1,125,000","-103,000","1,022,000","1,125,000","-103,000"
"=""055405""",貿聯統一4A購01  ,0,0,0,0,"103,000","-103,000",0,"103,000","-103,000"
"=""058791""",日月光元大49購01,0,0,0,"152,000","255,000","-103,000","152,000","255,000","-103,000"
"=""059545""",元債2X元大47購04,0,0,0,0,"103,000","-103,000",0,"103,000","-103,000"
"=""062340""",大立光元大46購09,0,0,0,"197,000","300,000","-103,000","197,000","300,000","-103,000"
"=""063605""",川湖群益46購15  ,0,0,0,"5,000","108,000","-103,000","5,000","108,000","-103,000"
"=""065378""",聯發科統一45購02,0,0,0,"10,000","113,000","-103,000","10,000","113,000","-103,000"
"=""069880""",日電貿凱基48購02,0,0,0,0,"103,000","-103,000",0,"103,000","-103,000"
"=""069975""",晟銘電統一52購01,0,0,0,"8,000","111,000","-103,000","8,000","111,000","-103,000"
"=""070908""",聯電凱基4A購01  ,0,0,0,0,"103,000","-103,000",0,"103,000","-103,000"
"=""071851""",大成鋼凱基49購03,0,0,0,0,"103,000","-103,000",0,"103,000","-103,000"
"=""075418""",元日2X元大55購01,0,0,0,"310,000","413,000","-103,000","310,000","413,000","-103,000"
"=""076891""",南電元大49購02  ,0,0,0,"16,000","119,000","-103,000","16,000","119,000","-103,000"
8112  ,至上            ,"17,000","11,940","5,060","12,000","120,000","-108,000","29,000","131,940","-102,940"
"=""051783""",元黃金永豐46購01,0,0,0,0,"102,000","-102,000",0,"102,000","-102,000"
"=""057118""",威盛群益47購02  ,0,0,0,"1,000","103,000","-102,000","1,000","103,000","-102,000"
"=""062619""",神達兆豐48購02  ,0,0,0,"38,000","140,000","-102,000","38,000","140,000","-102,000"
"=""064691""",碩天元大49購03  ,0,0,0,"5,000","107,000","-102,000","5,000","107,000","-102,000"
"=""065499""",長榮鋼永豐4A購01,0,0,0,"3,000","105,000","-102,000","3,000","105,000","-102,000"
"=""066213""",台光電群益51購01,0,0,0,"5,000","107,000","-102,000","5,000","107,000","-102,000"
"=""066571""",一詮統一3B購01  ,0,0,0,0,"102,000","-102,000",0,"102,000","-102,000"
"=""068158""",立隆電統一55購01,0,0,0,0,"102,000","-102,000",0,"102,000","-102,000"
"=""068392""",大立光統一4A購04,0,0,0,0,"102,000","-102,000",0,"102,000","-102,000"
"=""068422""",亞翔元富4B購02  ,0,0,0,"134,000","236,000","-102,000","134,000","236,000","-102,000"
"=""069132""",瑞昱群益4A購01  ,0,0,0,0,"102,000","-102,000",0,"102,000","-102,000"
"=""072802""",滬深2X國票51購01,0,0,0,0,"102,000","-102,000",0,"102,000","-102,000"
"=""075750""",立隆電群益4A購01,0,0,0,"58,000","160,000","-102,000","58,000","160,000","-102,000"
2637  ,慧洋-KY         ,"1,000","96,000","-95,000","19,000","26,000","-7,000","20,000","122,000","-102,000"
"=""03211T""",台積電第一37售01,0,0,0,0,"101,000","-101,000",0,"101,000","-101,000"
"=""04105T""",緯創台新34售01  ,0,0,0,0,"101,000","-101,000",0,"101,000","-101,000"
"=""043437""",日月光元富55購01,0,0,0,"400,000","501,000","-101,000","400,000","501,000","-101,000"
"=""054718""",台積電統一51購02,0,0,0,"16,000","117,000","-101,000","16,000","117,000","-101,000"
"=""056139""",緯創元富44購06  ,0,0,0,"1,000","102,000","-101,000","1,000","102,000","-101,000"
"=""056860""",南亞科凱基45購03,0,0,0,0,"101,000","-101,000",0,"101,000","-101,000"
"=""060845""",長榮航統一4B購02,0,0,0,0,"101,000","-101,000",0,"101,000","-101,000"
"=""061372""",亞翔國票46購02  ,0,0,0,0,"101,000","-101,000",0,"101,000","-101,000"
"=""061560""",聯發科凱基47購02,0,0,0,0,"101,000","-101,000",0,"101,000","-101,000"
"=""063090""",精銳國票47購02  ,0,0,0,"357,000","458,000","-101,000","357,000","458,000","-101,000"
"=""063117""",東陽凱基46購04  ,0,0,0,0,"101,000","-101,000",0,"101,000","-101,000"
"=""066109""",華晶科凱基47購01,0,0,0,"80,000","181,000","-101,000","80,000","181,000","-101,000"
"=""067312""",臺股指群益4A購10,0,0,0,"1,650,000","1,751,000","-101,000","1,650,000","1,751,000","-101,000"
"=""067898""",美債2X元大61購01,0,0,0,0,"101,000","-101,000",0,"101,000","-101,000"
"=""068910""",微星富邦3C購01  ,0,0,0,"111,000","212,000","-101,000","111,000","212,000","-101,000"
"=""068936""",長榮航統一3C購03,0,0,0,0,"101,000","-101,000",0,"101,000","-101,000"
"=""070486""",金寶統一52購01  ,0,0,0,"2,000","103,000","-101,000","2,000","103,000","-101,000"
"=""070807""",啟�眵峇@41購01  ,0,0,0,0,"101,000","-101,000",0,"101,000","-101,000"
"=""071935""",上銀群益48購09  ,0,0,0,0,"101,000","-101,000",0,"101,000","-101,000"
"=""073273""",美時永豐41購01  ,0,0,0,0,"101,000","-101,000",0,"101,000","-101,000"
"=""07841U""",台積電國泰32售02,0,0,0,0,"101,000","-101,000",0,"101,000","-101,000"
"=""00909 """,國泰數位支付服務,0,0,0,"24,000","124,000","-100,000","24,000","124,000","-100,000"
"=""03026T""",啟�眵峇@34售02  ,0,0,0,0,"100,000","-100,000",0,"100,000","-100,000"
"=""03222T""",臺股指富邦33售08,0,0,0,0,"100,000","-100,000",0,"100,000","-100,000"
"=""03332T""",臺股指群益35售32,0,0,0,0,"100,000","-100,000",0,"100,000","-100,000"
"=""03523T""",嘉澤國票34售03  ,0,0,0,"100,000","200,000","-100,000","100,000","200,000","-100,000"
"=""03726T""",台積電凱基34售11,0,0,0,0,"100,000","-100,000",0,"100,000","-100,000"
"=""04124T""",創意群益34售19  ,0,0,0,0,"100,000","-100,000",0,"100,000","-100,000"
"=""041320""",台積電元富5A購06,0,0,0,0,"100,000","-100,000",0,"100,000","-100,000"
"=""042042""",SGBR2X永豐56購01,0,0,0,0,"100,000","-100,000",0,"100,000","-100,000"
"=""04234T""",愛普元富35售02  ,0,0,0,0,"100,000","-100,000",0,"100,000","-100,000"
"=""043892""",旺宏統一6B購01  ,0,0,0,0,"100,000","-100,000",0,"100,000","-100,000"
"=""04577T""",台灣50國泰37售01,0,0,0,0,"100,000","-100,000",0,"100,000","-100,000"
"=""046433""",台積電統一52購04,0,0,0,0,"100,000","-100,000",0,"100,000","-100,000"
"=""04645T""",臺股指群益38售07,0,0,0,0,"100,000","-100,000",0,"100,000","-100,000"
"=""046635""",亞力群益42購02  ,0,0,0,0,"100,000","-100,000",0,"100,000","-100,000"
"=""047397""",英業達永豐45購01,0,0,0,0,"100,000","-100,000",0,"100,000","-100,000"
"=""047842""",A50正2凱基37購01,0,0,0,0,"100,000","-100,000",0,"100,000","-100,000"
"=""051282""",台灣50群益43購04,0,0,0,0,"100,000","-100,000",0,"100,000","-100,000"
"=""051881""",萬海中信44購01  ,0,0,0,0,"100,000","-100,000",0,"100,000","-100,000"
"=""051914""",台灣50群益43購06,0,0,0,0,"100,000","-100,000",0,"100,000","-100,000"
"=""052508""",瑞祺永豐46購01  ,0,0,0,0,"100,000","-100,000",0,"100,000","-100,000"
"=""052748""",邁達特統一51購01,0,0,0,0,"100,000","-100,000",0,"100,000","-100,000"
"=""052791""",鴻海群益47購06  ,0,0,0,0,"100,000","-100,000",0,"100,000","-100,000"
"=""053046""",洋華元大44購02  ,0,0,0,0,"100,000","-100,000",0,"100,000","-100,000"
"=""053247""",盟立元大4A購01  ,0,0,0,0,"100,000","-100,000",0,"100,000","-100,000"
"=""053642""",陽明凱基46購01  ,0,0,0,0,"100,000","-100,000",0,"100,000","-100,000"
"=""053768""",A50中信47購01   ,0,0,0,0,"100,000","-100,000",0,"100,000","-100,000"
"=""053938""",怡利電統一49購02,0,0,0,0,"100,000","-100,000",0,"100,000","-100,000"
"=""053990""",緯穎凱基45購04  ,0,0,0,0,"100,000","-100,000",0,"100,000","-100,000"
"=""05447T""",台灣50凱基38售04,0,0,0,0,"100,000","-100,000",0,"100,000","-100,000"
"=""054515""",訊芯國票45購04  ,0,0,0,0,"100,000","-100,000",0,"100,000","-100,000"
"=""05500T""",英業達元大37售09,0,0,0,"5,000","105,000","-100,000","5,000","105,000","-100,000"
"=""056060""",鴻海元富48購01  ,0,0,0,0,"100,000","-100,000",0,"100,000","-100,000"
"=""05640T""",聯電國票37售02  ,0,0,0,0,"100,000","-100,000",0,"100,000","-100,000"
"=""057029""",緯穎富邦45購02  ,0,0,0,0,"100,000","-100,000",0,"100,000","-100,000"
"=""057144""",鈞興群益45購01  ,0,0,0,0,"100,000","-100,000",0,"100,000","-100,000"
"=""057348""",建漢群益47購01  ,0,0,0,0,"100,000","-100,000",0,"100,000","-100,000"
"=""057418""",立積元富4B購01  ,0,0,0,0,"100,000","-100,000",0,"100,000","-100,000"
"=""057968""",威盛群益45購08  ,0,0,0,0,"100,000","-100,000",0,"100,000","-100,000"
"=""058371""",宏達電國票5B購02,0,0,0,0,"100,000","-100,000",0,"100,000","-100,000"
"=""058454""",雲豹永豐45購02  ,0,0,0,"291,000","391,000","-100,000","291,000","391,000","-100,000"
"=""058513""",世芯凱基4A購01  ,0,0,0,0,"100,000","-100,000",0,"100,000","-100,000"
"=""058582""",技嘉群益45購09  ,0,0,0,0,"100,000","-100,000",0,"100,000","-100,000"
"=""058765""",鴻海元大45購30  ,0,0,0,0,"100,000","-100,000",0,"100,000","-100,000"
"=""059110""",金寶凱基48購02  ,0,0,0,0,"100,000","-100,000",0,"100,000","-100,000"
"=""059142""",美時群益45購02  ,0,0,0,0,"100,000","-100,000",0,"100,000","-100,000"
"=""059257""",威強電凱基47購01,0,0,0,0,"100,000","-100,000",0,"100,000","-100,000"
"=""059319""",全新群益49購01  ,0,0,0,"2,000","102,000","-100,000","2,000","102,000","-100,000"
"=""059414""",宇隆群益46購02  ,0,0,0,0,"100,000","-100,000",0,"100,000","-100,000"
"=""059453""",美時元富45購01  ,0,0,0,0,"100,000","-100,000",0,"100,000","-100,000"
"=""059454""",中華元富45購01  ,0,0,0,0,"100,000","-100,000",0,"100,000","-100,000"
"=""059523""",鴻海凱基55購01  ,0,0,0,0,"100,000","-100,000",0,"100,000","-100,000"
"=""059605""",華擎統一49購01  ,0,0,0,0,"100,000","-100,000",0,"100,000","-100,000"
"=""059852""",世紀鋼台新45購01,0,0,0,0,"100,000","-100,000",0,"100,000","-100,000"
"=""059865""",日電貿元富45購01,0,0,0,"16,000","116,000","-100,000","16,000","116,000","-100,000"
"=""060136""",中信金群益46購01,0,0,0,0,"100,000","-100,000",0,"100,000","-100,000"
"=""060158""",友訊元大46購01  ,0,0,0,0,"100,000","-100,000",0,"100,000","-100,000"
"=""060256""",台灣50國票47購02,0,0,0,0,"100,000","-100,000",0,"100,000","-100,000"
"=""060928""",鴻海凱基47購12  ,0,0,0,0,"100,000","-100,000",0,"100,000","-100,000"
"=""061032""",凱美元大46購01  ,0,0,0,0,"100,000","-100,000",0,"100,000","-100,000"
"=""061055""",臺指反群益3A購01,0,0,0,0,"100,000","-100,000",0,"100,000","-100,000"
"=""061771""",采鈺元富46購01  ,0,0,0,"100,000","200,000","-100,000","100,000","200,000","-100,000"
"=""061852""",長榮航群益48購02,0,0,0,0,"100,000","-100,000",0,"100,000","-100,000"
"=""061905""",敦泰元大46購03  ,0,0,0,0,"100,000","-100,000",0,"100,000","-100,000"
"=""062231""",世芯元富47購04  ,0,0,0,"5,000","105,000","-100,000","5,000","105,000","-100,000"
"=""062899""",台灣50凱基48購05,0,0,0,0,"100,000","-100,000",0,"100,000","-100,000"
"=""063569""",世芯永豐5A購01  ,0,0,0,0,"100,000","-100,000",0,"100,000","-100,000"
"=""063592""",玉晶光凱基46購04,0,0,0,0,"100,000","-100,000",0,"100,000","-100,000"
"=""063731""",道瓊銅國票4C購01,0,0,0,0,"100,000","-100,000",0,"100,000","-100,000"
"=""063880""",全新元大46購07  ,0,0,0,0,"100,000","-100,000",0,"100,000","-100,000"
"=""064276""",台積電元大46購39,0,0,0,0,"100,000","-100,000",0,"100,000","-100,000"
"=""064277""",台積電元大46購40,0,0,0,0,"100,000","-100,000",0,"100,000","-100,000"
"=""064744""",臺股指富邦48購09,0,0,0,0,"100,000","-100,000",0,"100,000","-100,000"
"=""064991""",宏致元富4A購02  ,0,0,0,"32,000","132,000","-100,000","32,000","132,000","-100,000"
"=""065280""",碩天永豐4A購01  ,0,0,0,"50,000","150,000","-100,000","50,000","150,000","-100,000"
"=""065721""",昆盈元大47購02  ,0,0,0,"28,000","128,000","-100,000","28,000","128,000","-100,000"
"=""065724""",凌陽元大47購01  ,0,0,0,0,"100,000","-100,000",0,"100,000","-100,000"
"=""065786""",漢翔統一3B購01  ,0,0,0,0,"100,000","-100,000",0,"100,000","-100,000"
"=""066075""",菱光元富47購01  ,0,0,0,0,"100,000","-100,000",0,"100,000","-100,000"
"=""066592""",群光國票49購01  ,0,0,0,"119,000","219,000","-100,000","119,000","219,000","-100,000"
"=""066900""",中興電群益48購02,0,0,0,"51,000","151,000","-100,000","51,000","151,000","-100,000"
"=""066987""",美債2X凱基48購05,0,0,0,0,"100,000","-100,000",0,"100,000","-100,000"
"=""067524""",臻鼎元大4A購01  ,0,0,0,0,"100,000","-100,000",0,"100,000","-100,000"
"=""067968""",百和永豐47購01  ,0,0,0,0,"100,000","-100,000",0,"100,000","-100,000"
"=""068376""",臺股指富邦4C購04,0,0,0,"76,000","176,000","-100,000","76,000","176,000","-100,000"
"=""068804""",宇隆國票49購01  ,0,0,0,0,"100,000","-100,000",0,"100,000","-100,000"
"=""069086""",群創凱基3C購01  ,0,0,0,"35,000","135,000","-100,000","35,000","135,000","-100,000"
"=""069502""",矽力元大48購05  ,0,0,0,0,"100,000","-100,000",0,"100,000","-100,000"
"=""069668""",皇昌元大48購04  ,0,0,0,0,"100,000","-100,000",0,"100,000","-100,000"
"=""069716""",T50反1凱基41購01,0,0,0,0,"100,000","-100,000",0,"100,000","-100,000"
"=""070103""",中砂元大48購05  ,0,0,0,0,"100,000","-100,000",0,"100,000","-100,000"
"=""070367""",王品凱基49購01  ,0,0,0,0,"100,000","-100,000",0,"100,000","-100,000"
"=""070450""",矽力兆豐48購01  ,0,0,0,0,"100,000","-100,000",0,"100,000","-100,000"
"=""070605""",富世達元大48購02,0,0,0,"50,000","150,000","-100,000","50,000","150,000","-100,000"
"=""070641""",大成鋼凱基4B購01,0,0,0,0,"100,000","-100,000",0,"100,000","-100,000"
"=""070712""",勤誠統一54購01  ,0,0,0,0,"100,000","-100,000",0,"100,000","-100,000"
"=""071176""",大銀永豐52購01  ,0,0,0,0,"100,000","-100,000",0,"100,000","-100,000"
"=""071729""",信邦統一52購01  ,0,0,0,0,"100,000","-100,000",0,"100,000","-100,000"
"=""071982""",材料元富4B購02  ,0,0,0,"1,000","101,000","-100,000","1,000","101,000","-100,000"
"=""072320""",華通永豐49購01  ,0,0,0,"63,000","163,000","-100,000","63,000","163,000","-100,000"
"=""072425""",台灣50凱基4C購04,0,0,0,"5,000","105,000","-100,000","5,000","105,000","-100,000"
"=""072846""",微星凱基49購02  ,0,0,0,0,"100,000","-100,000",0,"100,000","-100,000"
"=""073163""",全科元大49購01  ,0,0,0,"10,000","110,000","-100,000","10,000","110,000","-100,000"
"=""073223""",毅嘉國票4B購01  ,0,0,0,0,"100,000","-100,000",0,"100,000","-100,000"
"=""073483""",富世達國票4A購01,0,0,0,0,"100,000","-100,000",0,"100,000","-100,000"
"=""073745""",慧洋統一52購03  ,0,0,0,"100,000","200,000","-100,000","100,000","200,000","-100,000"
"=""073761""",T50正2凱基49購04,0,0,0,0,"100,000","-100,000",0,"100,000","-100,000"
"=""074211""",元金2X凱基49購02,0,0,0,0,"100,000","-100,000",0,"100,000","-100,000"
"=""075129""",美時統一43購01  ,0,0,0,0,"100,000","-100,000",0,"100,000","-100,000"
"=""075553""",力成凱基49購03  ,0,0,0,0,"100,000","-100,000",0,"100,000","-100,000"
"=""075618""",鴻海群益54購01  ,0,0,0,0,"100,000","-100,000",0,"100,000","-100,000"
"=""075655""",來億群益49購03  ,0,0,0,0,"100,000","-100,000",0,"100,000","-100,000"
"=""075787""",玉晶光國泰4A購01,0,0,0,0,"100,000","-100,000",0,"100,000","-100,000"
"=""076299""",智易凱基49購02  ,0,0,0,0,"100,000","-100,000",0,"100,000","-100,000"
"=""076680""",一詮群益49購06  ,0,0,0,"3,000","103,000","-100,000","3,000","103,000","-100,000"
"=""077010""",jpp元富49購01   ,0,0,0,"80,000","180,000","-100,000","80,000","180,000","-100,000"
"=""077194""",慧洋國泰4B購01  ,0,0,0,0,"100,000","-100,000",0,"100,000","-100,000"
"=""077207""",漢唐國票4B購01  ,0,0,0,0,"100,000","-100,000",0,"100,000","-100,000"
"=""07917U""",臺股指元大33售30,0,0,0,0,"100,000","-100,000",0,"100,000","-100,000"
"=""07997U""",緯創凱基3B售02  ,0,0,0,0,"100,000","-100,000",0,"100,000","-100,000"
"=""08272U""",臺股指元大35售17,0,0,0,0,"100,000","-100,000",0,"100,000","-100,000"
"=""08648U""",台灣50元大35售08,0,0,0,0,"100,000","-100,000",0,"100,000","-100,000"
8210  ,勤誠            ,"28,059","73,395","-45,336","19,960","74,450","-54,490","48,019","147,845","-99,826"
"=""044949""",緯創元大55購12  ,0,0,0,"1,000","100,000","-99,000","1,000","100,000","-99,000"
"=""056856""",台積電凱基45購21,0,0,0,0,"99,000","-99,000",0,"99,000","-99,000"
"=""057369""",英業達富邦47購01,0,0,0,"56,000","155,000","-99,000","56,000","155,000","-99,000"
"=""05812T""",群創元富37售02  ,0,0,0,"205,000","304,000","-99,000","205,000","304,000","-99,000"
"=""062948""",東元元大46購04  ,0,0,0,"41,000","140,000","-99,000","41,000","140,000","-99,000"
"=""064625""",緯創群益3C購01  ,0,0,0,"209,000","308,000","-99,000","209,000","308,000","-99,000"
"=""064858""",長榮航國泰48購02,0,0,0,"4,000","103,000","-99,000","4,000","103,000","-99,000"
"=""066038""",玉晶光群益47購04,0,0,0,"77,000","176,000","-99,000","77,000","176,000","-99,000"
"=""067313""",台灣50元大47購15,0,0,0,"102,000","201,000","-99,000","102,000","201,000","-99,000"
"=""070835""",皇昌台新48購01  ,0,0,0,"150,000","249,000","-99,000","150,000","249,000","-99,000"
"=""071285""",國巨元富48購02  ,0,0,0,"5,000","104,000","-99,000","5,000","104,000","-99,000"
"=""071552""",材料元大48購15  ,0,0,0,"74,000","173,000","-99,000","74,000","173,000","-99,000"
"=""073646""",南亞科元大4C購01,0,0,0,0,"99,000","-99,000",0,"99,000","-99,000"
"=""074810""",威強電元大49購03,0,0,0,"225,000","324,000","-99,000","225,000","324,000","-99,000"
"=""076172""",漢翔凱基4A購02  ,0,0,0,"13,000","112,000","-99,000","13,000","112,000","-99,000"
"=""07967U""",臺股指群益32售19,0,0,0,0,"99,000","-99,000",0,"99,000","-99,000"
"=""051912""",上緯控國泰45購03,0,0,0,"122,000","220,000","-98,000","122,000","220,000","-98,000"
"=""055793""",金像電統一39購01,0,0,0,"3,000","101,000","-98,000","3,000","101,000","-98,000"
"=""056626""",富邦金永豐47購01,0,0,0,0,"98,000","-98,000",0,"98,000","-98,000"
"=""060300""",鴻海群益46購09  ,0,0,0,0,"98,000","-98,000",0,"98,000","-98,000"
"=""064622""",欣興凱基4C購01  ,0,0,0,0,"98,000","-98,000",0,"98,000","-98,000"
"=""064724""",聯發科統一3B購03,0,0,0,0,"98,000","-98,000",0,"98,000","-98,000"
"=""067684""",祥碩凱基47購03  ,0,0,0,"245,000","343,000","-98,000","245,000","343,000","-98,000"
"=""069206""",立積統一54購01  ,0,0,0,"56,000","154,000","-98,000","56,000","154,000","-98,000"
"=""070199""",健策統一52購03  ,0,0,0,"2,000","100,000","-98,000","2,000","100,000","-98,000"
"=""070366""",長榮航凱基48購03,0,0,0,"73,000","171,000","-98,000","73,000","171,000","-98,000"
"=""071214""",晶豪科國泰49購01,0,0,0,"205,000","303,000","-98,000","205,000","303,000","-98,000"
"=""071980""",世芯元富52購04  ,0,0,0,"13,000","111,000","-98,000","13,000","111,000","-98,000"
"=""072934""",群創群益4B購02  ,0,0,0,"2,000","100,000","-98,000","2,000","100,000","-98,000"
"=""073737""",東陽統一51購02  ,0,0,0,0,"98,000","-98,000",0,"98,000","-98,000"
"=""076824""",啟�眥窶�4C購01  ,0,0,0,0,"98,000","-98,000",0,"98,000","-98,000"
"=""041776""",立隆電元大54購03,0,0,0,"98,000","195,000","-97,000","98,000","195,000","-97,000"
"=""050219""",時碩群益45購02  ,0,0,0,"3,000","100,000","-97,000","3,000","100,000","-97,000"
"=""05077T""",智邦中信36售02  ,0,0,0,"39,000","136,000","-97,000","39,000","136,000","-97,000"
"=""055066""",威盛群益44購11  ,0,0,0,0,"97,000","-97,000",0,"97,000","-97,000"
"=""060096""",世紀鋼國票49購01,0,0,0,"10,000","107,000","-97,000","10,000","107,000","-97,000"
"=""061556""",旺宏凱基47購01  ,0,0,0,"23,000","120,000","-97,000","23,000","120,000","-97,000"
"=""063173""",世芯元富56購02  ,0,0,0,"240,000","337,000","-97,000","240,000","337,000","-97,000"
"=""066718""",華碩群益49購01  ,0,0,0,"266,000","363,000","-97,000","266,000","363,000","-97,000"
"=""068262""",鈺齊國票4A購01  ,0,0,0,"1,000","98,000","-97,000","1,000","98,000","-97,000"
"=""070532""",友達永豐48購01  ,0,0,0,"72,000","169,000","-97,000","72,000","169,000","-97,000"
"=""072968""",微星元大49購02  ,0,0,0,"20,000","117,000","-97,000","20,000","117,000","-97,000"
"=""076759""",精銳永豐49購02  ,0,0,0,0,"97,000","-97,000",0,"97,000","-97,000"
"=""05103T""",臺股指元大39售13,0,0,0,0,"96,000","-96,000",0,"96,000","-96,000"
"=""051996""",元金2X元富49購01,0,0,0,0,"96,000","-96,000",0,"96,000","-96,000"
"=""054411""",京元電永豐45購01,0,0,0,0,"96,000","-96,000",0,"96,000","-96,000"
"=""062214""",國企2X元富46購01,0,0,0,0,"96,000","-96,000",0,"96,000","-96,000"
"=""071893""",中興電統一52購02,0,0,0,0,"96,000","-96,000",0,"96,000","-96,000"
"=""073315""",緯穎凱基49購07  ,0,0,0,0,"96,000","-96,000",0,"96,000","-96,000"
"=""073734""",文曄永豐49購01  ,0,0,0,"188,000","284,000","-96,000","188,000","284,000","-96,000"
6112  ,邁達特          ,0,0,0,"2,000","98,000","-96,000","2,000","98,000","-96,000"
"=""046222""",辛耘群益42購05  ,0,0,0,"5,000","100,000","-95,000","5,000","100,000","-95,000"
"=""053271""",台光電永豐46購04,0,0,0,"3,000","98,000","-95,000","3,000","98,000","-95,000"
"=""055778""",天虹統一53購01  ,0,0,0,"12,000","107,000","-95,000","12,000","107,000","-95,000"
"=""057115""",英業達群益45購01,0,0,0,"19,000","114,000","-95,000","19,000","114,000","-95,000"
"=""063016""",創意群益47購03  ,0,0,0,"84,000","179,000","-95,000","84,000","179,000","-95,000"
"=""063340""",台塑凱基47購01  ,0,0,0,0,"95,000","-95,000",0,"95,000","-95,000"
"=""064994""",億豐元富51購01  ,0,0,0,"24,000","119,000","-95,000","24,000","119,000","-95,000"
"=""065053""",玉晶光元大47購07,0,0,0,"15,000","110,000","-95,000","15,000","110,000","-95,000"
"=""066956""",鴻海元大47購15  ,0,0,0,"110,000","205,000","-95,000","110,000","205,000","-95,000"
"=""070602""",亞翔元大48購13  ,0,0,0,"60,000","155,000","-95,000","60,000","155,000","-95,000"
"=""071938""",上銀群益4A購04  ,0,0,0,"2,000","97,000","-95,000","2,000","97,000","-95,000"
"=""074844""",力積電富邦4B購01,0,0,0,0,"95,000","-95,000",0,"95,000","-95,000"
"=""076069""",立積統一56購03  ,0,0,0,"20,000","115,000","-95,000","20,000","115,000","-95,000"
"=""077082""",南電凱基49購03  ,0,0,0,0,"95,000","-95,000",0,"95,000","-95,000"
5234  ,達興材料        ,"5,001","136,000","-130,999","36,000",0,"36,000","41,001","136,000","-94,999"
"=""03609B""",臺股指凱基32熊14,0,0,0,"670,000","764,000","-94,000","670,000","764,000","-94,000"
"=""03716T""",文曄元大34售03  ,0,0,0,"10,000","104,000","-94,000","10,000","104,000","-94,000"
"=""047114""",文曄統一47購01  ,0,0,0,"7,000","101,000","-94,000","7,000","101,000","-94,000"
"=""04941T""",T50正2元大38售03,0,0,0,"4,000","98,000","-94,000","4,000","98,000","-94,000"
"=""053013""",迅得統一56購01  ,0,0,0,"94,000","188,000","-94,000","94,000","188,000","-94,000"
"=""058745""",大立光群益45購05,0,0,0,"100,000","194,000","-94,000","100,000","194,000","-94,000"
"=""059837""",皇昌凱基47購02  ,0,0,0,"76,000","170,000","-94,000","76,000","170,000","-94,000"
"=""061198""",緯穎群益46購13  ,0,0,0,"10,000","104,000","-94,000","10,000","104,000","-94,000"
"=""062148""",中信金富邦48購01,0,0,0,0,"94,000","-94,000",0,"94,000","-94,000"
"=""062602""",康舒元大46購04  ,0,0,0,0,"94,000","-94,000",0,"94,000","-94,000"
"=""064336""",長榮凱基46購18  ,0,0,0,"108,000","202,000","-94,000","108,000","202,000","-94,000"
"=""068562""",亞德客國票49購01,0,0,0,"7,000","101,000","-94,000","7,000","101,000","-94,000"
"=""070314""",FBNQ2X元大4A購02,0,0,0,"55,000","149,000","-94,000","55,000","149,000","-94,000"
"=""072076""",東鹼群益49購01  ,0,0,0,0,"94,000","-94,000",0,"94,000","-94,000"
"=""075057""",皇昌國泰4A購02  ,0,0,0,0,"94,000","-94,000",0,"94,000","-94,000"
"=""076331""",臺股指元富51購02,0,0,0,"5,000","99,000","-94,000","5,000","99,000","-94,000"
"=""076657""",材料凱基51購03  ,0,0,0,0,"94,000","-94,000",0,"94,000","-94,000"
"=""056888""",威盛元大45購09  ,0,0,0,0,"93,000","-93,000",0,"93,000","-93,000"
"=""059958""",合機元大45購02  ,0,0,0,"70,000","163,000","-93,000","70,000","163,000","-93,000"
"=""062829""",達發元大48購01  ,0,0,0,0,"93,000","-93,000",0,"93,000","-93,000"
"=""064795""",燿華元大47購02  ,0,0,0,"1,000","94,000","-93,000","1,000","94,000","-93,000"
"=""068307""",台光電元大48購03,0,0,0,0,"93,000","-93,000",0,"93,000","-93,000"
"=""072785""",中鋼兆豐4A購01  ,0,0,0,"348,000","441,000","-93,000","348,000","441,000","-93,000"
"=""074239""",亞翔凱基4B購02  ,0,0,0,"10,000","103,000","-93,000","10,000","103,000","-93,000"
"=""03431T""",玉晶光群益35售03,0,0,0,"10,000","102,000","-92,000","10,000","102,000","-92,000"
"=""057485""",立積國票46購02  ,0,0,0,"8,000","100,000","-92,000","8,000","100,000","-92,000"
"=""057805""",未來車元富48購01,0,0,0,0,"92,000","-92,000",0,"92,000","-92,000"
"=""059912""",欣興群益45購05  ,0,0,0,"44,000","136,000","-92,000","44,000","136,000","-92,000"
"=""064234""",台塑群益49購01  ,0,0,0,0,"92,000","-92,000",0,"92,000","-92,000"
"=""065806""",致茂國票48購01  ,0,0,0,"303,000","395,000","-92,000","303,000","395,000","-92,000"
"=""066268""",威盛元大47購08  ,0,0,0,"260,000","352,000","-92,000","260,000","352,000","-92,000"
"=""072568""",大銀凱基49購01  ,0,0,0,"150,000","242,000","-92,000","150,000","242,000","-92,000"
"=""057246""",建漢元富4A購01  ,0,0,0,"35,000","126,000","-91,000","35,000","126,000","-91,000"
"=""057659""",大立光統一41購01,0,0,0,0,"91,000","-91,000",0,"91,000","-91,000"
"=""059467""",振樺電元富45購02,0,0,0,"5,000","96,000","-91,000","5,000","96,000","-91,000"
"=""063920""",上証2X國票47購03,0,0,0,0,"91,000","-91,000",0,"91,000","-91,000"
"=""064701""",啟�痐舅j46購07  ,0,0,0,"117,000","208,000","-91,000","117,000","208,000","-91,000"
"=""065568""",圓剛元富47購02  ,0,0,0,"60,000","151,000","-91,000","60,000","151,000","-91,000"
"=""070646""",國巨凱基4A購02  ,0,0,0,"215,000","306,000","-91,000","215,000","306,000","-91,000"
"=""073006""",達興第一49購01  ,0,0,0,"8,000","99,000","-91,000","8,000","99,000","-91,000"
"=""073175""",菱光元大49購02  ,0,0,0,"2,000","93,000","-91,000","2,000","93,000","-91,000"
"=""074775""",富華新永豐4A購01,0,0,0,"20,000","111,000","-91,000","20,000","111,000","-91,000"
"=""075023""",南亞科群益4A購04,0,0,0,"19,000","110,000","-91,000","19,000","110,000","-91,000"
"=""075812""",台積電元大49購25,0,0,0,"77,000","168,000","-91,000","77,000","168,000","-91,000"
"=""077020""",大亞群益49購02  ,0,0,0,0,"91,000","-91,000",0,"91,000","-91,000"
"=""03969T""",欣興元大34售06  ,0,0,0,0,"90,000","-90,000",0,"90,000","-90,000"
"=""046657""",亞翔群益42購05  ,0,0,0,0,"90,000","-90,000",0,"90,000","-90,000"
"=""046779""",大立光群益42購08,0,0,0,"11,000","101,000","-90,000","11,000","101,000","-90,000"
"=""050191""",祥碩元大43購06  ,0,0,0,"10,000","100,000","-90,000","10,000","100,000","-90,000"
"=""053953""",滬深2X永豐44購09,0,0,0,"10,000","100,000","-90,000","10,000","100,000","-90,000"
"=""05562T""",天鈺群益37售03  ,0,0,0,0,"90,000","-90,000",0,"90,000","-90,000"
"=""056790""",國泰金國票46購01,0,0,0,"110,000","200,000","-90,000","110,000","200,000","-90,000"
"=""057777""",神達群益46購02  ,0,0,0,"103,000","193,000","-90,000","103,000","193,000","-90,000"
"=""060755""",智邦元大46購04  ,0,0,0,"10,000","100,000","-90,000","10,000","100,000","-90,000"
"=""062343""",智原元大4A購01  ,0,0,0,"10,000","100,000","-90,000","10,000","100,000","-90,000"
"=""062492""",材料統一56購01  ,0,0,0,0,"90,000","-90,000",0,"90,000","-90,000"
"=""062715""",鴻海元富46購12  ,0,0,0,0,"90,000","-90,000",0,"90,000","-90,000"
"=""063108""",迅得中信47購01  ,0,0,0,0,"90,000","-90,000",0,"90,000","-90,000"
"=""065397""",鴻海台新47購01  ,0,0,0,0,"90,000","-90,000",0,"90,000","-90,000"
"=""066332""",國巨兆豐47購02  ,0,0,0,"145,000","235,000","-90,000","145,000","235,000","-90,000"
"=""066933""",力積電群益47購01,0,0,0,0,"90,000","-90,000",0,"90,000","-90,000"
"=""067555""",臺股指群益47購03,0,0,0,0,"90,000","-90,000",0,"90,000","-90,000"
"=""068053""",T50正2凱基49購02,0,0,0,"22,000","112,000","-90,000","22,000","112,000","-90,000"
"=""069193""",智邦統一3C購01  ,0,0,0,"10,000","100,000","-90,000","10,000","100,000","-90,000"
"=""069984""",愛普統一52購02  ,0,0,0,0,"90,000","-90,000",0,"90,000","-90,000"
"=""070013""",美債2X元富62購01,0,0,0,"240,000","330,000","-90,000","240,000","330,000","-90,000"
"=""070457""",川湖凱基48購06  ,0,0,0,0,"90,000","-90,000",0,"90,000","-90,000"
"=""072109""",精銳永豐4A購01  ,0,0,0,"10,000","100,000","-90,000","10,000","100,000","-90,000"
"=""072756""",亞翔元大49購01  ,0,0,0,0,"90,000","-90,000",0,"90,000","-90,000"
"=""073038""",材料富邦4A購03  ,0,0,0,0,"90,000","-90,000",0,"90,000","-90,000"
"=""074136""",廣宇元大49購03  ,0,0,0,0,"90,000","-90,000",0,"90,000","-90,000"
"=""075428""",台積電元大49購23,0,0,0,"30,000","120,000","-90,000","30,000","120,000","-90,000"
"=""075635""",健鼎群益49購01  ,0,0,0,0,"90,000","-90,000",0,"90,000","-90,000"
"=""076052""",聯發科永豐53購01,0,0,0,0,"90,000","-90,000",0,"90,000","-90,000"
"=""076136""",宏致國票4A購01  ,0,0,0,0,"90,000","-90,000",0,"90,000","-90,000"
"=""076283""",FB越南凱基49購01,0,0,0,"270,000","360,000","-90,000","270,000","360,000","-90,000"
"=""077187""",智易元富4A購01  ,0,0,0,0,"90,000","-90,000",0,"90,000","-90,000"
"=""077280""",漢翔元大4B購01  ,0,0,0,0,"90,000","-90,000",0,"90,000","-90,000"
"=""08054U""",臺股指元大35售09,0,0,0,0,"90,000","-90,000",0,"90,000","-90,000"
"=""08350U""",英業達統一34售05,0,0,0,0,"90,000","-90,000",0,"90,000","-90,000"
"=""04703T""",神基元富35售01  ,0,0,0,0,"89,000","-89,000",0,"89,000","-89,000"
"=""04955T""",台灣50元大36售14,0,0,0,"10,000","99,000","-89,000","10,000","99,000","-89,000"
"=""051200""",緯穎群益43購08  ,0,0,0,"10,000","99,000","-89,000","10,000","99,000","-89,000"
"=""057918""",鴻海元大55購01  ,0,0,0,"53,000","142,000","-89,000","53,000","142,000","-89,000"
"=""062950""",川湖元大46購12  ,0,0,0,"117,000","206,000","-89,000","117,000","206,000","-89,000"
"=""064056""",聯發科元大46購26,0,0,0,"3,000","92,000","-89,000","3,000","92,000","-89,000"
"=""067172""",材料元大4B購02  ,0,0,0,"71,000","160,000","-89,000","71,000","160,000","-89,000"
"=""067349""",玉晶光元大47購20,0,0,0,"11,000","100,000","-89,000","11,000","100,000","-89,000"
"=""069909""",聯發科元大48購07,0,0,0,0,"89,000","-89,000",0,"89,000","-89,000"
"=""075046""",華新富邦49購03  ,0,0,0,"399,000","488,000","-89,000","399,000","488,000","-89,000"
1312  ,國喬            ,"13,000","101,220","-88,220",0,0,0,"13,000","101,220","-88,220"
"=""00683L""",期元大美元指正2 ,0,"201,000","-201,000","210,000","97,060","112,940","210,000","298,060","-88,060"
"=""053838""",中石化元富44購02,0,0,0,0,"88,000","-88,000",0,"88,000","-88,000"
"=""05396T""",陽明元大36售11  ,0,0,0,0,"88,000","-88,000",0,"88,000","-88,000"
"=""055476""",鴻海元大44購33  ,0,0,0,"2,000","90,000","-88,000","2,000","90,000","-88,000"
"=""057731""",嘉澤元大45購07  ,0,0,0,"58,000","146,000","-88,000","58,000","146,000","-88,000"
"=""059885""",仁寶群益45購03  ,0,0,0,"10,000","98,000","-88,000","10,000","98,000","-88,000"
"=""061573""",精誠凱基46購01  ,0,0,0,0,"88,000","-88,000",0,"88,000","-88,000"
"=""062316""",中502X元大46購05,0,0,0,"78,000","166,000","-88,000","78,000","166,000","-88,000"
"=""062821""",世芯元大46購22  ,0,0,0,0,"88,000","-88,000",0,"88,000","-88,000"
"=""063201""",世芯群益4C購03  ,0,0,0,"127,000","215,000","-88,000","127,000","215,000","-88,000"
"=""064534""",碩天永豐49購01  ,0,0,0,"12,000","100,000","-88,000","12,000","100,000","-88,000"
"=""064581""",玉晶光元富46購01,0,0,0,0,"88,000","-88,000",0,"88,000","-88,000"
"=""065252""",京元電元富51購01,0,0,0,"16,000","104,000","-88,000","16,000","104,000","-88,000"
"=""065326""",世芯統一49購03  ,0,0,0,0,"88,000","-88,000",0,"88,000","-88,000"
"=""065454""",臺股指元大4A購10,0,0,0,0,"88,000","-88,000",0,"88,000","-88,000"
"=""066641""",訊芯永豐4B購01  ,0,0,0,0,"88,000","-88,000",0,"88,000","-88,000"
"=""068180""",皇昌永豐49購02  ,0,0,0,"20,000","108,000","-88,000","20,000","108,000","-88,000"
"=""070658""",慧洋凱基48購01  ,0,0,0,"12,000","100,000","-88,000","12,000","100,000","-88,000"
"=""073583""",台灣50元富49購09,0,0,0,0,"88,000","-88,000",0,"88,000","-88,000"
"=""074809""",慧洋元大49購13  ,0,0,0,0,"88,000","-88,000",0,"88,000","-88,000"
"=""03756T""",文曄凱基36售02  ,0,0,0,"13,000","100,000","-87,000","13,000","100,000","-87,000"
"=""04141T""",緯創元大34售23  ,0,0,0,"45,000","132,000","-87,000","45,000","132,000","-87,000"
"=""051459""",迅得凱基43購03  ,0,0,0,"160,000","247,000","-87,000","160,000","247,000","-87,000"
"=""064797""",金像電元大4B購01,0,0,0,0,"87,000","-87,000",0,"87,000","-87,000"
"=""066521""",同欣電群益4A購01,0,0,0,"226,000","313,000","-87,000","226,000","313,000","-87,000"
"=""070038""",華友聯國票4A購01,0,0,0,0,"87,000","-87,000",0,"87,000","-87,000"
"=""070256""",美費半元富48購02,0,0,0,0,"87,000","-87,000",0,"87,000","-87,000"
"=""071644""",美費半凱基51購01,0,0,0,0,"87,000","-87,000",0,"87,000","-87,000"
"=""072817""",新興國票4A購01  ,0,0,0,"107,000","194,000","-87,000","107,000","194,000","-87,000"
"=""076301""",新唐凱基49購02  ,0,0,0,0,"87,000","-87,000",0,"87,000","-87,000"
"=""08805U""",智邦群益34售01  ,0,0,0,0,"87,000","-87,000",0,"87,000","-87,000"
"=""04512T""",台積電群益35售38,0,0,0,"20,000","106,000","-86,000","20,000","106,000","-86,000"
"=""051640""",京鼎兆豐45購02  ,0,0,0,"22,000","108,000","-86,000","22,000","108,000","-86,000"
"=""05468T""",FBNQ2X元大36售03,0,0,0,"599,000","685,000","-86,000","599,000","685,000","-86,000"
"=""055331""",洋華國泰46購01  ,0,0,0,0,"86,000","-86,000",0,"86,000","-86,000"
"=""058558""",緯穎元大45購23  ,0,0,0,"111,000","197,000","-86,000","111,000","197,000","-86,000"
"=""059650""",威盛永豐46購05  ,0,0,0,0,"86,000","-86,000",0,"86,000","-86,000"
"=""060740""",東陽元大46購07  ,0,0,0,0,"86,000","-86,000",0,"86,000","-86,000"
"=""061423""",致茂元富46購02  ,0,0,0,"12,000","98,000","-86,000","12,000","98,000","-86,000"
"=""061424""",華新科元富47購01,0,0,0,0,"86,000","-86,000",0,"86,000","-86,000"
"=""067166""",玉晶光元大47購19,0,0,0,"278,000","364,000","-86,000","278,000","364,000","-86,000"
"=""068494""",鴻海元大48購06  ,0,0,0,"25,000","111,000","-86,000","25,000","111,000","-86,000"
"=""071036""",矽力統一52購02  ,0,0,0,0,"86,000","-86,000",0,"86,000","-86,000"
"=""071504""",世紀鋼國泰49購01,0,0,0,"170,000","256,000","-86,000","170,000","256,000","-86,000"
"=""073226""",文曄國票4B購01  ,0,0,0,"124,000","210,000","-86,000","124,000","210,000","-86,000"
"=""075550""",群創凱基49購02  ,0,0,0,"31,000","117,000","-86,000","31,000","117,000","-86,000"
"=""075711""",所羅門凱基4A購02,0,0,0,"14,000","100,000","-86,000","14,000","100,000","-86,000"
"=""076752""",正新永豐4C購01  ,0,0,0,"90,000","176,000","-86,000","90,000","176,000","-86,000"
"=""00899 """,FT潔淨能源      ,0,0,0,"140,131","225,642","-85,511","140,131","225,642","-85,511"
"=""03614B""",臺股指元大35熊02,0,0,0,0,"85,000","-85,000",0,"85,000","-85,000"
"=""05124T""",臺股指群益39售18,0,0,0,"80,000","165,000","-85,000","80,000","165,000","-85,000"
"=""057991""",威盛富邦47購02  ,0,0,0,"14,000","99,000","-85,000","14,000","99,000","-85,000"
"=""059754""",長榮元大45購30  ,0,0,0,"210,000","295,000","-85,000","210,000","295,000","-85,000"
"=""060357""",萬海元大46購04  ,0,0,0,"18,000","103,000","-85,000","18,000","103,000","-85,000"
"=""061529""",飛宏中信46購01  ,0,0,0,0,"85,000","-85,000",0,"85,000","-85,000"
"=""061688""",新日興群益46購01,0,0,0,"3,000","88,000","-85,000","3,000","88,000","-85,000"
"=""062052""",陽明群益46購08  ,0,0,0,"1,000","86,000","-85,000","1,000","86,000","-85,000"
"=""067965""",緯穎永豐47購10  ,0,0,0,"79,000","164,000","-85,000","79,000","164,000","-85,000"
"=""069015""",伊雲谷國票49購01,0,0,0,0,"85,000","-85,000",0,"85,000","-85,000"
"=""073388""",海華元大49購05  ,0,0,0,0,"85,000","-85,000",0,"85,000","-85,000"
"=""073664""",新日興元大49購06,0,0,0,"85,000","170,000","-85,000","85,000","170,000","-85,000"
"=""074015""",和大元富53購02  ,0,0,0,"55,000","140,000","-85,000","55,000","140,000","-85,000"
"=""074894""",華新凱基4A購04  ,0,0,0,0,"85,000","-85,000",0,"85,000","-85,000"
"=""03624B""",臺股指凱基35熊39,0,0,0,0,"84,000","-84,000",0,"84,000","-84,000"
"=""054234""",世紀鋼凱基45購04,0,0,0,0,"84,000","-84,000",0,"84,000","-84,000"
"=""054759""",緯穎統一39購01  ,0,0,0,"13,000","97,000","-84,000","13,000","97,000","-84,000"
"=""056038""",嘉澤凱基44購05  ,0,0,0,0,"84,000","-84,000",0,"84,000","-84,000"
"=""057564""",台灣50群益45購11,0,0,0,0,"84,000","-84,000",0,"84,000","-84,000"
"=""062432""",神達永豐46購04  ,0,0,0,"75,000","159,000","-84,000","75,000","159,000","-84,000"
"=""063050""",華通國泰48購01  ,0,0,0,0,"84,000","-84,000",0,"84,000","-84,000"
"=""065358""",台積電群益47購28,0,0,0,0,"84,000","-84,000",0,"84,000","-84,000"
"=""067922""",聯德元大47購04  ,0,0,0,"5,000","89,000","-84,000","5,000","89,000","-84,000"
"=""068275""",新光金永豐3B購01,0,0,0,"19,000","103,000","-84,000","19,000","103,000","-84,000"
"=""069168""",華碩統一52購02  ,0,0,0,"14,000","98,000","-84,000","14,000","98,000","-84,000"
"=""069337""",上銀凱基48購04  ,0,0,0,"185,000","269,000","-84,000","185,000","269,000","-84,000"
"=""069985""",晶心科統一52購04,0,0,0,0,"84,000","-84,000",0,"84,000","-84,000"
"=""069993""",鴻海永豐49購08  ,0,0,0,"16,000","100,000","-84,000","16,000","100,000","-84,000"
"=""070079""",國巨凱基4B購01  ,0,0,0,"16,000","100,000","-84,000","16,000","100,000","-84,000"
"=""070208""",羅昇中信49購01  ,0,0,0,"10,000","94,000","-84,000","10,000","94,000","-84,000"
"=""070654""",京元電凱基4B購01,0,0,0,"6,000","90,000","-84,000","6,000","90,000","-84,000"
"=""073399""",群創元富41購01  ,0,0,0,"75,000","159,000","-84,000","75,000","159,000","-84,000"
"=""074763""",嘉澤台新49購01  ,0,0,0,"4,000","88,000","-84,000","4,000","88,000","-84,000"
"=""075234""",漢唐元大49購01  ,0,0,0,0,"84,000","-84,000",0,"84,000","-84,000"
"=""075935""",世芯凱基51購04  ,0,0,0,"16,000","100,000","-84,000","16,000","100,000","-84,000"
"=""077080""",AES凱基4C購01   ,0,0,0,"10,000","94,000","-84,000","10,000","94,000","-84,000"
"=""033101""",台積電群益54購23,0,0,0,"21,000","104,000","-83,000","21,000","104,000","-83,000"
"=""038175""",楠梓電國票59購01,0,0,0,"41,000","124,000","-83,000","41,000","124,000","-83,000"
"=""04142T""",創意元大34售27  ,0,0,0,0,"83,000","-83,000",0,"83,000","-83,000"
"=""053306""",創意凱基44購05  ,0,0,0,"22,000","105,000","-83,000","22,000","105,000","-83,000"
"=""056405""",T50正2群益45購01,0,0,0,"15,000","98,000","-83,000","15,000","98,000","-83,000"
"=""057332""",敬鵬群益45購01  ,0,0,0,"21,000","104,000","-83,000","21,000","104,000","-83,000"
"=""058196""",世芯永豐52購02  ,0,0,0,"40,000","123,000","-83,000","40,000","123,000","-83,000"
"=""059877""",中興電群益45購03,0,0,0,0,"83,000","-83,000",0,"83,000","-83,000"
"=""064407""",T50反1凱基4C購01,0,0,0,"1,000","84,000","-83,000","1,000","84,000","-83,000"
"=""068196""",佳能元富49購02  ,0,0,0,"25,000","108,000","-83,000","25,000","108,000","-83,000"
"=""068379""",聯電統一51購02  ,0,0,0,"93,000","176,000","-83,000","93,000","176,000","-83,000"
"=""068406""",富世達統一52購03,0,0,0,"5,000","88,000","-83,000","5,000","88,000","-83,000"
"=""069583""",長榮統一58購01  ,0,0,0,0,"83,000","-83,000",0,"83,000","-83,000"
"=""070575""",大成鋼元大48購07,0,0,0,0,"83,000","-83,000",0,"83,000","-83,000"
"=""071057""",華新永豐48購02  ,0,0,0,0,"83,000","-83,000",0,"83,000","-83,000"
"=""072877""",三芳元富53購01  ,0,0,0,"2,000","85,000","-83,000","2,000","85,000","-83,000"
"=""073411""",友達富邦41購01  ,0,0,0,"194,000","277,000","-83,000","194,000","277,000","-83,000"
"=""075771""",緯穎群益49購10  ,0,0,0,"70,000","153,000","-83,000","70,000","153,000","-83,000"
"=""076210""",一詮元大49購08  ,0,0,0,"51,000","134,000","-83,000","51,000","134,000","-83,000"
6442  ,光聖            ,"11,001","94,000","-82,999",0,0,0,"11,001","94,000","-82,999"
"=""04804T""",台灣50元富36售02,0,0,0,"65,000","147,000","-82,000","65,000","147,000","-82,000"
"=""056579""",嘉澤元大45購02  ,0,0,0,"18,000","100,000","-82,000","18,000","100,000","-82,000"
"=""060106""",鴻準富邦49購01  ,0,0,0,"7,000","89,000","-82,000","7,000","89,000","-82,000"
"=""060853""",南亞科永豐46購01,0,0,0,"100,000","182,000","-82,000","100,000","182,000","-82,000"
"=""061175""",中鋼群益46購01  ,0,0,0,0,"82,000","-82,000",0,"82,000","-82,000"
"=""063606""",宇隆群益49購01  ,0,0,0,0,"82,000","-82,000",0,"82,000","-82,000"
"=""064078""",群創元大48購01  ,0,0,0,"3,000","85,000","-82,000","3,000","85,000","-82,000"
"=""064388""",神達富邦4A購01  ,0,0,0,0,"82,000","-82,000",0,"82,000","-82,000"
"=""065268""",元債2X永豐54購01,0,0,0,"20,000","102,000","-82,000","20,000","102,000","-82,000"
"=""065412""",台塑元大4B購01  ,0,0,0,0,"82,000","-82,000",0,"82,000","-82,000"
"=""065821""",南亞統一51購01  ,0,0,0,"63,000","145,000","-82,000","63,000","145,000","-82,000"
"=""067020""",一詮統一57購01  ,0,0,0,0,"82,000","-82,000",0,"82,000","-82,000"
"=""067575""",矽力富邦48購02  ,0,0,0,0,"82,000","-82,000",0,"82,000","-82,000"
"=""069101""",世芯元大48購18  ,0,0,0,"75,000","157,000","-82,000","75,000","157,000","-82,000"
"=""071650""",鴻海凱基49購12  ,0,0,0,"37,000","119,000","-82,000","37,000","119,000","-82,000"
"=""073124""",達興國票4A購01  ,0,0,0,0,"82,000","-82,000",0,"82,000","-82,000"
"=""073370""",上銀元大49購04  ,0,0,0,0,"82,000","-82,000",0,"82,000","-82,000"
"=""074731""",緯創國票4A購03  ,0,0,0,"101,000","183,000","-82,000","101,000","183,000","-82,000"
"=""04456T""",緯創元大35售23  ,0,0,0,"1,000","82,000","-81,000","1,000","82,000","-81,000"
"=""04863T""",華通中信36售01  ,0,0,0,0,"81,000","-81,000",0,"81,000","-81,000"
"=""049037""",貿聯群益44購02  ,0,0,0,0,"81,000","-81,000",0,"81,000","-81,000"
"=""052030""",TPK國票43購03   ,0,0,0,"44,000","125,000","-81,000","44,000","125,000","-81,000"
"=""052770""",矽力凱基46購01  ,0,0,0,0,"81,000","-81,000",0,"81,000","-81,000"
"=""056909""",材料元大45購04  ,0,0,0,0,"81,000","-81,000",0,"81,000","-81,000"
"=""060339""",仁寶元大46購02  ,0,0,0,"135,000","216,000","-81,000","135,000","216,000","-81,000"
"=""062607""",臺股指元大49購14,0,0,0,"1,000","82,000","-81,000","1,000","82,000","-81,000"
"=""064848""",宏全永豐4A購01  ,0,0,0,"4,000","85,000","-81,000","4,000","85,000","-81,000"
"=""065054""",玉晶光元大47購08,0,0,0,"67,000","148,000","-81,000","67,000","148,000","-81,000"
"=""066018""",勤誠統一45購01  ,0,0,0,"10,000","91,000","-81,000","10,000","91,000","-81,000"
"=""067259""",亞翔統一41購01  ,0,0,0,"10,000","91,000","-81,000","10,000","91,000","-81,000"
"=""067906""",台積電元大47購43,0,0,0,0,"81,000","-81,000",0,"81,000","-81,000"
"=""068549""",緯創兆豐52購01  ,0,0,0,"3,000","84,000","-81,000","3,000","84,000","-81,000"
"=""070485""",川湖統一52購03  ,0,0,0,"88,000","169,000","-81,000","88,000","169,000","-81,000"
"=""070678""",台積電統一48購10,0,0,0,"24,000","105,000","-81,000","24,000","105,000","-81,000"
"=""072390""",華城國票49購05  ,0,0,0,"31,000","112,000","-81,000","31,000","112,000","-81,000"
"=""073892""",台積電群益49購14,0,0,0,0,"81,000","-81,000",0,"81,000","-81,000"
"=""076091""",建準群益4B購01  ,0,0,0,0,"81,000","-81,000",0,"81,000","-81,000"
"=""076635""",龍德船統一53購01,0,0,0,"129,000","210,000","-81,000","129,000","210,000","-81,000"
"=""076949""",晟銘電永豐52購01,0,0,0,0,"81,000","-81,000",0,"81,000","-81,000"
"=""03109T""",辛耘國票34售03  ,0,0,0,"20,000","100,000","-80,000","20,000","100,000","-80,000"
"=""03686T""",華碩群益34售03  ,0,0,0,0,"80,000","-80,000",0,"80,000","-80,000"
"=""04222T""",大立光富邦3B售01,0,0,0,"30,000","110,000","-80,000","30,000","110,000","-80,000"
"=""042617""",亞翔凱基55購02  ,0,0,0,0,"80,000","-80,000",0,"80,000","-80,000"
"=""044966""",三集瑞元大55購01,0,0,0,0,"80,000","-80,000",0,"80,000","-80,000"
"=""046582""",鉅祥凱基43購02  ,0,0,0,0,"80,000","-80,000",0,"80,000","-80,000"
"=""047380""",豐藝凱基45購01  ,0,0,0,0,"80,000","-80,000",0,"80,000","-80,000"
"=""04847T""",台灣50凱基37售10,0,0,0,"100,000","180,000","-80,000","100,000","180,000","-80,000"
"=""050290""",零壹國票44購01  ,0,0,0,0,"80,000","-80,000",0,"80,000","-80,000"
"=""050661""",華擎兆豐45購01  ,0,0,0,0,"80,000","-80,000",0,"80,000","-80,000"
"=""051505""",亞翔國票44購02  ,0,0,0,0,"80,000","-80,000",0,"80,000","-80,000"
"=""053491""",國企2X國票44購03,0,0,0,0,"80,000","-80,000",0,"80,000","-80,000"
"=""054100""",臺股指法興44購02,0,0,0,0,"80,000","-80,000",0,"80,000","-80,000"
"=""054666""",台積電元大44購59,0,0,0,"7,000","87,000","-80,000","7,000","87,000","-80,000"
"=""056445""",世芯統一53購01  ,0,0,0,0,"80,000","-80,000",0,"80,000","-80,000"
"=""05670T""",大立光凱基37售09,0,0,0,0,"80,000","-80,000",0,"80,000","-80,000"
"=""057046""",緯創凱基45購03  ,0,0,0,"30,000","110,000","-80,000","30,000","110,000","-80,000"
"=""057352""",緯創群益45購06  ,0,0,0,0,"80,000","-80,000",0,"80,000","-80,000"
"=""05808T""",世紀鋼台新37售01,0,0,0,0,"80,000","-80,000",0,"80,000","-80,000"
"=""058269""",美債2X元大51購01,0,0,0,0,"80,000","-80,000",0,"80,000","-80,000"
"=""05826T""",華城凱基38售02  ,0,0,0,"28,000","108,000","-80,000","28,000","108,000","-80,000"
"=""05856T""",長榮凱基38售06  ,0,0,0,0,"80,000","-80,000",0,"80,000","-80,000"
"=""058981""",威盛國票46購04  ,0,0,0,"224,000","304,000","-80,000","224,000","304,000","-80,000"
"=""059539""",緯穎凱基48購02  ,0,0,0,0,"80,000","-80,000",0,"80,000","-80,000"
"=""060009""",東元永豐47購01  ,0,0,0,0,"80,000","-80,000",0,"80,000","-80,000"
"=""060635""",大聯大台新46購01,0,0,0,"16,000","96,000","-80,000","16,000","96,000","-80,000"
"=""060863""",力成永豐47購01  ,0,0,0,0,"80,000","-80,000",0,"80,000","-80,000"
"=""061015""",世紀鋼群益47購01,0,0,0,"25,000","105,000","-80,000","25,000","105,000","-80,000"
"=""061067""",緯穎富邦49購03  ,0,0,0,0,"80,000","-80,000",0,"80,000","-80,000"
"=""061482""",臻鼎元大46購10  ,0,0,0,"86,000","166,000","-80,000","86,000","166,000","-80,000"
"=""061791""",建漢富邦48購01  ,0,0,0,0,"80,000","-80,000",0,"80,000","-80,000"
"=""062705""",達發永豐48購01  ,0,0,0,0,"80,000","-80,000",0,"80,000","-80,000"
"=""062706""",緯穎永豐46購11  ,0,0,0,"1,000","81,000","-80,000","1,000","81,000","-80,000"
"=""063493""",保瑞富邦47購01  ,0,0,0,"120,000","200,000","-80,000","120,000","200,000","-80,000"
"=""064121""",長榮航群益47購07,0,0,0,0,"80,000","-80,000",0,"80,000","-80,000"
"=""064710""",華碩群益47購01  ,0,0,0,"58,000","138,000","-80,000","58,000","138,000","-80,000"
"=""064730""",神達群益46購06  ,0,0,0,0,"80,000","-80,000",0,"80,000","-80,000"
"=""065117""",世芯中信49購01  ,0,0,0,"28,000","108,000","-80,000","28,000","108,000","-80,000"
"=""065410""",SGBR2X元大48購02,0,0,0,0,"80,000","-80,000",0,"80,000","-80,000"
"=""065555""",廣宇元富47購01  ,0,0,0,0,"80,000","-80,000",0,"80,000","-80,000"
"=""065582""",泓德元富4A購01  ,0,0,0,0,"80,000","-80,000",0,"80,000","-80,000"
"=""065668""",金像電凱基48購01,0,0,0,0,"80,000","-80,000",0,"80,000","-80,000"
"=""066512""",京鼎群益47購01  ,0,0,0,"634,000","714,000","-80,000","634,000","714,000","-80,000"
"=""067535""",鴻海群益48購07  ,0,0,0,0,"80,000","-80,000",0,"80,000","-80,000"
"=""069557""",萬海群益48購02  ,0,0,0,0,"80,000","-80,000",0,"80,000","-80,000"
"=""069600""",臻鼎統一52購01  ,0,0,0,0,"80,000","-80,000",0,"80,000","-80,000"
"=""069845""",智原群益48購03  ,0,0,0,0,"80,000","-80,000",0,"80,000","-80,000"
"=""070030""",世芯元富52購02  ,0,0,0,0,"80,000","-80,000",0,"80,000","-80,000"
"=""070489""",華碩統一53購01  ,0,0,0,0,"80,000","-80,000",0,"80,000","-80,000"
"=""071960""",晶心科群益49購02,0,0,0,0,"80,000","-80,000",0,"80,000","-80,000"
"=""072047""",群創元大51購01  ,0,0,0,0,"80,000","-80,000",0,"80,000","-80,000"
"=""072140""",富華新統一4C購01,0,0,0,"67,000","147,000","-80,000","67,000","147,000","-80,000"
"=""072218""",台郡凱基49購03  ,0,0,0,"1,000","81,000","-80,000","1,000","81,000","-80,000"
"=""072688""",台積電國票51購02,0,0,0,0,"80,000","-80,000",0,"80,000","-80,000"
"=""073004""",景碩富邦4B購01  ,0,0,0,0,"80,000","-80,000",0,"80,000","-80,000"
"=""073170""",亞翔元大49購03  ,0,0,0,"20,000","100,000","-80,000","20,000","100,000","-80,000"
"=""073516""",昆盈凱基4A購02  ,0,0,0,0,"80,000","-80,000",0,"80,000","-80,000"
"=""073534""",達興凱基49購02  ,0,0,0,0,"80,000","-80,000",0,"80,000","-80,000"
"=""073578""",矽格群益49購01  ,0,0,0,0,"80,000","-80,000",0,"80,000","-80,000"
"=""073784""",健鼎凱基49購01  ,0,0,0,0,"80,000","-80,000",0,"80,000","-80,000"
"=""073866""",神達元大4C購01  ,0,0,0,0,"80,000","-80,000",0,"80,000","-80,000"
"=""074079""",A50正2群益43購01,0,0,0,"15,000","95,000","-80,000","15,000","95,000","-80,000"
"=""074510""",華邦電凱基4C購01,0,0,0,0,"80,000","-80,000",0,"80,000","-80,000"
"=""075420""",元日2X元大57購01,0,0,0,0,"80,000","-80,000",0,"80,000","-80,000"
"=""075422""",中興電元大49購08,0,0,0,"42,000","122,000","-80,000","42,000","122,000","-80,000"
"=""075549""",創意凱基4B購03  ,0,0,0,"50,000","130,000","-80,000","50,000","130,000","-80,000"
"=""076119""",鴻海元富49購10  ,0,0,0,"26,000","106,000","-80,000","26,000","106,000","-80,000"
"=""056956""",元債2X永豐53購01,0,0,0,0,"79,000","-79,000",0,"79,000","-79,000"
"=""059040""",亞翔永豐45購01  ,0,0,0,"10,000","89,000","-79,000","10,000","89,000","-79,000"
"=""062309""",臺股指群益4A購05,0,0,0,0,"79,000","-79,000",0,"79,000","-79,000"
"=""063389""",上銀群益46購05  ,0,0,0,0,"79,000","-79,000",0,"79,000","-79,000"
"=""063774""",華晶科元富46購02,0,0,0,"1,000","80,000","-79,000","1,000","80,000","-79,000"
"=""067468""",健策凱基48購03  ,0,0,0,"88,000","167,000","-79,000","88,000","167,000","-79,000"
"=""069006""",偉訓國票49購02  ,0,0,0,0,"79,000","-79,000",0,"79,000","-79,000"
"=""071083""",凌陽群益4A購01  ,0,0,0,"1,000","80,000","-79,000","1,000","80,000","-79,000"
"=""071427""",華邦電元富4A購02,0,0,0,0,"79,000","-79,000",0,"79,000","-79,000"
"=""072718""",華新元大49購01  ,0,0,0,"83,000","162,000","-79,000","83,000","162,000","-79,000"
"=""073713""",美律國票4A購02  ,0,0,0,"1,000","80,000","-79,000","1,000","80,000","-79,000"
"=""073760""",台灣50凱基52購02,0,0,0,0,"79,000","-79,000",0,"79,000","-79,000"
"=""076476""",緯穎國泰4A購01  ,0,0,0,"1,000","80,000","-79,000","1,000","80,000","-79,000"
"=""085441""",廣宇永豐4C購02  ,0,0,0,"169,000","248,000","-79,000","169,000","248,000","-79,000"
2379  ,瑞昱            ,"20,000","56,652","-36,652","14,086","55,484","-41,398","34,086","112,136","-78,050"
"=""03433T""",世紀鋼群益34售04,0,0,0,"102,000","180,000","-78,000","102,000","180,000","-78,000"
"=""040717""",長榮凱基54購06  ,0,0,0,"7,000","85,000","-78,000","7,000","85,000","-78,000"
"=""04573T""",臺股指元大36售69,0,0,0,"1,000","79,000","-78,000","1,000","79,000","-78,000"
"=""05318T""",陽明中信37售02  ,0,0,0,0,"78,000","-78,000",0,"78,000","-78,000"
"=""05520T""",聯電中信38售01  ,0,0,0,0,"78,000","-78,000",0,"78,000","-78,000"
"=""060940""",緯創凱基46購05  ,0,0,0,"23,000","101,000","-78,000","23,000","101,000","-78,000"
"=""061504""",鴻海元富4C購02  ,0,0,0,"7,000","85,000","-78,000","7,000","85,000","-78,000"
"=""064406""",T50反1凱基4A購02,0,0,0,"192,000","270,000","-78,000","192,000","270,000","-78,000"
"=""065867""",富邦金永豐48購01,0,0,0,"215,000","293,000","-78,000","215,000","293,000","-78,000"
"=""066949""",美債2X元大57購01,0,0,0,0,"78,000","-78,000",0,"78,000","-78,000"
"=""068003""",南亞科群益49購01,0,0,0,0,"78,000","-78,000",0,"78,000","-78,000"
"=""068465""",鴻海群益48購08  ,0,0,0,"72,000","150,000","-78,000","72,000","150,000","-78,000"
"=""070455""",台塑凱基4A購02  ,0,0,0,0,"78,000","-78,000",0,"78,000","-78,000"
"=""070750""",國巨群益4A購04  ,0,0,0,0,"78,000","-78,000",0,"78,000","-78,000"
"=""071425""",和大元富52購01  ,0,0,0,"78,000","156,000","-78,000","78,000","156,000","-78,000"
"=""072373""",華通元富49購02  ,0,0,0,"179,000","257,000","-78,000","179,000","257,000","-78,000"
"=""074548""",萬海群益4A購07  ,0,0,0,0,"78,000","-78,000",0,"78,000","-78,000"
"=""075456""",世芯元大49購15  ,0,0,0,0,"78,000","-78,000",0,"78,000","-78,000"
"=""075540""",南亞科凱基4A購05,0,0,0,"156,000","234,000","-78,000","156,000","234,000","-78,000"
"=""076063""",台積電統一53購08,0,0,0,"32,000","110,000","-78,000","32,000","110,000","-78,000"
"=""076574""",台積電國泰4A購07,0,0,0,0,"78,000","-78,000",0,"78,000","-78,000"
"=""076722""",奇鋐元大49購09  ,0,0,0,"10,000","88,000","-78,000","10,000","88,000","-78,000"
"=""041902""",興勤凱基54購03  ,0,0,0,0,"77,000","-77,000",0,"77,000","-77,000"
"=""04361T""",文曄統一39售05  ,0,0,0,"71,000","148,000","-77,000","71,000","148,000","-77,000"
"=""04496T""",川湖永豐36售01  ,0,0,0,0,"77,000","-77,000",0,"77,000","-77,000"
"=""04585T""",虹堡凱基35售03  ,0,0,0,0,"77,000","-77,000",0,"77,000","-77,000"
"=""04886T""",微星凱基36售01  ,0,0,0,0,"77,000","-77,000",0,"77,000","-77,000"
"=""05052T""",中磊永豐36售02  ,0,0,0,0,"77,000","-77,000",0,"77,000","-77,000"
"=""05611T""",華航凱基37售05  ,0,0,0,0,"77,000","-77,000",0,"77,000","-77,000"
"=""057466""",中興電國票46購01,0,0,0,0,"77,000","-77,000",0,"77,000","-77,000"
"=""05804T""",緯穎元大37售09  ,0,0,0,"84,000","161,000","-77,000","84,000","161,000","-77,000"
"=""059947""",亞翔國票46購01  ,0,0,0,"52,000","129,000","-77,000","52,000","129,000","-77,000"
"=""064531""",玉晶光永豐4C購01,0,0,0,0,"77,000","-77,000",0,"77,000","-77,000"
"=""066350""",台灣50元富47購06,0,0,0,0,"77,000","-77,000",0,"77,000","-77,000"
"=""068718""",電子類凱基49購02,0,0,0,0,"77,000","-77,000",0,"77,000","-77,000"
"=""069728""",臺指反富邦52購01,0,0,0,0,"77,000","-77,000",0,"77,000","-77,000"
"=""069800""",台郡統一58購01  ,0,0,0,"76,000","153,000","-77,000","76,000","153,000","-77,000"
"=""070161""",奇鋐富邦4A購01  ,0,0,0,0,"77,000","-77,000",0,"77,000","-77,000"
"=""070164""",精成科富邦4B購01,0,0,0,0,"77,000","-77,000",0,"77,000","-77,000"
"=""070282""",中租元富4C購01  ,0,0,0,0,"77,000","-77,000",0,"77,000","-77,000"
"=""071623""",臺股指群益48購23,0,0,0,0,"77,000","-77,000",0,"77,000","-77,000"
"=""072234""",合機元大48購03  ,0,0,0,"32,000","109,000","-77,000","32,000","109,000","-77,000"
"=""072698""",奇鋐國票4A購01  ,0,0,0,"170,000","247,000","-77,000","170,000","247,000","-77,000"
"=""075833""",慧洋元大49購18  ,0,0,0,"182,000","259,000","-77,000","182,000","259,000","-77,000"
3532  ,台勝科          ,"12,000","89,242","-77,242","8,000","7,621",379,"20,000","96,863","-76,863"
"=""060984""",華泰群益46購02  ,0,0,0,"10,000","86,000","-76,000","10,000","86,000","-76,000"
"=""061142""",玉山金元富46購01,0,0,0,"113,000","189,000","-76,000","113,000","189,000","-76,000"
"=""064109""",昆盈群益46購02  ,0,0,0,"75,000","151,000","-76,000","75,000","151,000","-76,000"
"=""064850""",精成科台新47購01,0,0,0,"154,000","230,000","-76,000","154,000","230,000","-76,000"
"=""066184""",聯詠兆豐3B購01  ,0,0,0,"5,000","81,000","-76,000","5,000","81,000","-76,000"
"=""066943""",健鼎富邦49購01  ,0,0,0,"10,000","86,000","-76,000","10,000","86,000","-76,000"
"=""067755""",聯發科兆豐47購02,0,0,0,"56,000","132,000","-76,000","56,000","132,000","-76,000"
"=""067827""",世芯永豐47購13  ,0,0,0,0,"76,000","-76,000",0,"76,000","-76,000"
"=""068512""",信邦元大48購01  ,0,0,0,"11,000","87,000","-76,000","11,000","87,000","-76,000"
"=""069405""",群創統一52購02  ,0,0,0,"80,000","156,000","-76,000","80,000","156,000","-76,000"
"=""070011""",泰金寶永豐48購02,0,0,0,"52,000","128,000","-76,000","52,000","128,000","-76,000"
"=""070350""",矽力元大48購10  ,0,0,0,"75,000","151,000","-76,000","75,000","151,000","-76,000"
"=""070552""",京鼎群益48購02  ,0,0,0,"30,000","106,000","-76,000","30,000","106,000","-76,000"
"=""071387""",矽格元大48購02  ,0,0,0,0,"76,000","-76,000",0,"76,000","-76,000"
"=""071412""",來億兆豐4A購01  ,0,0,0,"79,000","155,000","-76,000","79,000","155,000","-76,000"
"=""072834""",東陽凱基49購01  ,0,0,0,"13,000","89,000","-76,000","13,000","89,000","-76,000"
"=""073236""",智邦國泰4A購01  ,0,0,0,"20,000","96,000","-76,000","20,000","96,000","-76,000"
"=""074555""",亞翔群益49購09  ,0,0,0,"11,000","87,000","-76,000","11,000","87,000","-76,000"
"=""075690""",華泰富邦49購02  ,0,0,0,0,"76,000","-76,000",0,"76,000","-76,000"
1102  ,亞泥            ,"2,000","31,053","-29,053","1,000","46,997","-45,997","3,000","78,050","-75,050"
"=""038590""",保瑞國票54購01  ,0,0,0,0,"75,000","-75,000",0,"75,000","-75,000"
"=""04117T""",聯電群益34售07  ,0,0,0,0,"75,000","-75,000",0,"75,000","-75,000"
"=""04467T""",建準凱基35售02  ,0,0,0,"27,000","102,000","-75,000","27,000","102,000","-75,000"
"=""052202""",滬深2X元富43購07,0,0,0,"78,000","153,000","-75,000","78,000","153,000","-75,000"
"=""052801""",鉅祥群益4A購01  ,0,0,0,"262,000","337,000","-75,000","262,000","337,000","-75,000"
"=""052956""",宇隆群益45購01  ,0,0,0,0,"75,000","-75,000",0,"75,000","-75,000"
"=""054242""",富邦金國泰46購04,0,0,0,"40,000","115,000","-75,000","40,000","115,000","-75,000"
"=""055124""",雲豹元大44購02  ,0,0,0,0,"75,000","-75,000",0,"75,000","-75,000"
"=""056670""",世芯國票48購01  ,0,0,0,0,"75,000","-75,000",0,"75,000","-75,000"
"=""05727T""",南電元大37售06  ,0,0,0,0,"75,000","-75,000",0,"75,000","-75,000"
"=""057843""",光寶科凱基45購03,0,0,0,0,"75,000","-75,000",0,"75,000","-75,000"
"=""058811""",美時台新45購01  ,0,0,0,0,"75,000","-75,000",0,"75,000","-75,000"
"=""062699""",世芯永豐47購08  ,0,0,0,0,"75,000","-75,000",0,"75,000","-75,000"
"=""064052""",金像電元大46購07,0,0,0,"20,000","95,000","-75,000","20,000","95,000","-75,000"
"=""064123""",奇鋐群益46購14  ,0,0,0,"3,000","78,000","-75,000","3,000","78,000","-75,000"
"=""064278""",台積電元大48購10,0,0,0,0,"75,000","-75,000",0,"75,000","-75,000"
"=""064827""",台塑統一51購01  ,0,0,0,"407,000","482,000","-75,000","407,000","482,000","-75,000"
"=""064876""",長榮群益47購03  ,0,0,0,"70,000","145,000","-75,000","70,000","145,000","-75,000"
"=""066728""",玉晶光群益47購07,0,0,0,0,"75,000","-75,000",0,"75,000","-75,000"
"=""068334""",台灣50永豐48購02,0,0,0,"4,000","79,000","-75,000","4,000","79,000","-75,000"
"=""068683""",保瑞永豐4A購01  ,0,0,0,"25,000","100,000","-75,000","25,000","100,000","-75,000"
"=""069232""",聯發科元富4A購09,0,0,0,0,"75,000","-75,000",0,"75,000","-75,000"
"=""069442""",緯創群益48購04  ,0,0,0,0,"75,000","-75,000",0,"75,000","-75,000"
"=""069806""",美利達統一52購01,0,0,0,"25,000","100,000","-75,000","25,000","100,000","-75,000"
"=""069927""",亞翔元大48購11  ,0,0,0,"92,000","167,000","-75,000","92,000","167,000","-75,000"
"=""070296""",揚明光國票49購01,0,0,0,0,"75,000","-75,000",0,"75,000","-75,000"
"=""071799""",SGBR2X國票49購01,0,0,0,"51,000","126,000","-75,000","51,000","126,000","-75,000"
"=""071863""",群創凱基4A購01  ,0,0,0,"15,000","90,000","-75,000","15,000","90,000","-75,000"
"=""075122""",FBNQ2X永豐4A購01,0,0,0,0,"75,000","-75,000",0,"75,000","-75,000"
"=""075563""",和大元大49購08  ,0,0,0,0,"75,000","-75,000",0,"75,000","-75,000"
"=""075767""",迎廣群益4B購01  ,0,0,0,0,"75,000","-75,000",0,"75,000","-75,000"
"=""075798""",台積電元富4A購18,0,0,0,0,"75,000","-75,000",0,"75,000","-75,000"
"=""075864""",台積電永豐4A購12,0,0,0,0,"75,000","-75,000",0,"75,000","-75,000"
"=""076181""",台表科凱基4B購01,0,0,0,"120,000","195,000","-75,000","120,000","195,000","-75,000"
"=""076287""",鴻海凱基51購05  ,0,0,0,0,"75,000","-75,000",0,"75,000","-75,000"
2393  ,億光            ,"30,000","106,000","-76,000","1,000",0,"1,000","31,000","106,000","-75,000"
3715  ,定穎投控        ,"77,000","110,100","-33,100","65,684","107,495","-41,811","142,684","217,595","-74,911"
1409  ,新纖            ,"4,000","78,907","-74,907",0,0,0,"4,000","78,907","-74,907"
"=""00654R""",富邦印度反1     ,0,0,0,"58,000","132,000","-74,000","58,000","132,000","-74,000"
"=""05423T""",仁寶元富36售05  ,0,0,0,"5,000","79,000","-74,000","5,000","79,000","-74,000"
"=""05566T""",臺股指群益3B售08,0,0,0,"5,000","79,000","-74,000","5,000","79,000","-74,000"
"=""057664""",緯創元富4B購02  ,0,0,0,0,"74,000","-74,000",0,"74,000","-74,000"
"=""058441""",友達永豐46購01  ,0,0,0,"309,000","383,000","-74,000","309,000","383,000","-74,000"
"=""061102""",大立光富邦3A購01,0,0,0,"4,000","78,000","-74,000","4,000","78,000","-74,000"
"=""061960""",群高息凱基47購01,0,0,0,"175,000","249,000","-74,000","175,000","249,000","-74,000"
"=""067171""",神達元大51購01  ,0,0,0,0,"74,000","-74,000",0,"74,000","-74,000"
"=""067609""",台塑化元富4A購01,0,0,0,"26,000","100,000","-74,000","26,000","100,000","-74,000"
"=""067936""",穎崴富邦4A購01  ,0,0,0,0,"74,000","-74,000",0,"74,000","-74,000"
"=""072146""",矽創統一51購01  ,0,0,0,0,"74,000","-74,000",0,"74,000","-74,000"
"=""073242""",亞力統一41購01  ,0,0,0,"20,000","94,000","-74,000","20,000","94,000","-74,000"
"=""075349""",中工凱基49購01  ,0,0,0,"77,000","151,000","-74,000","77,000","151,000","-74,000"
"=""075600""",材料元大51購08  ,0,0,0,0,"74,000","-74,000",0,"74,000","-74,000"
"=""075966""",富邦金群益49購04,0,0,0,0,"74,000","-74,000",0,"74,000","-74,000"
"=""076377""",玉晶光元大49購06,0,0,0,0,"74,000","-74,000",0,"74,000","-74,000"
"=""076453""",威強電元富49購03,0,0,0,0,"74,000","-74,000",0,"74,000","-74,000"
"=""076641""",台積電凱基49購32,0,0,0,"101,000","175,000","-74,000","101,000","175,000","-74,000"
"=""05075T""",臺股指元富36售08,0,0,0,0,"73,000","-73,000",0,"73,000","-73,000"
"=""060707""",元債2X群益4C購03,0,0,0,"86,000","159,000","-73,000","86,000","159,000","-73,000"
"=""062901""",A50正2凱基46購02,0,0,0,0,"73,000","-73,000",0,"73,000","-73,000"
"=""063082""",華邦電國票47購02,0,0,0,"117,000","190,000","-73,000","117,000","190,000","-73,000"
"=""064621""",嘉晶凱基49購01  ,0,0,0,"19,000","92,000","-73,000","19,000","92,000","-73,000"
"=""067200""",海悅凱基47購02  ,0,0,0,0,"73,000","-73,000",0,"73,000","-73,000"
"=""068168""",富世達統一52購01,0,0,0,0,"73,000","-73,000",0,"73,000","-73,000"
"=""068373""",力積電富邦4A購01,0,0,0,0,"73,000","-73,000",0,"73,000","-73,000"
"=""069066""",同欣電凱基4A購01,0,0,0,0,"73,000","-73,000",0,"73,000","-73,000"
"=""069712""",貿聯富邦4A購01  ,0,0,0,"308,000","381,000","-73,000","308,000","381,000","-73,000"
"=""070090""",奇鋐凱基48購08  ,0,0,0,0,"73,000","-73,000",0,"73,000","-73,000"
"=""070411""",神達元富48購04  ,0,0,0,"99,000","172,000","-73,000","99,000","172,000","-73,000"
"=""071043""",華新中信49購01  ,0,0,0,"37,000","110,000","-73,000","37,000","110,000","-73,000"
"=""071752""",國企2X元大4C購01,0,0,0,0,"73,000","-73,000",0,"73,000","-73,000"
"=""072366""",中502X元富48購07,0,0,0,"108,000","181,000","-73,000","108,000","181,000","-73,000"
"=""073771""",國巨凱基4A購04  ,0,0,0,0,"73,000","-73,000",0,"73,000","-73,000"
"=""074149""",慧洋元大4B購01  ,0,0,0,"37,000","110,000","-73,000","37,000","110,000","-73,000"
"=""074924""",滬深2X元富49購04,0,0,0,"10,000","83,000","-73,000","10,000","83,000","-73,000"
"=""076660""",帝寶凱基4A購01  ,0,0,0,"140,000","213,000","-73,000","140,000","213,000","-73,000"
"=""085710""",精成科凱基56購01,0,0,0,"20,000","93,000","-73,000","20,000","93,000","-73,000"
"=""05144T""",臺股指凱基39售13,0,0,0,0,"72,000","-72,000",0,"72,000","-72,000"
"=""05682T""",萬海富邦37售01  ,0,0,0,0,"72,000","-72,000",0,"72,000","-72,000"
"=""057587""",世芯群益45購09  ,0,0,0,0,"72,000","-72,000",0,"72,000","-72,000"
"=""061099""",世芯永豐49購03  ,0,0,0,0,"72,000","-72,000",0,"72,000","-72,000"
"=""061537""",鈺邦中信47購01  ,0,0,0,0,"72,000","-72,000",0,"72,000","-72,000"
"=""061660""",台塑群益46購04  ,0,0,0,0,"72,000","-72,000",0,"72,000","-72,000"
"=""063791""",美時國泰48購02  ,0,0,0,"18,000","90,000","-72,000","18,000","90,000","-72,000"
"=""063837""",國巨群益46購05  ,0,0,0,"79,000","151,000","-72,000","79,000","151,000","-72,000"
"=""065313""",玉山金統一51購01,0,0,0,"164,000","236,000","-72,000","164,000","236,000","-72,000"
"=""067561""",臺股指群益47購09,0,0,0,"10,000","82,000","-72,000","10,000","82,000","-72,000"
"=""069413""",愛普統一52購01  ,0,0,0,"166,000","238,000","-72,000","166,000","238,000","-72,000"
"=""070643""",上銀凱基51購01  ,0,0,0,0,"72,000","-72,000",0,"72,000","-72,000"
"=""070921""",日月光凱基48購02,0,0,0,0,"72,000","-72,000",0,"72,000","-72,000"
"=""071080""",華邦電群益49購02,0,0,0,0,"72,000","-72,000",0,"72,000","-72,000"
"=""071918""",欣興統一52購07  ,0,0,0,"294,000","366,000","-72,000","294,000","366,000","-72,000"
"=""075441""",冠德元大49購02  ,0,0,0,0,"72,000","-72,000",0,"72,000","-72,000"
"=""075677""",全新永豐4A購02  ,0,0,0,"1,000","73,000","-72,000","1,000","73,000","-72,000"
"=""076158""",元金2X凱基51購03,0,0,0,"66,000","138,000","-72,000","66,000","138,000","-72,000"
"=""077133""",晟銘電元大49購02,0,0,0,0,"72,000","-72,000",0,"72,000","-72,000"
"=""046228""",樺漢群益42購02  ,0,0,0,"35,000","106,000","-71,000","35,000","106,000","-71,000"
"=""050225""",臺股指群益44購10,0,0,0,0,"71,000","-71,000",0,"71,000","-71,000"
"=""052026""",漢翔國票44購01  ,0,0,0,"28,000","99,000","-71,000","28,000","99,000","-71,000"
"=""05268T""",臺股指中信3B售05,0,0,0,0,"71,000","-71,000",0,"71,000","-71,000"
"=""059606""",碩天統一53購01  ,0,0,0,"108,000","179,000","-71,000","108,000","179,000","-71,000"
"=""060858""",奇鋐永豐48購01  ,0,0,0,"9,000","80,000","-71,000","9,000","80,000","-71,000"
"=""060874""",台塑中信46購02  ,0,0,0,0,"71,000","-71,000",0,"71,000","-71,000"
"=""064100""",川湖群益46購17  ,0,0,0,0,"71,000","-71,000",0,"71,000","-71,000"
"=""064112""",全新群益46購10  ,0,0,0,0,"71,000","-71,000",0,"71,000","-71,000"
"=""065166""",愛普群益47購04  ,0,0,0,"10,000","81,000","-71,000","10,000","81,000","-71,000"
"=""066021""",金像電群益47購09,0,0,0,0,"71,000","-71,000",0,"71,000","-71,000"
"=""067440""",南亞國票48購02  ,0,0,0,0,"71,000","-71,000",0,"71,000","-71,000"
"=""067526""",啟�痐舅j47購03  ,0,0,0,0,"71,000","-71,000",0,"71,000","-71,000"
"=""067729""",矽力元大47購05  ,0,0,0,0,"71,000","-71,000",0,"71,000","-71,000"
"=""068226""",大立光群益48購03,0,0,0,0,"71,000","-71,000",0,"71,000","-71,000"
"=""068488""",鈺齊群益4A購01  ,0,0,0,0,"71,000","-71,000",0,"71,000","-71,000"
"=""068721""",台灣50群益48購04,0,0,0,0,"71,000","-71,000",0,"71,000","-71,000"
"=""068959""",一詮富邦4A購01  ,0,0,0,0,"71,000","-71,000",0,"71,000","-71,000"
"=""069022""",世芯中信4A購03  ,0,0,0,0,"71,000","-71,000",0,"71,000","-71,000"
"=""070938""",昇陽半元富49購03,0,0,0,0,"71,000","-71,000",0,"71,000","-71,000"
"=""072697""",晶豪科國票49購02,0,0,0,0,"71,000","-71,000",0,"71,000","-71,000"
"=""072779""",大銀群益49購02  ,0,0,0,0,"71,000","-71,000",0,"71,000","-71,000"
"=""073054""",台積電凱基51購06,0,0,0,0,"71,000","-71,000",0,"71,000","-71,000"
"=""073065""",奇鋐凱基4B購02  ,0,0,0,"6,000","77,000","-71,000","6,000","77,000","-71,000"
"=""073750""",達興統一56購01  ,0,0,0,0,"71,000","-71,000",0,"71,000","-71,000"
"=""076381""",啟�痐舅j49購02  ,0,0,0,0,"71,000","-71,000",0,"71,000","-71,000"
"=""076592""",世芯永豐49購09  ,0,0,0,0,"71,000","-71,000",0,"71,000","-71,000"
"=""048815""",S&P反1國票44購01,0,0,0,0,"70,000","-70,000",0,"70,000","-70,000"
"=""050115""",長榮國泰45購06  ,0,0,0,0,"70,000","-70,000",0,"70,000","-70,000"
"=""050413""",佳能國票44購01  ,0,0,0,0,"70,000","-70,000",0,"70,000","-70,000"
"=""051652""",群光群益44購01  ,0,0,0,"10,000","80,000","-70,000","10,000","80,000","-70,000"
"=""051747""",FBNQ2X元富43購02,0,0,0,0,"70,000","-70,000",0,"70,000","-70,000"
"=""05234T""",亞力凱基36售01  ,0,0,0,0,"70,000","-70,000",0,"70,000","-70,000"
"=""052538""",陽明群益46購02  ,0,0,0,"10,000","80,000","-70,000","10,000","80,000","-70,000"
"=""055683""",佳必琪群益44購02,0,0,0,"15,000","85,000","-70,000","15,000","85,000","-70,000"
"=""055958""",電子類元大44購04,0,0,0,"145,000","215,000","-70,000","145,000","215,000","-70,000"
"=""058687""",仁寶國票46購02  ,0,0,0,"347,000","417,000","-70,000","347,000","417,000","-70,000"
"=""060088""",可成國票48購01  ,0,0,0,0,"70,000","-70,000",0,"70,000","-70,000"
"=""060838""",創意富邦48購02  ,0,0,0,0,"70,000","-70,000",0,"70,000","-70,000"
"=""061164""",臺指反凱基3A購01,0,0,0,"40,000","110,000","-70,000","40,000","110,000","-70,000"
"=""061832""",台灣50群益48購03,0,0,0,"14,000","84,000","-70,000","14,000","84,000","-70,000"
"=""062185""",瑞昱永豐48購01  ,0,0,0,0,"70,000","-70,000",0,"70,000","-70,000"
"=""063398""",聯發科群益47購06,0,0,0,0,"70,000","-70,000",0,"70,000","-70,000"
"=""063608""",國巨群益46購04  ,0,0,0,0,"70,000","-70,000",0,"70,000","-70,000"
"=""065016""",威盛元富42購01  ,0,0,0,"30,000","100,000","-70,000","30,000","100,000","-70,000"
"=""065225""",新光鋼凱基49購01,0,0,0,0,"70,000","-70,000",0,"70,000","-70,000"
"=""065860""",T50反1群益3B購01,0,0,0,0,"70,000","-70,000",0,"70,000","-70,000"
"=""065898""",台光電凱基49購02,0,0,0,"190,000","260,000","-70,000","190,000","260,000","-70,000"
"=""066128""",直得統一55購01  ,0,0,0,0,"70,000","-70,000",0,"70,000","-70,000"
"=""067032""",長榮鋼中信47購01,0,0,0,0,"70,000","-70,000",0,"70,000","-70,000"
"=""068573""",T50正2群益51購01,0,0,0,"1,000","71,000","-70,000","1,000","71,000","-70,000"
"=""068992""",威盛國泰49購01  ,0,0,0,"32,000","102,000","-70,000","32,000","102,000","-70,000"
"=""069385""",大成鋼統一53購01,0,0,0,0,"70,000","-70,000",0,"70,000","-70,000"
"=""069705""",士電統一43購01  ,0,0,0,0,"70,000","-70,000",0,"70,000","-70,000"
"=""070206""",神達中信4A購01  ,0,0,0,0,"70,000","-70,000",0,"70,000","-70,000"
"=""070297""",世芯國票49購06  ,0,0,0,"20,000","90,000","-70,000","20,000","90,000","-70,000"
"=""070655""",聯發科凱基4C購07,0,0,0,"40,000","110,000","-70,000","40,000","110,000","-70,000"
"=""071213""",慧洋國泰49購01  ,0,0,0,"30,000","100,000","-70,000","30,000","100,000","-70,000"
"=""071464""",創意統一4C購01  ,0,0,0,0,"70,000","-70,000",0,"70,000","-70,000"
"=""07187U""",台積電元富55售15,0,0,0,0,"70,000","-70,000",0,"70,000","-70,000"
"=""072376""",聯發科元富62購01,0,0,0,0,"70,000","-70,000",0,"70,000","-70,000"
"=""072411""",英業達富邦49購01,0,0,0,"40,000","110,000","-70,000","40,000","110,000","-70,000"
"=""072643""",南電統一53購01  ,0,0,0,0,"70,000","-70,000",0,"70,000","-70,000"
"=""073366""",華城元大51購03  ,0,0,0,"70,000","140,000","-70,000","70,000","140,000","-70,000"
"=""073424""",台灣50中信49購02,0,0,0,0,"70,000","-70,000",0,"70,000","-70,000"
"=""073707""",台積電國票59購02,0,0,0,0,"70,000","-70,000",0,"70,000","-70,000"
"=""074033""",臻鼎元富49購02  ,0,0,0,0,"70,000","-70,000",0,"70,000","-70,000"
"=""074490""",臺股指元富49購19,0,0,0,0,"70,000","-70,000",0,"70,000","-70,000"
"=""075187""",台積電群益49購28,0,0,0,"30,000","100,000","-70,000","30,000","100,000","-70,000"
"=""075306""",長榮群益43購01  ,0,0,0,"130,000","200,000","-70,000","130,000","200,000","-70,000"
"=""075358""",元債2X凱基43購02,0,0,0,0,"70,000","-70,000",0,"70,000","-70,000"
"=""075373""",鴻海群益56購01  ,0,0,0,0,"70,000","-70,000",0,"70,000","-70,000"
"=""075533""",中興電凱基49購04,0,0,0,"700,000","770,000","-70,000","700,000","770,000","-70,000"
"=""075739""",大成鋼群益49購08,0,0,0,0,"70,000","-70,000",0,"70,000","-70,000"
"=""076014""",迎廣元大49購05  ,0,0,0,"20,000","90,000","-70,000","20,000","90,000","-70,000"
"=""076609""",凱基金元富53購01,0,0,0,"160,000","230,000","-70,000","160,000","230,000","-70,000"
"=""08594U""",緯穎凱基37售04  ,0,0,0,0,"70,000","-70,000",0,"70,000","-70,000"
6770  ,力積電          ,"22,873","180,000","-157,127","101,000","13,000","88,000","123,873","193,000","-69,127"
"=""047327""",景碩元大43購19  ,0,0,0,"1,000","70,000","-69,000","1,000","70,000","-69,000"
"=""05262T""",華碩永豐37售02  ,0,0,0,0,"69,000","-69,000",0,"69,000","-69,000"
"=""054372""",台灣50凱基4A購02,0,0,0,"929,000","998,000","-69,000","929,000","998,000","-69,000"
"=""055919""",元債2X元大54購01,0,0,0,"1,000","70,000","-69,000","1,000","70,000","-69,000"
"=""056548""",台灣50元大4A購03,0,0,0,"3,000","72,000","-69,000","3,000","72,000","-69,000"
"=""057283""",川湖台新45購02  ,0,0,0,"13,000","82,000","-69,000","13,000","82,000","-69,000"
"=""059570""",長榮航元大45購09,0,0,0,0,"69,000","-69,000",0,"69,000","-69,000"
"=""060627""",嘉澤國票49購01  ,0,0,0,"10,000","79,000","-69,000","10,000","79,000","-69,000"
"=""061836""",台塑群益46購05  ,0,0,0,"328,000","397,000","-69,000","328,000","397,000","-69,000"
"=""062788""",臺股指群益49購13,0,0,0,0,"69,000","-69,000",0,"69,000","-69,000"
"=""066359""",聯發科元富4A購04,0,0,0,"2,000","71,000","-69,000","2,000","71,000","-69,000"
"=""069762""",神達國票4B購01  ,0,0,0,"254,000","323,000","-69,000","254,000","323,000","-69,000"
"=""071559""",中502X凱基4A購01,0,0,0,0,"69,000","-69,000",0,"69,000","-69,000"
"=""075504""",貿聯永豐4A購02  ,0,0,0,"255,000","324,000","-69,000","255,000","324,000","-69,000"
"=""075866""",台光電永豐49購03,0,0,0,"81,000","150,000","-69,000","81,000","150,000","-69,000"
"=""076359""",台積電元大49購37,0,0,0,0,"69,000","-69,000",0,"69,000","-69,000"
2495  ,普安            ,0,"68,024","-68,024",0,0,0,0,"68,024","-68,024"
"=""03023T""",技嘉元大33售21  ,0,0,0,0,"68,000","-68,000",0,"68,000","-68,000"
"=""03990T""",健策凱基34售08  ,0,0,0,0,"68,000","-68,000",0,"68,000","-68,000"
"=""04285T""",國巨元大35售01  ,0,0,0,"2,000","70,000","-68,000","2,000","70,000","-68,000"
"=""049472""",聯茂永豐43購02  ,0,0,0,0,"68,000","-68,000",0,"68,000","-68,000"
"=""04947T""",敦泰群益37售04  ,0,0,0,0,"68,000","-68,000",0,"68,000","-68,000"
"=""05223T""",英業達國票37售03,0,0,0,"50,000","118,000","-68,000","50,000","118,000","-68,000"
"=""059115""",台光電凱基47購01,0,0,0,0,"68,000","-68,000",0,"68,000","-68,000"
"=""059290""",陽明統一4B購06  ,0,0,0,0,"68,000","-68,000",0,"68,000","-68,000"
"=""060965""",台光電元富47購04,0,0,0,"19,000","87,000","-68,000","19,000","87,000","-68,000"
"=""061382""",長榮國泰48購01  ,0,0,0,"12,000","80,000","-68,000","12,000","80,000","-68,000"
"=""063531""",鈞興國票48購01  ,0,0,0,"7,000","75,000","-68,000","7,000","75,000","-68,000"
"=""064221""",瑞祺永豐47購01  ,0,0,0,"83,000","151,000","-68,000","83,000","151,000","-68,000"
"=""064516""",緯創統一3C購01  ,0,0,0,"793,000","861,000","-68,000","793,000","861,000","-68,000"
"=""069798""",精成科統一52購01,0,0,0,0,"68,000","-68,000",0,"68,000","-68,000"
"=""071606""",台積電群益51購02,0,0,0,0,"68,000","-68,000",0,"68,000","-68,000"
"=""072790""",鴻準永豐4A購01  ,0,0,0,"221,000","289,000","-68,000","221,000","289,000","-68,000"
"=""075893""",華邦電富邦49購03,0,0,0,0,"68,000","-68,000",0,"68,000","-68,000"
"=""075930""",慧洋凱基4B購02  ,0,0,0,"82,000","150,000","-68,000","82,000","150,000","-68,000"
1609  ,大亞            ,"30,000","54,000","-24,000","45,000","89,000","-44,000","75,000","143,000","-68,000"
"=""052045""",亞光凱基46購02  ,0,0,0,"10,000","77,000","-67,000","10,000","77,000","-67,000"
"=""055863""",穎崴凱基44購02  ,0,0,0,"8,000","75,000","-67,000","8,000","75,000","-67,000"
"=""056921""",中石化群益4A購01,0,0,0,0,"67,000","-67,000",0,"67,000","-67,000"
"=""058394""",聯詠第一45購01  ,0,0,0,"64,000","131,000","-67,000","64,000","131,000","-67,000"
"=""058714""",東哥國票46購01  ,0,0,0,0,"67,000","-67,000",0,"67,000","-67,000"
"=""059736""",大成鋼元大45購03,0,0,0,0,"67,000","-67,000",0,"67,000","-67,000"
"=""063558""",中502X永豐4C購01,0,0,0,0,"67,000","-67,000",0,"67,000","-67,000"
"=""064852""",元債2X國泰48購02,0,0,0,"19,000","86,000","-67,000","19,000","86,000","-67,000"
"=""065866""",萬海永豐49購01  ,0,0,0,"8,000","75,000","-67,000","8,000","75,000","-67,000"
"=""066440""",洋基統一57購01  ,0,0,0,"139,000","206,000","-67,000","139,000","206,000","-67,000"
"=""068772""",羅昇凱基48購01  ,0,0,0,"82,000","149,000","-67,000","82,000","149,000","-67,000"
"=""070144""",台塑富邦48購02  ,0,0,0,0,"67,000","-67,000",0,"67,000","-67,000"
"=""070911""",台積電凱基48購23,0,0,0,0,"67,000","-67,000",0,"67,000","-67,000"
"=""075621""",旺宏群益49購03  ,0,0,0,"30,000","97,000","-67,000","30,000","97,000","-67,000"
"=""075666""",亞翔中信4A購02  ,0,0,0,"127,000","194,000","-67,000","127,000","194,000","-67,000"
"=""076082""",台積電群益4A購30,0,0,0,"20,000","87,000","-67,000","20,000","87,000","-67,000"
"=""03366T""",南亞科元富33售02,0,0,0,"2,000","68,000","-66,000","2,000","68,000","-66,000"
"=""051129""",建漢凱基47購02  ,0,0,0,"692,000","758,000","-66,000","692,000","758,000","-66,000"
"=""05401T""",陽明元大39售02  ,0,0,0,0,"66,000","-66,000",0,"66,000","-66,000"
"=""055436""",華通群益46購02  ,0,0,0,0,"66,000","-66,000",0,"66,000","-66,000"
"=""056861""",志聖凱基46購01  ,0,0,0,"1,000","67,000","-66,000","1,000","67,000","-66,000"
"=""05712T""",臺股指永豐3A售01,0,0,0,"10,000","76,000","-66,000","10,000","76,000","-66,000"
"=""058381""",晶睿國票46購01  ,0,0,0,"281,000","347,000","-66,000","281,000","347,000","-66,000"
"=""060906""",華航國票48購01  ,0,0,0,"14,000","80,000","-66,000","14,000","80,000","-66,000"
"=""062537""",欣興國票48購01  ,0,0,0,0,"66,000","-66,000",0,"66,000","-66,000"
"=""064980""",緯創富邦48購01  ,0,0,0,"34,000","100,000","-66,000","34,000","100,000","-66,000"
"=""066107""",信邦凱基47購01  ,0,0,0,0,"66,000","-66,000",0,"66,000","-66,000"
"=""069588""",大立光統一62購02,0,0,0,0,"66,000","-66,000",0,"66,000","-66,000"
"=""070860""",圓剛元大48購02  ,0,0,0,0,"66,000","-66,000",0,"66,000","-66,000"
"=""072397""",訊芯國票49購06  ,0,0,0,0,"66,000","-66,000",0,"66,000","-66,000"
"=""072447""",威強電凱基49購01,0,0,0,"118,000","184,000","-66,000","118,000","184,000","-66,000"
"=""075022""",台光電群益49購01,0,0,0,"104,000","170,000","-66,000","104,000","170,000","-66,000"
"=""076277""",可成富邦49購01  ,0,0,0,"50,000","116,000","-66,000","50,000","116,000","-66,000"
"=""00645 """,富邦日本        ,0,0,0,"813,434","879,130","-65,696","813,434","879,130","-65,696"
8261  ,富鼎            ,0,0,0,"2,000","67,326","-65,326","2,000","67,326","-65,326"
"=""03353T""",緯穎群益36售02  ,0,0,0,0,"65,000","-65,000",0,"65,000","-65,000"
"=""03768T""",臺股指元富36售03,0,0,0,"30,000","95,000","-65,000","30,000","95,000","-65,000"
"=""04224T""",緯創群益35售10  ,0,0,0,0,"65,000","-65,000",0,"65,000","-65,000"
"=""051932""",世紀鋼群益43購13,0,0,0,"5,000","70,000","-65,000","5,000","70,000","-65,000"
"=""053068""",元債2X富邦51購01,0,0,0,0,"65,000","-65,000",0,"65,000","-65,000"
"=""05406T""",大立光群益36售13,0,0,0,0,"65,000","-65,000",0,"65,000","-65,000"
"=""05596T""",天鈺群益38售01  ,0,0,0,0,"65,000","-65,000",0,"65,000","-65,000"
"=""056449""",臺指反中信4B購01,0,0,0,0,"65,000","-65,000",0,"65,000","-65,000"
"=""056835""",萬海中信46購03  ,0,0,0,"40,000","105,000","-65,000","40,000","105,000","-65,000"
"=""058551""",嘉澤元大45購09  ,0,0,0,0,"65,000","-65,000",0,"65,000","-65,000"
"=""058717""",元債2X群益4A購03,0,0,0,0,"65,000","-65,000",0,"65,000","-65,000"
"=""058850""",鴻海凱基49購02  ,0,0,0,"65,000","130,000","-65,000","65,000","130,000","-65,000"
"=""059409""",長榮國泰47購01  ,0,0,0,0,"65,000","-65,000",0,"65,000","-65,000"
"=""060694""",健和興永豐46購01,0,0,0,0,"65,000","-65,000",0,"65,000","-65,000"
"=""060989""",大同群益46購03  ,0,0,0,0,"65,000","-65,000",0,"65,000","-65,000"
"=""061154""",欣興元富3A購01  ,0,0,0,"12,000","77,000","-65,000","12,000","77,000","-65,000"
"=""061605""",訊芯國票47購03  ,0,0,0,"65,000","130,000","-65,000","65,000","130,000","-65,000"
"=""061997""",鴻海元富46購07  ,0,0,0,"16,000","81,000","-65,000","16,000","81,000","-65,000"
"=""062671""",臺股指凱基46購32,0,0,0,0,"65,000","-65,000",0,"65,000","-65,000"
"=""063893""",世芯元大46購33  ,0,0,0,"410,000","475,000","-65,000","410,000","475,000","-65,000"
"=""064099""",上銀群益48購04  ,0,0,0,"20,000","85,000","-65,000","20,000","85,000","-65,000"
"=""064906""",鴻海凱基47購15  ,0,0,0,"55,000","120,000","-65,000","55,000","120,000","-65,000"
"=""067183""",鴻海富邦4B購01  ,0,0,0,"110,000","175,000","-65,000","110,000","175,000","-65,000"
"=""067853""",神基凱基47購01  ,0,0,0,"5,000","70,000","-65,000","5,000","70,000","-65,000"
"=""068737""",中信金群益48購01,0,0,0,0,"65,000","-65,000",0,"65,000","-65,000"
"=""071810""",奇鋐國票49購07  ,0,0,0,"18,000","83,000","-65,000","18,000","83,000","-65,000"
"=""072509""",臺股指元大48購31,0,0,0,"92,000","157,000","-65,000","92,000","157,000","-65,000"
"=""073540""",鼎基群益41購01  ,0,0,0,0,"65,000","-65,000",0,"65,000","-65,000"
"=""073566""",一詮群益49購01  ,0,0,0,"192,000","257,000","-65,000","192,000","257,000","-65,000"
"=""076165""",台積電凱基49購29,0,0,0,"38,000","103,000","-65,000","38,000","103,000","-65,000"
"=""076565""",華晶科國票4A購02,0,0,0,"78,000","143,000","-65,000","78,000","143,000","-65,000"
2388  ,威盛            ,"69,893","63,170","6,723","32,000","103,560","-71,560","101,893","166,730","-64,837"
"=""03615T""",景碩凱基36售01  ,0,0,0,0,"64,000","-64,000",0,"64,000","-64,000"
"=""044599""",日電貿凱基55購03,0,0,0,"10,000","74,000","-64,000","10,000","74,000","-64,000"
"=""058550""",緯創元大4A購01  ,0,0,0,0,"64,000","-64,000",0,"64,000","-64,000"
"=""061071""",T50正2中信4C購01,0,0,0,"190,000","254,000","-64,000","190,000","254,000","-64,000"
"=""064440""",台塑元大48購01  ,0,0,0,"32,000","96,000","-64,000","32,000","96,000","-64,000"
"=""067340""",陽明元大47購18  ,0,0,0,0,"64,000","-64,000",0,"64,000","-64,000"
"=""068077""",奇鋐凱基49購04  ,0,0,0,"75,000","139,000","-64,000","75,000","139,000","-64,000"
"=""068092""",台積電元富48購07,0,0,0,"10,000","74,000","-64,000","10,000","74,000","-64,000"
"=""071676""",台泥群益48購02  ,0,0,0,0,"64,000","-64,000",0,"64,000","-64,000"
"=""074761""",聯發科台新49購03,0,0,0,"42,000","106,000","-64,000","42,000","106,000","-64,000"
"=""075545""",萬海凱基49購05  ,0,0,0,0,"64,000","-64,000",0,"64,000","-64,000"
"=""076818""",材料國票4A購01  ,0,0,0,0,"64,000","-64,000",0,"64,000","-64,000"
"=""076882""",世芯元大51購10  ,0,0,0,"50,000","114,000","-64,000","50,000","114,000","-64,000"
"=""00771 """,元大US高息特別股,0,0,0,"14,522","78,000","-63,478","14,522","78,000","-63,478"
2607  ,榮運            ,"1,000",0,"1,000","4,000","68,196","-64,196","5,000","68,196","-63,196"
"=""05088T""",元債2X凱基39售04,0,0,0,0,"63,000","-63,000",0,"63,000","-63,000"
"=""055697""",智原富邦46購01  ,0,0,0,0,"63,000","-63,000",0,"63,000","-63,000"
"=""057647""",振樺電凱基45購01,0,0,0,"321,000","384,000","-63,000","321,000","384,000","-63,000"
"=""05849T""",友達元富37售04  ,0,0,0,0,"63,000","-63,000",0,"63,000","-63,000"
"=""059627""",達方元富45購01  ,0,0,0,0,"63,000","-63,000",0,"63,000","-63,000"
"=""060008""",T50正2永豐4C購01,0,0,0,"2,000","65,000","-63,000","2,000","65,000","-63,000"
"=""062113""",晶碩元大48購01  ,0,0,0,"1,000","64,000","-63,000","1,000","64,000","-63,000"
"=""062825""",聯茂元大46購03  ,0,0,0,0,"63,000","-63,000",0,"63,000","-63,000"
"=""063870""",鴻海元大46購34  ,0,0,0,0,"63,000","-63,000",0,"63,000","-63,000"
"=""063938""",志聖國票47購02  ,0,0,0,0,"63,000","-63,000",0,"63,000","-63,000"
"=""065825""",上銀統一53購01  ,0,0,0,"138,000","201,000","-63,000","138,000","201,000","-63,000"
"=""066088""",洋基富邦48購01  ,0,0,0,"92,000","155,000","-63,000","92,000","155,000","-63,000"
"=""066514""",聯發科中信3B購01,0,0,0,0,"63,000","-63,000",0,"63,000","-63,000"
"=""067836""",台泥凱基49購01  ,0,0,0,"70,000","133,000","-63,000","70,000","133,000","-63,000"
"=""070291""",國巨國票4A購02  ,0,0,0,0,"63,000","-63,000",0,"63,000","-63,000"
"=""071533""",奇鋐元大51購01  ,0,0,0,"499,000","562,000","-63,000","499,000","562,000","-63,000"
"=""072306""",保瑞元富48購07  ,0,0,0,0,"63,000","-63,000",0,"63,000","-63,000"
"=""074429""",穎崴中信49購03  ,0,0,0,0,"63,000","-63,000",0,"63,000","-63,000"
"=""075241""",南亞科元大4B購03,0,0,0,"23,000","86,000","-63,000","23,000","86,000","-63,000"
"=""076018""",緯穎元大49購09  ,0,0,0,"15,000","78,000","-63,000","15,000","78,000","-63,000"
"=""076177""",創意凱基4A購05  ,0,0,0,"30,000","93,000","-63,000","30,000","93,000","-63,000"
"=""076568""",達麗國票53購01  ,0,0,0,"48,000","111,000","-63,000","48,000","111,000","-63,000"
"=""076863""",友達元大49購04  ,0,0,0,0,"63,000","-63,000",0,"63,000","-63,000"
"=""077121""",南亞科元大4A購04,0,0,0,0,"63,000","-63,000",0,"63,000","-63,000"
"=""00737 """,國泰AI機器人    ,0,0,0,"21,018","83,891","-62,873","21,018","83,891","-62,873"
2606  ,裕民            ,"29,000","95,758","-66,758","18,000","14,010","3,990","47,000","109,768","-62,768"
"=""03481T""",技嘉永豐35售03  ,0,0,0,"15,000","77,000","-62,000","15,000","77,000","-62,000"
"=""041652""",創見富邦55購02  ,0,0,0,0,"62,000","-62,000",0,"62,000","-62,000"
"=""042113""",致茂國票55購03  ,0,0,0,"11,000","73,000","-62,000","11,000","73,000","-62,000"
"=""056316""",T50反1元富45購04,0,0,0,"1,000","63,000","-62,000","1,000","63,000","-62,000"
"=""059602""",正崴統一4A購01  ,0,0,0,0,"62,000","-62,000",0,"62,000","-62,000"
"=""059809""",欣興永豐45購04  ,0,0,0,0,"62,000","-62,000",0,"62,000","-62,000"
"=""063199""",世芯群益48購10  ,0,0,0,"111,000","173,000","-62,000","111,000","173,000","-62,000"
"=""063475""",臺股指元大46購39,0,0,0,0,"62,000","-62,000",0,"62,000","-62,000"
"=""064689""",玉晶光元大46購13,0,0,0,"52,000","114,000","-62,000","52,000","114,000","-62,000"
"=""067269""",來億國票49購01  ,0,0,0,"119,000","181,000","-62,000","119,000","181,000","-62,000"
"=""068681""",世芯永豐51購02  ,0,0,0,"81,000","143,000","-62,000","81,000","143,000","-62,000"
"=""070942""",台化國票49購02  ,0,0,0,0,"62,000","-62,000",0,"62,000","-62,000"
"=""071286""",所羅門元富48購02,0,0,0,"12,000","74,000","-62,000","12,000","74,000","-62,000"
"=""072730""",微星元大49購01  ,0,0,0,"1,000","63,000","-62,000","1,000","63,000","-62,000"
"=""073632""",華城統一41購02  ,0,0,0,0,"62,000","-62,000",0,"62,000","-62,000"
"=""074630""",大成鋼凱基49購10,0,0,0,"200,000","262,000","-62,000","200,000","262,000","-62,000"
2605  ,新興            ,"52,000","73,211","-21,211","5,000","45,000","-40,000","57,000","118,211","-61,211"
"=""05102T""",臺股指元大39售12,0,0,0,0,"61,000","-61,000",0,"61,000","-61,000"
"=""051139""",臺股指凱基43購90,0,0,0,"21,000","82,000","-61,000","21,000","82,000","-61,000"
"=""052662""",智原永豐45購02  ,0,0,0,0,"61,000","-61,000",0,"61,000","-61,000"
"=""05370T""",萬海統一38售01  ,0,0,0,"9,000","70,000","-61,000","9,000","70,000","-61,000"
"=""057006""",緯創台新45購02  ,0,0,0,"15,000","76,000","-61,000","15,000","76,000","-61,000"
"=""057614""",神達永豐45購03  ,0,0,0,0,"61,000","-61,000",0,"61,000","-61,000"
"=""059846""",緯穎凱基45購11  ,0,0,0,0,"61,000","-61,000",0,"61,000","-61,000"
"=""062558""",SP黃豆元大46購01,0,0,0,"44,000","105,000","-61,000","44,000","105,000","-61,000"
"=""065080""",華城統一3B購04  ,0,0,0,"8,000","69,000","-61,000","8,000","69,000","-61,000"
"=""067606""",欣興元富47購02  ,0,0,0,"119,000","180,000","-61,000","119,000","180,000","-61,000"
"=""067943""",T50反1永豐48購02,0,0,0,0,"61,000","-61,000",0,"61,000","-61,000"
"=""068863""",微星永豐49購01  ,0,0,0,"200,000","261,000","-61,000","200,000","261,000","-61,000"
"=""069295""",聯詠第一42購01  ,0,0,0,0,"61,000","-61,000",0,"61,000","-61,000"
"=""070401""",台積電元富52購02,0,0,0,"24,000","85,000","-61,000","24,000","85,000","-61,000"
"=""072725""",大成鋼元大4C購03,0,0,0,0,"61,000","-61,000",0,"61,000","-61,000"
"=""075015""",廣宇群益4B購01  ,0,0,0,0,"61,000","-61,000",0,"61,000","-61,000"
"=""075161""",大同凱基4A購01  ,0,0,0,"38,000","99,000","-61,000","38,000","99,000","-61,000"
"=""075162""",微星凱基49購03  ,0,0,0,0,"61,000","-61,000",0,"61,000","-61,000"
"=""076650""",中信金凱基49購03,0,0,0,0,"61,000","-61,000",0,"61,000","-61,000"
"=""03107T""",台光電國票34售01,0,0,0,0,"60,000","-60,000",0,"60,000","-60,000"
"=""03490T""",華通元富33售02  ,0,0,0,0,"60,000","-60,000",0,"60,000","-60,000"
"=""03549T""",臺股指元大35售56,0,0,0,0,"60,000","-60,000",0,"60,000","-60,000"
"=""03701T""",晶心科凱基34售02,0,0,0,0,"60,000","-60,000",0,"60,000","-60,000"
"=""04036T""",台灣50國票36售02,0,0,0,0,"60,000","-60,000",0,"60,000","-60,000"
"=""04699T""",臺股指凱基35售65,0,0,0,0,"60,000","-60,000",0,"60,000","-60,000"
"=""047237""",智原永豐45購01  ,0,0,0,0,"60,000","-60,000",0,"60,000","-60,000"
"=""048361""",欣興凱基42購01  ,0,0,0,0,"60,000","-60,000",0,"60,000","-60,000"
"=""049322""",定穎控元富43購01,0,0,0,0,"60,000","-60,000",0,"60,000","-60,000"
"=""04981T""",健策凱基36售01  ,0,0,0,0,"60,000","-60,000",0,"60,000","-60,000"
"=""050672""",長榮國泰45購07  ,0,0,0,"182,000","242,000","-60,000","182,000","242,000","-60,000"
"=""05163T""",臺股指群益36售47,0,0,0,0,"60,000","-60,000",0,"60,000","-60,000"
"=""052308""",正崴凱基43購03  ,0,0,0,"453,000","513,000","-60,000","453,000","513,000","-60,000"
"=""052680""",長榮國泰46購03  ,0,0,0,0,"60,000","-60,000",0,"60,000","-60,000"
"=""053064""",億豐元大44購01  ,0,0,0,0,"60,000","-60,000",0,"60,000","-60,000"
"=""05388T""",T50正2元大37售03,0,0,0,0,"60,000","-60,000",0,"60,000","-60,000"
"=""053997""",台積電國泰46購07,0,0,0,0,"60,000","-60,000",0,"60,000","-60,000"
"=""054039""",台積電元大44購53,0,0,0,0,"60,000","-60,000",0,"60,000","-60,000"
"=""054101""",臺股指法興44購03,0,0,0,0,"60,000","-60,000",0,"60,000","-60,000"
"=""056205""",晨訊科國票46購01,0,0,0,0,"60,000","-60,000",0,"60,000","-60,000"
"=""056304""",台積電永豐47購07,0,0,0,"97,000","157,000","-60,000","97,000","157,000","-60,000"
"=""057215""",穎崴兆豐47購01  ,0,0,0,0,"60,000","-60,000",0,"60,000","-60,000"
"=""057516""",立積凱基45購03  ,0,0,0,0,"60,000","-60,000",0,"60,000","-60,000"
"=""057829""",怡利電永豐46購01,0,0,0,0,"60,000","-60,000",0,"60,000","-60,000"
"=""057839""",亞力凱基45購02  ,0,0,0,"51,000","111,000","-60,000","51,000","111,000","-60,000"
"=""057845""",鴻海凱基47購06  ,0,0,0,"103,000","163,000","-60,000","103,000","163,000","-60,000"
"=""05797T""",華孚群益37售02  ,0,0,0,"5,000","65,000","-60,000","5,000","65,000","-60,000"
"=""058210""",技嘉元富4A購03  ,0,0,0,0,"60,000","-60,000",0,"60,000","-60,000"
"=""058549""",緯創元大45購29  ,0,0,0,0,"60,000","-60,000",0,"60,000","-60,000"
"=""058769""",鴻準元大45購17  ,0,0,0,0,"60,000","-60,000",0,"60,000","-60,000"
"=""05916T""",奇鋐統一39售04  ,0,0,0,0,"60,000","-60,000",0,"60,000","-60,000"
"=""059320""",長榮群益45購07  ,0,0,0,0,"60,000","-60,000",0,"60,000","-60,000"
"=""059789""",宇隆中信45購01  ,0,0,0,0,"60,000","-60,000",0,"60,000","-60,000"
"=""059847""",臺股指凱基45購52,0,0,0,"7,000","67,000","-60,000","7,000","67,000","-60,000"
"=""059882""",中華群益4B購01  ,0,0,0,0,"60,000","-60,000",0,"60,000","-60,000"
"=""060016""",達方永豐48購01  ,0,0,0,0,"60,000","-60,000",0,"60,000","-60,000"
"=""060718""",正崴群益46購06  ,0,0,0,"30,000","90,000","-60,000","30,000","90,000","-60,000"
"=""060878""",士電中信47購01  ,0,0,0,0,"60,000","-60,000",0,"60,000","-60,000"
"=""061195""",材料群益46購09  ,0,0,0,0,"60,000","-60,000",0,"60,000","-60,000"
"=""061308""",雲豹中信47購01  ,0,0,0,"120,000","180,000","-60,000","120,000","180,000","-60,000"
"=""062151""",力積電富邦46購01,0,0,0,0,"60,000","-60,000",0,"60,000","-60,000"
"=""064180""",晟銘電統一58購01,0,0,0,"8,000","68,000","-60,000","8,000","68,000","-60,000"
"=""065254""",華航元富51購01  ,0,0,0,"5,000","65,000","-60,000","5,000","65,000","-60,000"
"=""065466""",華新科國票51購01,0,0,0,0,"60,000","-60,000",0,"60,000","-60,000"
"=""065495""",大立光群益3B購02,0,0,0,0,"60,000","-60,000",0,"60,000","-60,000"
"=""066224""",材料群益47購07  ,0,0,0,"17,000","77,000","-60,000","17,000","77,000","-60,000"
"=""067441""",技嘉國票47購02  ,0,0,0,0,"60,000","-60,000",0,"60,000","-60,000"
"=""067591""",台塑元富47購10  ,0,0,0,"20,000","80,000","-60,000","20,000","80,000","-60,000"
"=""067894""",滬深2X元大55購01,0,0,0,"40,000","100,000","-60,000","40,000","100,000","-60,000"
"=""068800""",力智統一3C購01  ,0,0,0,0,"60,000","-60,000",0,"60,000","-60,000"
"=""069203""",力智統一3C購02  ,0,0,0,0,"60,000","-60,000",0,"60,000","-60,000"
"=""069704""",億光富邦4A購01  ,0,0,0,0,"60,000","-60,000",0,"60,000","-60,000"
"=""070439""",迅得國泰49購01  ,0,0,0,0,"60,000","-60,000",0,"60,000","-60,000"
"=""070794""",矽力元富48購03  ,0,0,0,"30,000","90,000","-60,000","30,000","90,000","-60,000"
"=""070956""",宏�眥窶�49購01  ,0,0,0,"20,000","80,000","-60,000","20,000","80,000","-60,000"
"=""072071""",滬深2X群益48購07,0,0,0,0,"60,000","-60,000",0,"60,000","-60,000"
"=""072342""",皇昌統一58購03  ,0,0,0,0,"60,000","-60,000",0,"60,000","-60,000"
"=""072864""",文曄統一53購01  ,0,0,0,0,"60,000","-60,000",0,"60,000","-60,000"
"=""072977""",信邦元大49購01  ,0,0,0,"106,000","166,000","-60,000","106,000","166,000","-60,000"
"=""073024""",長榮航永豐4A購01,0,0,0,"58,000","118,000","-60,000","58,000","118,000","-60,000"
"=""073532""",新唐凱基49購01  ,0,0,0,"2,000","62,000","-60,000","2,000","62,000","-60,000"
"=""075006""",來億元大49購02  ,0,0,0,0,"60,000","-60,000",0,"60,000","-60,000"
"=""075017""",台積電群益49購26,0,0,0,"47,000","107,000","-60,000","47,000","107,000","-60,000"
"=""076209""",一詮元大49購07  ,0,0,0,0,"60,000","-60,000",0,"60,000","-60,000"
"=""076561""",強茂國票4C購01  ,0,0,0,"50,000","110,000","-60,000","50,000","110,000","-60,000"
"=""076850""",大亞元大49購05  ,0,0,0,0,"60,000","-60,000",0,"60,000","-60,000"
"=""07748U""",台積電中信36售02,0,0,0,"20,000","80,000","-60,000","20,000","80,000","-60,000"
"=""08790U""",臺股指群益35售23,0,0,0,0,"60,000","-60,000",0,"60,000","-60,000"
"=""08990U""",T50正2元大35售05,0,0,0,0,"60,000","-60,000",0,"60,000","-60,000"
2417  ,圓剛            ,497,468,29,0,"60,000","-60,000",497,"60,468","-59,971"
"=""041459""",康舒永豐56購01  ,0,0,0,"11,000","70,000","-59,000","11,000","70,000","-59,000"
"=""048599""",台化國票42購02  ,0,0,0,0,"59,000","-59,000",0,"59,000","-59,000"
"=""051566""",台積電元富43購15,0,0,0,"30,000","89,000","-59,000","30,000","89,000","-59,000"
"=""055752""",訊芯元大49購02  ,0,0,0,0,"59,000","-59,000",0,"59,000","-59,000"
"=""05614T""",台灣50元大37售19,0,0,0,"19,000","78,000","-59,000","19,000","78,000","-59,000"
"=""056262""",新唐元大44購03  ,0,0,0,"24,000","83,000","-59,000","24,000","83,000","-59,000"
"=""057905""",保瑞國票46購02  ,0,0,0,0,"59,000","-59,000",0,"59,000","-59,000"
"=""058870""",臺股指凱基46購19,0,0,0,"37,000","96,000","-59,000","37,000","96,000","-59,000"
"=""05894T""",聯電元大37售05  ,0,0,0,"6,000","65,000","-59,000","6,000","65,000","-59,000"
"=""059199""",保瑞元大45購11  ,0,0,0,"40,000","99,000","-59,000","40,000","99,000","-59,000"
"=""061342""",新日興凱基47購01,0,0,0,"831,000","890,000","-59,000","831,000","890,000","-59,000"
"=""061903""",德律元大46購01  ,0,0,0,"1,000","60,000","-59,000","1,000","60,000","-59,000"
"=""064819""",祥碩元大49購05  ,0,0,0,0,"59,000","-59,000",0,"59,000","-59,000"
"=""065201""",瑞祺凱基49購01  ,0,0,0,0,"59,000","-59,000",0,"59,000","-59,000"
"=""068701""",長榮航凱基49購01,0,0,0,0,"59,000","-59,000",0,"59,000","-59,000"
"=""068891""",立積元富48購01  ,0,0,0,"202,000","261,000","-59,000","202,000","261,000","-59,000"
"=""070098""",矽格凱基48購01  ,0,0,0,0,"59,000","-59,000",0,"59,000","-59,000"
"=""072708""",振樺電國票4B購01,0,0,0,"1,000","60,000","-59,000","1,000","60,000","-59,000"
"=""072771""",台積電群益49購12,0,0,0,"56,000","115,000","-59,000","56,000","115,000","-59,000"
"=""073421""",昆盈國泰4A購01  ,0,0,0,"200,000","259,000","-59,000","200,000","259,000","-59,000"
"=""074297""",中鋼元富49購03  ,0,0,0,0,"59,000","-59,000",0,"59,000","-59,000"
"=""074671""",台積電群益49購23,0,0,0,"7,000","66,000","-59,000","7,000","66,000","-59,000"
"=""076407""",長榮中信49購05  ,0,0,0,0,"59,000","-59,000",0,"59,000","-59,000"
"=""077149""",緯穎元大49購20  ,0,0,0,0,"59,000","-59,000",0,"59,000","-59,000"
"=""04424T""",臺股指永豐38售03,0,0,0,0,"58,000","-58,000",0,"58,000","-58,000"
"=""04615T""",華城統一35售03  ,0,0,0,0,"58,000","-58,000",0,"58,000","-58,000"
"=""049533""",台光電元大43購12,0,0,0,"2,000","60,000","-58,000","2,000","60,000","-58,000"
"=""051362""",臺股指凱基45購32,0,0,0,0,"58,000","-58,000",0,"58,000","-58,000"
"=""057571""",聯電群益46購01  ,0,0,0,"38,000","96,000","-58,000","38,000","96,000","-58,000"
"=""057963""",鴻準群益4A購01  ,0,0,0,0,"58,000","-58,000",0,"58,000","-58,000"
"=""060019""",正崴統一54購01  ,0,0,0,0,"58,000","-58,000",0,"58,000","-58,000"
"=""060680""",亞翔凱基49購01  ,0,0,0,"180,000","238,000","-58,000","180,000","238,000","-58,000"
"=""061680""",仲琦群益4C購01  ,0,0,0,"66,000","124,000","-58,000","66,000","124,000","-58,000"
"=""062380""",聯發科凱基48購04,0,0,0,0,"58,000","-58,000",0,"58,000","-58,000"
"=""063739""",威盛國票47購03  ,0,0,0,"7,000","65,000","-58,000","7,000","65,000","-58,000"
"=""066212""",金像電群益47購10,0,0,0,"50,000","108,000","-58,000","50,000","108,000","-58,000"
"=""066475""",信邦元大47購02  ,0,0,0,"15,000","73,000","-58,000","15,000","73,000","-58,000"
"=""074476""",亞泥元富49購01  ,0,0,0,"15,000","73,000","-58,000","15,000","73,000","-58,000"
"=""074745""",威強電國泰4A購01,0,0,0,"22,000","80,000","-58,000","22,000","80,000","-58,000"
"=""075165""",南亞科凱基49購06,0,0,0,0,"58,000","-58,000",0,"58,000","-58,000"
"=""075173""",材料凱基49購08  ,0,0,0,"26,000","84,000","-58,000","26,000","84,000","-58,000"
"=""075318""",晶心科台新49購01,0,0,0,"1,000","59,000","-58,000","1,000","59,000","-58,000"
"=""076192""",FB越南元大49購01,0,0,0,"32,000","90,000","-58,000","32,000","90,000","-58,000"
"=""076236""",金寶永豐4A購01  ,0,0,0,0,"58,000","-58,000",0,"58,000","-58,000"
"=""076840""",奇鋐富邦4A購02  ,0,0,0,"5,000","63,000","-58,000","5,000","63,000","-58,000"
"=""08529U""",臺股指元大35售32,0,0,0,"58,000","116,000","-58,000","58,000","116,000","-58,000"
4968  ,立積            ,"1,000","20,000","-19,000","31,304","70,194","-38,890","32,304","90,194","-57,890"
"=""050659""",亞光兆豐45購01  ,0,0,0,"19,000","76,000","-57,000","19,000","76,000","-57,000"
"=""053331""",皇昌群益46購02  ,0,0,0,"16,000","73,000","-57,000","16,000","73,000","-57,000"
"=""061190""",辛耘群益46購04  ,0,0,0,"74,000","131,000","-57,000","74,000","131,000","-57,000"
"=""061474""",長榮航元大46購11,0,0,0,"21,000","78,000","-57,000","21,000","78,000","-57,000"
"=""061879""",海悅元大46購01  ,0,0,0,"8,000","65,000","-57,000","8,000","65,000","-57,000"
"=""063583""",聯電凱基46購05  ,0,0,0,"5,000","62,000","-57,000","5,000","62,000","-57,000"
"=""064045""",宇隆元大46購05  ,0,0,0,"23,000","80,000","-57,000","23,000","80,000","-57,000"
"=""065066""",愛普元大47購04  ,0,0,0,0,"57,000","-57,000",0,"57,000","-57,000"
"=""066513""",健策群益49購01  ,0,0,0,"101,000","158,000","-57,000","101,000","158,000","-57,000"
"=""066784""",矽創元大47購02  ,0,0,0,"93,000","150,000","-57,000","93,000","150,000","-57,000"
"=""066883""",訊芯統一3B購01  ,0,0,0,"10,000","67,000","-57,000","10,000","67,000","-57,000"
"=""067995""",台泥群益49購01  ,0,0,0,"75,000","132,000","-57,000","75,000","132,000","-57,000"
"=""069446""",世芯群益49購07  ,0,0,0,0,"57,000","-57,000",0,"57,000","-57,000"
"=""069551""",威盛群益4A購05  ,0,0,0,"75,000","132,000","-57,000","75,000","132,000","-57,000"
"=""069871""",台積電凱基48購18,0,0,0,0,"57,000","-57,000",0,"57,000","-57,000"
"=""072155""",可成國泰49購01  ,0,0,0,"115,000","172,000","-57,000","115,000","172,000","-57,000"
"=""073143""",大成鋼元大4A購03,0,0,0,"4,000","61,000","-57,000","4,000","61,000","-57,000"
"=""073802""",中502X元富49購01,0,0,0,"2,000","59,000","-57,000","2,000","59,000","-57,000"
"=""076576""",慧洋國泰4A購03  ,0,0,0,"30,000","87,000","-57,000","30,000","87,000","-57,000"
"=""07715U""",元金2X凱基36售01,0,0,0,"38,000","95,000","-57,000","38,000","95,000","-57,000"
2506  ,太設            ,0,"57,000","-57,000",0,0,0,0,"57,000","-57,000"
"=""04166T""",奇鋐國票35售04  ,0,0,0,0,"56,000","-56,000",0,"56,000","-56,000"
"=""04989T""",士電統一38售01  ,0,0,0,0,"56,000","-56,000",0,"56,000","-56,000"
"=""049940""",世芯元富49購02  ,0,0,0,0,"56,000","-56,000",0,"56,000","-56,000"
"=""05018T""",長榮凱基36售06  ,0,0,0,0,"56,000","-56,000",0,"56,000","-56,000"
"=""05274T""",長榮元大36售11  ,0,0,0,"261,000","317,000","-56,000","261,000","317,000","-56,000"
"=""05299T""",英業達群益38售02,0,0,0,"4,000","60,000","-56,000","4,000","60,000","-56,000"
"=""055166""",矽統元富44購03  ,0,0,0,"44,000","100,000","-56,000","44,000","100,000","-56,000"
"=""055794""",啟�皏藕�46購01  ,0,0,0,"414,000","470,000","-56,000","414,000","470,000","-56,000"
"=""055961""",金寶國票46購01  ,0,0,0,0,"56,000","-56,000",0,"56,000","-56,000"
"=""056832""",台灣50中信48購02,0,0,0,"147,000","203,000","-56,000","147,000","203,000","-56,000"
"=""058692""",旺宏國票45購02  ,0,0,0,"38,000","94,000","-56,000","38,000","94,000","-56,000"
"=""062833""",力積電元大46購02,0,0,0,"56,000","112,000","-56,000","56,000","112,000","-56,000"
"=""064818""",臻鼎元大47購04  ,0,0,0,0,"56,000","-56,000",0,"56,000","-56,000"
"=""065311""",國建統一51購01  ,0,0,0,0,"56,000","-56,000",0,"56,000","-56,000"
"=""065473""",聯詠國票47購01  ,0,0,0,0,"56,000","-56,000",0,"56,000","-56,000"
"=""065980""",世芯元大47購19  ,0,0,0,"181,000","237,000","-56,000","181,000","237,000","-56,000"
"=""067173""",啟�痐舅j4A購02  ,0,0,0,0,"56,000","-56,000",0,"56,000","-56,000"
"=""067563""",大成鋼兆豐4A購01,0,0,0,"94,000","150,000","-56,000","94,000","150,000","-56,000"
"=""070423""",新日興國票49購03,0,0,0,"74,000","130,000","-56,000","74,000","130,000","-56,000"
"=""071455""",毅嘉統一52購01  ,0,0,0,"363,000","419,000","-56,000","363,000","419,000","-56,000"
"=""072856""",世紀鋼凱基4B購02,0,0,0,"1,784,000","1,840,000","-56,000","1,784,000","1,840,000","-56,000"
"=""074923""",台灣50元富49購22,0,0,0,0,"56,000","-56,000",0,"56,000","-56,000"
"=""075637""",長榮凱基47購01  ,0,0,0,0,"56,000","-56,000",0,"56,000","-56,000"
"=""075741""",台積電群益53購02,0,0,0,"100,000","156,000","-56,000","100,000","156,000","-56,000"
"=""076227""",AES元大49購03   ,0,0,0,0,"56,000","-56,000",0,"56,000","-56,000"
"=""076456""",智原元富4A購06  ,0,0,0,0,"56,000","-56,000",0,"56,000","-56,000"
"=""045741""",龍德船統一48購01,0,0,0,0,"55,000","-55,000",0,"55,000","-55,000"
"=""04798T""",虹堡群益37售02  ,0,0,0,0,"55,000","-55,000",0,"55,000","-55,000"
"=""051536""",辛耘群益45購01  ,0,0,0,0,"55,000","-55,000",0,"55,000","-55,000"
"=""05164T""",臺股指群益36售48,0,0,0,"20,000","75,000","-55,000","20,000","75,000","-55,000"
"=""056012""",天虹第一46購01  ,0,0,0,"57,000","112,000","-55,000","57,000","112,000","-55,000"
"=""05857T""",奇鋐凱基37售12  ,0,0,0,0,"55,000","-55,000",0,"55,000","-55,000"
"=""05874T""",技嘉統一39售03  ,0,0,0,0,"55,000","-55,000",0,"55,000","-55,000"
"=""059410""",潤泰全國泰47購01,0,0,0,0,"55,000","-55,000",0,"55,000","-55,000"
"=""059685""",德律凱基45購02  ,0,0,0,"2,000","57,000","-55,000","2,000","57,000","-55,000"
"=""061513""",樺漢元富4C購01  ,0,0,0,"150,000","205,000","-55,000","150,000","205,000","-55,000"
"=""061644""",敦泰元大46購02  ,0,0,0,"11,000","66,000","-55,000","11,000","66,000","-55,000"
"=""063392""",聯電群益4C購01  ,0,0,0,0,"55,000","-55,000",0,"55,000","-55,000"
"=""063620""",全新群益46購09  ,0,0,0,"5,000","60,000","-55,000","5,000","60,000","-55,000"
"=""063965""",矽力永豐48購01  ,0,0,0,0,"55,000","-55,000",0,"55,000","-55,000"
"=""064541""",鴻海富邦4C購01  ,0,0,0,0,"55,000","-55,000",0,"55,000","-55,000"
"=""066367""",臻鼎元富47購03  ,0,0,0,"10,000","65,000","-55,000","10,000","65,000","-55,000"
"=""066615""",同欣電國泰48購01,0,0,0,0,"55,000","-55,000",0,"55,000","-55,000"
"=""066725""",大立光群益47購09,0,0,0,0,"55,000","-55,000",0,"55,000","-55,000"
"=""069178""",欣興統一52購02  ,0,0,0,0,"55,000","-55,000",0,"55,000","-55,000"
"=""069286""",皇昌元富48購03  ,0,0,0,0,"55,000","-55,000",0,"55,000","-55,000"
"=""069724""",鴻海兆豐52購01  ,0,0,0,0,"55,000","-55,000",0,"55,000","-55,000"
"=""069962""",材料群益4C購02  ,0,0,0,"52,000","107,000","-55,000","52,000","107,000","-55,000"
"=""070360""",上銀凱基4C購02  ,0,0,0,0,"55,000","-55,000",0,"55,000","-55,000"
"=""070937""",材料元富48購05  ,0,0,0,0,"55,000","-55,000",0,"55,000","-55,000"
"=""071145""",海華元大48購02  ,0,0,0,"50,000","105,000","-55,000","50,000","105,000","-55,000"
"=""071625""",南亞科富邦4B購01,0,0,0,0,"55,000","-55,000",0,"55,000","-55,000"
"=""072672""",三芳國票4A購01  ,0,0,0,"115,000","170,000","-55,000","115,000","170,000","-55,000"
"=""072999""",華城富邦4C購01  ,0,0,0,"10,000","65,000","-55,000","10,000","65,000","-55,000"
"=""073281""",台灣50永豐4A購02,0,0,0,"10,000","65,000","-55,000","10,000","65,000","-55,000"
"=""074535""",華城群益49購04  ,0,0,0,"50,000","105,000","-55,000","50,000","105,000","-55,000"
"=""074862""",材料統一63購01  ,0,0,0,0,"55,000","-55,000",0,"55,000","-55,000"
"=""075095""",長榮國票4B購02  ,0,0,0,0,"55,000","-55,000",0,"55,000","-55,000"
"=""075619""",鴻海群益55購02  ,0,0,0,0,"55,000","-55,000",0,"55,000","-55,000"
"=""075805""",時碩元富49購03  ,0,0,0,"46,000","101,000","-55,000","46,000","101,000","-55,000"
"=""075843""",世芯元大49購16  ,0,0,0,0,"55,000","-55,000",0,"55,000","-55,000"
"=""076953""",至上永豐4A購01  ,0,0,0,0,"55,000","-55,000",0,"55,000","-55,000"
"=""077268""",旺宏元大51購01  ,0,0,0,"10,000","65,000","-55,000","10,000","65,000","-55,000"
8488  ,吉源-KY         ,0,"55,000","-55,000",0,0,0,0,"55,000","-55,000"
"=""00875 """,國泰網路資安    ,0,0,0,"236,605","291,111","-54,506","236,605","291,111","-54,506"
6531  ,愛普*           ,"12,000","35,000","-23,000","28,389","59,624","-31,235","40,389","94,624","-54,235"
"=""03862T""",聯電元大34售09  ,0,0,0,0,"54,000","-54,000",0,"54,000","-54,000"
"=""048566""",大立光元大44購07,0,0,0,"15,000","69,000","-54,000","15,000","69,000","-54,000"
"=""050874""",技嘉元大43購13  ,0,0,0,"111,000","165,000","-54,000","111,000","165,000","-54,000"
"=""057096""",緯穎元大45購06  ,0,0,0,0,"54,000","-54,000",0,"54,000","-54,000"
"=""057472""",建準國票46購02  ,0,0,0,"270,000","324,000","-54,000","270,000","324,000","-54,000"
"=""060021""",東陽兆豐48購01  ,0,0,0,0,"54,000","-54,000",0,"54,000","-54,000"
"=""060111""",德律富邦49購01  ,0,0,0,0,"54,000","-54,000",0,"54,000","-54,000"
"=""063252""",新日興元大49購01,0,0,0,0,"54,000","-54,000",0,"54,000","-54,000"
"=""065184""",鴻海凱基4B購04  ,0,0,0,"255,000","309,000","-54,000","255,000","309,000","-54,000"
"=""065514""",鈺齊永豐49購01  ,0,0,0,0,"54,000","-54,000",0,"54,000","-54,000"
"=""065923""",盟立元富47購01  ,0,0,0,"16,000","70,000","-54,000","16,000","70,000","-54,000"
"=""067232""",台灣50元富47購11,0,0,0,0,"54,000","-54,000",0,"54,000","-54,000"
"=""069703""",技嘉富邦4C購01  ,0,0,0,0,"54,000","-54,000",0,"54,000","-54,000"
"=""070156""",長榮航富邦4A購01,0,0,0,0,"54,000","-54,000",0,"54,000","-54,000"
"=""070550""",慧洋群益49購01  ,0,0,0,0,"54,000","-54,000",0,"54,000","-54,000"
"=""070609""",和大國泰49購01  ,0,0,0,"78,000","132,000","-54,000","78,000","132,000","-54,000"
"=""072222""",中興電台新48購01,0,0,0,0,"54,000","-54,000",0,"54,000","-54,000"
"=""075513""",中50元富4B購02  ,0,0,0,0,"54,000","-54,000",0,"54,000","-54,000"
"=""076484""",長榮群益4B購01  ,0,0,0,"443,000","497,000","-54,000","443,000","497,000","-54,000"
"=""03682T""",台達電凱基34售04,0,0,0,0,"53,000","-53,000",0,"53,000","-53,000"
"=""054557""",大銀永豐45購01  ,0,0,0,0,"53,000","-53,000",0,"53,000","-53,000"
"=""057072""",威盛元大4B購01  ,0,0,0,"25,000","78,000","-53,000","25,000","78,000","-53,000"
"=""057306""",奇鋐元大45購13  ,0,0,0,0,"53,000","-53,000",0,"53,000","-53,000"
"=""057776""",貿聯群益47購02  ,0,0,0,0,"53,000","-53,000",0,"53,000","-53,000"
"=""057847""",鴻準凱基45購06  ,0,0,0,0,"53,000","-53,000",0,"53,000","-53,000"
"=""059629""",中華國票46購04  ,0,0,0,0,"53,000","-53,000",0,"53,000","-53,000"
"=""060616""",景碩國泰48購01  ,0,0,0,0,"53,000","-53,000",0,"53,000","-53,000"
"=""062334""",全新元大4C購02  ,0,0,0,"15,000","68,000","-53,000","15,000","68,000","-53,000"
"=""063498""",世芯兆豐47購02  ,0,0,0,0,"53,000","-53,000",0,"53,000","-53,000"
"=""063993""",緯創元富46購06  ,0,0,0,"5,000","58,000","-53,000","5,000","58,000","-53,000"
"=""065049""",大立光元大47購07,0,0,0,"2,000","55,000","-53,000","2,000","55,000","-53,000"
"=""065146""",京城群益49購01  ,0,0,0,"49,000","102,000","-53,000","49,000","102,000","-53,000"
"=""065982""",時碩元大47購01  ,0,0,0,0,"53,000","-53,000",0,"53,000","-53,000"
"=""066239""",台積電國票48購03,0,0,0,"72,000","125,000","-53,000","72,000","125,000","-53,000"
"=""066560""",矽力凱基48購01  ,0,0,0,"2,000","55,000","-53,000","2,000","55,000","-53,000"
"=""067058""",鴻海群益47購18  ,0,0,0,"41,000","94,000","-53,000","41,000","94,000","-53,000"
"=""067736""",華新群益48購01  ,0,0,0,"73,000","126,000","-53,000","73,000","126,000","-53,000"
"=""068088""",台積電元富48購04,0,0,0,"10,000","63,000","-53,000","10,000","63,000","-53,000"
"=""068388""",長榮統一62購01  ,0,0,0,"91,000","144,000","-53,000","91,000","144,000","-53,000"
"=""069611""",昇陽半統一5A購01,0,0,0,0,"53,000","-53,000",0,"53,000","-53,000"
"=""070002""",神達永豐48購03  ,0,0,0,0,"53,000","-53,000",0,"53,000","-53,000"
"=""073539""",緯穎凱基4A購03  ,0,0,0,"19,000","72,000","-53,000","19,000","72,000","-53,000"
"=""074162""",寶成元大49購01  ,0,0,0,0,"53,000","-53,000",0,"53,000","-53,000"
"=""074757""",上銀中信4A購01  ,0,0,0,"35,000","88,000","-53,000","35,000","88,000","-53,000"
"=""077006""",漢翔元富53購01  ,0,0,0,0,"53,000","-53,000",0,"53,000","-53,000"
"=""077033""",威盛群益49購02  ,0,0,0,0,"53,000","-53,000",0,"53,000","-53,000"
3450  ,聯鈞            ,451,10,441,"7,000","60,000","-53,000","7,451","60,010","-52,559"
3029  ,零壹            ,"8,000","6,844","1,156","4,144","57,518","-53,374","12,144","64,362","-52,218"
"=""03979T""",瑞鼎國票35售01  ,0,0,0,0,"52,000","-52,000",0,"52,000","-52,000"
"=""04250T""",金像電群益38售03,0,0,0,"50,000","102,000","-52,000","50,000","102,000","-52,000"
"=""047292""",國巨國泰44購02  ,0,0,0,"80,000","132,000","-52,000","80,000","132,000","-52,000"
"=""057005""",英業達台新45購01,0,0,0,"7,000","59,000","-52,000","7,000","59,000","-52,000"
"=""05735T""",智原中信37售01  ,0,0,0,"70,000","122,000","-52,000","70,000","122,000","-52,000"
"=""060641""",華碩中信46購01  ,0,0,0,0,"52,000","-52,000",0,"52,000","-52,000"
"=""060970""",華航元富46購02  ,0,0,0,"66,000","118,000","-52,000","66,000","118,000","-52,000"
"=""061477""",緯創元大46購08  ,0,0,0,"2,000","54,000","-52,000","2,000","54,000","-52,000"
"=""062860""",世芯永豐53購01  ,0,0,0,0,"52,000","-52,000",0,"52,000","-52,000"
"=""063314""",達發永豐47購02  ,0,0,0,"1,000","53,000","-52,000","1,000","53,000","-52,000"
"=""063935""",昆盈國票47購01  ,0,0,0,"8,000","60,000","-52,000","8,000","60,000","-52,000"
"=""064326""",台積電凱基4C購10,0,0,0,"8,000","60,000","-52,000","8,000","60,000","-52,000"
"=""064646""",緯創元富4A購01  ,0,0,0,"52,000","104,000","-52,000","52,000","104,000","-52,000"
"=""064854""",台達電國泰48購01,0,0,0,"131,000","183,000","-52,000","131,000","183,000","-52,000"
"=""067701""",台化元大47購05  ,0,0,0,"2,000","54,000","-52,000","2,000","54,000","-52,000"
"=""068330""",鈺齊元大48購01  ,0,0,0,0,"52,000","-52,000",0,"52,000","-52,000"
"=""069398""",聯詠統一52購01  ,0,0,0,"5,000","57,000","-52,000","5,000","57,000","-52,000"
"=""070121""",世芯元大51購02  ,0,0,0,"18,000","70,000","-52,000","18,000","70,000","-52,000"
"=""072740""",晶豪科元大49購01,0,0,0,"51,000","103,000","-52,000","51,000","103,000","-52,000"
"=""072805""",元日2X國票54購01,0,0,0,0,"52,000","-52,000",0,"52,000","-52,000"
"=""075777""",裕民國票4A購04  ,0,0,0,0,"52,000","-52,000",0,"52,000","-52,000"
"=""076291""",台積電凱基51購08,0,0,0,0,"52,000","-52,000",0,"52,000","-52,000"
"=""076336""",美債2X國票4C購01,0,0,0,0,"52,000","-52,000",0,"52,000","-52,000"
"=""08409U""",台灣50富邦3B售01,0,0,0,0,"52,000","-52,000",0,"52,000","-52,000"
6670  ,復盛應用        ,"1,001","53,000","-51,999",0,0,0,"1,001","53,000","-51,999"
"=""03553T""",技嘉群益35售04  ,0,0,0,0,"51,000","-51,000",0,"51,000","-51,000"
"=""03623B""",臺股指元大36熊16,0,0,0,0,"51,000","-51,000",0,"51,000","-51,000"
"=""045161""",台塑化群益55購03,0,0,0,"7,000","58,000","-51,000","7,000","58,000","-51,000"
"=""047248""",華通統一47購02  ,0,0,0,"30,000","81,000","-51,000","30,000","81,000","-51,000"
"=""04758T""",臺股指富邦3B售02,0,0,0,"2,000","53,000","-51,000","2,000","53,000","-51,000"
"=""048388""",美費半國票43購01,0,0,0,0,"51,000","-51,000",0,"51,000","-51,000"
"=""05053T""",緯穎永豐37售07  ,0,0,0,0,"51,000","-51,000",0,"51,000","-51,000"
"=""052082""",世芯永豐44購06  ,0,0,0,"120,000","171,000","-51,000","120,000","171,000","-51,000"
"=""052942""",億豐凱基44購01  ,0,0,0,"124,000","175,000","-51,000","124,000","175,000","-51,000"
"=""056298""",新唐中信46購01  ,0,0,0,"199,000","250,000","-51,000","199,000","250,000","-51,000"
"=""056671""",世芯國票49購01  ,0,0,0,0,"51,000","-51,000",0,"51,000","-51,000"
"=""056706""",緯創元大45購06  ,0,0,0,0,"51,000","-51,000",0,"51,000","-51,000"
"=""057325""",宏泰群益45購01  ,0,0,0,"170,000","221,000","-51,000","170,000","221,000","-51,000"
"=""060375""",保瑞元大46購04  ,0,0,0,0,"51,000","-51,000",0,"51,000","-51,000"
"=""060918""",英業達國泰48購01,0,0,0,"83,000","134,000","-51,000","83,000","134,000","-51,000"
"=""063578""",堤維西凱基46購02,0,0,0,"136,000","187,000","-51,000","136,000","187,000","-51,000"
"=""064392""",上銀台新46購04  ,0,0,0,0,"51,000","-51,000",0,"51,000","-51,000"
"=""064931""",保瑞凱基47購02  ,0,0,0,"7,000","58,000","-51,000","7,000","58,000","-51,000"
"=""067432""",威盛兆豐3B購03  ,0,0,0,"57,000","108,000","-51,000","57,000","108,000","-51,000"
"=""068085""",台灣50元富47購17,0,0,0,"60,000","111,000","-51,000","60,000","111,000","-51,000"
"=""068282""",緯創凱基4C購02  ,0,0,0,"173,000","224,000","-51,000","173,000","224,000","-51,000"
"=""068591""",力積電群益4A購02,0,0,0,"36,000","87,000","-51,000","36,000","87,000","-51,000"
"=""068656""",達興統一53購04  ,0,0,0,"51,000","102,000","-51,000","51,000","102,000","-51,000"
"=""068993""",陽明國泰49購01  ,0,0,0,"148,000","199,000","-51,000","148,000","199,000","-51,000"
"=""070839""",台灣50元大48購15,0,0,0,0,"51,000","-51,000",0,"51,000","-51,000"
"=""071002""",中鴻統一52購03  ,0,0,0,"2,000","53,000","-51,000","2,000","53,000","-51,000"
"=""071414""",上銀中信48購05  ,0,0,0,"30,000","81,000","-51,000","30,000","81,000","-51,000"
"=""071415""",華邦電中信48購03,0,0,0,0,"51,000","-51,000",0,"51,000","-51,000"
"=""072686""",台積電國票4C購03,0,0,0,0,"51,000","-51,000",0,"51,000","-51,000"
"=""073696""",台灣50國票4B購02,0,0,0,"56,000","107,000","-51,000","56,000","107,000","-51,000"
"=""073986""",華邦電永豐4A購02,0,0,0,"4,000","55,000","-51,000","4,000","55,000","-51,000"
"=""075320""",華新元富49購02  ,0,0,0,"14,000","65,000","-51,000","14,000","65,000","-51,000"
"=""075326""",長榮元富4C購01  ,0,0,0,"141,000","192,000","-51,000","141,000","192,000","-51,000"
"=""075489""",裕民中信4A購01  ,0,0,0,0,"51,000","-51,000",0,"51,000","-51,000"
"=""075674""",陽明統一43購01  ,0,0,0,0,"51,000","-51,000",0,"51,000","-51,000"
"=""076357""",鴻海元大51購06  ,0,0,0,"14,000","65,000","-51,000","14,000","65,000","-51,000"
"=""076897""",台灣50凱基4A購09,0,0,0,0,"51,000","-51,000",0,"51,000","-51,000"
2880  ,華南金          ,"4,000","6,000","-2,000",0,"49,000","-49,000","4,000","55,000","-51,000"
"=""03268T""",仁寶元大34售05  ,0,0,0,0,"50,000","-50,000",0,"50,000","-50,000"
"=""03321T""",臺股指凱基36售10,0,0,0,0,"50,000","-50,000",0,"50,000","-50,000"
"=""03467T""",臺股指群益38售03,0,0,0,0,"50,000","-50,000",0,"50,000","-50,000"
"=""03824T""",奇鋐元大34售17  ,0,0,0,0,"50,000","-50,000",0,"50,000","-50,000"
"=""03835T""",臺股指元大36售46,0,0,0,0,"50,000","-50,000",0,"50,000","-50,000"
"=""03960T""",元債2X凱基3A售04,0,0,0,0,"50,000","-50,000",0,"50,000","-50,000"
"=""04144T""",道瓊2X國票39售01,0,0,0,0,"50,000","-50,000",0,"50,000","-50,000"
"=""042602""",大同凱基55購01  ,0,0,0,0,"50,000","-50,000",0,"50,000","-50,000"
"=""04446T""",金像電國票36售02,0,0,0,0,"50,000","-50,000",0,"50,000","-50,000"
"=""04494T""",台積電統一39售03,0,0,0,0,"50,000","-50,000",0,"50,000","-50,000"
"=""04597T""",臺股指元富39售06,0,0,0,"40,000","90,000","-50,000","40,000","90,000","-50,000"
"=""047752""",寶成永豐43購01  ,0,0,0,0,"50,000","-50,000",0,"50,000","-50,000"
"=""04821T""",T50正2群益38售01,0,0,0,0,"50,000","-50,000",0,"50,000","-50,000"
"=""04954T""",台灣50元大36售13,0,0,0,0,"50,000","-50,000",0,"50,000","-50,000"
"=""050257""",威盛凱基43購08  ,0,0,0,0,"50,000","-50,000",0,"50,000","-50,000"
"=""050274""",滬深2X元富43購03,0,0,0,0,"50,000","-50,000",0,"50,000","-50,000"
"=""050522""",景碩兆豐44購01  ,0,0,0,0,"50,000","-50,000",0,"50,000","-50,000"
"=""051554""",致伸台新43購01  ,0,0,0,0,"50,000","-50,000",0,"50,000","-50,000"
"=""05176T""",長榮統一38售01  ,0,0,0,0,"50,000","-50,000",0,"50,000","-50,000"
"=""052409""",昆盈元大43購03  ,0,0,0,0,"50,000","-50,000",0,"50,000","-50,000"
"=""052469""",鴻海國泰46購02  ,0,0,0,0,"50,000","-50,000",0,"50,000","-50,000"
"=""054229""",日月光凱基44購01,0,0,0,0,"50,000","-50,000",0,"50,000","-50,000"
"=""054283""",嘉澤元大44購02  ,0,0,0,0,"50,000","-50,000",0,"50,000","-50,000"
"=""054609""",迎廣群益45購02  ,0,0,0,0,"50,000","-50,000",0,"50,000","-50,000"
"=""054778""",台積電凱基45購12,0,0,0,"6,000","56,000","-50,000","6,000","56,000","-50,000"
"=""054834""",TPK國票45購02   ,0,0,0,0,"50,000","-50,000",0,"50,000","-50,000"
"=""05534T""",上証2X凱基3A售03,0,0,0,"15,000","65,000","-50,000","15,000","65,000","-50,000"
"=""055605""",帝寶凱基44購01  ,0,0,0,0,"50,000","-50,000",0,"50,000","-50,000"
"=""055749""",瀚宇博元大44購02,0,0,0,0,"50,000","-50,000",0,"50,000","-50,000"
"=""055947""",嘉澤元大44購06  ,0,0,0,"10,000","60,000","-50,000","10,000","60,000","-50,000"
"=""056783""",友訊國票46購01  ,0,0,0,0,"50,000","-50,000",0,"50,000","-50,000"
"=""056847""",陽明永豐46購05  ,0,0,0,"80,000","130,000","-50,000","80,000","130,000","-50,000"
"=""057732""",健策元大45購05  ,0,0,0,0,"50,000","-50,000",0,"50,000","-50,000"
"=""057735""",貿聯元大45購10  ,0,0,0,0,"50,000","-50,000",0,"50,000","-50,000"
"=""057965""",技嘉群益46購02  ,0,0,0,"250,000","300,000","-50,000","250,000","300,000","-50,000"
"=""058432""",T50反1兆豐43購01,0,0,0,0,"50,000","-50,000",0,"50,000","-50,000"
"=""058565""",美債2X群益4B購03,0,0,0,0,"50,000","-50,000",0,"50,000","-50,000"
"=""058737""",聯發科群益45購08,0,0,0,0,"50,000","-50,000",0,"50,000","-50,000"
"=""059162""",華城元大45購06  ,0,0,0,0,"50,000","-50,000",0,"50,000","-50,000"
"=""059214""",華碩富邦47購01  ,0,0,0,"5,000","55,000","-50,000","5,000","55,000","-50,000"
"=""05948T""",臺股指群益37售27,0,0,0,0,"50,000","-50,000",0,"50,000","-50,000"
"=""060336""",中華元大49購02  ,0,0,0,"40,000","90,000","-50,000","40,000","90,000","-50,000"
"=""060358""",長榮航元大46購02,0,0,0,0,"50,000","-50,000",0,"50,000","-50,000"
"=""060762""",正崴元大46購08  ,0,0,0,0,"50,000","-50,000",0,"50,000","-50,000"
"=""060948""",中磊凱基46購01  ,0,0,0,0,"50,000","-50,000",0,"50,000","-50,000"
"=""061008""",材料群益46購08  ,0,0,0,0,"50,000","-50,000",0,"50,000","-50,000"
"=""061476""",威強電元大46購02,0,0,0,0,"50,000","-50,000",0,"50,000","-50,000"
"=""062337""",長榮航元大46購16,0,0,0,0,"50,000","-50,000",0,"50,000","-50,000"
"=""062344""",創意元大46購08  ,0,0,0,0,"50,000","-50,000",0,"50,000","-50,000"
"=""063003""",大同群益46購05  ,0,0,0,0,"50,000","-50,000",0,"50,000","-50,000"
"=""063107""",祥碩中信48購01  ,0,0,0,"36,000","86,000","-50,000","36,000","86,000","-50,000"
"=""063118""",上銀凱基46購02  ,0,0,0,0,"50,000","-50,000",0,"50,000","-50,000"
"=""063185""",智邦群益46購08  ,0,0,0,0,"50,000","-50,000",0,"50,000","-50,000"
"=""063317""",台化國票46購04  ,0,0,0,0,"50,000","-50,000",0,"50,000","-50,000"
"=""063344""",宇隆凱基46購04  ,0,0,0,"3,000","53,000","-50,000","3,000","53,000","-50,000"
"=""063396""",聯發科群益46購10,0,0,0,0,"50,000","-50,000",0,"50,000","-50,000"
"=""063511""",世芯中信47購02  ,0,0,0,0,"50,000","-50,000",0,"50,000","-50,000"
"=""063864""",A50正2元大48購01,0,0,0,0,"50,000","-50,000",0,"50,000","-50,000"
"=""064009""",台光電國泰48購01,0,0,0,0,"50,000","-50,000",0,"50,000","-50,000"
"=""064212""",長榮永豐48購02  ,0,0,0,0,"50,000","-50,000",0,"50,000","-50,000"
"=""064515""",緯創統一3A購04  ,0,0,0,0,"50,000","-50,000",0,"50,000","-50,000"
"=""064747""",美債2X中信49購01,0,0,0,0,"50,000","-50,000",0,"50,000","-50,000"
"=""064855""",鴻準國泰48購01  ,0,0,0,0,"50,000","-50,000",0,"50,000","-50,000"
"=""064870""",金像電群益47購05,0,0,0,0,"50,000","-50,000",0,"50,000","-50,000"
"=""064874""",聯發科群益47購07,0,0,0,0,"50,000","-50,000",0,"50,000","-50,000"
"=""065099""",威盛統一43購01  ,0,0,0,0,"50,000","-50,000",0,"50,000","-50,000"
"=""065540""",亞翔富邦48購02  ,0,0,0,0,"50,000","-50,000",0,"50,000","-50,000"
"=""065610""",洋基國票48購01  ,0,0,0,"200,000","250,000","-50,000","200,000","250,000","-50,000"
"=""065812""",信邦國票48購01  ,0,0,0,0,"50,000","-50,000",0,"50,000","-50,000"
"=""065932""",世芯元富51購02  ,0,0,0,"4,000","54,000","-50,000","4,000","54,000","-50,000"
"=""066059""",群創元富47購02  ,0,0,0,0,"50,000","-50,000",0,"50,000","-50,000"
"=""066738""",元債2X元大4A購03,0,0,0,0,"50,000","-50,000",0,"50,000","-50,000"
"=""066828""",億光凱基47購01  ,0,0,0,0,"50,000","-50,000",0,"50,000","-50,000"
"=""066968""",台積電群益3B購04,0,0,0,0,"50,000","-50,000",0,"50,000","-50,000"
"=""067408""",台化統一51購03  ,0,0,0,0,"50,000","-50,000",0,"50,000","-50,000"
"=""067549""",同欣電群益49購01,0,0,0,0,"50,000","-50,000",0,"50,000","-50,000"
"=""067579""",勤誠富邦49購01  ,0,0,0,"30,000","80,000","-50,000","30,000","80,000","-50,000"
"=""067737""",中鋼群益4B購01  ,0,0,0,0,"50,000","-50,000",0,"50,000","-50,000"
"=""067941""",台灣50永豐48購01,0,0,0,0,"50,000","-50,000",0,"50,000","-50,000"
"=""068061""",亞泥凱基48購01  ,0,0,0,0,"50,000","-50,000",0,"50,000","-50,000"
"=""068444""",台積電凱基4C購13,0,0,0,0,"50,000","-50,000",0,"50,000","-50,000"
"=""068503""",聯發科元大48購04,0,0,0,0,"50,000","-50,000",0,"50,000","-50,000"
"=""068516""",碩天元大51購01  ,0,0,0,0,"50,000","-50,000",0,"50,000","-50,000"
"=""068827""",世紀鋼國票49購02,0,0,0,0,"50,000","-50,000",0,"50,000","-50,000"
"=""069169""",華碩統一52購03  ,0,0,0,0,"50,000","-50,000",0,"50,000","-50,000"
"=""069246""",臺股指元富52購01,0,0,0,0,"50,000","-50,000",0,"50,000","-50,000"
"=""069895""",樺漢台新48購02  ,0,0,0,"100,000","150,000","-50,000","100,000","150,000","-50,000"
"=""070051""",大成鋼國泰49購02,0,0,0,0,"50,000","-50,000",0,"50,000","-50,000"
"=""070355""",昇陽半元大48購11,0,0,0,0,"50,000","-50,000",0,"50,000","-50,000"
"=""070438""",啟�眥禤�49購01  ,0,0,0,"25,000","75,000","-50,000","25,000","75,000","-50,000"
"=""070494""",陽明統一54購01  ,0,0,0,"8,000","58,000","-50,000","8,000","58,000","-50,000"
"=""070735""",晶豪科永豐49購01,0,0,0,0,"50,000","-50,000",0,"50,000","-50,000"
"=""071148""",材料元大51購05  ,0,0,0,0,"50,000","-50,000",0,"50,000","-50,000"
"=""071227""",精銳富邦4B購01  ,0,0,0,0,"50,000","-50,000",0,"50,000","-50,000"
"=""071321""",裕民統一53購01  ,0,0,0,0,"50,000","-50,000",0,"50,000","-50,000"
"=""071339""",大銀統一62購01  ,0,0,0,0,"50,000","-50,000",0,"50,000","-50,000"
"=""071381""",大銀元大48購04  ,0,0,0,0,"50,000","-50,000",0,"50,000","-50,000"
"=""071572""",南亞科凱基48購02,0,0,0,0,"50,000","-50,000",0,"50,000","-50,000"
"=""071830""",國巨富邦4B購01  ,0,0,0,0,"50,000","-50,000",0,"50,000","-50,000"
"=""072085""",材料群益52購02  ,0,0,0,"51,000","101,000","-50,000","51,000","101,000","-50,000"
"=""072269""",亞翔元大48購22  ,0,0,0,0,"50,000","-50,000",0,"50,000","-50,000"
"=""072401""",一詮國泰49購01  ,0,0,0,0,"50,000","-50,000",0,"50,000","-50,000"
"=""072414""",皇昌富邦4B購02  ,0,0,0,0,"50,000","-50,000",0,"50,000","-50,000"
"=""072757""",矽格元大49購01  ,0,0,0,"119,000","169,000","-50,000","119,000","169,000","-50,000"
"=""073151""",毅嘉元大49購04  ,0,0,0,0,"50,000","-50,000",0,"50,000","-50,000"
"=""073499""",智原富邦49購03  ,0,0,0,0,"50,000","-50,000",0,"50,000","-50,000"
"=""073613""",瑞祺元富49購01  ,0,0,0,0,"50,000","-50,000",0,"50,000","-50,000"
"=""073631""",華邦電元大49購04,0,0,0,0,"50,000","-50,000",0,"50,000","-50,000"
"=""073752""",矽格統一53購01  ,0,0,0,"5,000","55,000","-50,000","5,000","55,000","-50,000"
"=""073762""",上証2X凱基4B購02,0,0,0,0,"50,000","-50,000",0,"50,000","-50,000"
"=""074609""",達興第一49購02  ,0,0,0,0,"50,000","-50,000",0,"50,000","-50,000"
"=""074986""",南亞科元大49購07,0,0,0,0,"50,000","-50,000",0,"50,000","-50,000"
"=""075060""",力成國泰4A購01  ,0,0,0,0,"50,000","-50,000",0,"50,000","-50,000"
"=""075284""",長榮國泰4A購02  ,0,0,0,0,"50,000","-50,000",0,"50,000","-50,000"
"=""075312""",華新永豐49購01  ,0,0,0,0,"50,000","-50,000",0,"50,000","-50,000"
"=""075371""",大成鋼群益49購06,0,0,0,0,"50,000","-50,000",0,"50,000","-50,000"
"=""075416""",元石油元大4B購01,0,0,0,"90,000","140,000","-50,000","90,000","140,000","-50,000"
"=""075505""",材料永豐59購01  ,0,0,0,0,"50,000","-50,000",0,"50,000","-50,000"
"=""075515""",一詮元富49購03  ,0,0,0,0,"50,000","-50,000",0,"50,000","-50,000"
"=""075567""",智邦元大49購08  ,0,0,0,0,"50,000","-50,000",0,"50,000","-50,000"
"=""075682""",緯穎永豐49購06  ,0,0,0,"50,000","100,000","-50,000","50,000","100,000","-50,000"
"=""076143""",創意統一47購01  ,0,0,0,"10,000","60,000","-50,000","10,000","60,000","-50,000"
"=""076222""",迎廣元大49購06  ,0,0,0,0,"50,000","-50,000",0,"50,000","-50,000"
"=""076371""",美律元大49購05  ,0,0,0,0,"50,000","-50,000",0,"50,000","-50,000"
"=""076374""",威強電元大49購14,0,0,0,0,"50,000","-50,000",0,"50,000","-50,000"
"=""076542""",昇陽半元大4A購01,0,0,0,0,"50,000","-50,000",0,"50,000","-50,000"
"=""076671""",廣宇群益4B購02  ,0,0,0,0,"50,000","-50,000",0,"50,000","-50,000"
"=""076881""",世芯元大4C購02  ,0,0,0,0,"50,000","-50,000",0,"50,000","-50,000"
"=""076978""",大銀國票4C購01  ,0,0,0,0,"50,000","-50,000",0,"50,000","-50,000"
"=""077032""",大同群益49購06  ,0,0,0,0,"50,000","-50,000",0,"50,000","-50,000"
"=""07752U""",長榮航凱基34售03,0,0,0,0,"50,000","-50,000",0,"50,000","-50,000"
"=""07807U""",臺股指凱基32售21,0,0,0,0,"50,000","-50,000",0,"50,000","-50,000"
"=""08108U""",美債2X元大33售03,0,0,0,0,"50,000","-50,000",0,"50,000","-50,000"
"=""08777U""",奇鋐群益34售02  ,0,0,0,0,"50,000","-50,000",0,"50,000","-50,000"
2809  ,京城銀          ,0,"9,040","-9,040",0,"40,000","-40,000",0,"49,040","-49,040"
"=""03539T""",南電凱基33售03  ,0,0,0,"1,000","50,000","-49,000","1,000","50,000","-49,000"
"=""04302T""",緯創群益35售15  ,0,0,0,"34,000","83,000","-49,000","34,000","83,000","-49,000"
"=""047432""",群臺2X凱基43購03,0,0,0,"25,000","74,000","-49,000","25,000","74,000","-49,000"
"=""056815""",聯電元富47購03  ,0,0,0,"30,000","79,000","-49,000","30,000","79,000","-49,000"
"=""057601""",亞泥中信45購01  ,0,0,0,0,"49,000","-49,000",0,"49,000","-49,000"
"=""057699""",京元電富邦47購01,0,0,0,"64,000","113,000","-49,000","64,000","113,000","-49,000"
"=""059484""",偉訓國票46購03  ,0,0,0,0,"49,000","-49,000",0,"49,000","-49,000"
"=""061177""",台積電群益4B購10,0,0,0,"76,000","125,000","-49,000","76,000","125,000","-49,000"
"=""061180""",瑞昱群益4C購01  ,0,0,0,"554,000","603,000","-49,000","554,000","603,000","-49,000"
"=""063408""",世芯群益4C購05  ,0,0,0,0,"49,000","-49,000",0,"49,000","-49,000"
"=""063914""",A50正2中信46購02,0,0,0,"7,000","56,000","-49,000","7,000","56,000","-49,000"
"=""064199""",海悅國票47購01  ,0,0,0,"47,000","96,000","-49,000","47,000","96,000","-49,000"
"=""064677""",海悅元大46購05  ,0,0,0,"1,000","50,000","-49,000","1,000","50,000","-49,000"
"=""066670""",上銀凱基48購03  ,0,0,0,"18,000","67,000","-49,000","18,000","67,000","-49,000"
"=""067113""",華城統一45購03  ,0,0,0,"10,000","59,000","-49,000","10,000","59,000","-49,000"
"=""067562""",電子類群益47購01,0,0,0,"105,000","154,000","-49,000","105,000","154,000","-49,000"
"=""070064""",精銳台新48購01  ,0,0,0,"5,000","54,000","-49,000","5,000","54,000","-49,000"
"=""070751""",台積電群益49購10,0,0,0,"101,000","150,000","-49,000","101,000","150,000","-49,000"
"=""070819""",華邦電國票4A購01,0,0,0,"166,000","215,000","-49,000","166,000","215,000","-49,000"
"=""071456""",南亞科統一52購05,0,0,0,"74,000","123,000","-49,000","74,000","123,000","-49,000"
"=""073981""",A50正2永豐4A購01,0,0,0,0,"49,000","-49,000",0,"49,000","-49,000"
"=""074314""",迎廣元富49購02  ,0,0,0,0,"49,000","-49,000",0,"49,000","-49,000"
"=""074592""",新日興元大4B購03,0,0,0,"1,000","50,000","-49,000","1,000","50,000","-49,000"
1560  ,中砂            ,"5,000","35,000","-30,000","16,338","35,226","-18,888","21,338","70,226","-48,888"
2106  ,建大            ,"11,000","59,654","-48,654",0,0,0,"11,000","59,654","-48,654"
2357  ,華碩            ,"48,000","59,150","-11,150",0,"36,941","-36,941","48,000","96,091","-48,091"
"=""03435T""",臺股指群益33售40,0,0,0,"52,000","100,000","-48,000","52,000","100,000","-48,000"
"=""054390""",祥碩凱基44購04  ,0,0,0,"120,000","168,000","-48,000","120,000","168,000","-48,000"
"=""055951""",訊芯元大49購03  ,0,0,0,"100,000","148,000","-48,000","100,000","148,000","-48,000"
"=""056939""",世芯群益47購03  ,0,0,0,"2,000","50,000","-48,000","2,000","50,000","-48,000"
"=""057313""",世芯元大4A購02  ,0,0,0,"35,000","83,000","-48,000","35,000","83,000","-48,000"
"=""060575""",聯電元大46購07  ,0,0,0,"2,000","50,000","-48,000","2,000","50,000","-48,000"
"=""060775""",瑞鼎元大46購01  ,0,0,0,0,"48,000","-48,000",0,"48,000","-48,000"
"=""061038""",可成元大4B購01  ,0,0,0,"53,000","101,000","-48,000","53,000","101,000","-48,000"
"=""061307""",采鈺中信47購01  ,0,0,0,"180,000","228,000","-48,000","180,000","228,000","-48,000"
"=""061753""",廣宇元富46購01  ,0,0,0,0,"48,000","-48,000",0,"48,000","-48,000"
"=""064047""",鴻海元大46購37  ,0,0,0,"76,000","124,000","-48,000","76,000","124,000","-48,000"
"=""068691""",華通凱基48購02  ,0,0,0,"23,000","71,000","-48,000","23,000","71,000","-48,000"
"=""068906""",長榮元大49購04  ,0,0,0,0,"48,000","-48,000",0,"48,000","-48,000"
"=""069292""",創意元富48購02  ,0,0,0,"29,000","77,000","-48,000","29,000","77,000","-48,000"
"=""069694""",台虹元大48購02  ,0,0,0,"136,000","184,000","-48,000","136,000","184,000","-48,000"
"=""070287""",上銀國票49購02  ,0,0,0,"64,000","112,000","-48,000","64,000","112,000","-48,000"
"=""071582""",偉訓凱基48購02  ,0,0,0,0,"48,000","-48,000",0,"48,000","-48,000"
"=""071619""",臺股指群益48購19,0,0,0,"2,000","50,000","-48,000","2,000","50,000","-48,000"
"=""072565""",信邦凱基4A購01  ,0,0,0,"19,000","67,000","-48,000","19,000","67,000","-48,000"
"=""073168""",神達元大4A購06  ,0,0,0,"20,000","68,000","-48,000","20,000","68,000","-48,000"
"=""073983""",大成鋼永豐4A購04,0,0,0,"8,000","56,000","-48,000","8,000","56,000","-48,000"
"=""074672""",台積電群益49購24,0,0,0,0,"48,000","-48,000",0,"48,000","-48,000"
"=""075430""",台積電元大51購18,0,0,0,0,"48,000","-48,000",0,"48,000","-48,000"
"=""075520""",群創元富4A購01  ,0,0,0,"52,000","100,000","-48,000","52,000","100,000","-48,000"
"=""076053""",冠德永豐49購01  ,0,0,0,"42,000","90,000","-48,000","42,000","90,000","-48,000"
"=""076732""",和碩元大49購01  ,0,0,0,0,"48,000","-48,000",0,"48,000","-48,000"
"=""076990""",台灣50元富53購01,0,0,0,0,"48,000","-48,000",0,"48,000","-48,000"
4961  ,天鈺            ,0,96,-96,"13,000","60,117","-47,117","13,000","60,213","-47,213"
"=""04801T""",香港2X永豐38售02,0,0,0,"7,000","54,000","-47,000","7,000","54,000","-47,000"
"=""048814""",欣興台新42購02  ,0,0,0,0,"47,000","-47,000",0,"47,000","-47,000"
"=""055926""",鴻海元大44購37  ,0,0,0,0,"47,000","-47,000",0,"47,000","-47,000"
"=""058705""",世芯國票46購09  ,0,0,0,"8,000","55,000","-47,000","8,000","55,000","-47,000"
"=""058846""",正新凱基47購01  ,0,0,0,"54,000","101,000","-47,000","54,000","101,000","-47,000"
"=""059105""",國企2X凱基45購09,0,0,0,"276,000","323,000","-47,000","276,000","323,000","-47,000"
"=""060917""",台積電國泰48購02,0,0,0,"311,000","358,000","-47,000","311,000","358,000","-47,000"
"=""063308""",碩天永豐47購01  ,0,0,0,"26,000","73,000","-47,000","26,000","73,000","-47,000"
"=""065700""",台化元大47購02  ,0,0,0,0,"47,000","-47,000",0,"47,000","-47,000"
"=""066478""",玉晶光元大47購15,0,0,0,"3,000","50,000","-47,000","3,000","50,000","-47,000"
"=""066503""",台積電群益4A購17,0,0,0,"5,000","52,000","-47,000","5,000","52,000","-47,000"
"=""068188""",辛耘永豐49購02  ,0,0,0,0,"47,000","-47,000",0,"47,000","-47,000"
"=""071540""",創意元大51購03  ,0,0,0,"8,000","55,000","-47,000","8,000","55,000","-47,000"
"=""072772""",台積電群益4B購11,0,0,0,"66,000","113,000","-47,000","66,000","113,000","-47,000"
"=""072835""",台化凱基49購01  ,0,0,0,0,"47,000","-47,000",0,"47,000","-47,000"
"=""072922""",台積電群益4A購21,0,0,0,"10,000","57,000","-47,000","10,000","57,000","-47,000"
"=""074336""",中鋼元大49購06  ,0,0,0,"3,000","50,000","-47,000","3,000","50,000","-47,000"
"=""074534""",亞泥群益49購01  ,0,0,0,"178,000","225,000","-47,000","178,000","225,000","-47,000"
"=""074706""",台積電元富63購02,0,0,0,0,"47,000","-47,000",0,"47,000","-47,000"
"=""074943""",美食元富4A購01  ,0,0,0,0,"47,000","-47,000",0,"47,000","-47,000"
"=""076849""",大亞元大49購04  ,0,0,0,0,"47,000","-47,000",0,"47,000","-47,000"
2331  ,精英            ,"210,150","110,000","100,150","51,000","198,000","-147,000","261,150","308,000","-46,850"
"=""03805T""",台灣50國票34售02,0,0,0,"4,000","50,000","-46,000","4,000","50,000","-46,000"
"=""03919C""",臺股指凱基3A牛23,0,0,0,"37,000","83,000","-46,000","37,000","83,000","-46,000"
"=""04882T""",日月光中信36售01,0,0,0,0,"46,000","-46,000",0,"46,000","-46,000"
"=""04999T""",士電群益36售04  ,0,0,0,"1,000","47,000","-46,000","1,000","47,000","-46,000"
"=""055086""",上証2X元大45購04,0,0,0,0,"46,000","-46,000",0,"46,000","-46,000"
"=""05802T""",陽明元大37售27  ,0,0,0,0,"46,000","-46,000",0,"46,000","-46,000"
"=""058716""",臺股指國票45購10,0,0,0,"33,000","79,000","-46,000","33,000","79,000","-46,000"
"=""05876T""",緯穎統一3B售02  ,0,0,0,"84,000","130,000","-46,000","84,000","130,000","-46,000"
"=""058882""",東鹼元大45購01  ,0,0,0,0,"46,000","-46,000",0,"46,000","-46,000"
"=""059626""",緯穎元富46購04  ,0,0,0,"60,000","106,000","-46,000","60,000","106,000","-46,000"
"=""060736""",世紀鋼群益46購01,0,0,0,0,"46,000","-46,000",0,"46,000","-46,000"
"=""062467""",長榮群益46購13  ,0,0,0,"1,000","47,000","-46,000","1,000","47,000","-46,000"
"=""063262""",波力元大46購01  ,0,0,0,0,"46,000","-46,000",0,"46,000","-46,000"
"=""064941""",三陽永豐4A購01  ,0,0,0,"2,000","48,000","-46,000","2,000","48,000","-46,000"
"=""065105""",聯發科統一45購01,0,0,0,"3,000","49,000","-46,000","3,000","49,000","-46,000"
"=""066295""",和椿元大47購05  ,0,0,0,"48,000","94,000","-46,000","48,000","94,000","-46,000"
"=""068327""",穎崴元大48購01  ,0,0,0,0,"46,000","-46,000",0,"46,000","-46,000"
"=""068587""",神達群益48購03  ,0,0,0,"165,000","211,000","-46,000","165,000","211,000","-46,000"
"=""070246""",日月光群益48購01,0,0,0,0,"46,000","-46,000",0,"46,000","-46,000"
"=""070892""",富世達元大48購03,0,0,0,0,"46,000","-46,000",0,"46,000","-46,000"
"=""070926""",志強凱基49購01  ,0,0,0,"174,000","220,000","-46,000","174,000","220,000","-46,000"
"=""073182""",佳能統一53購02  ,0,0,0,0,"46,000","-46,000",0,"46,000","-46,000"
"=""074504""",中鋼凱基4A購01  ,0,0,0,"66,000","112,000","-46,000","66,000","112,000","-46,000"
"=""075547""",文曄凱基4A購01  ,0,0,0,0,"46,000","-46,000",0,"46,000","-46,000"
"=""075685""",英業達統一53購02,0,0,0,"13,000","59,000","-46,000","13,000","59,000","-46,000"
"=""077264""",台積電元大4A購11,0,0,0,0,"46,000","-46,000",0,"46,000","-46,000"
"=""07995U""",奇鋐凱基3A售01  ,0,0,0,0,"46,000","-46,000",0,"46,000","-46,000"
"=""00653L""",富邦印度正2     ,0,0,0,"39,000","84,911","-45,911","39,000","84,911","-45,911"
"=""03189T""",台灣50永豐36售01,0,0,0,0,"45,000","-45,000",0,"45,000","-45,000"
"=""03256T""",台光電富邦33售03,0,0,0,0,"45,000","-45,000",0,"45,000","-45,000"
"=""04073T""",祥碩群益34售05  ,0,0,0,"15,000","60,000","-45,000","15,000","60,000","-45,000"
"=""04387T""",英業達中信35售03,0,0,0,0,"45,000","-45,000",0,"45,000","-45,000"
"=""044771""",康普元大55購01  ,0,0,0,"25,000","70,000","-45,000","25,000","70,000","-45,000"
"=""05041T""",長榮中信38售01  ,0,0,0,"10,000","55,000","-45,000","10,000","55,000","-45,000"
"=""051514""",A50正2群益45購01,0,0,0,"29,000","74,000","-45,000","29,000","74,000","-45,000"
"=""05277T""",宏�眥窶�37售03  ,0,0,0,"15,000","60,000","-45,000","15,000","60,000","-45,000"
"=""054448""",長榮航群益46購02,0,0,0,"5,000","50,000","-45,000","5,000","50,000","-45,000"
"=""056388""",世芯元大45購05  ,0,0,0,"49,000","94,000","-45,000","49,000","94,000","-45,000"
"=""058333""",新日興群益45購02,0,0,0,"10,000","55,000","-45,000","10,000","55,000","-45,000"
"=""058499""",仁寶凱基45購02  ,0,0,0,0,"45,000","-45,000",0,"45,000","-45,000"
"=""059039""",世芯永豐5B購01  ,0,0,0,0,"45,000","-45,000",0,"45,000","-45,000"
"=""059232""",瑞鼎國票46購01  ,0,0,0,0,"45,000","-45,000",0,"45,000","-45,000"
"=""059890""",鴻準群益4B購02  ,0,0,0,"3,000","48,000","-45,000","3,000","48,000","-45,000"
"=""060884""",鴻準中信47購02  ,0,0,0,"5,000","50,000","-45,000","5,000","50,000","-45,000"
"=""061823""",保瑞凱基46購08  ,0,0,0,0,"45,000","-45,000",0,"45,000","-45,000"
"=""062867""",聯發科統一4C購08,0,0,0,"64,000","109,000","-45,000","64,000","109,000","-45,000"
"=""063449""",凱美元大46購04  ,0,0,0,"10,000","55,000","-45,000","10,000","55,000","-45,000"
"=""063451""",台光電元大46購14,0,0,0,"12,000","57,000","-45,000","12,000","57,000","-45,000"
"=""063797""",台塑凱基49購01  ,0,0,0,0,"45,000","-45,000",0,"45,000","-45,000"
"=""063948""",南電國票48購01  ,0,0,0,0,"45,000","-45,000",0,"45,000","-45,000"
"=""064041""",道瓊2X元大49購01,0,0,0,"5,000","50,000","-45,000","5,000","50,000","-45,000"
"=""064799""",聯發科元大4A購02,0,0,0,"21,000","66,000","-45,000","21,000","66,000","-45,000"
"=""065031""",鴻海元大47購09  ,0,0,0,"30,000","75,000","-45,000","30,000","75,000","-45,000"
"=""065548""",訊芯國泰48購01  ,0,0,0,0,"45,000","-45,000",0,"45,000","-45,000"
"=""065614""",滬深2X群益47購05,0,0,0,0,"45,000","-45,000",0,"45,000","-45,000"
"=""067844""",上銀凱基49購04  ,0,0,0,0,"45,000","-45,000",0,"45,000","-45,000"
"=""069345""",奇鋐凱基49購05  ,0,0,0,"16,000","61,000","-45,000","16,000","61,000","-45,000"
"=""070565""",振樺電群益48購01,0,0,0,0,"45,000","-45,000",0,"45,000","-45,000"
"=""070800""",昇陽半元富4B購01,0,0,0,0,"45,000","-45,000",0,"45,000","-45,000"
"=""070907""",光寶科凱基48購02,0,0,0,"30,000","75,000","-45,000","30,000","75,000","-45,000"
"=""071627""",晶豪科富邦4A購01,0,0,0,0,"45,000","-45,000",0,"45,000","-45,000"
"=""072348""",信邦統一51購01  ,0,0,0,0,"45,000","-45,000",0,"45,000","-45,000"
"=""072362""",台灣50元富48購15,0,0,0,"89,000","134,000","-45,000","89,000","134,000","-45,000"
"=""072448""",大立光群益4C購01,0,0,0,0,"45,000","-45,000",0,"45,000","-45,000"
"=""073187""",慧洋統一53購01  ,0,0,0,0,"45,000","-45,000",0,"45,000","-45,000"
"=""073195""",亞翔統一53購02  ,0,0,0,0,"45,000","-45,000",0,"45,000","-45,000"
"=""074005""",豐藝統一53購01  ,0,0,0,"66,000","111,000","-45,000","66,000","111,000","-45,000"
"=""074011""",上証2X元富4A購04,0,0,0,"5,000","50,000","-45,000","5,000","50,000","-45,000"
"=""075002""",富世達元大49購01,0,0,0,"35,000","80,000","-45,000","35,000","80,000","-45,000"
"=""00703 """,台新MSCI中國    ,0,0,0,"123,861","168,042","-44,181","123,861","168,042","-44,181"
"=""03228T""",技嘉凱基39售03  ,0,0,0,0,"44,000","-44,000",0,"44,000","-44,000"
"=""03966T""",台積電元大34售64,0,0,0,"11,000","55,000","-44,000","11,000","55,000","-44,000"
"=""04062T""",台積電元大34售73,0,0,0,0,"44,000","-44,000",0,"44,000","-44,000"
"=""050970""",貿聯元富43購03  ,0,0,0,0,"44,000","-44,000",0,"44,000","-44,000"
"=""054808""",光寶科凱基3B購02,0,0,0,"60,000","104,000","-44,000","60,000","104,000","-44,000"
"=""05580T""",台灣50兆豐41售02,0,0,0,0,"44,000","-44,000",0,"44,000","-44,000"
"=""056057""",鴻海群益44購23  ,0,0,0,0,"44,000","-44,000",0,"44,000","-44,000"
"=""056696""",新興元大45購01  ,0,0,0,"87,000","131,000","-44,000","87,000","131,000","-44,000"
"=""058182""",技嘉富邦45購04  ,0,0,0,0,"44,000","-44,000",0,"44,000","-44,000"
"=""05965T""",緯穎元大37售10  ,0,0,0,"28,000","72,000","-44,000","28,000","72,000","-44,000"
"=""059755""",裕民元大45購03  ,0,0,0,"19,000","63,000","-44,000","19,000","63,000","-44,000"
"=""060290""",和碩富邦48購01  ,0,0,0,"90,000","134,000","-44,000","90,000","134,000","-44,000"
"=""062786""",臺股指群益49購11,0,0,0,"139,000","183,000","-44,000","139,000","183,000","-44,000"
"=""063053""",京元電國泰48購02,0,0,0,"134,000","178,000","-44,000","134,000","178,000","-44,000"
"=""064706""",上銀群益4A購01  ,0,0,0,"36,000","80,000","-44,000","36,000","80,000","-44,000"
"=""064725""",玉晶光群益49購01,0,0,0,"5,000","49,000","-44,000","5,000","49,000","-44,000"
"=""065787""",奇鋐統一3B購01  ,0,0,0,0,"44,000","-44,000",0,"44,000","-44,000"
"=""066499""",仁寶群益47購02  ,0,0,0,"10,000","54,000","-44,000","10,000","54,000","-44,000"
"=""067984""",創意統一51購02  ,0,0,0,0,"44,000","-44,000",0,"44,000","-44,000"
"=""068057""",元債2X凱基5C購03,0,0,0,0,"44,000","-44,000",0,"44,000","-44,000"
"=""068453""",矽力凱基4A購02  ,0,0,0,0,"44,000","-44,000",0,"44,000","-44,000"
"=""072279""",滬深2X元富48購10,0,0,0,"69,000","113,000","-44,000","69,000","113,000","-44,000"
"=""072866""",華晶科統一57購01,0,0,0,"5,000","49,000","-44,000","5,000","49,000","-44,000"
"=""073718""",創意國票4B購02  ,0,0,0,0,"44,000","-44,000",0,"44,000","-44,000"
"=""074030""",材料元富4A購04  ,0,0,0,"2,000","46,000","-44,000","2,000","46,000","-44,000"
"=""075582""",慧洋元大49購16  ,0,0,0,"95,000","139,000","-44,000","95,000","139,000","-44,000"
"=""075850""",立積元大49購07  ,0,0,0,0,"44,000","-44,000",0,"44,000","-44,000"
2308  ,台達電          ,"36,000","48,900","-12,900","14,000","45,063","-31,063","50,000","93,963","-43,963"
"=""031256""",亞翔元大58購02  ,0,0,0,"130,000","173,000","-43,000","130,000","173,000","-43,000"
"=""052823""",台塑元大47購01  ,0,0,0,0,"43,000","-43,000",0,"43,000","-43,000"
"=""054582""",偉詮電兆豐46購01,0,0,0,0,"43,000","-43,000",0,"43,000","-43,000"
"=""055955""",天虹元大46購01  ,0,0,0,"12,000","55,000","-43,000","12,000","55,000","-43,000"
"=""056993""",瑞軒國票46購01  ,0,0,0,0,"43,000","-43,000",0,"43,000","-43,000"
"=""059104""",T50正2凱基4C購01,0,0,0,"150,000","193,000","-43,000","150,000","193,000","-43,000"
"=""061059""",台積電富邦46購07,0,0,0,"32,000","75,000","-43,000","32,000","75,000","-43,000"
"=""062560""",大成鋼元大46購03,0,0,0,"20,000","63,000","-43,000","20,000","63,000","-43,000"
"=""063076""",鴻海統一5C購01  ,0,0,0,"110,000","153,000","-43,000","110,000","153,000","-43,000"
"=""063138""",敦泰凱基46購02  ,0,0,0,0,"43,000","-43,000",0,"43,000","-43,000"
"=""063473""",達發元大49購03  ,0,0,0,0,"43,000","-43,000",0,"43,000","-43,000"
"=""064001""",三陽第一46購01  ,0,0,0,"80,000","123,000","-43,000","80,000","123,000","-43,000"
"=""065056""",碩天元大47購02  ,0,0,0,0,"43,000","-43,000",0,"43,000","-43,000"
"=""065376""",英業達統一43購01,0,0,0,0,"43,000","-43,000",0,"43,000","-43,000"
"=""066459""",所羅門元大47購04,0,0,0,"5,000","48,000","-43,000","5,000","48,000","-43,000"
"=""068707""",辛耘凱基48購02  ,0,0,0,"267,000","310,000","-43,000","267,000","310,000","-43,000"
"=""068907""",長榮元大4A購02  ,0,0,0,"89,000","132,000","-43,000","89,000","132,000","-43,000"
"=""069537""",創意國泰49購01  ,0,0,0,"67,000","110,000","-43,000","67,000","110,000","-43,000"
"=""073059""",毅嘉凱基49購01  ,0,0,0,"147,000","190,000","-43,000","147,000","190,000","-43,000"
"=""073897""",大同群益49購01  ,0,0,0,"7,000","50,000","-43,000","7,000","50,000","-43,000"
"=""074480""",台積電元富49購33,0,0,0,"74,000","117,000","-43,000","74,000","117,000","-43,000"
"=""075218""",FANG+元大4A購01 ,0,0,0,0,"43,000","-43,000",0,"43,000","-43,000"
"=""075982""",緯穎群益49購11  ,0,0,0,"10,000","53,000","-43,000","10,000","53,000","-43,000"
"=""076084""",智邦群益49購09  ,0,0,0,"20,000","63,000","-43,000","20,000","63,000","-43,000"
"=""00690 """,兆豐藍籌30      ,0,0,0,"296,086","338,381","-42,295","296,086","338,381","-42,295"
"=""040080""",聯發科元大57購07,0,0,0,"57,000","99,000","-42,000","57,000","99,000","-42,000"
"=""050872""",所羅門元大43購02,0,0,0,0,"42,000","-42,000",0,"42,000","-42,000"
"=""054813""",致茂國票45購02  ,0,0,0,"1,000","43,000","-42,000","1,000","43,000","-42,000"
"=""055335""",技嘉兆豐45購01  ,0,0,0,0,"42,000","-42,000",0,"42,000","-42,000"
"=""056318""",T50反1元富55購01,0,0,0,"2,000","44,000","-42,000","2,000","44,000","-42,000"
"=""056966""",世芯永豐45購09  ,0,0,0,0,"42,000","-42,000",0,"42,000","-42,000"
"=""057180""",華擎凱基45購01  ,0,0,0,"258,000","300,000","-42,000","258,000","300,000","-42,000"
"=""057379""",廣宇統一4A購01  ,0,0,0,0,"42,000","-42,000",0,"42,000","-42,000"
"=""057403""",中502X元富45購01,0,0,0,0,"42,000","-42,000",0,"42,000","-42,000"
"=""057558""",緯穎元大45購12  ,0,0,0,0,"42,000","-42,000",0,"42,000","-42,000"
"=""057609""",全新永豐45購01  ,0,0,0,"37,000","79,000","-42,000","37,000","79,000","-42,000"
"=""058334""",華擎群益47購02  ,0,0,0,"61,000","103,000","-42,000","61,000","103,000","-42,000"
"=""059248""",技嘉凱基46購04  ,0,0,0,"157,000","199,000","-42,000","157,000","199,000","-42,000"
"=""061188""",緯創群益46購05  ,0,0,0,"6,000","48,000","-42,000","6,000","48,000","-42,000"
"=""061873""",美債2X元大55購01,0,0,0,"4,000","46,000","-42,000","4,000","46,000","-42,000"
"=""063061""",川湖永豐49購02  ,0,0,0,0,"42,000","-42,000",0,"42,000","-42,000"
"=""064260""",T50反1元大4A購01,0,0,0,"109,000","151,000","-42,000","109,000","151,000","-42,000"
"=""064734""",聯發科元富44購01,0,0,0,0,"42,000","-42,000",0,"42,000","-42,000"
"=""067650""",南亞科永豐47購04,0,0,0,"108,000","150,000","-42,000","108,000","150,000","-42,000"
"=""068581""",燿華兆豐3C購01  ,0,0,0,"38,000","80,000","-42,000","38,000","80,000","-42,000"
"=""069392""",微星統一52購02  ,0,0,0,0,"42,000","-42,000",0,"42,000","-42,000"
"=""071353""",中鋼元大48購04  ,0,0,0,"230,000","272,000","-42,000","230,000","272,000","-42,000"
"=""072572""",亞翔凱基49購03  ,0,0,0,"80,000","122,000","-42,000","80,000","122,000","-42,000"
"=""073964""",元金反國票59購01,0,0,0,"6,000","48,000","-42,000","6,000","48,000","-42,000"
"=""075301""",皇昌中信4A購01  ,0,0,0,"112,000","154,000","-42,000","112,000","154,000","-42,000"
5258  ,虹堡            ,"6,167","41,203","-35,036","21,000","27,529","-6,529","27,167","68,732","-41,565"
"=""03619B""",臺股指凱基3A熊01,0,0,0,0,"41,000","-41,000",0,"41,000","-41,000"
"=""049216""",宏達電群益43購01,0,0,0,"13,000","54,000","-41,000","13,000","54,000","-41,000"
"=""053278""",上証反中信44購01,0,0,0,0,"41,000","-41,000",0,"41,000","-41,000"
"=""055430""",國企2X群益46購02,0,0,0,"19,000","60,000","-41,000","19,000","60,000","-41,000"
"=""05572T""",華城凱基37售08  ,0,0,0,0,"41,000","-41,000",0,"41,000","-41,000"
"=""056042""",瀚宇博凱基44購01,0,0,0,"45,000","86,000","-41,000","45,000","86,000","-41,000"
"=""056455""",大立光國泰47購01,0,0,0,0,"41,000","-41,000",0,"41,000","-41,000"
"=""058655""",貿聯凱基45購05  ,0,0,0,"2,000","43,000","-41,000","2,000","43,000","-41,000"
"=""059861""",台泥元富45購01  ,0,0,0,"29,000","70,000","-41,000","29,000","70,000","-41,000"
"=""059976""",正崴元大45購07  ,0,0,0,"149,000","190,000","-41,000","149,000","190,000","-41,000"
"=""063096""",南亞中信46購02  ,0,0,0,0,"41,000","-41,000",0,"41,000","-41,000"
"=""063848""",華航群益46購03  ,0,0,0,"6,000","47,000","-41,000","6,000","47,000","-41,000"
"=""064365""",台積電永豐48購05,0,0,0,"21,000","62,000","-41,000","21,000","62,000","-41,000"
"=""066953""",亞德客元大47購02,0,0,0,"169,000","210,000","-41,000","169,000","210,000","-41,000"
"=""067263""",大眾控國票47購01,0,0,0,"86,000","127,000","-41,000","86,000","127,000","-41,000"
"=""072101""",奇鋐永豐48購05  ,0,0,0,0,"41,000","-41,000",0,"41,000","-41,000"
"=""073117""",德律國票4A購01  ,0,0,0,"14,000","55,000","-41,000","14,000","55,000","-41,000"
"=""073536""",矽格凱基49購02  ,0,0,0,0,"41,000","-41,000",0,"41,000","-41,000"
"=""074691""",台灣50元富49購19,0,0,0,"10,000","51,000","-41,000","10,000","51,000","-41,000"
"=""074776""",嘉澤永豐49購01  ,0,0,0,0,"41,000","-41,000",0,"41,000","-41,000"
"=""075848""",材料元大4C購04  ,0,0,0,"90,000","131,000","-41,000","90,000","131,000","-41,000"
"=""077337""",欣興群益4A購04  ,0,0,0,0,"41,000","-41,000",0,"41,000","-41,000"
2892  ,第一金          ,"9,000","10,337","-1,337","1,000","40,000","-39,000","10,000","50,337","-40,337"
"=""03116T""",智邦元大34售04  ,0,0,0,"60,000","100,000","-40,000","60,000","100,000","-40,000"
"=""03284T""",萬海凱基34售01  ,0,0,0,0,"40,000","-40,000",0,"40,000","-40,000"
"=""03815T""",聯發科元富34售13,0,0,0,0,"40,000","-40,000",0,"40,000","-40,000"
"=""03819T""",華通凱基34售04  ,0,0,0,0,"40,000","-40,000",0,"40,000","-40,000"
"=""039570""",十銓元富57購01  ,0,0,0,0,"40,000","-40,000",0,"40,000","-40,000"
"=""04057T""",臺股指凱基3A售11,0,0,0,"160,000","200,000","-40,000","160,000","200,000","-40,000"
"=""04683T""",創意國泰37售02  ,0,0,0,"10,000","50,000","-40,000","10,000","50,000","-40,000"
"=""049848""",晶技統一37購01  ,0,0,0,0,"40,000","-40,000",0,"40,000","-40,000"
"=""050319""",智原中信43購02  ,0,0,0,0,"40,000","-40,000",0,"40,000","-40,000"
"=""05162T""",臺股指群益36售46,0,0,0,"10,000","50,000","-40,000","10,000","50,000","-40,000"
"=""051713""",T50反1元大49購01,0,0,0,0,"40,000","-40,000",0,"40,000","-40,000"
"=""051905""",台積電國泰45購18,0,0,0,0,"40,000","-40,000",0,"40,000","-40,000"
"=""052009""",虹堡元富46購02  ,0,0,0,"5,000","45,000","-40,000","5,000","45,000","-40,000"
"=""052032""",祥碩國票44購01  ,0,0,0,0,"40,000","-40,000",0,"40,000","-40,000"
"=""052110""",敦泰群益43購01  ,0,0,0,0,"40,000","-40,000",0,"40,000","-40,000"
"=""053120""",亞德客凱基45購01,0,0,0,0,"40,000","-40,000",0,"40,000","-40,000"
"=""053433""",十銓元富51購01  ,0,0,0,0,"40,000","-40,000",0,"40,000","-40,000"
"=""05387T""",矽力元富36售04  ,0,0,0,0,"40,000","-40,000",0,"40,000","-40,000"
"=""05405T""",陽明群益36售12  ,0,0,0,0,"40,000","-40,000",0,"40,000","-40,000"
"=""05474T""",智邦中信39售01  ,0,0,0,0,"40,000","-40,000",0,"40,000","-40,000"
"=""05617T""",華城元富37售04  ,0,0,0,0,"40,000","-40,000",0,"40,000","-40,000"
"=""056327""",欣興元富46購01  ,0,0,0,0,"40,000","-40,000",0,"40,000","-40,000"
"=""056534""",鴻準永豐45購02  ,0,0,0,0,"40,000","-40,000",0,"40,000","-40,000"
"=""056586""",世芯元大49購03  ,0,0,0,0,"40,000","-40,000",0,"40,000","-40,000"
"=""056792""",蔚華科國票46購03,0,0,0,0,"40,000","-40,000",0,"40,000","-40,000"
"=""057109""",華通群益45購01  ,0,0,0,0,"40,000","-40,000",0,"40,000","-40,000"
"=""057522""",台灣50元大46購04,0,0,0,"20,000","60,000","-40,000","20,000","60,000","-40,000"
"=""057835""",台灣50凱基4A購04,0,0,0,0,"40,000","-40,000",0,"40,000","-40,000"
"=""057852""",志聖凱基45購01  ,0,0,0,0,"40,000","-40,000",0,"40,000","-40,000"
"=""058576""",台積電群益4B購07,0,0,0,0,"40,000","-40,000",0,"40,000","-40,000"
"=""058971""",元日2X國票55購01,0,0,0,"90,000","130,000","-40,000","90,000","130,000","-40,000"
"=""059082""",正崴元富45購04  ,0,0,0,0,"40,000","-40,000",0,"40,000","-40,000"
"=""059400""",台光電統一4B購02,0,0,0,"6,000","46,000","-40,000","6,000","46,000","-40,000"
"=""059892""",英業達群益45購09,0,0,0,0,"40,000","-40,000",0,"40,000","-40,000"
"=""059910""",亞光群益45購03  ,0,0,0,0,"40,000","-40,000",0,"40,000","-40,000"
"=""060302""",鴻海群益48購04  ,0,0,0,"18,000","58,000","-40,000","18,000","58,000","-40,000"
"=""060699""",上緯控永豐46購02,0,0,0,0,"40,000","-40,000",0,"40,000","-40,000"
"=""060994""",華航群益46購01  ,0,0,0,0,"40,000","-40,000",0,"40,000","-40,000"
"=""061449""",堤維西元大46購02,0,0,0,"74,000","114,000","-40,000","74,000","114,000","-40,000"
"=""061589""",旺宏國票46購02  ,0,0,0,0,"40,000","-40,000",0,"40,000","-40,000"
"=""062084""",聯發科元大46購04,0,0,0,0,"40,000","-40,000",0,"40,000","-40,000"
"=""062939""",電子類國票46購01,0,0,0,0,"40,000","-40,000",0,"40,000","-40,000"
"=""063284""",世芯統一5C購01  ,0,0,0,"10,000","50,000","-40,000","10,000","50,000","-40,000"
"=""063295""",世芯中信48購03  ,0,0,0,"101,000","141,000","-40,000","101,000","141,000","-40,000"
"=""063939""",鉅祥國票46購01  ,0,0,0,0,"40,000","-40,000",0,"40,000","-40,000"
"=""063984""",友訊元富46購01  ,0,0,0,0,"40,000","-40,000",0,"40,000","-40,000"
"=""064138""",緯穎群益48購11  ,0,0,0,"80,000","120,000","-40,000","80,000","120,000","-40,000"
"=""064488""",美時永豐3A購01  ,0,0,0,0,"40,000","-40,000",0,"40,000","-40,000"
"=""064783""",元日2X元大51購01,0,0,0,0,"40,000","-40,000",0,"40,000","-40,000"
"=""064943""",台達電永豐4A購01,0,0,0,0,"40,000","-40,000",0,"40,000","-40,000"
"=""066289""",精成科元大4A購01,0,0,0,"1,000","41,000","-40,000","1,000","41,000","-40,000"
"=""066609""",所羅門兆豐47購01,0,0,0,0,"40,000","-40,000",0,"40,000","-40,000"
"=""068157""",立隆電統一52購01,0,0,0,0,"40,000","-40,000",0,"40,000","-40,000"
"=""068401""",訊芯統一54購01  ,0,0,0,0,"40,000","-40,000",0,"40,000","-40,000"
"=""068435""",瑞祺國票48購01  ,0,0,0,0,"40,000","-40,000",0,"40,000","-40,000"
"=""068555""",聯發科元富43購02,0,0,0,0,"40,000","-40,000",0,"40,000","-40,000"
"=""068608""",矽統元大48購03  ,0,0,0,0,"40,000","-40,000",0,"40,000","-40,000"
"=""068835""",聯發科統一52購01,0,0,0,0,"40,000","-40,000",0,"40,000","-40,000"
"=""068982""",英業達兆豐48購01,0,0,0,0,"40,000","-40,000",0,"40,000","-40,000"
"=""068999""",國企2X國票48購01,0,0,0,"50,000","90,000","-40,000","50,000","90,000","-40,000"
"=""069547""",上銀群益48購06  ,0,0,0,"20,000","60,000","-40,000","20,000","60,000","-40,000"
"=""069585""",萬海統一52購02  ,0,0,0,"100,000","140,000","-40,000","100,000","140,000","-40,000"
"=""069627""",聯發科凱基48購09,0,0,0,0,"40,000","-40,000",0,"40,000","-40,000"
"=""069680""",立積元大48購04  ,0,0,0,0,"40,000","-40,000",0,"40,000","-40,000"
"=""069888""",亞翔凱基48購03  ,0,0,0,0,"40,000","-40,000",0,"40,000","-40,000"
"=""070286""",大成鋼國票49購03,0,0,0,0,"40,000","-40,000",0,"40,000","-40,000"
"=""070375""",京鼎凱基48購01  ,0,0,0,"10,000","50,000","-40,000","10,000","50,000","-40,000"
"=""071107""",臺指反元大4A購02,0,0,0,0,"40,000","-40,000",0,"40,000","-40,000"
"=""071270""",大銀凱基4A購01  ,0,0,0,"10,000","50,000","-40,000","10,000","50,000","-40,000"
"=""071476""",台塑化統一52購02,0,0,0,0,"40,000","-40,000",0,"40,000","-40,000"
"=""071873""",滬深2X永豐4A購03,0,0,0,"19,000","59,000","-40,000","19,000","59,000","-40,000"
"=""073066""",信邦凱基49購01  ,0,0,0,0,"40,000","-40,000",0,"40,000","-40,000"
"=""073144""",大成鋼元大4B購04,0,0,0,"40,000","80,000","-40,000","40,000","80,000","-40,000"
"=""073476""",健鼎國票4A購01  ,0,0,0,"64,000","104,000","-40,000","64,000","104,000","-40,000"
"=""074023""",偉訓元富4A購01  ,0,0,0,0,"40,000","-40,000",0,"40,000","-40,000"
"=""074465""",欣興國票4A購02  ,0,0,0,0,"40,000","-40,000",0,"40,000","-40,000"
"=""074612""",中鋼富邦4C購01  ,0,0,0,"415,000","455,000","-40,000","415,000","455,000","-40,000"
"=""074972""",台積電元大49購20,0,0,0,0,"40,000","-40,000",0,"40,000","-40,000"
"=""075339""",鴻海凱基4A購07  ,0,0,0,0,"40,000","-40,000",0,"40,000","-40,000"
"=""075994""",台積電元大51購20,0,0,0,"10,000","50,000","-40,000","10,000","50,000","-40,000"
"=""076140""",大銀國票4A購04  ,0,0,0,0,"40,000","-40,000",0,"40,000","-40,000"
"=""076347""",台灣50元大4B購05,0,0,0,"30,000","70,000","-40,000","30,000","70,000","-40,000"
"=""076441""",南亞科兆豐53購01,0,0,0,0,"40,000","-40,000",0,"40,000","-40,000"
"=""076703""",亞力元大49購03  ,0,0,0,"12,000","52,000","-40,000","12,000","52,000","-40,000"
"=""076930""",晶碩凱基4A購01  ,0,0,0,0,"40,000","-40,000",0,"40,000","-40,000"
"=""077079""",志強凱基49購03  ,0,0,0,0,"40,000","-40,000",0,"40,000","-40,000"
"=""077104""",大亞元大49購08  ,0,0,0,0,"40,000","-40,000",0,"40,000","-40,000"
"=""08185U""",緯穎元富34售01  ,0,0,0,0,"40,000","-40,000",0,"40,000","-40,000"
"=""08269U""",臺股指元大34售33,0,0,0,0,"40,000","-40,000",0,"40,000","-40,000"
"=""08718U""",台光電元富32售04,0,0,0,"30,000","70,000","-40,000","30,000","70,000","-40,000"
"=""03180T""",SGBR2X國票34售01,0,0,0,0,"39,000","-39,000",0,"39,000","-39,000"
"=""04225T""",英業達永豐36售02,0,0,0,"5,000","44,000","-39,000","5,000","44,000","-39,000"
"=""051980""",技嘉凱基3A購01  ,0,0,0,"11,000","50,000","-39,000","11,000","50,000","-39,000"
"=""057639""",健策凱基45購02  ,0,0,0,"2,000","41,000","-39,000","2,000","41,000","-39,000"
"=""059211""",鴻海富邦45購05  ,0,0,0,"180,000","219,000","-39,000","180,000","219,000","-39,000"
"=""06006T""",國企2X國票38售03,0,0,0,0,"39,000","-39,000",0,"39,000","-39,000"
"=""060473""",技嘉中信46購01  ,0,0,0,"9,000","48,000","-39,000","9,000","48,000","-39,000"
"=""061126""",川湖元富47購02  ,0,0,0,"49,000","88,000","-39,000","49,000","88,000","-39,000"
"=""062508""",神達元富46購03  ,0,0,0,0,"39,000","-39,000",0,"39,000","-39,000"
"=""063263""",聯電台新46購01  ,0,0,0,0,"39,000","-39,000",0,"39,000","-39,000"
"=""063976""",致新富邦48購01  ,0,0,0,"21,000","60,000","-39,000","21,000","60,000","-39,000"
"=""064822""",同欣電元大47購01,0,0,0,"29,000","68,000","-39,000","29,000","68,000","-39,000"
"=""065519""",漢唐統一51購02  ,0,0,0,"15,000","54,000","-39,000","15,000","54,000","-39,000"
"=""065872""",緯穎永豐47購08  ,0,0,0,"43,000","82,000","-39,000","43,000","82,000","-39,000"
"=""066407""",智原國票48購02  ,0,0,0,"83,000","122,000","-39,000","83,000","122,000","-39,000"
"=""067547""",群創群益49購02  ,0,0,0,"42,000","81,000","-39,000","42,000","81,000","-39,000"
"=""068210""",元債2X群益52購01,0,0,0,"121,000","160,000","-39,000","121,000","160,000","-39,000"
"=""068864""",微星永豐4A購01  ,0,0,0,0,"39,000","-39,000",0,"39,000","-39,000"
"=""068901""",台積電元大48購32,0,0,0,"2,000","41,000","-39,000","2,000","41,000","-39,000"
"=""070093""",世芯凱基49購05  ,0,0,0,"61,000","100,000","-39,000","61,000","100,000","-39,000"
"=""070230""",美時群益48購01  ,0,0,0,"8,000","47,000","-39,000","8,000","47,000","-39,000"
"=""071026""",日電貿統一52購03,0,0,0,0,"39,000","-39,000",0,"39,000","-39,000"
"=""071273""",保瑞凱基48購02  ,0,0,0,"22,000","61,000","-39,000","22,000","61,000","-39,000"
"=""071342""",勤誠統一52購04  ,0,0,0,0,"39,000","-39,000",0,"39,000","-39,000"
"=""073899""",友達群益4C購01  ,0,0,0,"11,000","50,000","-39,000","11,000","50,000","-39,000"
"=""074262""",T50正2群益49購02,0,0,0,0,"39,000","-39,000",0,"39,000","-39,000"
"=""076137""",宏致國票4B購01  ,0,0,0,"61,000","100,000","-39,000","61,000","100,000","-39,000"
"=""076156""",大立光台新49購01,0,0,0,"53,000","92,000","-39,000","53,000","92,000","-39,000"
"=""076622""",漢翔台新49購01  ,0,0,0,0,"39,000","-39,000",0,"39,000","-39,000"
"=""076956""",順德國泰4A購01  ,0,0,0,"21,000","60,000","-39,000","21,000","60,000","-39,000"
"=""076977""",創意國票4A購05  ,0,0,0,"25,000","64,000","-39,000","25,000","64,000","-39,000"
"=""076998""",大成鋼元富49購10,0,0,0,"40,000","79,000","-39,000","40,000","79,000","-39,000"
3321  ,同泰            ,"1,000","40,000","-39,000",0,0,0,"1,000","40,000","-39,000"
2049  ,上銀            ,"13,000","19,000","-6,000","3,577","36,229","-32,652","16,577","55,229","-38,652"
"=""04034T""",瑞昱元大34售12  ,0,0,0,0,"38,000","-38,000",0,"38,000","-38,000"
"=""04633T""",臺股指元大38售06,0,0,0,"8,000","46,000","-38,000","8,000","46,000","-38,000"
"=""04691T""",欣興元大35售13  ,0,0,0,0,"38,000","-38,000",0,"38,000","-38,000"
"=""047680""",景碩富邦44購05  ,0,0,0,"40,000","78,000","-38,000","40,000","78,000","-38,000"
"=""052023""",怡利電國票47購01,0,0,0,"20,000","58,000","-38,000","20,000","58,000","-38,000"
"=""05622T""",愛普元富37售02  ,0,0,0,0,"38,000","-38,000",0,"38,000","-38,000"
"=""057936""",華擎元大45購01  ,0,0,0,"2,000","40,000","-38,000","2,000","40,000","-38,000"
"=""058034""",保瑞凱基47購01  ,0,0,0,0,"38,000","-38,000",0,"38,000","-38,000"
"=""059748""",英業達元大45購12,0,0,0,"7,000","45,000","-38,000","7,000","45,000","-38,000"
"=""060512""",東陽凱基46購02  ,0,0,0,"14,000","52,000","-38,000","14,000","52,000","-38,000"
"=""061218""",長榮元大46購11  ,0,0,0,0,"38,000","-38,000",0,"38,000","-38,000"
"=""063617""",瑞昱群益46購03  ,0,0,0,"14,000","52,000","-38,000","14,000","52,000","-38,000"
"=""064127""",新日興群益46購04,0,0,0,"30,000","68,000","-38,000","30,000","68,000","-38,000"
"=""064247""",晟銘電群益46購04,0,0,0,"5,000","43,000","-38,000","5,000","43,000","-38,000"
"=""064526""",泰金寶群益46購02,0,0,0,0,"38,000","-38,000",0,"38,000","-38,000"
"=""064668""",上銀元大4A購03  ,0,0,0,"32,000","70,000","-38,000","32,000","70,000","-38,000"
"=""064815""",世芯元大47購06  ,0,0,0,"14,000","52,000","-38,000","14,000","52,000","-38,000"
"=""065756""",大亞兆豐3B購01  ,0,0,0,"192,000","230,000","-38,000","192,000","230,000","-38,000"
"=""066147""",華晶科統一51購05,0,0,0,"5,000","43,000","-38,000","5,000","43,000","-38,000"
"=""067062""",所羅門群益47購03,0,0,0,"52,000","90,000","-38,000","52,000","90,000","-38,000"
"=""069883""",TPK凱基49購01   ,0,0,0,"82,000","120,000","-38,000","82,000","120,000","-38,000"
"=""070242""",群創群益4A購01  ,0,0,0,"91,000","129,000","-38,000","91,000","129,000","-38,000"
"=""070352""",保瑞元大48購03  ,0,0,0,0,"38,000","-38,000",0,"38,000","-38,000"
"=""070788""",牧德元富48購01  ,0,0,0,"48,000","86,000","-38,000","48,000","86,000","-38,000"
"=""071012""",強茂統一53購01  ,0,0,0,"35,000","73,000","-38,000","35,000","73,000","-38,000"
"=""071248""",台泥凱基48購02  ,0,0,0,0,"38,000","-38,000",0,"38,000","-38,000"
"=""071345""",中502X元大49購02,0,0,0,0,"38,000","-38,000",0,"38,000","-38,000"
"=""074432""",建準統一52購02  ,0,0,0,"42,000","80,000","-38,000","42,000","80,000","-38,000"
"=""075223""",中鴻元大49購11  ,0,0,0,0,"38,000","-38,000",0,"38,000","-38,000"
"=""076295""",漢翔凱基49購02  ,0,0,0,0,"38,000","-38,000",0,"38,000","-38,000"
"=""076487""",迅得群益4C購01  ,0,0,0,"85,000","123,000","-38,000","85,000","123,000","-38,000"
"=""03512T""",台灣50元大37售04,0,0,0,0,"37,000","-37,000",0,"37,000","-37,000"
"=""046494""",矽統元大45購02  ,0,0,0,0,"37,000","-37,000",0,"37,000","-37,000"
"=""04712T""",台灣50凱基35售15,0,0,0,"13,000","50,000","-37,000","13,000","50,000","-37,000"
"=""052051""",長華凱基44購02  ,0,0,0,0,"37,000","-37,000",0,"37,000","-37,000"
"=""057780""",材料群益45購04  ,0,0,0,0,"37,000","-37,000",0,"37,000","-37,000"
"=""057830""",萬海永豐46購02  ,0,0,0,0,"37,000","-37,000",0,"37,000","-37,000"
"=""057838""",國企2X凱基48購03,0,0,0,"30,000","67,000","-37,000","30,000","67,000","-37,000"
"=""059383""",台積電兆豐47購01,0,0,0,0,"37,000","-37,000",0,"37,000","-37,000"
"=""062178""",廣隆永豐47購01  ,0,0,0,0,"37,000","-37,000",0,"37,000","-37,000"
"=""062279""",遠東新群益46購01,0,0,0,0,"37,000","-37,000",0,"37,000","-37,000"
"=""063149""",元金2X元富46購01,0,0,0,0,"37,000","-37,000",0,"37,000","-37,000"
"=""064869""",鴻準群益47購03  ,0,0,0,"10,000","47,000","-37,000","10,000","47,000","-37,000"
"=""066415""",緯穎國票49購02  ,0,0,0,"62,000","99,000","-37,000","62,000","99,000","-37,000"
"=""068682""",保瑞永豐48購02  ,0,0,0,0,"37,000","-37,000",0,"37,000","-37,000"
"=""069035""",世芯永豐4C購04  ,0,0,0,"125,000","162,000","-37,000","125,000","162,000","-37,000"
"=""070630""",聯詠富邦48購01  ,0,0,0,"10,000","47,000","-37,000","10,000","47,000","-37,000"
"=""070831""",矽力國票49購01  ,0,0,0,"3,000","40,000","-37,000","3,000","40,000","-37,000"
"=""070861""",圓剛元大48購03  ,0,0,0,"10,000","47,000","-37,000","10,000","47,000","-37,000"
"=""071008""",旺宏統一51購01  ,0,0,0,0,"37,000","-37,000",0,"37,000","-37,000"
"=""071184""",台灣50群益48購05,0,0,0,"47,000","84,000","-37,000","47,000","84,000","-37,000"
"=""071937""",上銀群益49購04  ,0,0,0,0,"37,000","-37,000",0,"37,000","-37,000"
"=""074747""",旺宏統一55購02  ,0,0,0,"21,000","58,000","-37,000","21,000","58,000","-37,000"
"=""075121""",滬深2X永豐4C購03,0,0,0,"1,000","38,000","-37,000","1,000","38,000","-37,000"
"=""076248""",滬深2X群益4B購06,0,0,0,"50,000","87,000","-37,000","50,000","87,000","-37,000"
"=""077208""",偉詮電國票4B購01,0,0,0,0,"37,000","-37,000",0,"37,000","-37,000"
1808  ,潤隆            ,0,"36,715","-36,715",0,0,0,0,"36,715","-36,715"
6235  ,華孚            ,"25,000","50,463","-25,463","19,790","30,620","-10,830","44,790","81,083","-36,293"
"=""03777T""",創意國泰36售02  ,0,0,0,"70,000","106,000","-36,000","70,000","106,000","-36,000"
"=""03810T""",緯穎國票35售02  ,0,0,0,0,"36,000","-36,000",0,"36,000","-36,000"
"=""04750T""",台積電中信39售01,0,0,0,0,"36,000","-36,000",0,"36,000","-36,000"
"=""049995""",群創群益44購01  ,0,0,0,0,"36,000","-36,000",0,"36,000","-36,000"
"=""052224""",台積電凱基43購58,0,0,0,"325,000","361,000","-36,000","325,000","361,000","-36,000"
"=""053659""",京元電永豐46購01,0,0,0,"55,000","91,000","-36,000","55,000","91,000","-36,000"
"=""055983""",致茂國泰46購01  ,0,0,0,"24,000","60,000","-36,000","24,000","60,000","-36,000"
"=""056665""",世芯國票46購06  ,0,0,0,"73,000","109,000","-36,000","73,000","109,000","-36,000"
"=""057883""",元債2X國票46購03,0,0,0,0,"36,000","-36,000",0,"36,000","-36,000"
"=""058784""",長榮航元大45購06,0,0,0,0,"36,000","-36,000",0,"36,000","-36,000"
"=""061741""",智原國泰48購01  ,0,0,0,"134,000","170,000","-36,000","134,000","170,000","-36,000"
"=""063947""",洋基國票47購03  ,0,0,0,"20,000","56,000","-36,000","20,000","56,000","-36,000"
"=""064572""",碩天國票47購03  ,0,0,0,"59,000","95,000","-36,000","59,000","95,000","-36,000"
"=""065557""",台積電元富48購02,0,0,0,"5,000","41,000","-36,000","5,000","41,000","-36,000"
"=""066378""",南電國泰48購01  ,0,0,0,0,"36,000","-36,000",0,"36,000","-36,000"
"=""067429""",神達永豐51購01  ,0,0,0,"12,000","48,000","-36,000","12,000","48,000","-36,000"
"=""067884""",訊芯群益4B購01  ,0,0,0,0,"36,000","-36,000",0,"36,000","-36,000"
"=""067896""",滬深2X元大57購01,0,0,0,0,"36,000","-36,000",0,"36,000","-36,000"
"=""070579""",上銀元大51購03  ,0,0,0,"21,000","57,000","-36,000","21,000","57,000","-36,000"
"=""072663""",威強電元富51購02,0,0,0,"15,000","51,000","-36,000","15,000","51,000","-36,000"
"=""073869""",亞翔元大49購08  ,0,0,0,0,"36,000","-36,000",0,"36,000","-36,000"
"=""073872""",晶心科元大49購03,0,0,0,0,"36,000","-36,000",0,"36,000","-36,000"
"=""075990""",華通元大49購01  ,0,0,0,"10,000","46,000","-36,000","10,000","46,000","-36,000"
"=""076333""",臺股指元富51購04,0,0,0,"44,000","80,000","-36,000","44,000","80,000","-36,000"
"=""076730""",群創元大49購10  ,0,0,0,"6,000","42,000","-36,000","6,000","42,000","-36,000"
6869  ,雲豹能源        ,"5,000","41,000","-36,000",0,0,0,"5,000","41,000","-36,000"
3653  ,健策            ,"10,295","22,871","-12,576","31,000","54,230","-23,230","41,295","77,101","-35,806"
2377  ,微星            ,"157,000","157,371",-371,"17,500","52,496","-34,996","174,500","209,867","-35,367"
"=""03072T""",臺股指永豐35售02,0,0,0,0,"35,000","-35,000",0,"35,000","-35,000"
"=""042600""",致茂凱基56購01  ,0,0,0,0,"35,000","-35,000",0,"35,000","-35,000"
"=""048647""",台光電元大43購07,0,0,0,"30,000","65,000","-35,000","30,000","65,000","-35,000"
"=""050328""",立隆電永豐44購01,0,0,0,0,"35,000","-35,000",0,"35,000","-35,000"
"=""05074T""",晶心科元富36售02,0,0,0,0,"35,000","-35,000",0,"35,000","-35,000"
"=""052411""",昆盈元大47購01  ,0,0,0,"2,000","37,000","-35,000","2,000","37,000","-35,000"
"=""054205""",緯穎元富4A購01  ,0,0,0,"28,000","63,000","-35,000","28,000","63,000","-35,000"
"=""058541""",漢唐元大45購01  ,0,0,0,"45,000","80,000","-35,000","45,000","80,000","-35,000"
"=""058667""",保瑞台新45購01  ,0,0,0,"21,000","56,000","-35,000","21,000","56,000","-35,000"
"=""058767""",台積電元大45購20,0,0,0,0,"35,000","-35,000",0,"35,000","-35,000"
"=""059238""",友訊兆豐47購02  ,0,0,0,0,"35,000","-35,000",0,"35,000","-35,000"
"=""059381""",聚陽第一45購01  ,0,0,0,"640,000","675,000","-35,000","640,000","675,000","-35,000"
"=""060857""",技嘉群益3A購02  ,0,0,0,"87,000","122,000","-35,000","87,000","122,000","-35,000"
"=""061225""",萬海元大46購05  ,0,0,0,"1,000","36,000","-35,000","1,000","36,000","-35,000"
"=""061587""",鴻海國票48購02  ,0,0,0,"24,000","59,000","-35,000","24,000","59,000","-35,000"
"=""061640""",大立光元大46購02,0,0,0,0,"35,000","-35,000",0,"35,000","-35,000"
"=""061899""",大立光元大46購03,0,0,0,"25,000","60,000","-35,000","25,000","60,000","-35,000"
"=""062021""",富華新國票47購01,0,0,0,"68,000","103,000","-35,000","68,000","103,000","-35,000"
"=""062353""",乙盛元大4B購02  ,0,0,0,"13,000","48,000","-35,000","13,000","48,000","-35,000"
"=""062734""",力積電元富4C購01,0,0,0,"10,000","45,000","-35,000","10,000","45,000","-35,000"
"=""062775""",創意群益46購07  ,0,0,0,"3,000","38,000","-35,000","3,000","38,000","-35,000"
"=""064288""",大立光元大46購20,0,0,0,0,"35,000","-35,000",0,"35,000","-35,000"
"=""064362""",新光鋼永豐49購01,0,0,0,0,"35,000","-35,000",0,"35,000","-35,000"
"=""065259""",奇鋐元富4A購06  ,0,0,0,0,"35,000","-35,000",0,"35,000","-35,000"
"=""065329""",神達統一4C購06  ,0,0,0,"119,000","154,000","-35,000","119,000","154,000","-35,000"
"=""065546""",大立光國泰51購01,0,0,0,"150,000","185,000","-35,000","150,000","185,000","-35,000"
"=""065822""",台化統一51購01  ,0,0,0,"43,000","78,000","-35,000","43,000","78,000","-35,000"
"=""066543""",致茂凱基48購01  ,0,0,0,0,"35,000","-35,000",0,"35,000","-35,000"
"=""067153""",億光元大47購03  ,0,0,0,"3,000","38,000","-35,000","3,000","38,000","-35,000"
"=""067375""",世紀鋼國泰48購01,0,0,0,"30,000","65,000","-35,000","30,000","65,000","-35,000"
"=""067727""",世芯元大47購27  ,0,0,0,0,"35,000","-35,000",0,"35,000","-35,000"
"=""068760""",精銳凱基48購01  ,0,0,0,0,"35,000","-35,000",0,"35,000","-35,000"
"=""069009""",臻鼎國票48購01  ,0,0,0,0,"35,000","-35,000",0,"35,000","-35,000"
"=""069549""",台積電群益48購20,0,0,0,0,"35,000","-35,000",0,"35,000","-35,000"
"=""069755""",奇鋐國票49購05  ,0,0,0,"20,000","55,000","-35,000","20,000","55,000","-35,000"
"=""070392""",精銳富邦49購01  ,0,0,0,0,"35,000","-35,000",0,"35,000","-35,000"
"=""070765""",迅得群益4A購01  ,0,0,0,"5,000","40,000","-35,000","5,000","40,000","-35,000"
"=""070809""",華城國票49購02  ,0,0,0,"5,000","40,000","-35,000","5,000","40,000","-35,000"
"=""072120""",亞力統一56購01  ,0,0,0,0,"35,000","-35,000",0,"35,000","-35,000"
"=""072219""",富世達凱基48購04,0,0,0,"131,000","166,000","-35,000","131,000","166,000","-35,000"
"=""072560""",長榮凱基51購02  ,0,0,0,"30,000","65,000","-35,000","30,000","65,000","-35,000"
"=""073338""",A50正2群益49購01,0,0,0,"55,000","90,000","-35,000","55,000","90,000","-35,000"
"=""074171""",臺股指元大54購01,0,0,0,"61,000","96,000","-35,000","61,000","96,000","-35,000"
"=""074382""",中砂國票4A購02  ,0,0,0,"10,000","45,000","-35,000","10,000","45,000","-35,000"
"=""074772""",萬海永豐4B購01  ,0,0,0,"65,000","100,000","-35,000","65,000","100,000","-35,000"
"=""074833""",嘉澤兆豐49購01  ,0,0,0,0,"35,000","-35,000",0,"35,000","-35,000"
"=""075109""",華碩統一53購02  ,0,0,0,"61,000","96,000","-35,000","61,000","96,000","-35,000"
"=""075537""",華邦電凱基49購08,0,0,0,"2,000","37,000","-35,000","2,000","37,000","-35,000"
"=""076502""",臺股指富邦4C購08,0,0,0,0,"35,000","-35,000",0,"35,000","-35,000"
"=""076566""",達麗國票4A購01  ,0,0,0,"33,000","68,000","-35,000","33,000","68,000","-35,000"
"=""076704""",亞力元大49購04  ,0,0,0,0,"35,000","-35,000",0,"35,000","-35,000"
"=""076772""",旺宏群益49購06  ,0,0,0,0,"35,000","-35,000",0,"35,000","-35,000"
"=""04044T""",台積電群益35售10,0,0,0,"1,000","35,000","-34,000","1,000","35,000","-34,000"
"=""05054T""",華泰元大36售12  ,0,0,0,"19,000","53,000","-34,000","19,000","53,000","-34,000"
"=""051653""",威盛群益43購08  ,0,0,0,"10,000","44,000","-34,000","10,000","44,000","-34,000"
"=""051815""",世紀鋼凱基43購12,0,0,0,"140,000","174,000","-34,000","140,000","174,000","-34,000"
"=""05221T""",美費半國票36售01,0,0,0,"15,000","49,000","-34,000","15,000","49,000","-34,000"
"=""055155""",創意中信45購01  ,0,0,0,"36,000","70,000","-34,000","36,000","70,000","-34,000"
"=""059196""",乙盛元大45購01  ,0,0,0,0,"34,000","-34,000",0,"34,000","-34,000"
"=""059823""",中華凱基45購02  ,0,0,0,"63,000","97,000","-34,000","63,000","97,000","-34,000"
"=""060128""",瑞昱群益46購01  ,0,0,0,"25,000","59,000","-34,000","25,000","59,000","-34,000"
"=""060318""",定穎控群益46購04,0,0,0,0,"34,000","-34,000",0,"34,000","-34,000"
"=""061077""",材料中信47購01  ,0,0,0,0,"34,000","-34,000",0,"34,000","-34,000"
"=""062149""",亞光富邦47購01  ,0,0,0,0,"34,000","-34,000",0,"34,000","-34,000"
"=""062394""",材料凱基47購05  ,0,0,0,0,"34,000","-34,000",0,"34,000","-34,000"
"=""063021""",日月光群益46購04,0,0,0,"74,000","108,000","-34,000","74,000","108,000","-34,000"
"=""063855""",鈞興群益47購02  ,0,0,0,"1,000","35,000","-34,000","1,000","35,000","-34,000"
"=""064735""",創意元富4B購01  ,0,0,0,"33,000","67,000","-34,000","33,000","67,000","-34,000"
"=""066733""",矽力群益47購03  ,0,0,0,"46,000","80,000","-34,000","46,000","80,000","-34,000"
"=""069040""",亞翔第一48購01  ,0,0,0,0,"34,000","-34,000",0,"34,000","-34,000"
"=""071011""",南亞科統一52購04,0,0,0,"44,000","78,000","-34,000","44,000","78,000","-34,000"
"=""071785""",大銀元大48購08  ,0,0,0,0,"34,000","-34,000",0,"34,000","-34,000"
"=""073633""",華城統一47購01  ,0,0,0,"15,000","49,000","-34,000","15,000","49,000","-34,000"
"=""074231""",萬海凱基49購04  ,0,0,0,0,"34,000","-34,000",0,"34,000","-34,000"
"=""074233""",辛耘凱基49購01  ,0,0,0,0,"34,000","-34,000",0,"34,000","-34,000"
"=""074447""",聯電永豐4A購01  ,0,0,0,0,"34,000","-34,000",0,"34,000","-34,000"
"=""075270""",喬山國票4A購01  ,0,0,0,0,"34,000","-34,000",0,"34,000","-34,000"
"=""075429""",台積電元大49購24,0,0,0,"10,000","44,000","-34,000","10,000","44,000","-34,000"
"=""075510""",大立光統一53購01,0,0,0,"38,000","72,000","-34,000","38,000","72,000","-34,000"
"=""075604""",緯穎元大51購03  ,0,0,0,"127,000","161,000","-34,000","127,000","161,000","-34,000"
"=""076282""",台灣50凱基49購11,0,0,0,"12,000","46,000","-34,000","12,000","46,000","-34,000"
"=""076373""",一詮元大49購10  ,0,0,0,"160,000","194,000","-34,000","160,000","194,000","-34,000"
"=""076951""",豐藝永豐4A購01  ,0,0,0,"165,000","199,000","-34,000","165,000","199,000","-34,000"
2228  ,劍麟            ,0,"33,000","-33,000",0,245,-245,0,"33,245","-33,245"
"=""04000T""",FBNQ2X群益36售01,0,0,0,0,"33,000","-33,000",0,"33,000","-33,000"
"=""04379T""",智邦群益35售02  ,0,0,0,0,"33,000","-33,000",0,"33,000","-33,000"
"=""051511""",巨騰國票48購01  ,0,0,0,"5,000","38,000","-33,000","5,000","38,000","-33,000"
"=""05186T""",華城國票37售03  ,0,0,0,0,"33,000","-33,000",0,"33,000","-33,000"
"=""052044""",萬海凱基43購11  ,0,0,0,"7,000","40,000","-33,000","7,000","40,000","-33,000"
"=""055646""",川湖群益46購02  ,0,0,0,0,"33,000","-33,000",0,"33,000","-33,000"
"=""056505""",東陽凱基45購01  ,0,0,0,0,"33,000","-33,000",0,"33,000","-33,000"
"=""057231""",新唐統一4A購01  ,0,0,0,0,"33,000","-33,000",0,"33,000","-33,000"
"=""057245""",建準元富46購02  ,0,0,0,"1,000","34,000","-33,000","1,000","34,000","-33,000"
"=""058297""",聯發科凱基49購01,0,0,0,"48,000","81,000","-33,000","48,000","81,000","-33,000"
"=""05885T""",奇鋐凱基37售14  ,0,0,0,0,"33,000","-33,000",0,"33,000","-33,000"
"=""059515""",台灣50凱基49購02,0,0,0,0,"33,000","-33,000",0,"33,000","-33,000"
"=""060215""",鴻海凱基47購09  ,0,0,0,"1,000","34,000","-33,000","1,000","34,000","-33,000"
"=""061083""",威盛永豐48購01  ,0,0,0,0,"33,000","-33,000",0,"33,000","-33,000"
"=""061865""",緯穎群益48購06  ,0,0,0,"71,000","104,000","-33,000","71,000","104,000","-33,000"
"=""063564""",國巨永豐49購01  ,0,0,0,"52,000","85,000","-33,000","52,000","85,000","-33,000"
"=""064631""",臺股指凱基4C購04,0,0,0,"147,000","180,000","-33,000","147,000","180,000","-33,000"
"=""065035""",台積電元大47購08,0,0,0,"1,466,000","1,499,000","-33,000","1,466,000","1,499,000","-33,000"
"=""065544""",所羅門國泰48購02,0,0,0,"8,000","41,000","-33,000","8,000","41,000","-33,000"
"=""067157""",聯發科元大47購16,0,0,0,"90,000","123,000","-33,000","90,000","123,000","-33,000"
"=""067459""",鴻海凱基47購21  ,0,0,0,"17,000","50,000","-33,000","17,000","50,000","-33,000"
"=""067565""",台泥富邦49購01  ,0,0,0,0,"33,000","-33,000",0,"33,000","-33,000"
"=""068634""",力積電元大48購05,0,0,0,"46,000","79,000","-33,000","46,000","79,000","-33,000"
"=""068712""",精英富邦3A購01  ,0,0,0,"144,000","177,000","-33,000","144,000","177,000","-33,000"
"=""068796""",敦泰統一3C購01  ,0,0,0,0,"33,000","-33,000",0,"33,000","-33,000"
"=""069102""",貿聯元大49購01  ,0,0,0,"1,000","34,000","-33,000","1,000","34,000","-33,000"
"=""069414""",鼎基統一52購02  ,0,0,0,0,"33,000","-33,000",0,"33,000","-33,000"
"=""071190""",上銀群益4A購03  ,0,0,0,0,"33,000","-33,000",0,"33,000","-33,000"
"=""072193""",大亞凱基48購01  ,0,0,0,0,"33,000","-33,000",0,"33,000","-33,000"
"=""072303""",貿聯元富49購01  ,0,0,0,0,"33,000","-33,000",0,"33,000","-33,000"
"=""072657""",台積電元富49購18,0,0,0,0,"33,000","-33,000",0,"33,000","-33,000"
"=""072916""",華新群益49購04  ,0,0,0,"10,000","43,000","-33,000","10,000","43,000","-33,000"
"=""074419""",皇昌富邦4A購03  ,0,0,0,0,"33,000","-33,000",0,"33,000","-33,000"
"=""075086""",台積電國票55購01,0,0,0,"76,000","109,000","-33,000","76,000","109,000","-33,000"
"=""076431""",緯穎凱基49購08  ,0,0,0,"47,000","80,000","-33,000","47,000","80,000","-33,000"
"=""076571""",達發國票4C購01  ,0,0,0,0,"33,000","-33,000",0,"33,000","-33,000"
"=""076991""",台灣50元富53購02,0,0,0,0,"33,000","-33,000",0,"33,000","-33,000"
"=""03514T""",台灣50元大37售06,0,0,0,0,"32,000","-32,000",0,"32,000","-32,000"
"=""04463T""",滬深2X永豐35售01,0,0,0,0,"32,000","-32,000",0,"32,000","-32,000"
"=""053155""",來億群益45購01  ,0,0,0,"187,000","219,000","-32,000","187,000","219,000","-32,000"
"=""05503T""",嘉澤元大37售03  ,0,0,0,0,"32,000","-32,000",0,"32,000","-32,000"
"=""055512""",臺股指元大45購26,0,0,0,0,"32,000","-32,000",0,"32,000","-32,000"
"=""055557""",奇鋐永豐44購09  ,0,0,0,"3,000","35,000","-32,000","3,000","35,000","-32,000"
"=""056159""",元黃金凱基49購01,0,0,0,0,"32,000","-32,000",0,"32,000","-32,000"
"=""056425""",怡利電群益45購02,0,0,0,0,"32,000","-32,000",0,"32,000","-32,000"
"=""05711T""",群創統一3A售02  ,0,0,0,0,"32,000","-32,000",0,"32,000","-32,000"
"=""057438""",緯創中信45購03  ,0,0,0,0,"32,000","-32,000",0,"32,000","-32,000"
"=""058082""",鴻海元富45購10  ,0,0,0,0,"32,000","-32,000",0,"32,000","-32,000"
"=""05854T""",瑞昱凱基37售05  ,0,0,0,0,"32,000","-32,000",0,"32,000","-32,000"
"=""058557""",緯穎元大45購22  ,0,0,0,"92,000","124,000","-32,000","92,000","124,000","-32,000"
"=""059302""",元債2X群益4B購06,0,0,0,0,"32,000","-32,000",0,"32,000","-32,000"
"=""061085""",力智群益3A購01  ,0,0,0,"42,000","74,000","-32,000","42,000","74,000","-32,000"
"=""061409""",世芯群益48購06  ,0,0,0,"18,000","50,000","-32,000","18,000","50,000","-32,000"
"=""062946""",東陽元大46購09  ,0,0,0,0,"32,000","-32,000",0,"32,000","-32,000"
"=""063916""",上銀中信48購01  ,0,0,0,"88,000","120,000","-32,000","88,000","120,000","-32,000"
"=""063959""",威健永豐46購01  ,0,0,0,"6,000","38,000","-32,000","6,000","38,000","-32,000"
"=""065063""",啟�痐舅j49購01  ,0,0,0,"123,000","155,000","-32,000","123,000","155,000","-32,000"
"=""066707""",力積電凱基47購01,0,0,0,"6,000","38,000","-32,000","6,000","38,000","-32,000"
"=""068309""",京元電元大48購02,0,0,0,0,"32,000","-32,000",0,"32,000","-32,000"
"=""068377""",華新統一52購01  ,0,0,0,0,"32,000","-32,000",0,"32,000","-32,000"
"=""069457""",道瓊銀元大4B購01,0,0,0,"1,000","33,000","-32,000","1,000","33,000","-32,000"
"=""069860""",緯穎群益48購13  ,0,0,0,"48,000","80,000","-32,000","48,000","80,000","-32,000"
"=""070943""",華新國票48購01  ,0,0,0,"10,000","42,000","-32,000","10,000","42,000","-32,000"
"=""072353""",大聯大統一52購01,0,0,0,0,"32,000","-32,000",0,"32,000","-32,000"
"=""073671""",世芯元大49購08  ,0,0,0,0,"32,000","-32,000",0,"32,000","-32,000"
"=""074115""",晶心科群益49購03,0,0,0,"6,000","38,000","-32,000","6,000","38,000","-32,000"
"=""074241""",愛普凱基49購01  ,0,0,0,0,"32,000","-32,000",0,"32,000","-32,000"
"=""075065""",台積電元富4A購09,0,0,0,"72,000","104,000","-32,000","72,000","104,000","-32,000"
"=""075793""",台積電元富4A購13,0,0,0,0,"32,000","-32,000",0,"32,000","-32,000"
"=""075944""",台灣50群益49購08,0,0,0,0,"32,000","-32,000",0,"32,000","-32,000"
"=""076445""",東陽台新49購01  ,0,0,0,0,"32,000","-32,000",0,"32,000","-32,000"
"=""076649""",陽明凱基4A購03  ,0,0,0,"10,000","42,000","-32,000","10,000","42,000","-32,000"
"=""077114""",旺宏元大52購01  ,0,0,0,0,"32,000","-32,000",0,"32,000","-32,000"
"=""08653U""",技嘉元大33售05  ,0,0,0,"1,000","33,000","-32,000","1,000","33,000","-32,000"
2486  ,一詮            ,"12,132","92,531","-80,399","82,098","33,000","49,098","94,230","125,531","-31,301"
"=""03002T""",技嘉凱基33售13  ,0,0,0,0,"31,000","-31,000",0,"31,000","-31,000"
"=""03851T""",金融類群益34售02,0,0,0,"2,000","33,000","-31,000","2,000","33,000","-31,000"
"=""04092T""",臺股指凱基39售10,0,0,0,0,"31,000","-31,000",0,"31,000","-31,000"
"=""044373""",勤誠元大55購04  ,0,0,0,"87,000","118,000","-31,000","87,000","118,000","-31,000"
"=""04780T""",群臺2X凱基37售01,0,0,0,0,"31,000","-31,000",0,"31,000","-31,000"
"=""049483""",精銳國票44購02  ,0,0,0,"10,000","41,000","-31,000","10,000","41,000","-31,000"
"=""052091""",力積電兆豐45購03,0,0,0,"2,000","33,000","-31,000","2,000","33,000","-31,000"
"=""052197""",智原富邦45購01  ,0,0,0,"14,000","45,000","-31,000","14,000","45,000","-31,000"
"=""055091""",元債2X凱基3B購01,0,0,0,"5,000","36,000","-31,000","5,000","36,000","-31,000"
"=""055133""",欣興國泰46購04  ,0,0,0,"1,000","32,000","-31,000","1,000","32,000","-31,000"
"=""05567T""",臺股指群益3B售09,0,0,0,"40,000","71,000","-31,000","40,000","71,000","-31,000"
"=""05756T""",華城元大37售13  ,0,0,0,0,"31,000","-31,000",0,"31,000","-31,000"
"=""057809""",鴻準元富45購03  ,0,0,0,0,"31,000","-31,000",0,"31,000","-31,000"
"=""060747""",川湖元大46購03  ,0,0,0,"35,000","66,000","-31,000","35,000","66,000","-31,000"
"=""061936""",鴻海永豐46購12  ,0,0,0,"12,000","43,000","-31,000","12,000","43,000","-31,000"
"=""062162""",技嘉中信49購01  ,0,0,0,0,"31,000","-31,000",0,"31,000","-31,000"
"=""062483""",世紀鋼群益46購03,0,0,0,0,"31,000","-31,000",0,"31,000","-31,000"
"=""062693""",聯發科永豐4A購01,0,0,0,0,"31,000","-31,000",0,"31,000","-31,000"
"=""062877""",聯電元富47購06  ,0,0,0,0,"31,000","-31,000",0,"31,000","-31,000"
"=""064095""",華城群益46購04  ,0,0,0,0,"31,000","-31,000",0,"31,000","-31,000"
"=""066826""",大同凱基48購04  ,0,0,0,0,"31,000","-31,000",0,"31,000","-31,000"
"=""067025""",奇鋐統一51購01  ,0,0,0,0,"31,000","-31,000",0,"31,000","-31,000"
"=""067052""",永道永豐51購01  ,0,0,0,"10,000","41,000","-31,000","10,000","41,000","-31,000"
"=""068245""",聯發科國票49購02,0,0,0,0,"31,000","-31,000",0,"31,000","-31,000"
"=""068395""",群創統一51購01  ,0,0,0,"10,000","41,000","-31,000","10,000","41,000","-31,000"
"=""069918""",健策元大48購08  ,0,0,0,"3,000","34,000","-31,000","3,000","34,000","-31,000"
"=""070653""",南亞科凱基4C購01,0,0,0,"129,000","160,000","-31,000","129,000","160,000","-31,000"
"=""070936""",欣興元富48購02  ,0,0,0,"10,000","41,000","-31,000","10,000","41,000","-31,000"
"=""071000""",英業達統一43購02,0,0,0,"37,000","68,000","-31,000","37,000","68,000","-31,000"
"=""071086""",聯發科群益48購15,0,0,0,"270,000","301,000","-31,000","270,000","301,000","-31,000"
"=""071711""",南亞科元富49購01,0,0,0,0,"31,000","-31,000",0,"31,000","-31,000"
"=""072651""",SGBR2X元富49購01,0,0,0,0,"31,000","-31,000",0,"31,000","-31,000"
"=""073174""",勤誠元大49購02  ,0,0,0,"45,000","76,000","-31,000","45,000","76,000","-31,000"
"=""074386""",國巨國票4A購03  ,0,0,0,"20,000","51,000","-31,000","20,000","51,000","-31,000"
"=""074463""",美律國票4B購02  ,0,0,0,0,"31,000","-31,000",0,"31,000","-31,000"
"=""075557""",世紀鋼凱基49購03,0,0,0,"128,000","159,000","-31,000","128,000","159,000","-31,000"
"=""075898""",神達富邦49購03  ,0,0,0,0,"31,000","-31,000",0,"31,000","-31,000"
"=""076040""",台積電中信49購08,0,0,0,"119,000","150,000","-31,000","119,000","150,000","-31,000"
"=""076085""",華碩群益49購03  ,0,0,0,0,"31,000","-31,000",0,"31,000","-31,000"
"=""076093""",全新群益49購02  ,0,0,0,"71,000","102,000","-31,000","71,000","102,000","-31,000"
"=""076203""",華邦電元大49購24,0,0,0,0,"31,000","-31,000",0,"31,000","-31,000"
2419  ,仲琦            ,0,"41,000","-41,000","16,000","6,000","10,000","16,000","47,000","-31,000"
3024  ,憶聲            ,0,"31,000","-31,000",0,0,0,0,"31,000","-31,000"
6933  ,AMAX-KY         ,"9,000","40,000","-31,000",0,0,0,"9,000","40,000","-31,000"
3037  ,欣興            ,"169,000","120,000","49,000","64,279","144,187","-79,908","233,279","264,187","-30,908"
"=""03066T""",矽力元大33售04  ,0,0,0,0,"30,000","-30,000",0,"30,000","-30,000"
"=""03185T""",緯穎群益37售02  ,0,0,0,0,"30,000","-30,000",0,"30,000","-30,000"
"=""03266T""",群創凱基34售02  ,0,0,0,0,"30,000","-30,000",0,"30,000","-30,000"
"=""03452T""",華通永豐34售02  ,0,0,0,"50,000","80,000","-30,000","50,000","80,000","-30,000"
"=""03537T""",智邦凱基33售05  ,0,0,0,0,"30,000","-30,000",0,"30,000","-30,000"
"=""03554T""",南亞科群益33售05,0,0,0,0,"30,000","-30,000",0,"30,000","-30,000"
"=""03592T""",金像電凱基34售03,0,0,0,0,"30,000","-30,000",0,"30,000","-30,000"
"=""03788T""",台積電凱基34售16,0,0,0,0,"30,000","-30,000",0,"30,000","-30,000"
"=""04085T""",穎崴國票35售02  ,0,0,0,"10,000","40,000","-30,000","10,000","40,000","-30,000"
"=""04120T""",緯創群益34售05  ,0,0,0,0,"30,000","-30,000",0,"30,000","-30,000"
"=""04404T""",T50正2群益35售05,0,0,0,0,"30,000","-30,000",0,"30,000","-30,000"
"=""046086""",東鹼群益43購01  ,0,0,0,0,"30,000","-30,000",0,"30,000","-30,000"
"=""046284""",欣興凱基44購01  ,0,0,0,0,"30,000","-30,000",0,"30,000","-30,000"
"=""047377""",世芯凱基43購08  ,0,0,0,0,"30,000","-30,000",0,"30,000","-30,000"
"=""047734""",川湖中信44購01  ,0,0,0,0,"30,000","-30,000",0,"30,000","-30,000"
"=""04796T""",台灣50群益35售14,0,0,0,0,"30,000","-30,000",0,"30,000","-30,000"
"=""048011""",臺股指法興42購09,0,0,0,0,"30,000","-30,000",0,"30,000","-30,000"
"=""048106""",道瓊銀國票45購01,0,0,0,0,"30,000","-30,000",0,"30,000","-30,000"
"=""04822T""",臺股指群益36售33,0,0,0,"200,000","230,000","-30,000","200,000","230,000","-30,000"
"=""048359""",大立光凱基42購07,0,0,0,0,"30,000","-30,000",0,"30,000","-30,000"
"=""04984T""",士電國票38售02  ,0,0,0,0,"30,000","-30,000",0,"30,000","-30,000"
"=""05096T""",臺股指凱基37售06,0,0,0,0,"30,000","-30,000",0,"30,000","-30,000"
"=""051722""",台光電元大43購24,0,0,0,0,"30,000","-30,000",0,"30,000","-30,000"
"=""052036""",欣巴巴國票44購03,0,0,0,0,"30,000","-30,000",0,"30,000","-30,000"
"=""052069""",第一銅永豐43購01,0,0,0,0,"30,000","-30,000",0,"30,000","-30,000"
"=""052461""",長榮元富51購01  ,0,0,0,0,"30,000","-30,000",0,"30,000","-30,000"
"=""05270T""",T50正2元大39售04,0,0,0,0,"30,000","-30,000",0,"30,000","-30,000"
"=""052787""",士電群益46購02  ,0,0,0,0,"30,000","-30,000",0,"30,000","-30,000"
"=""052831""",皇昌元大44購04  ,0,0,0,0,"30,000","-30,000",0,"30,000","-30,000"
"=""054095""",聯發科富邦46購01,0,0,0,0,"30,000","-30,000",0,"30,000","-30,000"
"=""054755""",材料統一3A購01  ,0,0,0,0,"30,000","-30,000",0,"30,000","-30,000"
"=""054764""",長榮航永豐45購01,0,0,0,"20,000","50,000","-30,000","20,000","50,000","-30,000"
"=""05479T""",T50正2凱基3B售01,0,0,0,0,"30,000","-30,000",0,"30,000","-30,000"
"=""055780""",香港2X永豐47購02,0,0,0,0,"30,000","-30,000",0,"30,000","-30,000"
"=""056155""",威盛富邦44購03  ,0,0,0,0,"30,000","-30,000",0,"30,000","-30,000"
"=""056487""",天鈺國票46購01  ,0,0,0,0,"30,000","-30,000",0,"30,000","-30,000"
"=""056490""",保瑞國票46購01  ,0,0,0,0,"30,000","-30,000",0,"30,000","-30,000"
"=""05659T""",穎崴元大37售03  ,0,0,0,"40,000","70,000","-30,000","40,000","70,000","-30,000"
"=""056676""",FB台50元大45購01,0,0,0,0,"30,000","-30,000",0,"30,000","-30,000"
"=""056710""",健策元大45購02  ,0,0,0,"1,000","31,000","-30,000","1,000","31,000","-30,000"
"=""057203""",王品永豐45購01  ,0,0,0,0,"30,000","-30,000",0,"30,000","-30,000"
"=""057429""",嘉澤兆豐45購02  ,0,0,0,"5,000","35,000","-30,000","5,000","35,000","-30,000"
"=""057691""",貿聯國票46購03  ,0,0,0,"34,000","64,000","-30,000","34,000","64,000","-30,000"
"=""057747""",力鵬群益45購01  ,0,0,0,0,"30,000","-30,000",0,"30,000","-30,000"
"=""058133""",順德群益49購01  ,0,0,0,0,"30,000","-30,000",0,"30,000","-30,000"
"=""058786""",奇鋐元大45購14  ,0,0,0,"10,000","40,000","-30,000","10,000","40,000","-30,000"
"=""058935""",瑞軒群益45購01  ,0,0,0,0,"30,000","-30,000",0,"30,000","-30,000"
"=""058958""",台灣50元富45購09,0,0,0,0,"30,000","-30,000",0,"30,000","-30,000"
"=""059762""",欣興元大4B購04  ,0,0,0,0,"30,000","-30,000",0,"30,000","-30,000"
"=""059884""",鴻海群益48購03  ,0,0,0,0,"30,000","-30,000",0,"30,000","-30,000"
"=""059965""",台積電元大45購28,0,0,0,0,"30,000","-30,000",0,"30,000","-30,000"
"=""060052""",智邦凱基46購06  ,0,0,0,0,"30,000","-30,000",0,"30,000","-30,000"
"=""060156""",仁寶元大46購01  ,0,0,0,"10,000","40,000","-30,000","10,000","40,000","-30,000"
"=""060695""",亞光永豐48購01  ,0,0,0,0,"30,000","-30,000",0,"30,000","-30,000"
"=""060725""",漢翔群益46購02  ,0,0,0,"10,000","40,000","-30,000","10,000","40,000","-30,000"
"=""060861""",聯發科群益3A購01,0,0,0,0,"30,000","-30,000",0,"30,000","-30,000"
"=""061261""",長榮凱基4A購01  ,0,0,0,0,"30,000","-30,000",0,"30,000","-30,000"
"=""061295""",世紀鋼永豐48購03,0,0,0,0,"30,000","-30,000",0,"30,000","-30,000"
"=""061435""",聯茂元富46購01  ,0,0,0,0,"30,000","-30,000",0,"30,000","-30,000"
"=""061639""",神基元大46購01  ,0,0,0,"70,000","100,000","-30,000","70,000","100,000","-30,000"
"=""061867""",世紀鋼群益46購02,0,0,0,"20,000","50,000","-30,000","20,000","50,000","-30,000"
"=""062569""",台積電元大46購20,0,0,0,0,"30,000","-30,000",0,"30,000","-30,000"
"=""062887""",漢唐元富46購02  ,0,0,0,0,"30,000","-30,000",0,"30,000","-30,000"
"=""062952""",聯電元大46購12  ,0,0,0,0,"30,000","-30,000",0,"30,000","-30,000"
"=""063153""",鴻海元富4C購03  ,0,0,0,0,"30,000","-30,000",0,"30,000","-30,000"
"=""063198""",世芯群益46購18  ,0,0,0,"37,000","67,000","-30,000","37,000","67,000","-30,000"
"=""063261""",達發元大49購02  ,0,0,0,0,"30,000","-30,000",0,"30,000","-30,000"
"=""063265""",聯發科台新47購01,0,0,0,0,"30,000","-30,000",0,"30,000","-30,000"
"=""063480""",臺股指元大48購15,0,0,0,0,"30,000","-30,000",0,"30,000","-30,000"
"=""063522""",國巨國票48購01  ,0,0,0,0,"30,000","-30,000",0,"30,000","-30,000"
"=""063537""",光寶科國泰48購01,0,0,0,0,"30,000","-30,000",0,"30,000","-30,000"
"=""063599""",中磊凱基46購02  ,0,0,0,0,"30,000","-30,000",0,"30,000","-30,000"
"=""063963""",世芯永豐56購01  ,0,0,0,0,"30,000","-30,000",0,"30,000","-30,000"
"=""064080""",日月光元大46購01,0,0,0,0,"30,000","-30,000",0,"30,000","-30,000"
"=""064104""",台積電群益47購23,0,0,0,0,"30,000","-30,000",0,"30,000","-30,000"
"=""064196""",宇隆國票47購04  ,0,0,0,0,"30,000","-30,000",0,"30,000","-30,000"
"=""064229""",威盛國泰47購02  ,0,0,0,0,"30,000","-30,000",0,"30,000","-30,000"
"=""064760""",皇昌國票49購01  ,0,0,0,"1,000","31,000","-30,000","1,000","31,000","-30,000"
"=""065160""",訊連群益48購01  ,0,0,0,0,"30,000","-30,000",0,"30,000","-30,000"
"=""065399""",嘉澤台新48購01  ,0,0,0,0,"30,000","-30,000",0,"30,000","-30,000"
"=""065456""",華城國票48購01  ,0,0,0,0,"30,000","-30,000",0,"30,000","-30,000"
"=""065562""",鴻海中信3B購01  ,0,0,0,0,"30,000","-30,000",0,"30,000","-30,000"
"=""065815""",敦泰國票48購01  ,0,0,0,0,"30,000","-30,000",0,"30,000","-30,000"
"=""065851""",中租中信48購01  ,0,0,0,0,"30,000","-30,000",0,"30,000","-30,000"
"=""065858""",台積電永豐47購14,0,0,0,0,"30,000","-30,000",0,"30,000","-30,000"
"=""065933""",貿聯元富47購01  ,0,0,0,"2,000","32,000","-30,000","2,000","32,000","-30,000"
"=""066037""",景碩群益47購02  ,0,0,0,"62,000","92,000","-30,000","62,000","92,000","-30,000"
"=""066044""",聯發科凱基3B購02,0,0,0,"100,000","130,000","-30,000","100,000","130,000","-30,000"
"=""066266""",鴻準元大47購04  ,0,0,0,0,"30,000","-30,000",0,"30,000","-30,000"
"=""066623""",凱基金富邦48購01,0,0,0,0,"30,000","-30,000",0,"30,000","-30,000"
"=""066805""",和大統一55購01  ,0,0,0,0,"30,000","-30,000",0,"30,000","-30,000"
"=""066974""",世芯元大4B購03  ,0,0,0,0,"30,000","-30,000",0,"30,000","-30,000"
"=""067006""",陽明凱基47購05  ,0,0,0,0,"30,000","-30,000",0,"30,000","-30,000"
"=""067297""",玉晶光群益47購08,0,0,0,0,"30,000","-30,000",0,"30,000","-30,000"
"=""067332""",瑞昱元大47購03  ,0,0,0,0,"30,000","-30,000",0,"30,000","-30,000"
"=""067367""",臺股指元大4C購09,0,0,0,"20,000","50,000","-30,000","20,000","50,000","-30,000"
"=""067404""",惠特元富51購01  ,0,0,0,0,"30,000","-30,000",0,"30,000","-30,000"
"=""067469""",世芯凱基47購13  ,0,0,0,0,"30,000","-30,000",0,"30,000","-30,000"
"=""067961""",創意永豐4C購02  ,0,0,0,"8,000","38,000","-30,000","8,000","38,000","-30,000"
"=""068128""",富世達第一48購01,0,0,0,"80,000","110,000","-30,000","80,000","110,000","-30,000"
"=""068189""",和碩永豐49購01  ,0,0,0,"220,000","250,000","-30,000","220,000","250,000","-30,000"
"=""068238""",國巨國票4A購01  ,0,0,0,0,"30,000","-30,000",0,"30,000","-30,000"
"=""068743""",羅昇群益48購01  ,0,0,0,0,"30,000","-30,000",0,"30,000","-30,000"
"=""068903""",台光電元大4C購02,0,0,0,0,"30,000","-30,000",0,"30,000","-30,000"
"=""069077""",友達凱基3C購01  ,0,0,0,"35,000","65,000","-30,000","35,000","65,000","-30,000"
"=""069125""",華通群益48購02  ,0,0,0,0,"30,000","-30,000",0,"30,000","-30,000"
"=""069278""",華碩元富48購03  ,0,0,0,0,"30,000","-30,000",0,"30,000","-30,000"
"=""069447""",精銳群益4A購02  ,0,0,0,0,"30,000","-30,000",0,"30,000","-30,000"
"=""069642""",乙盛凱基49購01  ,0,0,0,0,"30,000","-30,000",0,"30,000","-30,000"
"=""069875""",美律凱基49購01  ,0,0,0,0,"30,000","-30,000",0,"30,000","-30,000"
"=""070364""",京元電凱基4A購01,0,0,0,"6,000","36,000","-30,000","6,000","36,000","-30,000"
"=""070511""",材料統一52購04  ,0,0,0,"33,000","63,000","-30,000","33,000","63,000","-30,000"
"=""070604""",力積電元大48購11,0,0,0,0,"30,000","-30,000",0,"30,000","-30,000"
"=""070642""",上銀凱基4B購02  ,0,0,0,0,"30,000","-30,000",0,"30,000","-30,000"
"=""070686""",南亞科統一52購03,0,0,0,0,"30,000","-30,000",0,"30,000","-30,000"
"=""070734""",裕民永豐48購01  ,0,0,0,0,"30,000","-30,000",0,"30,000","-30,000"
"=""070746""",台塑群益4C購02  ,0,0,0,0,"30,000","-30,000",0,"30,000","-30,000"
"=""070795""",保瑞元富52購01  ,0,0,0,0,"30,000","-30,000",0,"30,000","-30,000"
"=""071268""",世芯凱基51購02  ,0,0,0,0,"30,000","-30,000",0,"30,000","-30,000"
"=""072196""",大成鋼凱基53購01,0,0,0,0,"30,000","-30,000",0,"30,000","-30,000"
"=""072832""",台泥凱基49購02  ,0,0,0,0,"30,000","-30,000",0,"30,000","-30,000"
"=""073126""",佳能國泰4A購01  ,0,0,0,"8,000","38,000","-30,000","8,000","38,000","-30,000"
"=""073371""",上銀元大49購05  ,0,0,0,0,"30,000","-30,000",0,"30,000","-30,000"
"=""073678""",世紀鋼元大4A購02,0,0,0,0,"30,000","-30,000",0,"30,000","-30,000"
"=""073890""",台達電群益49購02,0,0,0,0,"30,000","-30,000",0,"30,000","-30,000"
"=""073960""",中鋼國泰4A購01  ,0,0,0,0,"30,000","-30,000",0,"30,000","-30,000"
"=""074373""",瑞祺元大49購02  ,0,0,0,0,"30,000","-30,000",0,"30,000","-30,000"
"=""074740""",巨大國票4B購01  ,0,0,0,"300,000","330,000","-30,000","300,000","330,000","-30,000"
"=""074831""",菱光元大49購03  ,0,0,0,0,"30,000","-30,000",0,"30,000","-30,000"
"=""075417""",元日2X元大54購01,0,0,0,0,"30,000","-30,000",0,"30,000","-30,000"
"=""076199""",鴻海元大51購05  ,0,0,0,"90,000","120,000","-30,000","90,000","120,000","-30,000"
"=""076281""",保瑞富邦4B購01  ,0,0,0,"1,000","31,000","-30,000","1,000","31,000","-30,000"
"=""076612""",大立光元富49購10,0,0,0,0,"30,000","-30,000",0,"30,000","-30,000"
"=""076904""",鴻海凱基49購16  ,0,0,0,0,"30,000","-30,000",0,"30,000","-30,000"
"=""077103""",大亞元大49購07  ,0,0,0,0,"30,000","-30,000",0,"30,000","-30,000"
"=""077105""",台玻元大49購07  ,0,0,0,0,"30,000","-30,000",0,"30,000","-30,000"
"=""077127""",長榮元大4A購03  ,0,0,0,0,"30,000","-30,000",0,"30,000","-30,000"
"=""077221""",台灣50凱基4A購10,0,0,0,0,"30,000","-30,000",0,"30,000","-30,000"
"=""08241U""",臺股指中信35售06,0,0,0,0,"30,000","-30,000",0,"30,000","-30,000"
"=""08561U""",創意凱基35售02  ,0,0,0,0,"30,000","-30,000",0,"30,000","-30,000"
"=""08586U""",緯穎元大33售06  ,0,0,0,0,"30,000","-30,000",0,"30,000","-30,000"
"=""08749U""",臺股指元大36售14,0,0,0,0,"30,000","-30,000",0,"30,000","-30,000"
2425  ,承啟            ,0,"30,000","-30,000",0,0,0,0,"30,000","-30,000"
5244  ,弘凱            ,0,"30,000","-30,000",0,0,0,0,"30,000","-30,000"
6443  ,元晶            ,"12,000","36,505","-24,505","74,000","79,000","-5,000","86,000","115,505","-29,505"
"=""03070T""",台積電國泰34售02,0,0,0,0,"29,000","-29,000",0,"29,000","-29,000"
"=""04417T""",緯創元大35售22  ,0,0,0,"100,000","129,000","-29,000","100,000","129,000","-29,000"
"=""04858T""",華泰永豐36售02  ,0,0,0,0,"29,000","-29,000",0,"29,000","-29,000"
"=""050571""",世芯國票43購04  ,0,0,0,0,"29,000","-29,000",0,"29,000","-29,000"
"=""053033""",群光元大44購01  ,0,0,0,"18,000","47,000","-29,000","18,000","47,000","-29,000"
"=""054549""",材料中信45購03  ,0,0,0,0,"29,000","-29,000",0,"29,000","-29,000"
"=""055889""",天虹國票46購02  ,0,0,0,"50,000","79,000","-29,000","50,000","79,000","-29,000"
"=""055905""",技嘉第一3B購01  ,0,0,0,0,"29,000","-29,000",0,"29,000","-29,000"
"=""057715""",宏�痐舅j45購03  ,0,0,0,"20,000","49,000","-29,000","20,000","49,000","-29,000"
"=""059572""",奇鋐元大45購17  ,0,0,0,0,"29,000","-29,000",0,"29,000","-29,000"
"=""060877""",東陽中信46購01  ,0,0,0,0,"29,000","-29,000",0,"29,000","-29,000"
"=""061232""",世芯元大4C購01  ,0,0,0,"7,000","36,000","-29,000","7,000","36,000","-29,000"
"=""061676""",致茂群益46購06  ,0,0,0,0,"29,000","-29,000",0,"29,000","-29,000"
"=""062145""",士電富邦48購02  ,0,0,0,0,"29,000","-29,000",0,"29,000","-29,000"
"=""062893""",世芯元富49購04  ,0,0,0,"65,000","94,000","-29,000","65,000","94,000","-29,000"
"=""063056""",大立光國泰48購01,0,0,0,0,"29,000","-29,000",0,"29,000","-29,000"
"=""064680""",聯發科元大49購03,0,0,0,"59,000","88,000","-29,000","59,000","88,000","-29,000"
"=""067348""",緯創元大4B購03  ,0,0,0,0,"29,000","-29,000",0,"29,000","-29,000"
"=""068423""",訊芯元富48購01  ,0,0,0,0,"29,000","-29,000",0,"29,000","-29,000"
"=""068776""",精銳國泰49購01  ,0,0,0,0,"29,000","-29,000",0,"29,000","-29,000"
"=""069388""",鴻海統一56購04  ,0,0,0,"8,000","37,000","-29,000","8,000","37,000","-29,000"
"=""070072""",美時凱基4B購01  ,0,0,0,"158,000","187,000","-29,000","158,000","187,000","-29,000"
"=""071281""",中50元富48購01  ,0,0,0,0,"29,000","-29,000",0,"29,000","-29,000"
"=""071426""",大成鋼元富52購03,0,0,0,"111,000","140,000","-29,000","111,000","140,000","-29,000"
"=""071573""",南亞科凱基4A購02,0,0,0,"2,000","31,000","-29,000","2,000","31,000","-29,000"
"=""071877""",華城永豐4B購01  ,0,0,0,"140,000","169,000","-29,000","140,000","169,000","-29,000"
"=""073181""",旺宏統一55購01  ,0,0,0,0,"29,000","-29,000",0,"29,000","-29,000"
"=""073272""",大立光元富49購05,0,0,0,0,"29,000","-29,000",0,"29,000","-29,000"
"=""073668""",群創元大49購02  ,0,0,0,"26,000","55,000","-29,000","26,000","55,000","-29,000"
"=""075762""",健鼎群益49購03  ,0,0,0,0,"29,000","-29,000",0,"29,000","-29,000"
"=""075847""",材料元大49購10  ,0,0,0,"7,000","36,000","-29,000","7,000","36,000","-29,000"
"=""076126""",時碩元富4A購04  ,0,0,0,"11,000","40,000","-29,000","11,000","40,000","-29,000"
"=""077008""",世芯元富53購01  ,0,0,0,"15,000","44,000","-29,000","15,000","44,000","-29,000"
2611  ,志信            ,"3,000","32,000","-29,000",0,0,0,"3,000","32,000","-29,000"
3515  ,華擎            ,0,0,0,"4,400","33,004","-28,604","4,400","33,004","-28,604"
4532  ,瑞智            ,915,"29,000","-28,085",0,0,0,915,"29,000","-28,085"
"=""03198T""",奇鋐群益37售03  ,0,0,0,0,"28,000","-28,000",0,"28,000","-28,000"
"=""03631B""",臺股指元大3B熊02,0,0,0,"30,000","58,000","-28,000","30,000","58,000","-28,000"
"=""03936T""",訊芯元大34售11  ,0,0,0,"26,000","54,000","-28,000","26,000","54,000","-28,000"
"=""048989""",三商壽元富43購01,0,0,0,"5,000","33,000","-28,000","5,000","33,000","-28,000"
"=""05161T""",臺股指群益36售45,0,0,0,"5,000","33,000","-28,000","5,000","33,000","-28,000"
"=""05403T""",萬海元大36售11  ,0,0,0,0,"28,000","-28,000",0,"28,000","-28,000"
"=""054134""",天鈺群益46購02  ,0,0,0,0,"28,000","-28,000",0,"28,000","-28,000"
"=""055156""",創意中信46購01  ,0,0,0,0,"28,000","-28,000",0,"28,000","-28,000"
"=""057172""",英業達凱基45購02,0,0,0,"12,000","40,000","-28,000","12,000","40,000","-28,000"
"=""05806T""",長榮台新37售03  ,0,0,0,0,"28,000","-28,000",0,"28,000","-28,000"
"=""058195""",世芯永豐52購01  ,0,0,0,"2,000","30,000","-28,000","2,000","30,000","-28,000"
"=""058814""",上証2X永豐45購03,0,0,0,0,"28,000","-28,000",0,"28,000","-28,000"
"=""059914""",日電貿群益46購02,0,0,0,0,"28,000","-28,000",0,"28,000","-28,000"
"=""061327""",遠東新凱基47購01,0,0,0,"38,000","66,000","-28,000","38,000","66,000","-28,000"
"=""062532""",冠德國票47購02  ,0,0,0,0,"28,000","-28,000",0,"28,000","-28,000"
"=""063017""",瑞鼎群益48購01  ,0,0,0,"5,000","33,000","-28,000","5,000","33,000","-28,000"
"=""064820""",中磊元大47購01  ,0,0,0,0,"28,000","-28,000",0,"28,000","-28,000"
"=""066281""",世芯元大4A購03  ,0,0,0,"98,000","126,000","-28,000","98,000","126,000","-28,000"
"=""066679""",南亞科凱基47購03,0,0,0,"10,000","38,000","-28,000","10,000","38,000","-28,000"
"=""066925""",新唐群益47購01  ,0,0,0,0,"28,000","-28,000",0,"28,000","-28,000"
"=""067527""",矽力元大47購04  ,0,0,0,"6,000","34,000","-28,000","6,000","34,000","-28,000"
"=""067790""",國巨元富51購03  ,0,0,0,0,"28,000","-28,000",0,"28,000","-28,000"
"=""067908""",南亞科元大47購06,0,0,0,0,"28,000","-28,000",0,"28,000","-28,000"
"=""068355""",鈺齊永豐48購01  ,0,0,0,0,"28,000","-28,000",0,"28,000","-28,000"
"=""068439""",T50正2凱基49購03,0,0,0,"365,000","393,000","-28,000","365,000","393,000","-28,000"
"=""069068""",致新凱基48購01  ,0,0,0,"10,000","38,000","-28,000","10,000","38,000","-28,000"
"=""069091""",瑞昱元大48購02  ,0,0,0,"102,000","130,000","-28,000","102,000","130,000","-28,000"
"=""070185""",華新統一51購02  ,0,0,0,0,"28,000","-28,000",0,"28,000","-28,000"
"=""070387""",金融類凱基48購02,0,0,0,"10,000","38,000","-28,000","10,000","38,000","-28,000"
"=""070718""",鴻海中信49購04  ,0,0,0,0,"28,000","-28,000",0,"28,000","-28,000"
"=""070934""",鴻海元富52購04  ,0,0,0,0,"28,000","-28,000",0,"28,000","-28,000"
"=""071503""",愛普國泰49購01  ,0,0,0,"5,000","33,000","-28,000","5,000","33,000","-28,000"
"=""071895""",中興電統一58購01,0,0,0,"31,000","59,000","-28,000","31,000","59,000","-28,000"
"=""072001""",牧德國票49購03  ,0,0,0,0,"28,000","-28,000",0,"28,000","-28,000"
"=""073279""",臺股指元富5C購01,0,0,0,0,"28,000","-28,000",0,"28,000","-28,000"
"=""073414""",祥碩富邦4A購01  ,0,0,0,0,"28,000","-28,000",0,"28,000","-28,000"
"=""073493""",台積電富邦4A購02,0,0,0,"52,000","80,000","-28,000","52,000","80,000","-28,000"
"=""073998""",群光統一52購01  ,0,0,0,0,"28,000","-28,000",0,"28,000","-28,000"
"=""074692""",日本2X元富49購02,0,0,0,0,"28,000","-28,000",0,"28,000","-28,000"
"=""075984""",來億群益4B購01  ,0,0,0,"84,000","112,000","-28,000","84,000","112,000","-28,000"
"=""076489""",緯穎群益4A購04  ,0,0,0,"12,000","40,000","-28,000","12,000","40,000","-28,000"
"=""076673""",台積電群益49購38,0,0,0,"5,000","33,000","-28,000","5,000","33,000","-28,000"
"=""076900""",FBNQ2X凱基4C購03,0,0,0,"10,000","38,000","-28,000","10,000","38,000","-28,000"
2603  ,長榮            ,"210,000","187,000","23,000","76,613","127,288","-50,675","286,613","314,288","-27,675"
3673  ,TPK-KY          ,"8,000",630,"7,370","1,000","36,000","-35,000","9,000","36,630","-27,630"
2327  ,國巨*           ,"10,000","22,000","-12,000","7,937","23,555","-15,618","17,937","45,555","-27,618"
6153  ,嘉聯益          ,"35,000","64,598","-29,598","2,000",0,"2,000","37,000","64,598","-27,598"
"=""040243""",華碩富邦54購01  ,0,0,0,"72,000","99,000","-27,000","72,000","99,000","-27,000"
"=""04205T""",台積電永豐37售03,0,0,0,0,"27,000","-27,000",0,"27,000","-27,000"
"=""047477""",晶豪科元大43購07,0,0,0,0,"27,000","-27,000",0,"27,000","-27,000"
"=""048267""",晶相光國票42購01,0,0,0,"3,000","30,000","-27,000","3,000","30,000","-27,000"
"=""05025T""",臺股指富邦37售07,0,0,0,0,"27,000","-27,000",0,"27,000","-27,000"
"=""053012""",迅得統一54購01  ,0,0,0,"13,000","40,000","-27,000","13,000","40,000","-27,000"
"=""053725""",群創群益48購01  ,0,0,0,"3,000","30,000","-27,000","3,000","30,000","-27,000"
"=""055647""",裕隆群益44購01  ,0,0,0,0,"27,000","-27,000",0,"27,000","-27,000"
"=""056172""",南寶凱基44購02  ,0,0,0,0,"27,000","-27,000",0,"27,000","-27,000"
"=""057436""",威盛中信47購01  ,0,0,0,0,"27,000","-27,000",0,"27,000","-27,000"
"=""061408""",世芯群益48購05  ,0,0,0,"63,000","90,000","-27,000","63,000","90,000","-27,000"
"=""061417""",訊芯群益47購02  ,0,0,0,0,"27,000","-27,000",0,"27,000","-27,000"
"=""061803""",瑞昱凱基46購03  ,0,0,0,"26,000","53,000","-27,000","26,000","53,000","-27,000"
"=""062412""",長榮中信4C購01  ,0,0,0,0,"27,000","-27,000",0,"27,000","-27,000"
"=""062996""",泰金寶元大46購03,0,0,0,"14,000","41,000","-27,000","14,000","41,000","-27,000"
"=""063481""",臺股指元大49購17,0,0,0,"3,000","30,000","-27,000","3,000","30,000","-27,000"
"=""067857""",矽力凱基47購04  ,0,0,0,"60,000","87,000","-27,000","60,000","87,000","-27,000"
"=""067917""",大立光元大47購19,0,0,0,"11,000","38,000","-27,000","11,000","38,000","-27,000"
"=""067946""",台達電永豐49購01,0,0,0,"143,000","170,000","-27,000","143,000","170,000","-27,000"
"=""068163""",聯發科元富43購01,0,0,0,0,"27,000","-27,000",0,"27,000","-27,000"
"=""068565""",富邦金國票48購02,0,0,0,0,"27,000","-27,000",0,"27,000","-27,000"
"=""070523""",美利達統一58購01,0,0,0,0,"27,000","-27,000",0,"27,000","-27,000"
"=""072275""",勤誠元大4B購01  ,0,0,0,0,"27,000","-27,000",0,"27,000","-27,000"
"=""072423""",台灣50凱基4C購01,0,0,0,0,"27,000","-27,000",0,"27,000","-27,000"
"=""072443""",皇昌凱基48購10  ,0,0,0,0,"27,000","-27,000",0,"27,000","-27,000"
"=""072497""",矽格元大48購06  ,0,0,0,"59,000","86,000","-27,000","59,000","86,000","-27,000"
"=""073726""",台塑永豐49購04  ,0,0,0,"3,000","30,000","-27,000","3,000","30,000","-27,000"
"=""074100""",一詮群益49購03  ,0,0,0,"93,000","120,000","-27,000","93,000","120,000","-27,000"
"=""074310""",世芯元富49購13  ,0,0,0,"57,000","84,000","-27,000","57,000","84,000","-27,000"
"=""074399""",富華新國票4A購02,0,0,0,"178,000","205,000","-27,000","178,000","205,000","-27,000"
"=""075613""",中鋼群益4B購03  ,0,0,0,"85,000","112,000","-27,000","85,000","112,000","-27,000"
"=""075830""",長榮元大4C購03  ,0,0,0,0,"27,000","-27,000",0,"27,000","-27,000"
"=""076066""",陽明統一53購03  ,0,0,0,"171,000","198,000","-27,000","171,000","198,000","-27,000"
"=""076128""",AES元富49購02   ,0,0,0,0,"27,000","-27,000",0,"27,000","-27,000"
6282  ,康舒            ,0,"76,000","-76,000","105,000","56,000","49,000","105,000","132,000","-27,000"
1216  ,統一            ,"10,000","20,000","-10,000","9,999","26,063","-16,064","19,999","46,063","-26,064"
"=""03441T""",定穎控國票34售04,0,0,0,0,"26,000","-26,000",0,"26,000","-26,000"
"=""04072T""",飛宏群益37售01  ,0,0,0,0,"26,000","-26,000",0,"26,000","-26,000"
"=""046668""",大亞元大46購03  ,0,0,0,0,"26,000","-26,000",0,"26,000","-26,000"
"=""04790T""",華城永豐35售01  ,0,0,0,"16,000","42,000","-26,000","16,000","42,000","-26,000"
"=""050125""",矽力統一51購01  ,0,0,0,"10,000","36,000","-26,000","10,000","36,000","-26,000"
"=""051156""",美時國票43購02  ,0,0,0,"46,000","72,000","-26,000","46,000","72,000","-26,000"
"=""052247""",長榮國泰46購01  ,0,0,0,"20,000","46,000","-26,000","20,000","46,000","-26,000"
"=""052957""",致茂群益44購01  ,0,0,0,"42,000","68,000","-26,000","42,000","68,000","-26,000"
"=""05432T""",台灣50元大38售05,0,0,0,"13,000","39,000","-26,000","13,000","39,000","-26,000"
"=""054385""",奇鋐凱基46購01  ,0,0,0,"13,000","39,000","-26,000","13,000","39,000","-26,000"
"=""054970""",大立光元富44購04,0,0,0,"11,000","37,000","-26,000","11,000","37,000","-26,000"
"=""058647""",長榮凱基45購09  ,0,0,0,0,"26,000","-26,000",0,"26,000","-26,000"
"=""058898""",長榮元大49購02  ,0,0,0,0,"26,000","-26,000",0,"26,000","-26,000"
"=""059446""",臻鼎富邦47購01  ,0,0,0,"240,000","266,000","-26,000","240,000","266,000","-26,000"
"=""060166""",技嘉元大46購01  ,0,0,0,0,"26,000","-26,000",0,"26,000","-26,000"
"=""060871""",聯詠群益3A購01  ,0,0,0,"1,000","27,000","-26,000","1,000","27,000","-26,000"
"=""060881""",堤維西中信46購01,0,0,0,0,"26,000","-26,000",0,"26,000","-26,000"
"=""062433""",神達永豐47購03  ,0,0,0,"6,000","32,000","-26,000","6,000","32,000","-26,000"
"=""062475""",神達群益47購03  ,0,0,0,0,"26,000","-26,000",0,"26,000","-26,000"
"=""063109""",台塑化中信46購01,0,0,0,"5,000","31,000","-26,000","5,000","31,000","-26,000"
"=""067791""",昆盈元富48購01  ,0,0,0,0,"26,000","-26,000",0,"26,000","-26,000"
"=""068404""",力積電統一54購01,0,0,0,0,"26,000","-26,000",0,"26,000","-26,000"
"=""070427""",亞翔國票48購03  ,0,0,0,0,"26,000","-26,000",0,"26,000","-26,000"
"=""072799""",信邦國泰4A購01  ,0,0,0,0,"26,000","-26,000",0,"26,000","-26,000"
"=""073122""",海華國票4B購01  ,0,0,0,"231,000","257,000","-26,000","231,000","257,000","-26,000"
"=""073125""",美利達國票4A購01,0,0,0,"7,000","33,000","-26,000","7,000","33,000","-26,000"
"=""073324""",台積電統一63購01,0,0,0,"1,000","27,000","-26,000","1,000","27,000","-26,000"
"=""073906""",慧洋群益4B購02  ,0,0,0,"31,000","57,000","-26,000","31,000","57,000","-26,000"
"=""073916""",材料群益51購01  ,0,0,0,0,"26,000","-26,000",0,"26,000","-26,000"
"=""074283""",欣興群益49購03  ,0,0,0,0,"26,000","-26,000",0,"26,000","-26,000"
"=""075532""",元日2X凱基55購01,0,0,0,"708,000","734,000","-26,000","708,000","734,000","-26,000"
"=""075951""",聯電群益49購05  ,0,0,0,"26,000","52,000","-26,000","26,000","52,000","-26,000"
"=""076585""",鴻海永豐49購13  ,0,0,0,"10,000","36,000","-26,000","10,000","36,000","-26,000"
"=""076684""",信邦群益49購01  ,0,0,0,0,"26,000","-26,000",0,"26,000","-26,000"
"=""077305""",東元群益4C購01  ,0,0,0,0,"26,000","-26,000",0,"26,000","-26,000"
"=""00783 """,富邦中証500     ,0,0,0,"413,000","438,933","-25,933","413,000","438,933","-25,933"
2890  ,永豐金          ,"13,000","6,640","6,360",0,"32,077","-32,077","13,000","38,717","-25,717"
8105  ,凌巨            ,"2,000","27,687","-25,687",0,0,0,"2,000","27,687","-25,687"
"=""03161T""",奇鋐元大34售07  ,0,0,0,"50,000","75,000","-25,000","50,000","75,000","-25,000"
"=""03813T""",臺股指永豐36售04,0,0,0,0,"25,000","-25,000",0,"25,000","-25,000"
"=""042121""",大毅國票54購02  ,0,0,0,0,"25,000","-25,000",0,"25,000","-25,000"
"=""04447T""",聯發科國票36售03,0,0,0,"5,000","30,000","-25,000","5,000","30,000","-25,000"
"=""04513T""",聯發科群益35售14,0,0,0,0,"25,000","-25,000",0,"25,000","-25,000"
"=""04591T""",台灣50元富35售09,0,0,0,"2,000","27,000","-25,000","2,000","27,000","-25,000"
"=""047718""",世芯元大43購27  ,0,0,0,0,"25,000","-25,000",0,"25,000","-25,000"
"=""050409""",SGBR2X國票45購01,0,0,0,0,"25,000","-25,000",0,"25,000","-25,000"
"=""051003""",長華國票45購01  ,0,0,0,0,"25,000","-25,000",0,"25,000","-25,000"
"=""051683""",矽力凱基44購02  ,0,0,0,"35,000","60,000","-25,000","35,000","60,000","-25,000"
"=""052840""",材料元大44購07  ,0,0,0,"5,000","30,000","-25,000","5,000","30,000","-25,000"
"=""054539""",訊芯國泰46購04  ,0,0,0,"170,000","195,000","-25,000","170,000","195,000","-25,000"
"=""05598T""",台灣50元大38售09,0,0,0,0,"25,000","-25,000",0,"25,000","-25,000"
"=""056383""",鉅祥元大48購01  ,0,0,0,0,"25,000","-25,000",0,"25,000","-25,000"
"=""058755""",世紀鋼群益45購07,0,0,0,"82,000","107,000","-25,000","82,000","107,000","-25,000"
"=""058794""",保瑞元大45購09  ,0,0,0,0,"25,000","-25,000",0,"25,000","-25,000"
"=""058984""",強茂國票45購01  ,0,0,0,0,"25,000","-25,000",0,"25,000","-25,000"
"=""05914T""",臺股指凱基44售02,0,0,0,0,"25,000","-25,000",0,"25,000","-25,000"
"=""059339""",元日2X元大4B購01,0,0,0,0,"25,000","-25,000",0,"25,000","-25,000"
"=""060084""",華邦電國票47購01,0,0,0,0,"25,000","-25,000",0,"25,000","-25,000"
"=""061363""",緯創國票49購02  ,0,0,0,0,"25,000","-25,000",0,"25,000","-25,000"
"=""061807""",飛宏凱基46購01  ,0,0,0,"1,000","26,000","-25,000","1,000","26,000","-25,000"
"=""061833""",國企2X群益4A購03,0,0,0,"7,000","32,000","-25,000","7,000","32,000","-25,000"
"=""062785""",臺股指群益49購10,0,0,0,0,"25,000","-25,000",0,"25,000","-25,000"
"=""063715""",啟�眵峇@4C購01  ,0,0,0,0,"25,000","-25,000",0,"25,000","-25,000"
"=""063781""",精銳元富4C購01  ,0,0,0,0,"25,000","-25,000",0,"25,000","-25,000"
"=""063878""",聯發科元大46購24,0,0,0,"8,000","33,000","-25,000","8,000","33,000","-25,000"
"=""064107""",英業達群益48購01,0,0,0,0,"25,000","-25,000",0,"25,000","-25,000"
"=""064157""",南電第一48購01  ,0,0,0,0,"25,000","-25,000",0,"25,000","-25,000"
"=""064246""",慧洋群益46購02  ,0,0,0,"5,000","30,000","-25,000","5,000","30,000","-25,000"
"=""064886""",聯發科凱基3B購01,0,0,0,0,"25,000","-25,000",0,"25,000","-25,000"
"=""065842""",精成科統一51購03,0,0,0,0,"25,000","-25,000",0,"25,000","-25,000"
"=""066047""",緯穎群益47購06  ,0,0,0,"10,000","35,000","-25,000","10,000","35,000","-25,000"
"=""066460""",所羅門元大4C購01,0,0,0,"71,000","96,000","-25,000","71,000","96,000","-25,000"
"=""067007""",大立光凱基47購11,0,0,0,0,"25,000","-25,000",0,"25,000","-25,000"
"=""067046""",緯創永豐4A購02  ,0,0,0,0,"25,000","-25,000",0,"25,000","-25,000"
"=""067496""",SGBR2X元大49購02,0,0,0,0,"25,000","-25,000",0,"25,000","-25,000"
"=""067572""",友達富邦49購01  ,0,0,0,0,"25,000","-25,000",0,"25,000","-25,000"
"=""068657""",鼎基統一52購01  ,0,0,0,0,"25,000","-25,000",0,"25,000","-25,000"
"=""069251""",台積電富邦48購08,0,0,0,"75,000","100,000","-25,000","75,000","100,000","-25,000"
"=""069478""",大立光元大48購11,0,0,0,"10,000","35,000","-25,000","10,000","35,000","-25,000"
"=""069854""",中磊群益49購03  ,0,0,0,0,"25,000","-25,000",0,"25,000","-25,000"
"=""069923""",神達元大48購11  ,0,0,0,0,"25,000","-25,000",0,"25,000","-25,000"
"=""071163""",國企2X永豐49購01,0,0,0,0,"25,000","-25,000",0,"25,000","-25,000"
"=""071493""",友訊國泰49購02  ,0,0,0,"5,000","30,000","-25,000","5,000","30,000","-25,000"
"=""071581""",奇鋐凱基51購02  ,0,0,0,"128,000","153,000","-25,000","128,000","153,000","-25,000"
"=""072113""",滬深2X統一52購04,0,0,0,0,"25,000","-25,000",0,"25,000","-25,000"
"=""072840""",大成鋼凱基49購06,0,0,0,0,"25,000","-25,000",0,"25,000","-25,000"
"=""073032""",信邦台新49購01  ,0,0,0,0,"25,000","-25,000",0,"25,000","-25,000"
"=""073703""",華城國票4B購01  ,0,0,0,0,"25,000","-25,000",0,"25,000","-25,000"
"=""073841""",台積電元大4C購04,0,0,0,0,"25,000","-25,000",0,"25,000","-25,000"
"=""074468""",迅得國票4A購02  ,0,0,0,0,"25,000","-25,000",0,"25,000","-25,000"
"=""074957""",T50正2元大49購06,0,0,0,"159,000","184,000","-25,000","159,000","184,000","-25,000"
"=""075170""",群創凱基51購02  ,0,0,0,0,"25,000","-25,000",0,"25,000","-25,000"
"=""075186""",台積電群益49購27,0,0,0,0,"25,000","-25,000",0,"25,000","-25,000"
"=""075265""",喬山第一49購01  ,0,0,0,0,"25,000","-25,000",0,"25,000","-25,000"
"=""075818""",華碩元大49購03  ,0,0,0,"113,000","138,000","-25,000","113,000","138,000","-25,000"
"=""075849""",材料元大51購09  ,0,0,0,0,"25,000","-25,000",0,"25,000","-25,000"
"=""075940""",世紀鋼凱基49購05,0,0,0,0,"25,000","-25,000",0,"25,000","-25,000"
"=""076342""",菱光國票49購02  ,0,0,0,"10,000","35,000","-25,000","10,000","35,000","-25,000"
"=""076364""",智邦元大53購01  ,0,0,0,"52,000","77,000","-25,000","52,000","77,000","-25,000"
"=""076471""",信邦國票4A購03  ,0,0,0,0,"25,000","-25,000",0,"25,000","-25,000"
"=""076492""",昇陽半群益4B購01,0,0,0,0,"25,000","-25,000",0,"25,000","-25,000"
"=""076683""",漢翔群益49購04  ,0,0,0,0,"25,000","-25,000",0,"25,000","-25,000"
"=""076783""",中信金群益49購02,0,0,0,0,"25,000","-25,000",0,"25,000","-25,000"
"=""076792""",巨大群益49購01  ,0,0,0,0,"25,000","-25,000",0,"25,000","-25,000"
"=""076802""",昇陽半國泰4A購02,0,0,0,0,"25,000","-25,000",0,"25,000","-25,000"
"=""076916""",國產凱基4C購01  ,0,0,0,0,"25,000","-25,000",0,"25,000","-25,000"
"=""077390""",明泰永豐4B購01  ,0,0,0,0,"25,000","-25,000",0,"25,000","-25,000"
"=""077405""",台灣50台新4B購01,0,0,0,0,"25,000","-25,000",0,"25,000","-25,000"
4916  ,事欣科          ,0,"25,000","-25,000",0,0,0,0,"25,000","-25,000"
8028  ,昇陽半導體      ,0,"27,576","-27,576","3,000",0,"3,000","3,000","27,576","-24,576"
"=""03261T""",群創元大34售02  ,0,0,0,"35,000","59,000","-24,000","35,000","59,000","-24,000"
"=""053632""",滬深2X凱基44購08,0,0,0,0,"24,000","-24,000",0,"24,000","-24,000"
"=""054036""",華城元大46購01  ,0,0,0,"60,000","84,000","-24,000","60,000","84,000","-24,000"
"=""054412""",長榮永豐46購03  ,0,0,0,0,"24,000","-24,000",0,"24,000","-24,000"
"=""056149""",萬海統一4A購02  ,0,0,0,0,"24,000","-24,000",0,"24,000","-24,000"
"=""057489""",S&P反1凱基49購01,0,0,0,"40,000","64,000","-24,000","40,000","64,000","-24,000"
"=""057832""",南寶永豐45購02  ,0,0,0,"38,000","62,000","-24,000","38,000","62,000","-24,000"
"=""058669""",金寶元富45購02  ,0,0,0,"9,000","33,000","-24,000","9,000","33,000","-24,000"
"=""060698""",世芯永豐49購02  ,0,0,0,"11,000","35,000","-24,000","11,000","35,000","-24,000"
"=""061297""",SGBR2X中信49購01,0,0,0,0,"24,000","-24,000",0,"24,000","-24,000"
"=""063411""",臻鼎群益48購01  ,0,0,0,0,"24,000","-24,000",0,"24,000","-24,000"
"=""064193""",道瓊銅國票53購01,0,0,0,"35,000","59,000","-24,000","35,000","59,000","-24,000"
"=""064583""",達發元富49購01  ,0,0,0,0,"24,000","-24,000",0,"24,000","-24,000"
"=""065565""",威盛中信3B購02  ,0,0,0,0,"24,000","-24,000",0,"24,000","-24,000"
"=""066022""",材料中信3B購02  ,0,0,0,"6,000","30,000","-24,000","6,000","30,000","-24,000"
"=""066569""",建準統一45購01  ,0,0,0,"5,000","29,000","-24,000","5,000","29,000","-24,000"
"=""066810""",和碩統一51購01  ,0,0,0,"3,000","27,000","-24,000","3,000","27,000","-24,000"
"=""066920""",健鼎群益4B購01  ,0,0,0,"66,000","90,000","-24,000","66,000","90,000","-24,000"
"=""067377""",鴻海富邦49購03  ,0,0,0,"1,000","25,000","-24,000","1,000","25,000","-24,000"
"=""067977""",台達電統一51購01,0,0,0,"50,000","74,000","-24,000","50,000","74,000","-24,000"
"=""068130""",華城兆豐4A購01  ,0,0,0,"1,000","25,000","-24,000","1,000","25,000","-24,000"
"=""068550""",創意兆豐48購02  ,0,0,0,"33,000","57,000","-24,000","33,000","57,000","-24,000"
"=""069151""",亞翔群益48購02  ,0,0,0,"8,000","32,000","-24,000","8,000","32,000","-24,000"
"=""069473""",聯發科元大4C購05,0,0,0,0,"24,000","-24,000",0,"24,000","-24,000"
"=""069612""",羅昇統一52購02  ,0,0,0,"40,000","64,000","-24,000","40,000","64,000","-24,000"
"=""069834""",鴻海群益62購01  ,0,0,0,"55,000","79,000","-24,000","55,000","79,000","-24,000"
"=""070422""",晟銘電國票49購03,0,0,0,"141,000","165,000","-24,000","141,000","165,000","-24,000"
"=""070690""",皇昌統一52購04  ,0,0,0,0,"24,000","-24,000",0,"24,000","-24,000"
"=""072305""",亞翔元富49購02  ,0,0,0,0,"24,000","-24,000",0,"24,000","-24,000"
"=""073201""",精元群益4A購01  ,0,0,0,"6,000","30,000","-24,000","6,000","30,000","-24,000"
"=""074507""",台積電凱基49購21,0,0,0,0,"24,000","-24,000",0,"24,000","-24,000"
"=""076375""",富華新元大49購06,0,0,0,0,"24,000","-24,000",0,"24,000","-24,000"
"=""076524""",慧洋元大49購20  ,0,0,0,"8,000","32,000","-24,000","8,000","32,000","-24,000"
"=""076975""",奇鋐國票4C購01  ,0,0,0,"33,000","57,000","-24,000","33,000","57,000","-24,000"
2905  ,三商            ,"12,000","35,321","-23,321",0,0,0,"12,000","35,321","-23,321"
"=""00693U""",期街口S&P黃豆   ,0,0,0,"3,000","26,187","-23,187","3,000","26,187","-23,187"
"=""03440T""",臺股指群益3B售02,0,0,0,0,"23,000","-23,000",0,"23,000","-23,000"
"=""042114""",大同國票54購01  ,0,0,0,"2,000","25,000","-23,000","2,000","25,000","-23,000"
"=""051132""",玉晶光凱基43購09,0,0,0,"6,000","29,000","-23,000","6,000","29,000","-23,000"
"=""05154T""",漢唐元富36售02  ,0,0,0,0,"23,000","-23,000",0,"23,000","-23,000"
"=""05205T""",華城永豐38售04  ,0,0,0,"267,000","290,000","-23,000","267,000","290,000","-23,000"
"=""053994""",建準統一4A購01  ,0,0,0,0,"23,000","-23,000",0,"23,000","-23,000"
"=""056584""",世芯元大45購08  ,0,0,0,0,"23,000","-23,000",0,"23,000","-23,000"
"=""05888T""",緯穎凱基37售14  ,0,0,0,0,"23,000","-23,000",0,"23,000","-23,000"
"=""059356""",正崴元大45購05  ,0,0,0,"6,000","29,000","-23,000","6,000","29,000","-23,000"
"=""059566""",長榮元大45購27  ,0,0,0,0,"23,000","-23,000",0,"23,000","-23,000"
"=""059731""",世紀鋼群益45購08,0,0,0,"7,000","30,000","-23,000","7,000","30,000","-23,000"
"=""060191""",日月光元大49購03,0,0,0,"4,000","27,000","-23,000","4,000","27,000","-23,000"
"=""060921""",材料國泰48購01  ,0,0,0,0,"23,000","-23,000",0,"23,000","-23,000"
"=""061487""",緯穎元大49購04  ,0,0,0,0,"23,000","-23,000",0,"23,000","-23,000"
"=""062144""",士電富邦48購01  ,0,0,0,"10,000","33,000","-23,000","10,000","33,000","-23,000"
"=""062179""",上銀永豐47購02  ,0,0,0,0,"23,000","-23,000",0,"23,000","-23,000"
"=""062339""",大立光元大46購08,0,0,0,"38,000","61,000","-23,000","38,000","61,000","-23,000"
"=""062618""",世芯兆豐46購02  ,0,0,0,"25,000","48,000","-23,000","25,000","48,000","-23,000"
"=""062955""",鴻海元大46購23  ,0,0,0,"50,000","73,000","-23,000","50,000","73,000","-23,000"
"=""063643""",宇隆元大46購04  ,0,0,0,0,"23,000","-23,000",0,"23,000","-23,000"
"=""063651""",鴻準元大46購26  ,0,0,0,"304,000","327,000","-23,000","304,000","327,000","-23,000"
"=""065083""",華城統一43購01  ,0,0,0,"172,000","195,000","-23,000","172,000","195,000","-23,000"
"=""065204""",東哥凱基49購01  ,0,0,0,"170,000","193,000","-23,000","170,000","193,000","-23,000"
"=""065509""",訊芯永豐51購01  ,0,0,0,"192,000","215,000","-23,000","192,000","215,000","-23,000"
"=""065865""",陽明永豐51購02  ,0,0,0,0,"23,000","-23,000",0,"23,000","-23,000"
"=""066081""",直得富邦48購01  ,0,0,0,0,"23,000","-23,000",0,"23,000","-23,000"
"=""066452""",華通元大51購02  ,0,0,0,0,"23,000","-23,000",0,"23,000","-23,000"
"=""066578""",所羅門元富57購01,0,0,0,"8,000","31,000","-23,000","8,000","31,000","-23,000"
"=""067325""",鴻海元大47購17  ,0,0,0,"157,000","180,000","-23,000","157,000","180,000","-23,000"
"=""067553""",臺股指群益47購01,0,0,0,"1,000","24,000","-23,000","1,000","24,000","-23,000"
"=""068301""",鴻海元大4B購02  ,0,0,0,0,"23,000","-23,000",0,"23,000","-23,000"
"=""069156""",大成鋼統一52購02,0,0,0,"12,000","35,000","-23,000","12,000","35,000","-23,000"
"=""069389""",台積電統一54購02,0,0,0,"1,000","24,000","-23,000","1,000","24,000","-23,000"
"=""069902""",台積電元大48購42,0,0,0,0,"23,000","-23,000",0,"23,000","-23,000"
"=""069980""",材料統一52購03  ,0,0,0,"30,000","53,000","-23,000","30,000","53,000","-23,000"
"=""070545""",京元電群益4A購03,0,0,0,0,"23,000","-23,000",0,"23,000","-23,000"
"=""071981""",日月光元富48購02,0,0,0,"57,000","80,000","-23,000","57,000","80,000","-23,000"
"=""072726""",大成鋼元大52購01,0,0,0,"77,000","100,000","-23,000","77,000","100,000","-23,000"
"=""072959""",大成鋼元大49購02,0,0,0,0,"23,000","-23,000",0,"23,000","-23,000"
"=""073405""",世紀鋼元大4A購01,0,0,0,0,"23,000","-23,000",0,"23,000","-23,000"
"=""074055""",友達凱基49購01  ,0,0,0,0,"23,000","-23,000",0,"23,000","-23,000"
"=""074725""",台積電國票49購06,0,0,0,0,"23,000","-23,000",0,"23,000","-23,000"
"=""074861""",碩天統一55購01  ,0,0,0,"48,000","71,000","-23,000","48,000","71,000","-23,000"
"=""075583""",慧洋元大4C購04  ,0,0,0,"34,000","57,000","-23,000","34,000","57,000","-23,000"
"=""076026""",臺股指元大51購03,0,0,0,"12,000","35,000","-23,000","12,000","35,000","-23,000"
"=""076067""",玉晶光統一53購02,0,0,0,"111,000","134,000","-23,000","111,000","134,000","-23,000"
"=""076241""",華固永豐4A購01  ,0,0,0,0,"23,000","-23,000",0,"23,000","-23,000"
"=""08427U""",臺股指元大34售40,0,0,0,0,"23,000","-23,000",0,"23,000","-23,000"
"=""04006T""",晟銘電群益34售02,0,0,0,0,"22,000","-22,000",0,"22,000","-22,000"
"=""04093T""",臺股指凱基3A售13,0,0,0,0,"22,000","-22,000",0,"22,000","-22,000"
"=""04167P""",台積電凱基3A售02,0,0,0,"1,000","23,000","-22,000","1,000","23,000","-22,000"
"=""04268T""",台光電國泰37售01,0,0,0,"9,000","31,000","-22,000","9,000","31,000","-22,000"
"=""04348T""",緯穎元富38售03  ,0,0,0,0,"22,000","-22,000",0,"22,000","-22,000"
"=""043856""",士電凱基55購03  ,0,0,0,"10,000","32,000","-22,000","10,000","32,000","-22,000"
"=""04623T""",智邦元大35售02  ,0,0,0,0,"22,000","-22,000",0,"22,000","-22,000"
"=""047915""",世芯凱基45購04  ,0,0,0,"17,000","39,000","-22,000","17,000","39,000","-22,000"
"=""048977""",材料元大48購01  ,0,0,0,0,"22,000","-22,000",0,"22,000","-22,000"
"=""051375""",中信金元大48購02,0,0,0,"248,000","270,000","-22,000","248,000","270,000","-22,000"
"=""052299""",正文國票46購01  ,0,0,0,0,"22,000","-22,000",0,"22,000","-22,000"
"=""053000""",達發元富4A購01  ,0,0,0,"400,000","422,000","-22,000","400,000","422,000","-22,000"
"=""053489""",元石油國票45購01,0,0,0,0,"22,000","-22,000",0,"22,000","-22,000"
"=""054365""",上銀統一4A購03  ,0,0,0,0,"22,000","-22,000",0,"22,000","-22,000"
"=""05505T""",臺股指元大3A售11,0,0,0,0,"22,000","-22,000",0,"22,000","-22,000"
"=""055720""",元債2X元富42購01,0,0,0,"20,000","42,000","-22,000","20,000","42,000","-22,000"
"=""057550""",嘉澤元大45購06  ,0,0,0,0,"22,000","-22,000",0,"22,000","-22,000"
"=""058174""",中石化中信45購01,0,0,0,"60,000","82,000","-22,000","60,000","82,000","-22,000"
"=""058859""",零壹凱基47購01  ,0,0,0,0,"22,000","-22,000",0,"22,000","-22,000"
"=""05893T""",道瓊2X元大3A售01,0,0,0,0,"22,000","-22,000",0,"22,000","-22,000"
"=""059595""",正崴中信47購01  ,0,0,0,0,"22,000","-22,000",0,"22,000","-22,000"
"=""05997T""",群臺2X永豐39售01,0,0,0,0,"22,000","-22,000",0,"22,000","-22,000"
"=""062358""",臺股指元大49購11,0,0,0,0,"22,000","-22,000",0,"22,000","-22,000"
"=""062724""",聯發科元富47購07,0,0,0,"8,000","30,000","-22,000","8,000","30,000","-22,000"
"=""063348""",智邦凱基48購04  ,0,0,0,"25,000","47,000","-22,000","25,000","47,000","-22,000"
"=""063742""",興富發國票47購02,0,0,0,0,"22,000","-22,000",0,"22,000","-22,000"
"=""063975""",碩天富邦4A購01  ,0,0,0,"149,000","171,000","-22,000","149,000","171,000","-22,000"
"=""064098""",大成鋼群益46購05,0,0,0,0,"22,000","-22,000",0,"22,000","-22,000"
"=""064648""",洋基台新46購02  ,0,0,0,0,"22,000","-22,000",0,"22,000","-22,000"
"=""065078""",華城統一3B購02  ,0,0,0,"31,000","53,000","-22,000","31,000","53,000","-22,000"
"=""065139""",威盛群益47購05  ,0,0,0,"90,000","112,000","-22,000","90,000","112,000","-22,000"
"=""065345""",長榮航國泰48購03,0,0,0,"44,000","66,000","-22,000","44,000","66,000","-22,000"
"=""066674""",鴻海凱基47購19  ,0,0,0,"53,000","75,000","-22,000","53,000","75,000","-22,000"
"=""067016""",愛普凱基47購06  ,0,0,0,0,"22,000","-22,000",0,"22,000","-22,000"
"=""067034""",一詮台新47購01  ,0,0,0,0,"22,000","-22,000",0,"22,000","-22,000"
"=""067759""",台塑統一51購08  ,0,0,0,0,"22,000","-22,000",0,"22,000","-22,000"
"=""068165""",創意統一52購03  ,0,0,0,"104,000","126,000","-22,000","104,000","126,000","-22,000"
"=""068455""",永道凱基48購01  ,0,0,0,0,"22,000","-22,000",0,"22,000","-22,000"
"=""068949""",昇陽半元大48購03,0,0,0,0,"22,000","-22,000",0,"22,000","-22,000"
"=""069135""",萬海群益4A購05  ,0,0,0,"2,000","24,000","-22,000","2,000","24,000","-22,000"
"=""069789""",美律統一52購01  ,0,0,0,0,"22,000","-22,000",0,"22,000","-22,000"
"=""071453""",毅嘉統一51購02  ,0,0,0,"20,000","42,000","-22,000","20,000","42,000","-22,000"
"=""071475""",台塑化統一52購01,0,0,0,0,"22,000","-22,000",0,"22,000","-22,000"
"=""071495""",華城統一46購01  ,0,0,0,"10,000","32,000","-22,000","10,000","32,000","-22,000"
"=""072094""",華孚中信48購01  ,0,0,0,"155,000","177,000","-22,000","155,000","177,000","-22,000"
"=""072277""",鈺齊元大48購03  ,0,0,0,"1,000","23,000","-22,000","1,000","23,000","-22,000"
"=""072350""",富華新統一52購01,0,0,0,"1,000","23,000","-22,000","1,000","23,000","-22,000"
"=""072398""",華新國泰49購02  ,0,0,0,"11,000","33,000","-22,000","11,000","33,000","-22,000"
"=""072612""",欣興永豐49購02  ,0,0,0,"488,000","510,000","-22,000","488,000","510,000","-22,000"
"=""072674""",中鋼國票4B購01  ,0,0,0,0,"22,000","-22,000",0,"22,000","-22,000"
"=""073413""",神達富邦4A購02  ,0,0,0,0,"22,000","-22,000",0,"22,000","-22,000"
"=""073435""",所羅門第一49購02,0,0,0,0,"22,000","-22,000",0,"22,000","-22,000"
"=""073846""",大同元大49購01  ,0,0,0,0,"22,000","-22,000",0,"22,000","-22,000"
"=""074083""",科妍群益4B購01  ,0,0,0,"32,000","54,000","-22,000","32,000","54,000","-22,000"
"=""075980""",穎崴群益49購03  ,0,0,0,"87,000","109,000","-22,000","87,000","109,000","-22,000"
"=""076105""",大銀群益49購04  ,0,0,0,0,"22,000","-22,000",0,"22,000","-22,000"
"=""077112""",旺宏元大49購08  ,0,0,0,0,"22,000","-22,000",0,"22,000","-22,000"
"=""077366""",臺股指群益54購07,0,0,0,0,"22,000","-22,000",0,"22,000","-22,000"
"=""07846U""",台灣50元大33售06,0,0,0,"18,000","40,000","-22,000","18,000","40,000","-22,000"
"=""07859U""",台灣50凱基33售07,0,0,0,0,"22,000","-22,000",0,"22,000","-22,000"
6873  ,泓德能源        ,0,"22,000","-22,000",0,0,0,0,"22,000","-22,000"
"=""00763U""",期街口道瓊銅    ,0,0,0,"5,000","26,400","-21,400","5,000","26,400","-21,400"
"=""03620B""",臺股指元大36熊09,0,0,0,"5,000","26,000","-21,000","5,000","26,000","-21,000"
"=""04415T""",緯創元大35售20  ,0,0,0,"5,000","26,000","-21,000","5,000","26,000","-21,000"
"=""04920T""",香港2X國票39售03,0,0,0,"4,000","25,000","-21,000","4,000","25,000","-21,000"
"=""052207""",鴻海元富46購02  ,0,0,0,"10,000","31,000","-21,000","10,000","31,000","-21,000"
"=""052713""",毅嘉國票46購01  ,0,0,0,"100,000","121,000","-21,000","100,000","121,000","-21,000"
"=""054278""",凱基金元大47購03,0,0,0,"124,000","145,000","-21,000","124,000","145,000","-21,000"
"=""055118""",祥碩元大44購02  ,0,0,0,0,"21,000","-21,000",0,"21,000","-21,000"
"=""056738""",樺漢群益46購01  ,0,0,0,0,"21,000","-21,000",0,"21,000","-21,000"
"=""057395""",祥碩統一4B購01  ,0,0,0,0,"21,000","-21,000",0,"21,000","-21,000"
"=""057714""",台積電元大48購06,0,0,0,0,"21,000","-21,000",0,"21,000","-21,000"
"=""057826""",鴻準永豐45購03  ,0,0,0,"50,000","71,000","-21,000","50,000","71,000","-21,000"
"=""058276""",聯電元大45購06  ,0,0,0,0,"21,000","-21,000",0,"21,000","-21,000"
"=""05848T""",友達元富37售03  ,0,0,0,0,"21,000","-21,000",0,"21,000","-21,000"
"=""05898T""",智原群益39售03  ,0,0,0,"20,000","41,000","-21,000","20,000","41,000","-21,000"
"=""059426""",偉訓群益4B購01  ,0,0,0,"40,000","61,000","-21,000","40,000","61,000","-21,000"
"=""059512""",采鈺永豐45購01  ,0,0,0,"3,000","24,000","-21,000","3,000","24,000","-21,000"
"=""061975""",陽明凱基46購04  ,0,0,0,"85,000","106,000","-21,000","85,000","106,000","-21,000"
"=""063112""",世紀鋼中信47購01,0,0,0,"10,000","31,000","-21,000","10,000","31,000","-21,000"
"=""063119""",聯電凱基47購02  ,0,0,0,0,"21,000","-21,000",0,"21,000","-21,000"
"=""063180""",川湖群益46購14  ,0,0,0,"20,000","41,000","-21,000","20,000","41,000","-21,000"
"=""063214""",S&P反1元大56購01,0,0,0,0,"21,000","-21,000",0,"21,000","-21,000"
"=""064062""",大立光元大46購19,0,0,0,0,"21,000","-21,000",0,"21,000","-21,000"
"=""064517""",緯創統一43購01  ,0,0,0,"68,000","89,000","-21,000","68,000","89,000","-21,000"
"=""064518""",緯創統一44購01  ,0,0,0,"15,000","36,000","-21,000","15,000","36,000","-21,000"
"=""064522""",群創群益46購02  ,0,0,0,"4,000","25,000","-21,000","4,000","25,000","-21,000"
"=""064773""",華城元富47購02  ,0,0,0,"71,000","92,000","-21,000","71,000","92,000","-21,000"
"=""064982""",劍麟元富51購01  ,0,0,0,"14,000","35,000","-21,000","14,000","35,000","-21,000"
"=""064986""",仲琦元富49購02  ,0,0,0,"19,000","40,000","-21,000","19,000","40,000","-21,000"
"=""065152""",大立光群益47購06,0,0,0,0,"21,000","-21,000",0,"21,000","-21,000"
"=""065442""",世芯元大47購12  ,0,0,0,0,"21,000","-21,000",0,"21,000","-21,000"
"=""065771""",雲豹元大47購01  ,0,0,0,"15,000","36,000","-21,000","15,000","36,000","-21,000"
"=""065885""",三芳凱基47購01  ,0,0,0,0,"21,000","-21,000",0,"21,000","-21,000"
"=""067207""",國泰金凱基47購02,0,0,0,"105,000","126,000","-21,000","105,000","126,000","-21,000"
"=""067780""",宏�眥窶�48購02  ,0,0,0,0,"21,000","-21,000",0,"21,000","-21,000"
"=""068076""",華擎群益3B購01  ,0,0,0,0,"21,000","-21,000",0,"21,000","-21,000"
"=""068211""",元日2X群益51購01,0,0,0,0,"21,000","-21,000",0,"21,000","-21,000"
"=""068881""",羅昇永豐48購02  ,0,0,0,"9,000","30,000","-21,000","9,000","30,000","-21,000"
"=""069028""",台積電永豐49購13,0,0,0,"129,000","150,000","-21,000","129,000","150,000","-21,000"
"=""069911""",漢翔元大48購01  ,0,0,0,0,"21,000","-21,000",0,"21,000","-21,000"
"=""069997""",長榮永豐51購01  ,0,0,0,"13,000","34,000","-21,000","13,000","34,000","-21,000"
"=""070701""",亞翔統一52購03  ,0,0,0,0,"21,000","-21,000",0,"21,000","-21,000"
"=""071669""",台郡凱基49購02  ,0,0,0,0,"21,000","-21,000",0,"21,000","-21,000"
"=""072508""",臺股指元大48購30,0,0,0,0,"21,000","-21,000",0,"21,000","-21,000"
"=""073376""",華邦電元大49購01,0,0,0,"4,000","25,000","-21,000","4,000","25,000","-21,000"
"=""074109""",貿聯群益49購02  ,0,0,0,"64,000","85,000","-21,000","64,000","85,000","-21,000"
"=""074624""",FBNQ2X凱基49購06,0,0,0,"44,000","65,000","-21,000","44,000","65,000","-21,000"
"=""074675""",威盛群益49購01  ,0,0,0,"10,000","31,000","-21,000","10,000","31,000","-21,000"
"=""074855""",聯發科國票49購03,0,0,0,0,"21,000","-21,000",0,"21,000","-21,000"
"=""075088""",微星國票4A購03  ,0,0,0,0,"21,000","-21,000",0,"21,000","-21,000"
"=""075271""",上銀國票4A購01  ,0,0,0,"130,000","151,000","-21,000","130,000","151,000","-21,000"
"=""075616""",鴻海群益52購01  ,0,0,0,"9,000","30,000","-21,000","9,000","30,000","-21,000"
"=""075758""",慧洋群益49購08  ,0,0,0,0,"21,000","-21,000",0,"21,000","-21,000"
"=""075772""",富世達群益49購03,0,0,0,"121,000","142,000","-21,000","121,000","142,000","-21,000"
"=""075965""",漢翔群益4A購02  ,0,0,0,0,"21,000","-21,000",0,"21,000","-21,000"
"=""075991""",鴻海元大49購06  ,0,0,0,0,"21,000","-21,000",0,"21,000","-21,000"
"=""076182""",緯穎凱基51購02  ,0,0,0,"33,000","54,000","-21,000","33,000","54,000","-21,000"
"=""076197""",上銀元大49購11  ,0,0,0,"37,000","58,000","-21,000","37,000","58,000","-21,000"
"=""076284""",統一凱基49購02  ,0,0,0,0,"21,000","-21,000",0,"21,000","-21,000"
"=""076335""",元債2X國票51購01,0,0,0,"3,000","24,000","-21,000","3,000","24,000","-21,000"
"=""076718""",漢翔元大49購08  ,0,0,0,"3,000","24,000","-21,000","3,000","24,000","-21,000"
"=""076943""",台積電永豐53購02,0,0,0,"100,000","121,000","-21,000","100,000","121,000","-21,000"
2540  ,愛山林          ,0,"21,000","-21,000",0,0,0,0,"21,000","-21,000"
8473  ,山林水          ,0,"21,000","-21,000",0,0,0,0,"21,000","-21,000"
1710  ,東聯            ,"1,000","21,752","-20,752",0,0,0,"1,000","21,752","-20,752"
1722  ,台肥            ,0,"20,000","-20,000","1,000","1,407",-407,"1,000","21,407","-20,407"
3014  ,聯陽            ,"7,000","4,336","2,664","5,000","28,000","-23,000","12,000","32,336","-20,336"
3032  ,偉訓            ,"39,000","6,069","32,931","5,000","58,000","-53,000","44,000","64,069","-20,069"
6505  ,台塑化          ,"1,000","21,512","-20,512","5,000","4,501",499,"6,000","26,013","-20,013"
"=""03160T""",奇鋐元大34售06  ,0,0,0,0,"20,000","-20,000",0,"20,000","-20,000"
"=""03243T""",緯穎群益39售01  ,0,0,0,0,"20,000","-20,000",0,"20,000","-20,000"
"=""03248T""",中興電凱基33售06,0,0,0,0,"20,000","-20,000",0,"20,000","-20,000"
"=""03257T""",嘉澤元富33售01  ,0,0,0,0,"20,000","-20,000",0,"20,000","-20,000"
"=""03303T""",健鼎國票34售01  ,0,0,0,0,"20,000","-20,000",0,"20,000","-20,000"
"=""03306T""",元油反元大33售04,0,0,0,0,"20,000","-20,000",0,"20,000","-20,000"
"=""03572T""",大立光凱基33售10,0,0,0,0,"20,000","-20,000",0,"20,000","-20,000"
"=""03722T""",臺股指元大36售30,0,0,0,0,"20,000","-20,000",0,"20,000","-20,000"
"=""03750T""",聯發科富邦38售02,0,0,0,0,"20,000","-20,000",0,"20,000","-20,000"
"=""03753T""",光罩國票35售01  ,0,0,0,0,"20,000","-20,000",0,"20,000","-20,000"
"=""038711""",世芯國泰55購02  ,0,0,0,0,"20,000","-20,000",0,"20,000","-20,000"
"=""03937T""",緯穎元大34售17  ,0,0,0,0,"20,000","-20,000",0,"20,000","-20,000"
"=""03941T""",創意國票35售05  ,0,0,0,0,"20,000","-20,000",0,"20,000","-20,000"
"=""04060T""",台積電元大34售71,0,0,0,0,"20,000","-20,000",0,"20,000","-20,000"
"=""04123T""",緯創群益3A售01  ,0,0,0,0,"20,000","-20,000",0,"20,000","-20,000"
"=""041460""",富世達永豐55購02,0,0,0,"100,000","120,000","-20,000","100,000","120,000","-20,000"
"=""04165T""",晶豪科國票36售01,0,0,0,0,"20,000","-20,000",0,"20,000","-20,000"
"=""04218T""",緯創元大35售13  ,0,0,0,0,"20,000","-20,000",0,"20,000","-20,000"
"=""042368""",華新科元大54購11,0,0,0,0,"20,000","-20,000",0,"20,000","-20,000"
"=""04341T""",台積電凱基35售28,0,0,0,"50,000","70,000","-20,000","50,000","70,000","-20,000"
"=""04398T""",中砂凱基36售02  ,0,0,0,"20,000","40,000","-20,000","20,000","40,000","-20,000"
"=""044392""",奇鋐永豐56購13  ,0,0,0,0,"20,000","-20,000",0,"20,000","-20,000"
"=""044772""",亞翔元大55購07  ,0,0,0,"10,000","30,000","-20,000","10,000","30,000","-20,000"
"=""04520T""",臺股指群益35售49,0,0,0,0,"20,000","-20,000",0,"20,000","-20,000"
"=""045454""",祥碩元大5B購01  ,0,0,0,"50,000","70,000","-20,000","50,000","70,000","-20,000"
"=""045502""",智原國票56購01  ,0,0,0,"1,290,000","1,310,000","-20,000","1,290,000","1,310,000","-20,000"
"=""045679""",T50正2國票43購06,0,0,0,0,"20,000","-20,000",0,"20,000","-20,000"
"=""046303""",潤隆元大45購01  ,0,0,0,0,"20,000","-20,000",0,"20,000","-20,000"
"=""046786""",鴻海台新42購01  ,0,0,0,0,"20,000","-20,000",0,"20,000","-20,000"
"=""047270""",世紀鋼統一4C購01,0,0,0,0,"20,000","-20,000",0,"20,000","-20,000"
"=""047372""",聯發科凱基43購10,0,0,0,0,"20,000","-20,000",0,"20,000","-20,000"
"=""04738T""",嘉澤凱基35售02  ,0,0,0,0,"20,000","-20,000",0,"20,000","-20,000"
"=""047914""",新日興凱基43購06,0,0,0,"61,000","81,000","-20,000","61,000","81,000","-20,000"
"=""048132""",鴻海元大43購42  ,0,0,0,"50,000","70,000","-20,000","50,000","70,000","-20,000"
"=""04837T""",智原群益38售04  ,0,0,0,"10,000","30,000","-20,000","10,000","30,000","-20,000"
"=""04839T""",華通元富36售04  ,0,0,0,0,"20,000","-20,000",0,"20,000","-20,000"
"=""049339""",電子類群益43購02,0,0,0,0,"20,000","-20,000",0,"20,000","-20,000"
"=""050269""",長華凱基43購04  ,0,0,0,0,"20,000","-20,000",0,"20,000","-20,000"
"=""050391""",建漢永豐45購01  ,0,0,0,0,"20,000","-20,000",0,"20,000","-20,000"
"=""050889""",致伸元大43購02  ,0,0,0,0,"20,000","-20,000",0,"20,000","-20,000"
"=""051009""",宏�眥禤�45購02  ,0,0,0,0,"20,000","-20,000",0,"20,000","-20,000"
"=""05137T""",大聯大凱基36售05,0,0,0,0,"20,000","-20,000",0,"20,000","-20,000"
"=""051419""",士電兆豐45購01  ,0,0,0,0,"20,000","-20,000",0,"20,000","-20,000"
"=""051752""",所羅門元富46購01,0,0,0,0,"20,000","-20,000",0,"20,000","-20,000"
"=""051969""",威盛元大43購16  ,0,0,0,0,"20,000","-20,000",0,"20,000","-20,000"
"=""052155""",天鈺元大43購02  ,0,0,0,0,"20,000","-20,000",0,"20,000","-20,000"
"=""052421""",京鼎元大43購09  ,0,0,0,"80,000","100,000","-20,000","80,000","100,000","-20,000"
"=""052465""",四維航元富4A購01,0,0,0,0,"20,000","-20,000",0,"20,000","-20,000"
"=""052528""",台玻群益46購01  ,0,0,0,0,"20,000","-20,000",0,"20,000","-20,000"
"=""052818""",台汽電群益47購01,0,0,0,"9,000","29,000","-20,000","9,000","29,000","-20,000"
"=""053285""",辛耘中信46購01  ,0,0,0,0,"20,000","-20,000",0,"20,000","-20,000"
"=""053377""",辛耘國泰46購01  ,0,0,0,0,"20,000","-20,000",0,"20,000","-20,000"
"=""05348T""",華城元大36售11  ,0,0,0,0,"20,000","-20,000",0,"20,000","-20,000"
"=""053946""",中信金兆豐44購02,0,0,0,0,"20,000","-20,000",0,"20,000","-20,000"
"=""053954""",滬深2X永豐44購10,0,0,0,0,"20,000","-20,000",0,"20,000","-20,000"
"=""054053""",嘉澤元大4A購01  ,0,0,0,0,"20,000","-20,000",0,"20,000","-20,000"
"=""05407T""",玉晶光第一38售02,0,0,0,0,"20,000","-20,000",0,"20,000","-20,000"
"=""054280""",奇鋐元大44購04  ,0,0,0,"50,000","70,000","-20,000","50,000","70,000","-20,000"
"=""054615""",臺股指群益45購11,0,0,0,0,"20,000","-20,000",0,"20,000","-20,000"
"=""054728""",華碩國泰46購01  ,0,0,0,0,"20,000","-20,000",0,"20,000","-20,000"
"=""054977""",大銀元富44購01  ,0,0,0,0,"20,000","-20,000",0,"20,000","-20,000"
"=""055065""",矽統群益44購02  ,0,0,0,0,"20,000","-20,000",0,"20,000","-20,000"
"=""05509T""",智邦群益37售03  ,0,0,0,0,"20,000","-20,000",0,"20,000","-20,000"
"=""05525T""",健策中信38售01  ,0,0,0,"85,000","105,000","-20,000","85,000","105,000","-20,000"
"=""055394""",川湖台新44購01  ,0,0,0,"13,000","33,000","-20,000","13,000","33,000","-20,000"
"=""055522""",一詮國票47購01  ,0,0,0,"2,000","22,000","-20,000","2,000","22,000","-20,000"
"=""055638""",訊芯國票45購08  ,0,0,0,0,"20,000","-20,000",0,"20,000","-20,000"
"=""055782""",智邦永豐44購01  ,0,0,0,0,"20,000","-20,000",0,"20,000","-20,000"
"=""05597T""",台灣50元大38售08,0,0,0,0,"20,000","-20,000",0,"20,000","-20,000"
"=""056349""",陽明凱基47購01  ,0,0,0,0,"20,000","-20,000",0,"20,000","-20,000"
"=""056511""",藍天凱基45購04  ,0,0,0,"112,000","132,000","-20,000","112,000","132,000","-20,000"
"=""056524""",裕慶凱基45購01  ,0,0,0,0,"20,000","-20,000",0,"20,000","-20,000"
"=""056531""",台積電永豐47購11,0,0,0,0,"20,000","-20,000",0,"20,000","-20,000"
"=""056537""",長榮永豐46購04  ,0,0,0,"10,000","30,000","-20,000","10,000","30,000","-20,000"
"=""056547""",台灣50元大4A購02,0,0,0,"26,000","46,000","-20,000","26,000","46,000","-20,000"
"=""056794""",健策國票46購02  ,0,0,0,0,"20,000","-20,000",0,"20,000","-20,000"
"=""056941""",亞翔群益45購01  ,0,0,0,"9,000","29,000","-20,000","9,000","29,000","-20,000"
"=""057055""",上証2X元大48購02,0,0,0,0,"20,000","-20,000",0,"20,000","-20,000"
"=""057057""",滬深2X元大49購03,0,0,0,0,"20,000","-20,000",0,"20,000","-20,000"
"=""057250""",乙盛元富48購01  ,0,0,0,0,"20,000","-20,000",0,"20,000","-20,000"
"=""057256""",華城國票46購03  ,0,0,0,0,"20,000","-20,000",0,"20,000","-20,000"
"=""057484""",立積國票45購01  ,0,0,0,"70,000","90,000","-20,000","70,000","90,000","-20,000"
"=""057551""",健策元大45購04  ,0,0,0,"30,000","50,000","-20,000","30,000","50,000","-20,000"
"=""057853""",陽明凱基45購05  ,0,0,0,0,"20,000","-20,000",0,"20,000","-20,000"
"=""057976""",嘉澤群益45購04  ,0,0,0,0,"20,000","-20,000",0,"20,000","-20,000"
"=""058132""",智邦群益47購01  ,0,0,0,0,"20,000","-20,000",0,"20,000","-20,000"
"=""058211""",漢唐元富45購01  ,0,0,0,0,"20,000","-20,000",0,"20,000","-20,000"
"=""058217""",康舒元富45購01  ,0,0,0,"12,000","32,000","-20,000","12,000","32,000","-20,000"
"=""058281""",鴻準元大46購03  ,0,0,0,"10,000","30,000","-20,000","10,000","30,000","-20,000"
"=""058329""",日電貿群益46購01,0,0,0,0,"20,000","-20,000",0,"20,000","-20,000"
"=""058417""",晶睿富邦45購01  ,0,0,0,0,"20,000","-20,000",0,"20,000","-20,000"
"=""058420""",材料富邦47購02  ,0,0,0,0,"20,000","-20,000",0,"20,000","-20,000"
"=""058448""",大立光永豐45購04,0,0,0,0,"20,000","-20,000",0,"20,000","-20,000"
"=""058770""",鴻準元大45購18  ,0,0,0,0,"20,000","-20,000",0,"20,000","-20,000"
"=""05881T""",臺股指富邦38售19,0,0,0,0,"20,000","-20,000",0,"20,000","-20,000"
"=""05882T""",香港2X凱基3B售02,0,0,0,0,"20,000","-20,000",0,"20,000","-20,000"
"=""058880""",華城元大45購05  ,0,0,0,"38,000","58,000","-20,000","38,000","58,000","-20,000"
"=""058924""",美時群益45購01  ,0,0,0,0,"20,000","-20,000",0,"20,000","-20,000"
"=""05911T""",台勝科凱基37售06,0,0,0,0,"20,000","-20,000",0,"20,000","-20,000"
"=""059140""",SGBR2X群益45購03,0,0,0,0,"20,000","-20,000",0,"20,000","-20,000"
"=""05920T""",華城永豐39售02  ,0,0,0,0,"20,000","-20,000",0,"20,000","-20,000"
"=""059262""",臺股指凱基48購04,0,0,0,0,"20,000","-20,000",0,"20,000","-20,000"
"=""059287""",緯穎永豐47購02  ,0,0,0,0,"20,000","-20,000",0,"20,000","-20,000"
"=""059526""",智邦凱基46購05  ,0,0,0,0,"20,000","-20,000",0,"20,000","-20,000"
"=""05966T""",美時群益38售01  ,0,0,0,0,"20,000","-20,000",0,"20,000","-20,000"
"=""059675""",大同凱基45購02  ,0,0,0,0,"20,000","-20,000",0,"20,000","-20,000"
"=""060035""",日電貿台新46購01,0,0,0,"19,000","39,000","-20,000","19,000","39,000","-20,000"
"=""060105""",鴻準富邦47購03  ,0,0,0,0,"20,000","-20,000",0,"20,000","-20,000"
"=""060174""",元日2X凱基3A購01,0,0,0,0,"20,000","-20,000",0,"20,000","-20,000"
"=""060179""",長榮元大46購01  ,0,0,0,0,"20,000","-20,000",0,"20,000","-20,000"
"=""060213""",台泥凱基47購02  ,0,0,0,0,"20,000","-20,000",0,"20,000","-20,000"
"=""060219""",友訊凱基46購01  ,0,0,0,"30,000","50,000","-20,000","30,000","50,000","-20,000"
"=""06024T""",聯電元大37售09  ,0,0,0,0,"20,000","-20,000",0,"20,000","-20,000"
"=""060489""",臺股指中信46購09,0,0,0,0,"20,000","-20,000",0,"20,000","-20,000"
"=""060533""",振樺電凱基46購01,0,0,0,0,"20,000","-20,000",0,"20,000","-20,000"
"=""060582""",大同元大46購06  ,0,0,0,0,"20,000","-20,000",0,"20,000","-20,000"
"=""060735""",緯穎群益46購10  ,0,0,0,"40,000","60,000","-20,000","40,000","60,000","-20,000"
"=""060835""",長榮航富邦48購01,0,0,0,0,"20,000","-20,000",0,"20,000","-20,000"
"=""060883""",台積電中信46購02,0,0,0,0,"20,000","-20,000",0,"20,000","-20,000"
"=""060959""",華泰元富46購01  ,0,0,0,0,"20,000","-20,000",0,"20,000","-20,000"
"=""060995""",華航群益47購01  ,0,0,0,"50,000","70,000","-20,000","50,000","70,000","-20,000"
"=""061019""",美時元大46購07  ,0,0,0,0,"20,000","-20,000",0,"20,000","-20,000"
"=""061207""",川湖元大46購05  ,0,0,0,0,"20,000","-20,000",0,"20,000","-20,000"
"=""061389""",川湖群益46購08  ,0,0,0,0,"20,000","-20,000",0,"20,000","-20,000"
"=""061503""",SGBR2X元富46購03,0,0,0,0,"20,000","-20,000",0,"20,000","-20,000"
"=""061575""",達發凱基46購02  ,0,0,0,0,"20,000","-20,000",0,"20,000","-20,000"
"=""061668""",川湖群益46購09  ,0,0,0,"10,000","30,000","-20,000","10,000","30,000","-20,000"
"=""061937""",鴻海永豐46購13  ,0,0,0,0,"20,000","-20,000",0,"20,000","-20,000"
"=""061991""",仁寶台新46購01  ,0,0,0,0,"20,000","-20,000",0,"20,000","-20,000"
"=""061998""",鴻海元富46購08  ,0,0,0,0,"20,000","-20,000",0,"20,000","-20,000"
"=""062001""",長榮元富47購02  ,0,0,0,0,"20,000","-20,000",0,"20,000","-20,000"
"=""062077""",仁寶元大4C購01  ,0,0,0,0,"20,000","-20,000",0,"20,000","-20,000"
"=""062276""",T50反1群益4C購01,0,0,0,0,"20,000","-20,000",0,"20,000","-20,000"
"=""062332""",聯發科元大46購07,0,0,0,0,"20,000","-20,000",0,"20,000","-20,000"
"=""062444""",上証2X群益46購08,0,0,0,0,"20,000","-20,000",0,"20,000","-20,000"
"=""062478""",台塑化群益4A購01,0,0,0,0,"20,000","-20,000",0,"20,000","-20,000"
"=""062482""",寶成群益46購02  ,0,0,0,"10,000","30,000","-20,000","10,000","30,000","-20,000"
"=""062622""",滬深2X中信46購03,0,0,0,0,"20,000","-20,000",0,"20,000","-20,000"
"=""062895""",創意國泰48購02  ,0,0,0,0,"20,000","-20,000",0,"20,000","-20,000"
"=""063120""",華通凱基48購01  ,0,0,0,0,"20,000","-20,000",0,"20,000","-20,000"
"=""063150""",FANG+元富46購01 ,0,0,0,0,"20,000","-20,000",0,"20,000","-20,000"
"=""063155""",金像電元富46購04,0,0,0,0,"20,000","-20,000",0,"20,000","-20,000"
"=""063181""",聯電群益48購02  ,0,0,0,0,"20,000","-20,000",0,"20,000","-20,000"
"=""063322""",微星國票48購01  ,0,0,0,0,"20,000","-20,000",0,"20,000","-20,000"
"=""063546""",FBNQ2X元富4C購01,0,0,0,0,"20,000","-20,000",0,"20,000","-20,000"
"=""063559""",台塑永豐46購03  ,0,0,0,"56,000","76,000","-20,000","56,000","76,000","-20,000"
"=""063576""",元油反凱基48購01,0,0,0,0,"20,000","-20,000",0,"20,000","-20,000"
"=""063773""",裕民元富46購02  ,0,0,0,0,"20,000","-20,000",0,"20,000","-20,000"
"=""063967""",世紀鋼永豐4C購01,0,0,0,0,"20,000","-20,000",0,"20,000","-20,000"
"=""063992""",萬海元富46購03  ,0,0,0,"72,000","92,000","-20,000","72,000","92,000","-20,000"
"=""064331""",昆盈凱基4A購01  ,0,0,0,0,"20,000","-20,000",0,"20,000","-20,000"
"=""064496""",盟立群益49購01  ,0,0,0,0,"20,000","-20,000",0,"20,000","-20,000"
"=""065114""",長榮中信4A購02  ,0,0,0,0,"20,000","-20,000",0,"20,000","-20,000"
"=""065115""",兆豐金中信47購01,0,0,0,0,"20,000","-20,000",0,"20,000","-20,000"
"=""065136""",智邦群益49購02  ,0,0,0,0,"20,000","-20,000",0,"20,000","-20,000"
"=""065144""",大立光群益3B購01,0,0,0,"24,000","44,000","-20,000","24,000","44,000","-20,000"
"=""065223""",道瓊銅凱基51購01,0,0,0,0,"20,000","-20,000",0,"20,000","-20,000"
"=""065512""",泓德永豐48購01  ,0,0,0,0,"20,000","-20,000",0,"20,000","-20,000"
"=""065781""",台積電富邦4B購01,0,0,0,"100,000","120,000","-20,000","100,000","120,000","-20,000"
"=""065807""",京城國票48購01  ,0,0,0,0,"20,000","-20,000",0,"20,000","-20,000"
"=""065895""",鴻海凱基49購04  ,0,0,0,"20,000","40,000","-20,000","20,000","40,000","-20,000"
"=""066027""",怡利電群益47購01,0,0,0,0,"20,000","-20,000",0,"20,000","-20,000"
"=""066310""",南電中信47購01  ,0,0,0,0,"20,000","-20,000",0,"20,000","-20,000"
"=""066579""",陽明元富47購03  ,0,0,0,"276,000","296,000","-20,000","276,000","296,000","-20,000"
"=""066759""",微星元大47購02  ,0,0,0,0,"20,000","-20,000",0,"20,000","-20,000"
"=""066812""",穎崴統一51購01  ,0,0,0,"40,000","60,000","-20,000","40,000","60,000","-20,000"
"=""066858""",鴻海元富4A購03  ,0,0,0,0,"20,000","-20,000",0,"20,000","-20,000"
"=""066926""",和碩群益51購01  ,0,0,0,0,"20,000","-20,000",0,"20,000","-20,000"
"=""067051""",保瑞永豐49購01  ,0,0,0,"10,000","30,000","-20,000","10,000","30,000","-20,000"
"=""067380""",台積電富邦49購06,0,0,0,0,"20,000","-20,000",0,"20,000","-20,000"
"=""067828""",裕慶永豐47購01  ,0,0,0,"20,000","40,000","-20,000","20,000","40,000","-20,000"
"=""067835""",FB越南凱基48購01,0,0,0,0,"20,000","-20,000",0,"20,000","-20,000"
"=""067837""",台塑凱基47購05  ,0,0,0,0,"20,000","-20,000",0,"20,000","-20,000"
"=""067958""",創意永豐4A購01  ,0,0,0,0,"20,000","-20,000",0,"20,000","-20,000"
"=""068040""",創意元大47購01  ,0,0,0,"23,000","43,000","-20,000","23,000","43,000","-20,000"
"=""068129""",台塑兆豐49購01  ,0,0,0,0,"20,000","-20,000",0,"20,000","-20,000"
"=""068132""",力積電兆豐4B購02,0,0,0,0,"20,000","-20,000",0,"20,000","-20,000"
"=""068156""",立隆電統一51購01,0,0,0,0,"20,000","-20,000",0,"20,000","-20,000"
"=""068173""",富世達統一62購02,0,0,0,0,"20,000","-20,000",0,"20,000","-20,000"
"=""068332""",景碩台新48購01  ,0,0,0,"10,000","30,000","-20,000","10,000","30,000","-20,000"
"=""068678""",長榮航永豐4B購02,0,0,0,0,"20,000","-20,000",0,"20,000","-20,000"
"=""068723""",中興電群益4B購02,0,0,0,0,"20,000","-20,000",0,"20,000","-20,000"
"=""069097""",玉晶光元大48購03,0,0,0,0,"20,000","-20,000",0,"20,000","-20,000"
"=""069740""",緯穎富邦48購01  ,0,0,0,0,"20,000","-20,000",0,"20,000","-20,000"
"=""069764""",崇越國票48購01  ,0,0,0,0,"20,000","-20,000",0,"20,000","-20,000"
"=""069929""",同欣電元大48購01,0,0,0,0,"20,000","-20,000",0,"20,000","-20,000"
"=""069938""",日月光中信48購01,0,0,0,0,"20,000","-20,000",0,"20,000","-20,000"
"=""070040""",中砂國票49購03  ,0,0,0,0,"20,000","-20,000",0,"20,000","-20,000"
"=""070150""",聯發科富邦4A購05,0,0,0,0,"20,000","-20,000",0,"20,000","-20,000"
"=""070307""",川湖國泰49購01  ,0,0,0,"74,000","94,000","-20,000","74,000","94,000","-20,000"
"=""070342""",神達元大48購12  ,0,0,0,"9,000","29,000","-20,000","9,000","29,000","-20,000"
"=""070343""",精銳元大48購09  ,0,0,0,"130,000","150,000","-20,000","130,000","150,000","-20,000"
"=""070346""",材料元大51購02  ,0,0,0,0,"20,000","-20,000",0,"20,000","-20,000"
"=""070409""",健策元富48購02  ,0,0,0,0,"20,000","-20,000",0,"20,000","-20,000"
"=""070540""",台塑群益4C購01  ,0,0,0,0,"20,000","-20,000",0,"20,000","-20,000"
"=""070665""",中租凱基48購01  ,0,0,0,0,"20,000","-20,000",0,"20,000","-20,000"
"=""070695""",景碩統一52購01  ,0,0,0,0,"20,000","-20,000",0,"20,000","-20,000"
"=""070713""",勤誠統一58購01  ,0,0,0,0,"20,000","-20,000",0,"20,000","-20,000"
"=""071280""",國企2X元富52購01,0,0,0,0,"20,000","-20,000",0,"20,000","-20,000"
"=""071293""",元債2X凱基43購01,0,0,0,0,"20,000","-20,000",0,"20,000","-20,000"
"=""071389""",台塑化元大48購02,0,0,0,0,"20,000","-20,000",0,"20,000","-20,000"
"=""071633""",迅得台新48購01  ,0,0,0,0,"20,000","-20,000",0,"20,000","-20,000"
"=""071674""",臺股指凱基48購09,0,0,0,0,"20,000","-20,000",0,"20,000","-20,000"
"=""071720""",立積國泰49購03  ,0,0,0,0,"20,000","-20,000",0,"20,000","-20,000"
"=""071832""",友達富邦48購01  ,0,0,0,"15,000","35,000","-20,000","15,000","35,000","-20,000"
"=""071944""",所羅門群益48購04,0,0,0,"1,000","21,000","-20,000","1,000","21,000","-20,000"
"=""071963""",合機元富48購01  ,0,0,0,0,"20,000","-20,000",0,"20,000","-20,000"
"=""072075""",華城群益4C購01  ,0,0,0,0,"20,000","-20,000",0,"20,000","-20,000"
"=""072199""",台積電凱基49購18,0,0,0,0,"20,000","-20,000",0,"20,000","-20,000"
"=""072240""",上銀元大48購22  ,0,0,0,"9,000","29,000","-20,000","9,000","29,000","-20,000"
"=""072407""",東元富邦48購01  ,0,0,0,"10,000","30,000","-20,000","10,000","30,000","-20,000"
"=""073602""",富邦金元富49購01,0,0,0,0,"20,000","-20,000",0,"20,000","-20,000"
"=""073605""",奇鋐元富51購01  ,0,0,0,0,"20,000","-20,000",0,"20,000","-20,000"
"=""073655""",晶豪科統一41購02,0,0,0,0,"20,000","-20,000",0,"20,000","-20,000"
"=""073735""",牧德永豐4B購01  ,0,0,0,0,"20,000","-20,000",0,"20,000","-20,000"
"=""073963""",T50正2國票4C購01,0,0,0,"71,000","91,000","-20,000","71,000","91,000","-20,000"
"=""073985""",鴻海永豐49購11  ,0,0,0,"22,000","42,000","-20,000","22,000","42,000","-20,000"
"=""074002""",美律統一56購01  ,0,0,0,"49,000","69,000","-20,000","49,000","69,000","-20,000"
"=""074112""",迎廣群益4A購01  ,0,0,0,0,"20,000","-20,000",0,"20,000","-20,000"
"=""074182""",世紀鋼中信49購01,0,0,0,0,"20,000","-20,000",0,"20,000","-20,000"
"=""074654""",嘉澤凱基49購02  ,0,0,0,0,"20,000","-20,000",0,"20,000","-20,000"
"=""074905""",昆盈凱基49購01  ,0,0,0,0,"20,000","-20,000",0,"20,000","-20,000"
"=""074912""",新興凱基49購03  ,0,0,0,0,"20,000","-20,000",0,"20,000","-20,000"
"=""075003""",富世達元大49購02,0,0,0,"10,000","30,000","-20,000","10,000","30,000","-20,000"
"=""075053""",鴻海兆豐53購01  ,0,0,0,0,"20,000","-20,000",0,"20,000","-20,000"
"=""075340""",台積電凱基49購25,0,0,0,0,"20,000","-20,000",0,"20,000","-20,000"
"=""075384""",京元電群益51購01,0,0,0,0,"20,000","-20,000",0,"20,000","-20,000"
"=""075799""",台積電元富4A購19,0,0,0,0,"20,000","-20,000",0,"20,000","-20,000"
"=""075804""",群創元富49購06  ,0,0,0,0,"20,000","-20,000",0,"20,000","-20,000"
"=""075810""",中502X元大4C購03,0,0,0,"10,000","30,000","-20,000","10,000","30,000","-20,000"
"=""075884""",漢翔國票4A購02  ,0,0,0,0,"20,000","-20,000",0,"20,000","-20,000"
"=""075903""",新興統一53購01  ,0,0,0,0,"20,000","-20,000",0,"20,000","-20,000"
"=""076361""",訊芯元富44購01  ,0,0,0,0,"20,000","-20,000",0,"20,000","-20,000"
"=""076421""",南亞科凱基4B購02,0,0,0,0,"20,000","-20,000",0,"20,000","-20,000"
"=""076443""",大立光兆豐49購01,0,0,0,0,"20,000","-20,000",0,"20,000","-20,000"
"=""076811""",威盛國票4A購02  ,0,0,0,0,"20,000","-20,000",0,"20,000","-20,000"
"=""077096""",T50正2元大49購08,0,0,0,"61,000","81,000","-20,000","61,000","81,000","-20,000"
"=""077116""",智邦元大49購16  ,0,0,0,0,"20,000","-20,000",0,"20,000","-20,000"
"=""077134""",晟銘電元大4C購01,0,0,0,0,"20,000","-20,000",0,"20,000","-20,000"
"=""077365""",臺股指群益54購06,0,0,0,"30,000","50,000","-20,000","30,000","50,000","-20,000"
"=""077393""",晶碩永豐4C購01  ,0,0,0,0,"20,000","-20,000",0,"20,000","-20,000"
"=""077409""",鴻海台新4A購02  ,0,0,0,0,"20,000","-20,000",0,"20,000","-20,000"
"=""077432""",崇越凱基54購01  ,0,0,0,0,"20,000","-20,000",0,"20,000","-20,000"
"=""07860U""",台灣50凱基34售03,0,0,0,0,"20,000","-20,000",0,"20,000","-20,000"
"=""08051U""",臺股指元大34售25,0,0,0,0,"20,000","-20,000",0,"20,000","-20,000"
"=""08740U""",臺指2X元大38售01,0,0,0,0,"20,000","-20,000",0,"20,000","-20,000"
"=""08820U""",中興電國票33售04,0,0,0,0,"20,000","-20,000",0,"20,000","-20,000"
"=""08856U""",奇鋐凱基33售10  ,0,0,0,0,"20,000","-20,000",0,"20,000","-20,000"
"=""08968U""",緯穎凱基33售09  ,0,0,0,"10,000","30,000","-20,000","10,000","30,000","-20,000"
6937  ,天虹            ,0,"20,000","-20,000",0,0,0,0,"20,000","-20,000"
3013  ,晟銘電          ,"1,327","3,442","-2,115",0,"17,000","-17,000","1,327","20,442","-19,115"
1303  ,南亞            ,"21,000","16,692","4,308","5,000","28,333","-23,333","26,000","45,025","-19,025"
"=""03098T""",奇鋐元大34售04  ,0,0,0,"1,000","20,000","-19,000","1,000","20,000","-19,000"
"=""03226T""",大同群益33售03  ,0,0,0,0,"19,000","-19,000",0,"19,000","-19,000"
"=""03388T""",臺股指群益39售03,0,0,0,0,"19,000","-19,000",0,"19,000","-19,000"
"=""041919""",康舒凱基54購08  ,0,0,0,0,"19,000","-19,000",0,"19,000","-19,000"
"=""050282""",愛普元富44購02  ,0,0,0,0,"19,000","-19,000",0,"19,000","-19,000"
"=""050412""",台達電國票43購02,0,0,0,"187,000","206,000","-19,000","187,000","206,000","-19,000"
"=""053085""",滬深2X中信47購03,0,0,0,"51,000","70,000","-19,000","51,000","70,000","-19,000"
"=""054846""",上証2X元大44購10,0,0,0,0,"19,000","-19,000",0,"19,000","-19,000"
"=""055108""",中信金元大47購02,0,0,0,0,"19,000","-19,000",0,"19,000","-19,000"
"=""055797""",亞翔統一39購01  ,0,0,0,0,"19,000","-19,000",0,"19,000","-19,000"
"=""056500""",T50反1凱基45購05,0,0,0,"1,000","20,000","-19,000","1,000","20,000","-19,000"
"=""05776T""",采鈺群益37售05  ,0,0,0,0,"19,000","-19,000",0,"19,000","-19,000"
"=""05847T""",英業達元富37售02,0,0,0,"20,000","39,000","-19,000","20,000","39,000","-19,000"
"=""058869""",臺股指凱基45購50,0,0,0,0,"19,000","-19,000",0,"19,000","-19,000"
"=""058894""",正崴元大49購01  ,0,0,0,"81,000","100,000","-19,000","81,000","100,000","-19,000"
"=""059357""",漢唐元大48購02  ,0,0,0,"35,000","54,000","-19,000","35,000","54,000","-19,000"
"=""059945""",全訊國票46購01  ,0,0,0,0,"19,000","-19,000",0,"19,000","-19,000"
"=""06057T""",國企2X群益39售02,0,0,0,0,"19,000","-19,000",0,"19,000","-19,000"
"=""061615""",新唐富邦48購01  ,0,0,0,"2,000","21,000","-19,000","2,000","21,000","-19,000"
"=""062169""",京鼎中信48購01  ,0,0,0,0,"19,000","-19,000",0,"19,000","-19,000"
"=""062417""",堤維西永豐48購01,0,0,0,"27,000","46,000","-19,000","27,000","46,000","-19,000"
"=""062718""",台積電元富47購07,0,0,0,"1,000","20,000","-19,000","1,000","20,000","-19,000"
"=""063518""",國巨國票46購01  ,0,0,0,"16,000","35,000","-19,000","16,000","35,000","-19,000"
"=""064032""",群創凱基47購01  ,0,0,0,0,"19,000","-19,000",0,"19,000","-19,000"
"=""064829""",華新統一51購01  ,0,0,0,0,"19,000","-19,000",0,"19,000","-19,000"
"=""067103""",大立光元富47購06,0,0,0,"11,000","30,000","-19,000","11,000","30,000","-19,000"
"=""067648""",技嘉永豐4B購01  ,0,0,0,0,"19,000","-19,000",0,"19,000","-19,000"
"=""069265""",奇鋐國泰49購01  ,0,0,0,0,"19,000","-19,000",0,"19,000","-19,000"
"=""070172""",聯詠台新48購01  ,0,0,0,"161,000","180,000","-19,000","161,000","180,000","-19,000"
"=""070501""",玉晶光統一56購02,0,0,0,0,"19,000","-19,000",0,"19,000","-19,000"
"=""070608""",台塑國泰49購01  ,0,0,0,0,"19,000","-19,000",0,"19,000","-19,000"
"=""071786""",大銀元大48購09  ,0,0,0,"26,000","45,000","-19,000","26,000","45,000","-19,000"
"=""072030""",台積電元大48購57,0,0,0,0,"19,000","-19,000",0,"19,000","-19,000"
"=""072043""",慧洋元大48購05  ,0,0,0,"30,000","49,000","-19,000","30,000","49,000","-19,000"
"=""072252""",智原元大48購06  ,0,0,0,"1,000","20,000","-19,000","1,000","20,000","-19,000"
"=""072555""",台積電凱基4A購24,0,0,0,"1,000","20,000","-19,000","1,000","20,000","-19,000"
"=""073837""",中鴻元大49購06  ,0,0,0,"1,000","20,000","-19,000","1,000","20,000","-19,000"
"=""073928""",欣興富邦4A購02  ,0,0,0,0,"19,000","-19,000",0,"19,000","-19,000"
"=""074377""",FBNQ2X國票4B購02,0,0,0,"1,000","20,000","-19,000","1,000","20,000","-19,000"
"=""075203""",臺股指群益49購21,0,0,0,0,"19,000","-19,000",0,"19,000","-19,000"
"=""075399""",世紀鋼群益51購02,0,0,0,0,"19,000","-19,000",0,"19,000","-19,000"
"=""075950""",大成鋼群益49購09,0,0,0,"46,000","65,000","-19,000","46,000","65,000","-19,000"
"=""076008""",群創元大4C購02  ,0,0,0,"7,000","26,000","-19,000","7,000","26,000","-19,000"
"=""076223""",緯穎元大49購11  ,0,0,0,"60,000","79,000","-19,000","60,000","79,000","-19,000"
"=""076942""",台積電永豐52購02,0,0,0,0,"19,000","-19,000",0,"19,000","-19,000"
1101  ,台泥            ,"2,000",0,"2,000","112,000","132,581","-20,581","114,000","132,581","-18,581"
"=""00917 """,中信特選金融    ,0,0,0,"287,000","305,455","-18,455","287,000","305,455","-18,455"
2027  ,大成鋼          ,"51,000","64,274","-13,274","19,000","24,000","-5,000","70,000","88,274","-18,274"
"=""03065T""",創意元大33售18  ,0,0,0,"34,000","52,000","-18,000","34,000","52,000","-18,000"
"=""03577T""",臺股指元富35售01,0,0,0,0,"18,000","-18,000",0,"18,000","-18,000"
"=""03606B""",臺股指凱基34熊03,0,0,0,"40,000","58,000","-18,000","40,000","58,000","-18,000"
"=""037621""",晶豪科群益53購02,0,0,0,"3,000","21,000","-18,000","3,000","21,000","-18,000"
"=""043125""",鴻海群益62購02  ,0,0,0,"10,000","28,000","-18,000","10,000","28,000","-18,000"
"=""045403""",華孚群益55購03  ,0,0,0,0,"18,000","-18,000",0,"18,000","-18,000"
"=""050695""",T50反1凱基45購04,0,0,0,"5,000","23,000","-18,000","5,000","23,000","-18,000"
"=""05190T""",長榮元富36售03  ,0,0,0,"79,000","97,000","-18,000","79,000","97,000","-18,000"
"=""052318""",天鈺凱基43購03  ,0,0,0,"182,000","200,000","-18,000","182,000","200,000","-18,000"
"=""054288""",定穎控元大47購02,0,0,0,0,"18,000","-18,000",0,"18,000","-18,000"
"=""054419""",深中小元富4A購01,0,0,0,"13,000","31,000","-18,000","13,000","31,000","-18,000"
"=""054766""",雲豹永豐44購01  ,0,0,0,0,"18,000","-18,000",0,"18,000","-18,000"
"=""055323""",貿聯元大44購07  ,0,0,0,0,"18,000","-18,000",0,"18,000","-18,000"
"=""056614""",聯電富邦45購01  ,0,0,0,"2,000","20,000","-18,000","2,000","20,000","-18,000"
"=""05870T""",文曄群益37售02  ,0,0,0,"7,000","25,000","-18,000","7,000","25,000","-18,000"
"=""059036""",全漢永豐45購02  ,0,0,0,"8,000","26,000","-18,000","8,000","26,000","-18,000"
"=""059862""",和大元富48購02  ,0,0,0,"3,000","21,000","-18,000","3,000","21,000","-18,000"
"=""060410""",可成永豐48購01  ,0,0,0,0,"18,000","-18,000",0,"18,000","-18,000"
"=""061148""",洋華元富46購01  ,0,0,0,"8,000","26,000","-18,000","8,000","26,000","-18,000"
"=""061311""",台積電富邦46購08,0,0,0,0,"18,000","-18,000",0,"18,000","-18,000"
"=""062072""",台塑元大46購07  ,0,0,0,0,"18,000","-18,000",0,"18,000","-18,000"
"=""062601""",康舒元大46購03  ,0,0,0,"5,000","23,000","-18,000","5,000","23,000","-18,000"
"=""063080""",直得國票47購01  ,0,0,0,0,"18,000","-18,000",0,"18,000","-18,000"
"=""063113""",聯電第一46購01  ,0,0,0,"23,000","41,000","-18,000","23,000","41,000","-18,000"
"=""063230""",智邦元大46購09  ,0,0,0,0,"18,000","-18,000",0,"18,000","-18,000"
"=""063912""",台光電統一4C購03,0,0,0,"4,000","22,000","-18,000","4,000","22,000","-18,000"
"=""064387""",萬海富邦47購02  ,0,0,0,"6,000","24,000","-18,000","6,000","24,000","-18,000"
"=""064424""",嘉澤凱基48購03  ,0,0,0,0,"18,000","-18,000",0,"18,000","-18,000"
"=""064979""",智原富邦4B購01  ,0,0,0,"2,000","20,000","-18,000","2,000","20,000","-18,000"
"=""067167""",世芯元大47購21  ,0,0,0,"12,000","30,000","-18,000","12,000","30,000","-18,000"
"=""067619""",南亞統一51購05  ,0,0,0,0,"18,000","-18,000",0,"18,000","-18,000"
"=""067988""",富世達國票48購01,0,0,0,0,"18,000","-18,000",0,"18,000","-18,000"
"=""068161""",奇鋐統一55購01  ,0,0,0,0,"18,000","-18,000",0,"18,000","-18,000"
"=""068425""",鈺齊元富48購01  ,0,0,0,0,"18,000","-18,000",0,"18,000","-18,000"
"=""069876""",京元電凱基48購03,0,0,0,"53,000","71,000","-18,000","53,000","71,000","-18,000"
"=""070057""",日電貿國泰49購01,0,0,0,0,"18,000","-18,000",0,"18,000","-18,000"
"=""070510""",精銳統一53購01  ,0,0,0,"18,000","36,000","-18,000","18,000","36,000","-18,000"
"=""072028""",華泰元大48購01  ,0,0,0,"131,000","149,000","-18,000","131,000","149,000","-18,000"
"=""072283""",中興電元富49購01,0,0,0,0,"18,000","-18,000",0,"18,000","-18,000"
"=""072300""",欣興元富49購02  ,0,0,0,"10,000","28,000","-18,000","10,000","28,000","-18,000"
"=""072410""",元債2X群益44購01,0,0,0,0,"18,000","-18,000",0,"18,000","-18,000"
"=""072647""",巨大統一53購01  ,0,0,0,0,"18,000","-18,000",0,"18,000","-18,000"
"=""073717""",欣興國票4A購01  ,0,0,0,"28,000","46,000","-18,000","28,000","46,000","-18,000"
"=""074245""",愛普統一44購01  ,0,0,0,0,"18,000","-18,000",0,"18,000","-18,000"
"=""074698""",聯電元富4A購02  ,0,0,0,0,"18,000","-18,000",0,"18,000","-18,000"
"=""074735""",瑞祺國票4B購01  ,0,0,0,0,"18,000","-18,000",0,"18,000","-18,000"
"=""075555""",緯穎凱基4A購07  ,0,0,0,"20,000","38,000","-18,000","20,000","38,000","-18,000"
"=""075908""",立積統一53購02  ,0,0,0,0,"18,000","-18,000",0,"18,000","-18,000"
"=""076132""",南亞科國票4A購04,0,0,0,0,"18,000","-18,000",0,"18,000","-18,000"
"=""076345""",AES台新49購01   ,0,0,0,"197,000","215,000","-18,000","197,000","215,000","-18,000"
1905  ,華紙            ,"2,000","4,000","-2,000",0,"16,000","-16,000","2,000","20,000","-18,000"
2412  ,中華電          ,"9,000","17,000","-8,000",0,"10,000","-10,000","9,000","27,000","-18,000"
2838  ,聯邦銀          ,"4,000","4,252",-252,0,"17,000","-17,000","4,000","21,252","-17,252"
6515  ,穎崴            ,"3,000","3,000",0,102,"17,194","-17,092","3,102","20,194","-17,092"
"=""03059T""",技嘉元大33售30  ,0,0,0,0,"17,000","-17,000",0,"17,000","-17,000"
"=""03727T""",矽統凱基34售03  ,0,0,0,0,"17,000","-17,000",0,"17,000","-17,000"
"=""04470T""",緯創凱基3B售04  ,0,0,0,"3,000","20,000","-17,000","3,000","20,000","-17,000"
"=""049288""",迅得凱基43購02  ,0,0,0,0,"17,000","-17,000",0,"17,000","-17,000"
"=""050471""",復盛凱基45購01  ,0,0,0,0,"17,000","-17,000",0,"17,000","-17,000"
"=""052175""",萬海國票44購09  ,0,0,0,"3,000","20,000","-17,000","3,000","20,000","-17,000"
"=""052177""",慧洋國票44購01  ,0,0,0,0,"17,000","-17,000",0,"17,000","-17,000"
"=""055224""",SP黃豆凱基44購01,0,0,0,"280,000","297,000","-17,000","280,000","297,000","-17,000"
"=""055716""",中502X元大47購01,0,0,0,"3,000","20,000","-17,000","3,000","20,000","-17,000"
"=""056131""",台光電國泰46購04,0,0,0,"43,000","60,000","-17,000","43,000","60,000","-17,000"
"=""056181""",華城國票46購01  ,0,0,0,0,"17,000","-17,000",0,"17,000","-17,000"
"=""05798T""",華城元大37售14  ,0,0,0,0,"17,000","-17,000",0,"17,000","-17,000"
"=""058125""",大成鋼群益45購01,0,0,0,"22,000","39,000","-17,000","22,000","39,000","-17,000"
"=""058245""",正崴凱基45購02  ,0,0,0,"3,000","20,000","-17,000","3,000","20,000","-17,000"
"=""05873T""",華城統一39售03  ,0,0,0,0,"17,000","-17,000",0,"17,000","-17,000"
"=""059098""",保瑞元富48購02  ,0,0,0,"3,000","20,000","-17,000","3,000","20,000","-17,000"
"=""059197""",祥碩元大4B購01  ,0,0,0,"9,000","26,000","-17,000","9,000","26,000","-17,000"
"=""059506""",南寶永豐46購01  ,0,0,0,"17,000","34,000","-17,000","17,000","34,000","-17,000"
"=""059628""",達方元富48購01  ,0,0,0,0,"17,000","-17,000",0,"17,000","-17,000"
"=""059850""",威強電台新45購01,0,0,0,0,"17,000","-17,000",0,"17,000","-17,000"
"=""061585""",台化國票46購03  ,0,0,0,"22,000","39,000","-17,000","22,000","39,000","-17,000"
"=""061699""",康舒群益46購02  ,0,0,0,"53,000","70,000","-17,000","53,000","70,000","-17,000"
"=""061795""",迅得富邦48購01  ,0,0,0,"20,000","37,000","-17,000","20,000","37,000","-17,000"
"=""061880""",海悅元大46購02  ,0,0,0,"3,000","20,000","-17,000","3,000","20,000","-17,000"
"=""061931""",陽明統一4C購02  ,0,0,0,"18,000","35,000","-17,000","18,000","35,000","-17,000"
"=""062315""",深中小元大46購01,0,0,0,0,"17,000","-17,000",0,"17,000","-17,000"
"=""062338""",大立光元大46購07,0,0,0,0,"17,000","-17,000",0,"17,000","-17,000"
"=""063756""",泰金寶國票46購02,0,0,0,"3,000","20,000","-17,000","3,000","20,000","-17,000"
"=""064853""",川湖國泰48購04  ,0,0,0,"18,000","35,000","-17,000","18,000","35,000","-17,000"
"=""064884""",玉晶光群益47購01,0,0,0,0,"17,000","-17,000",0,"17,000","-17,000"
"=""065886""",台化凱基47購02  ,0,0,0,"22,000","39,000","-17,000","22,000","39,000","-17,000"
"=""066517""",台積電永豐3B購01,0,0,0,"63,000","80,000","-17,000","63,000","80,000","-17,000"
"=""066532""",南亞凱基47購01  ,0,0,0,"47,000","64,000","-17,000","47,000","64,000","-17,000"
"=""066651""",景碩統一51購03  ,0,0,0,0,"17,000","-17,000",0,"17,000","-17,000"
"=""067168""",世芯元大47購22  ,0,0,0,"10,000","27,000","-17,000","10,000","27,000","-17,000"
"=""067914""",長榮航元大48購02,0,0,0,"212,000","229,000","-17,000","212,000","229,000","-17,000"
"=""068073""",立隆電凱基48購02,0,0,0,"13,000","30,000","-17,000","13,000","30,000","-17,000"
"=""068086""",T50反1元富47購01,0,0,0,"9,000","26,000","-17,000","9,000","26,000","-17,000"
"=""068204""",緯穎元富48購02  ,0,0,0,0,"17,000","-17,000",0,"17,000","-17,000"
"=""068769""",來億凱基48購02  ,0,0,0,"196,000","213,000","-17,000","196,000","213,000","-17,000"
"=""069886""",材料凱基49購03  ,0,0,0,0,"17,000","-17,000",0,"17,000","-17,000"
"=""070281""",材料元富48購03  ,0,0,0,"12,000","29,000","-17,000","12,000","29,000","-17,000"
"=""070584""",佳能元大48購04  ,0,0,0,0,"17,000","-17,000",0,"17,000","-17,000"
"=""070696""",新日興統一51購03,0,0,0,0,"17,000","-17,000",0,"17,000","-17,000"
"=""070866""",長榮航元大51購01,0,0,0,"46,000","63,000","-17,000","46,000","63,000","-17,000"
"=""071319""",皇昌統一52購05  ,0,0,0,0,"17,000","-17,000",0,"17,000","-17,000"
"=""071906""",南亞科統一58購01,0,0,0,0,"17,000","-17,000",0,"17,000","-17,000"
"=""072702""",欣興國票4B購01  ,0,0,0,0,"17,000","-17,000",0,"17,000","-17,000"
"=""072837""",華新凱基49購02  ,0,0,0,"97,000","114,000","-17,000","97,000","114,000","-17,000"
"=""074627""",華城凱基4C購02  ,0,0,0,"79,000","96,000","-17,000","79,000","96,000","-17,000"
"=""074664""",信錦群益49購01  ,0,0,0,0,"17,000","-17,000",0,"17,000","-17,000"
"=""074885""",臺股指永豐4A購03,0,0,0,0,"17,000","-17,000",0,"17,000","-17,000"
"=""075300""",富華新統一55購01,0,0,0,0,"17,000","-17,000",0,"17,000","-17,000"
"=""076252""",上銀群益49購07  ,0,0,0,0,"17,000","-17,000",0,"17,000","-17,000"
"=""076770""",台積電群益49購41,0,0,0,"14,000","31,000","-17,000","14,000","31,000","-17,000"
"=""076988""",慧洋統一53購03  ,0,0,0,"7,000","24,000","-17,000","7,000","24,000","-17,000"
"=""077074""",智易凱基49購03  ,0,0,0,"2,000","19,000","-17,000","2,000","19,000","-17,000"
"=""08303U""",臺股指凱基34售28,0,0,0,"27,000","44,000","-17,000","27,000","44,000","-17,000"
"=""00640L""",富邦日本正2     ,0,0,0,"1,227,278","1,244,021","-16,743","1,227,278","1,244,021","-16,743"
"=""03692T""",元金2X元大36售02,0,0,0,0,"16,000","-16,000",0,"16,000","-16,000"
"=""03732T""",臺股指凱基36售18,0,0,0,"80,000","96,000","-16,000","80,000","96,000","-16,000"
"=""03962T""",台積電凱基46售02,0,0,0,"3,000","19,000","-16,000","3,000","19,000","-16,000"
"=""043534""",至上元大57購01  ,0,0,0,0,"16,000","-16,000",0,"16,000","-16,000"
"=""052380""",雲品群益46購01  ,0,0,0,"13,000","29,000","-16,000","13,000","29,000","-16,000"
"=""052683""",世芯國泰46購03  ,0,0,0,"30,000","46,000","-16,000","30,000","46,000","-16,000"
"=""053165""",上証2X國票45購10,0,0,0,0,"16,000","-16,000",0,"16,000","-16,000"
"=""054344""",緯穎群益46購03  ,0,0,0,0,"16,000","-16,000",0,"16,000","-16,000"
"=""055071""",聯發科群益44購15,0,0,0,0,"16,000","-16,000",0,"16,000","-16,000"
"=""055714""",中502X元大44購08,0,0,0,0,"16,000","-16,000",0,"16,000","-16,000"
"=""056112""",佳必琪元大44購03,0,0,0,0,"16,000","-16,000",0,"16,000","-16,000"
"=""056338""",滬深2X凱基48購04,0,0,0,"49,000","65,000","-16,000","49,000","65,000","-16,000"
"=""056953""",凱基金富邦47購01,0,0,0,0,"16,000","-16,000",0,"16,000","-16,000"
"=""058365""",聯發科國票45購04,0,0,0,"10,000","26,000","-16,000","10,000","26,000","-16,000"
"=""05899T""",緯穎群益3B售02  ,0,0,0,0,"16,000","-16,000",0,"16,000","-16,000"
"=""059783""",凱基金國泰47購01,0,0,0,0,"16,000","-16,000",0,"16,000","-16,000"
"=""061002""",威健群益46購01  ,0,0,0,"10,000","26,000","-16,000","10,000","26,000","-16,000"
"=""061251""",美時凱基46購02  ,0,0,0,0,"16,000","-16,000",0,"16,000","-16,000"
"=""062173""",世紀鋼中信46購01,0,0,0,"4,000","20,000","-16,000","4,000","20,000","-16,000"
"=""062685""",鴻海永豐46購14  ,0,0,0,0,"16,000","-16,000",0,"16,000","-16,000"
"=""063631""",中磊群益48購01  ,0,0,0,0,"16,000","-16,000",0,"16,000","-16,000"
"=""063768""",友訊元富4C購01  ,0,0,0,"3,000","19,000","-16,000","3,000","19,000","-16,000"
"=""064845""",上緯控永豐48購01,0,0,0,0,"16,000","-16,000",0,"16,000","-16,000"
"=""065319""",威盛群益3C購03  ,0,0,0,"36,000","52,000","-16,000","36,000","52,000","-16,000"
"=""066834""",長榮凱基49購02  ,0,0,0,"86,000","102,000","-16,000","86,000","102,000","-16,000"
"=""066877""",華泰統一43購01  ,0,0,0,0,"16,000","-16,000",0,"16,000","-16,000"
"=""067112""",滬深2X國票4B購01,0,0,0,"33,000","49,000","-16,000","33,000","49,000","-16,000"
"=""068527""",泰金寶元大48購02,0,0,0,"34,000","50,000","-16,000","34,000","50,000","-16,000"
"=""069061""",創意凱基4A購02  ,0,0,0,0,"16,000","-16,000",0,"16,000","-16,000"
"=""069505""",上証2X永豐49購01,0,0,0,"8,000","24,000","-16,000","8,000","24,000","-16,000"
"=""070369""",國票金凱基48購01,0,0,0,0,"16,000","-16,000",0,"16,000","-16,000"
"=""070622""",台泥富邦4A購01  ,0,0,0,0,"16,000","-16,000",0,"16,000","-16,000"
"=""070708""",鼎基統一52購05  ,0,0,0,0,"16,000","-16,000",0,"16,000","-16,000"
"=""071991""",合機國票49購01  ,0,0,0,0,"16,000","-16,000",0,"16,000","-16,000"
"=""072432""",華友聯凱基48購02,0,0,0,"6,000","22,000","-16,000","6,000","22,000","-16,000"
"=""072457""",威強電台新48購02,0,0,0,"4,000","20,000","-16,000","4,000","20,000","-16,000"
"=""072520""",冠德群益4A購01  ,0,0,0,"14,000","30,000","-16,000","14,000","30,000","-16,000"
"=""073116""",一詮國票49購01  ,0,0,0,"100,000","116,000","-16,000","100,000","116,000","-16,000"
"=""074169""",臺股指元大4B購13,0,0,0,"14,000","30,000","-16,000","14,000","30,000","-16,000"
"=""074547""",萬海群益4A購06  ,0,0,0,"30,000","46,000","-16,000","30,000","46,000","-16,000"
"=""074651""",嘉基統一43購01  ,0,0,0,"10,000","26,000","-16,000","10,000","26,000","-16,000"
"=""074798""",鴻準元大4C購02  ,0,0,0,0,"16,000","-16,000",0,"16,000","-16,000"
"=""074840""",皇昌富邦4B購03  ,0,0,0,0,"16,000","-16,000",0,"16,000","-16,000"
"=""074947""",嘉基統一43購02  ,0,0,0,"10,000","26,000","-16,000","10,000","26,000","-16,000"
"=""075167""",長榮凱基4B購06  ,0,0,0,0,"16,000","-16,000",0,"16,000","-16,000"
"=""075242""",友達元大49購02  ,0,0,0,"150,000","166,000","-16,000","150,000","166,000","-16,000"
"=""075953""",台積電群益4A購28,0,0,0,"2,000","18,000","-16,000","2,000","18,000","-16,000"
"=""076343""",滬深2X台新49購01,0,0,0,"4,000","20,000","-16,000","4,000","20,000","-16,000"
"=""076638""",鴻海凱基49購15  ,0,0,0,"10,000","26,000","-16,000","10,000","26,000","-16,000"
"=""076816""",健策國票4A購02  ,0,0,0,0,"16,000","-16,000",0,"16,000","-16,000"
"=""077007""",世芯元富52購07  ,0,0,0,0,"16,000","-16,000",0,"16,000","-16,000"
"=""077154""",大成鋼富邦51購01,0,0,0,0,"16,000","-16,000",0,"16,000","-16,000"
"=""077171""",英業達統一54購01,0,0,0,"60,000","76,000","-16,000","60,000","76,000","-16,000"
"=""08336U""",英業達元富33售12,0,0,0,0,"16,000","-16,000",0,"16,000","-16,000"
3138  ,耀登            ,0,0,0,0,"16,000","-16,000",0,"16,000","-16,000"
6177  ,達麗            ,0,"16,000","-16,000",0,0,0,0,"16,000","-16,000"
"=""03156T""",台達電元大34售01,0,0,0,0,"15,000","-15,000",0,"15,000","-15,000"
"=""03165T""",矽力元大34售04  ,0,0,0,0,"15,000","-15,000",0,"15,000","-15,000"
"=""03620T""",金像電元大34售17,0,0,0,0,"15,000","-15,000",0,"15,000","-15,000"
"=""03679T""",偉訓元大34售02  ,0,0,0,"2,000","17,000","-15,000","2,000","17,000","-15,000"
"=""03775T""",台積電國泰36售03,0,0,0,0,"15,000","-15,000",0,"15,000","-15,000"
"=""03849T""",臺股指群益34售53,0,0,0,"1,000","16,000","-15,000","1,000","16,000","-15,000"
"=""03976T""",華碩國票34售02  ,0,0,0,0,"15,000","-15,000",0,"15,000","-15,000"
"=""046081""",元債2X群益49購01,0,0,0,"26,000","41,000","-15,000","26,000","41,000","-15,000"
"=""04722T""",T50正2元大37售01,0,0,0,0,"15,000","-15,000",0,"15,000","-15,000"
"=""047395""",旺宏永豐43購01  ,0,0,0,"5,000","20,000","-15,000","5,000","20,000","-15,000"
"=""04784T""",台灣50元富39售02,0,0,0,0,"15,000","-15,000",0,"15,000","-15,000"
"=""05022T""",大立光兆豐37售02,0,0,0,"1,000","16,000","-15,000","1,000","16,000","-15,000"
"=""051036""",達興凱基44購02  ,0,0,0,0,"15,000","-15,000",0,"15,000","-15,000"
"=""051051""",威盛元大43購07  ,0,0,0,0,"15,000","-15,000",0,"15,000","-15,000"
"=""051365""",南亞元大43購02  ,0,0,0,0,"15,000","-15,000",0,"15,000","-15,000"
"=""051396""",緯創富邦47購01  ,0,0,0,"5,000","20,000","-15,000","5,000","20,000","-15,000"
"=""052050""",迅得凱基43購04  ,0,0,0,0,"15,000","-15,000",0,"15,000","-15,000"
"=""052725""",上品國票46購01  ,0,0,0,0,"15,000","-15,000",0,"15,000","-15,000"
"=""053748""",中租兆豐46購01  ,0,0,0,0,"15,000","-15,000",0,"15,000","-15,000"
"=""054110""",中鴻群益46購01  ,0,0,0,"37,000","52,000","-15,000","37,000","52,000","-15,000"
"=""054580""",亞翔統一4A購02  ,0,0,0,0,"15,000","-15,000",0,"15,000","-15,000"
"=""054602""",凱基金群益45購01,0,0,0,0,"15,000","-15,000",0,"15,000","-15,000"
"=""055022""",緯創富邦46購01  ,0,0,0,"65,000","80,000","-15,000","65,000","80,000","-15,000"
"=""055454""",仁寶統一39購02  ,0,0,0,0,"15,000","-15,000",0,"15,000","-15,000"
"=""056529""",台積電永豐47購09,0,0,0,0,"15,000","-15,000",0,"15,000","-15,000"
"=""056934""",萬海群益47購02  ,0,0,0,0,"15,000","-15,000",0,"15,000","-15,000"
"=""05742T""",華城凱基37售10  ,0,0,0,0,"15,000","-15,000",0,"15,000","-15,000"
"=""057622""",台灣50凱基45購08,0,0,0,"100,000","115,000","-15,000","100,000","115,000","-15,000"
"=""057941""",世芯元大4B購01  ,0,0,0,"125,000","140,000","-15,000","125,000","140,000","-15,000"
"=""058567""",華城群益49購01  ,0,0,0,0,"15,000","-15,000",0,"15,000","-15,000"
"=""05872T""",臺股指群益41售03,0,0,0,"102,000","117,000","-15,000","102,000","117,000","-15,000"
"=""058735""",威盛群益45購09  ,0,0,0,0,"15,000","-15,000",0,"15,000","-15,000"
"=""058828""",材料永豐46購03  ,0,0,0,0,"15,000","-15,000",0,"15,000","-15,000"
"=""059141""",中砂群益45購10  ,0,0,0,"5,000","20,000","-15,000","5,000","20,000","-15,000"
"=""059392""",威盛中信46購01  ,0,0,0,0,"15,000","-15,000",0,"15,000","-15,000"
"=""060102""",鴻海富邦46購06  ,0,0,0,"10,000","25,000","-15,000","10,000","25,000","-15,000"
"=""060133""",皇昌群益46購05  ,0,0,0,0,"15,000","-15,000",0,"15,000","-15,000"
"=""060198""",達方元大46購01  ,0,0,0,0,"15,000","-15,000",0,"15,000","-15,000"
"=""060897""",緯穎中信49購01  ,0,0,0,0,"15,000","-15,000",0,"15,000","-15,000"
"=""060933""",可成凱基49購01  ,0,0,0,0,"15,000","-15,000",0,"15,000","-15,000"
"=""061185""",長榮群益46購09  ,0,0,0,"8,000","23,000","-15,000","8,000","23,000","-15,000"
"=""061497""",國泰金兆豐46購01,0,0,0,0,"15,000","-15,000",0,"15,000","-15,000"
"=""061599""",牧德國票47購01  ,0,0,0,0,"15,000","-15,000",0,"15,000","-15,000"
"=""061685""",裕民群益46購01  ,0,0,0,"174,000","189,000","-15,000","174,000","189,000","-15,000"
"=""061815""",牧德凱基46購06  ,0,0,0,0,"15,000","-15,000",0,"15,000","-15,000"
"=""061910""",達發元大46購04  ,0,0,0,0,"15,000","-15,000",0,"15,000","-15,000"
"=""061963""",堤維西凱基46購01,0,0,0,"123,000","138,000","-15,000","123,000","138,000","-15,000"
"=""062053""",萬海群益46購06  ,0,0,0,0,"15,000","-15,000",0,"15,000","-15,000"
"=""062450""",華通群益46購04  ,0,0,0,0,"15,000","-15,000",0,"15,000","-15,000"
"=""062594""",神達元大47購04  ,0,0,0,"30,000","45,000","-15,000","30,000","45,000","-15,000"
"=""062880""",台積電元富46購13,0,0,0,0,"15,000","-15,000",0,"15,000","-15,000"
"=""063409""",鈞興群益47購01  ,0,0,0,"5,000","20,000","-15,000","5,000","20,000","-15,000"
"=""064287""",長榮航元大46購25,0,0,0,"50,000","65,000","-15,000","50,000","65,000","-15,000"
"=""064571""",辛耘國票46購02  ,0,0,0,"5,000","20,000","-15,000","5,000","20,000","-15,000"
"=""064686""",健鼎元大46購03  ,0,0,0,0,"15,000","-15,000",0,"15,000","-15,000"
"=""064806""",晟銘電元大4A購01,0,0,0,"133,000","148,000","-15,000","133,000","148,000","-15,000"
"=""064846""",虹堡永豐4A購01  ,0,0,0,0,"15,000","-15,000",0,"15,000","-15,000"
"=""065164""",凌華群益49購01  ,0,0,0,0,"15,000","-15,000",0,"15,000","-15,000"
"=""065248""",川湖元富47購04  ,0,0,0,"16,000","31,000","-15,000","16,000","31,000","-15,000"
"=""065305""",技嘉統一51購01  ,0,0,0,0,"15,000","-15,000",0,"15,000","-15,000"
"=""065457""",長興國票48購01  ,0,0,0,"39,000","54,000","-15,000","39,000","54,000","-15,000"
"=""065471""",亞航國票48購01  ,0,0,0,"28,000","43,000","-15,000","28,000","43,000","-15,000"
"=""065615""",FBNQ2X群益49購02,0,0,0,0,"15,000","-15,000",0,"15,000","-15,000"
"=""065977""",玉晶光元大47購13,0,0,0,"1,000","16,000","-15,000","1,000","16,000","-15,000"
"=""066392""",智原統一45購02  ,0,0,0,0,"15,000","-15,000",0,"15,000","-15,000"
"=""066418""",中砂統一51購01  ,0,0,0,0,"15,000","-15,000",0,"15,000","-15,000"
"=""066488""",上証2X群益47購05,0,0,0,"1,000","16,000","-15,000","1,000","16,000","-15,000"
"=""066491""",中興電群益4A購01,0,0,0,0,"15,000","-15,000",0,"15,000","-15,000"
"=""066585""",世芯元富47購13  ,0,0,0,0,"15,000","-15,000",0,"15,000","-15,000"
"=""066754""",所羅門元大47購05,0,0,0,0,"15,000","-15,000",0,"15,000","-15,000"
"=""067044""",欣興永豐47購03  ,0,0,0,0,"15,000","-15,000",0,"15,000","-15,000"
"=""067235""",中砂元富51購01  ,0,0,0,0,"15,000","-15,000",0,"15,000","-15,000"
"=""067284""",中華群益47購01  ,0,0,0,0,"15,000","-15,000",0,"15,000","-15,000"
"=""067569""",台達電富邦49購01,0,0,0,0,"15,000","-15,000",0,"15,000","-15,000"
"=""067645""",南亞永豐48購01  ,0,0,0,0,"15,000","-15,000",0,"15,000","-15,000"
"=""067930""",臺股指元大4B購09,0,0,0,0,"15,000","-15,000",0,"15,000","-15,000"
"=""068011""",世芯群益48購19  ,0,0,0,0,"15,000","-15,000",0,"15,000","-15,000"
"=""068039""",欣興元大47購06  ,0,0,0,"67,000","82,000","-15,000","67,000","82,000","-15,000"
"=""068289""",世紀鋼凱基49購02,0,0,0,"5,000","20,000","-15,000","5,000","20,000","-15,000"
"=""068638""",中興電統一52購01,0,0,0,0,"15,000","-15,000",0,"15,000","-15,000"
"=""068792""",華泰統一44購01  ,0,0,0,0,"15,000","-15,000",0,"15,000","-15,000"
"=""069103""",神達元大48購06  ,0,0,0,"10,000","25,000","-15,000","10,000","25,000","-15,000"
"=""069243""",鈺齊元富48購02  ,0,0,0,0,"15,000","-15,000",0,"15,000","-15,000"
"=""069415""",永道統一52購01  ,0,0,0,"95,000","110,000","-15,000","95,000","110,000","-15,000"
"=""070239""",奇鋐群益54購02  ,0,0,0,0,"15,000","-15,000",0,"15,000","-15,000"
"=""070496""",神基統一51購03  ,0,0,0,"24,000","39,000","-15,000","24,000","39,000","-15,000"
"=""070994""",勤美統一52購01  ,0,0,0,"12,000","27,000","-15,000","12,000","27,000","-15,000"
"=""071380""",大銀元大48購03  ,0,0,0,0,"15,000","-15,000",0,"15,000","-15,000"
"=""071770""",裕民元大48購08  ,0,0,0,0,"15,000","-15,000",0,"15,000","-15,000"
"=""072138""",元債2X群益42購01,0,0,0,0,"15,000","-15,000",0,"15,000","-15,000"
"=""072215""",材料凱基51購01  ,0,0,0,0,"15,000","-15,000",0,"15,000","-15,000"
"=""072570""",聯發科永豐42購01,0,0,0,0,"15,000","-15,000",0,"15,000","-15,000"
"=""072963""",川湖元大51購01  ,0,0,0,0,"15,000","-15,000",0,"15,000","-15,000"
"=""073230""",聯德國票4A購01  ,0,0,0,"15,000","30,000","-15,000","15,000","30,000","-15,000"
"=""073268""",富邦金中信41購01,0,0,0,"45,000","60,000","-15,000","45,000","60,000","-15,000"
"=""073442""",奇鋐永豐49購04  ,0,0,0,0,"15,000","-15,000",0,"15,000","-15,000"
"=""074291""",富世達群益49購02,0,0,0,"1,000","16,000","-15,000","1,000","16,000","-15,000"
"=""075134""",長榮統一47購01  ,0,0,0,0,"15,000","-15,000",0,"15,000","-15,000"
"=""075176""",力成凱基4A購01  ,0,0,0,"159,000","174,000","-15,000","159,000","174,000","-15,000"
"=""075589""",富華新元大49購05,0,0,0,0,"15,000","-15,000",0,"15,000","-15,000"
"=""076028""",AES第一49購02   ,0,0,0,0,"15,000","-15,000",0,"15,000","-15,000"
"=""076367""",群光元大49購04  ,0,0,0,0,"15,000","-15,000",0,"15,000","-15,000"
"=""076915""",強茂凱基4C購01  ,0,0,0,"90,000","105,000","-15,000","90,000","105,000","-15,000"
"=""077005""",漢翔元富52購01  ,0,0,0,0,"15,000","-15,000",0,"15,000","-15,000"
"=""077296""",穎崴元大4A購01  ,0,0,0,0,"15,000","-15,000",0,"15,000","-15,000"
"=""077347""",智伸科群益4C購01,0,0,0,0,"15,000","-15,000",0,"15,000","-15,000"
2882A ,國泰特          ,0,"15,000","-15,000",0,0,0,0,"15,000","-15,000"
2883B ,凱基金乙特      ,"72,000","87,000","-15,000",0,0,0,"72,000","87,000","-15,000"
5876  ,上海商銀        ,"3,000","3,170",-170,0,"14,175","-14,175","3,000","17,345","-14,345"
3010  ,華立            ,"6,000","20,001","-14,001",0,0,0,"6,000","20,001","-14,001"
"=""03601B""",臺股指元大33熊14,0,0,0,"35,000","49,000","-14,000","35,000","49,000","-14,000"
"=""04392T""",台積電永豐35售01,0,0,0,"53,000","67,000","-14,000","53,000","67,000","-14,000"
"=""04454T""",萬海元大35售01  ,0,0,0,0,"14,000","-14,000",0,"14,000","-14,000"
"=""04630T""",祥碩元大35售09  ,0,0,0,"11,000","25,000","-14,000","11,000","25,000","-14,000"
"=""04772T""",臺股指國票35售12,0,0,0,0,"14,000","-14,000",0,"14,000","-14,000"
"=""04958T""",T50正2富邦39售01,0,0,0,0,"14,000","-14,000",0,"14,000","-14,000"
"=""050653""",正崴永豐43購01  ,0,0,0,0,"14,000","-14,000",0,"14,000","-14,000"
"=""052049""",十銓凱基45購01  ,0,0,0,0,"14,000","-14,000",0,"14,000","-14,000"
"=""052248""",陽明國泰46購01  ,0,0,0,"2,000","16,000","-14,000","2,000","16,000","-14,000"
"=""054960""",金寶兆豐46購01  ,0,0,0,0,"14,000","-14,000",0,"14,000","-14,000"
"=""055739""",慧洋元大44購02  ,0,0,0,"1,000","15,000","-14,000","1,000","15,000","-14,000"
"=""057520""",技嘉台新45購01  ,0,0,0,0,"14,000","-14,000",0,"14,000","-14,000"
"=""05816T""",王品國票38售02  ,0,0,0,0,"14,000","-14,000",0,"14,000","-14,000"
"=""058731""",英業達群益45購07,0,0,0,"10,000","24,000","-14,000","10,000","24,000","-14,000"
"=""059733""",台玻元大45購02  ,0,0,0,"260,000","274,000","-14,000","260,000","274,000","-14,000"
"=""060656""",台灣50凱基46購10,0,0,0,"89,000","103,000","-14,000","89,000","103,000","-14,000"
"=""060913""",永崴控國票47購02,0,0,0,"58,000","72,000","-14,000","58,000","72,000","-14,000"
"=""060986""",技嘉元富4A購01  ,0,0,0,"14,000","28,000","-14,000","14,000","28,000","-14,000"
"=""061365""",新日興國票47購01,0,0,0,"56,000","70,000","-14,000","56,000","70,000","-14,000"
"=""061451""",美時元大46購13  ,0,0,0,"179,000","193,000","-14,000","179,000","193,000","-14,000"
"=""061959""",SGBR2X凱基47購02,0,0,0,"1,000","15,000","-14,000","1,000","15,000","-14,000"
"=""063037""",臺股指法興46購10,0,0,0,"1,000","15,000","-14,000","1,000","15,000","-14,000"
"=""063719""",台化中信46購02  ,0,0,0,0,"14,000","-14,000",0,"14,000","-14,000"
"=""064014""",元債2X凱基5C購02,0,0,0,"10,000","24,000","-14,000","10,000","24,000","-14,000"
"=""064864""",鴻海群益48購06  ,0,0,0,0,"14,000","-14,000",0,"14,000","-14,000"
"=""065443""",神達元大47購10  ,0,0,0,0,"14,000","-14,000",0,"14,000","-14,000"
"=""066997""",友訊凱基47購02  ,0,0,0,0,"14,000","-14,000",0,"14,000","-14,000"
"=""068075""",大立光凱基56購01,0,0,0,0,"14,000","-14,000",0,"14,000","-14,000"
"=""068187""",創意永豐49購03  ,0,0,0,"16,000","30,000","-14,000","16,000","30,000","-14,000"
"=""068646""",藍天統一52購01  ,0,0,0,"14,000","28,000","-14,000","14,000","28,000","-14,000"
"=""068843""",立積統一52購03  ,0,0,0,"11,000","25,000","-14,000","11,000","25,000","-14,000"
"=""068987""",致伸兆豐4A購01  ,0,0,0,0,"14,000","-14,000",0,"14,000","-14,000"
"=""069007""",海華國票48購02  ,0,0,0,"3,000","17,000","-14,000","3,000","17,000","-14,000"
"=""069078""",聯發科凱基4C購02,0,0,0,"6,000","20,000","-14,000","6,000","20,000","-14,000"
"=""070004""",神達永豐4B購02  ,0,0,0,0,"14,000","-14,000",0,"14,000","-14,000"
"=""070370""",晟銘電凱基48購02,0,0,0,"100,000","114,000","-14,000","100,000","114,000","-14,000"
"=""070811""",東鹼國票49購01  ,0,0,0,"6,000","20,000","-14,000","6,000","20,000","-14,000"
"=""071259""",華邦電凱基49購02,0,0,0,"32,000","46,000","-14,000","32,000","46,000","-14,000"
"=""072100""",台積電永豐48購11,0,0,0,"78,000","92,000","-14,000","78,000","92,000","-14,000"
"=""072498""",矽格元大48購07  ,0,0,0,"84,000","98,000","-14,000","84,000","98,000","-14,000"
"=""073600""",南亞科元富4A購02,0,0,0,"27,000","41,000","-14,000","27,000","41,000","-14,000"
"=""075083""",台積電國票4A購12,0,0,0,"119,000","133,000","-14,000","119,000","133,000","-14,000"
"=""075289""",鴻海富邦4B購05  ,0,0,0,"44,000","58,000","-14,000","44,000","58,000","-14,000"
"=""075365""",T50正2群益49購04,0,0,0,0,"14,000","-14,000",0,"14,000","-14,000"
"=""075462""",緯穎元大49購06  ,0,0,0,0,"14,000","-14,000",0,"14,000","-14,000"
"=""075919""",台積電凱基4C購17,0,0,0,"10,000","24,000","-14,000","10,000","24,000","-14,000"
"=""076789""",亞翔群益49購14  ,0,0,0,0,"14,000","-14,000",0,"14,000","-14,000"
"=""077083""",長華凱基49購02  ,0,0,0,0,"14,000","-14,000",0,"14,000","-14,000"
"=""077350""",遠傳群益4B購01  ,0,0,0,0,"14,000","-14,000",0,"14,000","-14,000"
"=""08466U""",緯穎群益33售04  ,0,0,0,"30,000","44,000","-14,000","30,000","44,000","-14,000"
4164  ,承業醫          ,0,"1,000","-1,000",0,"12,309","-12,309",0,"13,309","-13,309"
"=""03278T""",啟�硌s益37售02  ,0,0,0,"5,000","18,000","-13,000","5,000","18,000","-13,000"
"=""050678""",矽格國泰45購01  ,0,0,0,0,"13,000","-13,000",0,"13,000","-13,000"
"=""054389""",材料凱基44購05  ,0,0,0,0,"13,000","-13,000",0,"13,000","-13,000"
"=""054413""",奇鋐永豐4A購01  ,0,0,0,"8,000","21,000","-13,000","8,000","21,000","-13,000"
"=""054800""",欣興第一42購01  ,0,0,0,0,"13,000","-13,000",0,"13,000","-13,000"
"=""055298""",矽統元大44購08  ,0,0,0,0,"13,000","-13,000",0,"13,000","-13,000"
"=""055333""",信錦兆豐46購01  ,0,0,0,0,"13,000","-13,000",0,"13,000","-13,000"
"=""055376""",京元電凱基49購01,0,0,0,0,"13,000","-13,000",0,"13,000","-13,000"
"=""05557T""",英業達元大37售12,0,0,0,"26,000","39,000","-13,000","26,000","39,000","-13,000"
"=""056791""",信邦國票46購01  ,0,0,0,0,"13,000","-13,000",0,"13,000","-13,000"
"=""056863""",奇鋐凱基45購06  ,0,0,0,"7,000","20,000","-13,000","7,000","20,000","-13,000"
"=""05745T""",威盛凱基39售05  ,0,0,0,0,"13,000","-13,000",0,"13,000","-13,000"
"=""058148""",萬海群益45購07  ,0,0,0,0,"13,000","-13,000",0,"13,000","-13,000"
"=""05861T""",華通元大37售09  ,0,0,0,"25,000","38,000","-13,000","25,000","38,000","-13,000"
"=""05878T""",智原元富37售08  ,0,0,0,"10,000","23,000","-13,000","10,000","23,000","-13,000"
"=""059247""",台積電凱基53購02,0,0,0,0,"13,000","-13,000",0,"13,000","-13,000"
"=""059557""",聯電元大46購04  ,0,0,0,0,"13,000","-13,000",0,"13,000","-13,000"
"=""059903""",冠德群益45購02  ,0,0,0,"108,000","121,000","-13,000","108,000","121,000","-13,000"
"=""059938""",飛宏國票45購01  ,0,0,0,0,"13,000","-13,000",0,"13,000","-13,000"
"=""060115""",創意富邦48購01  ,0,0,0,0,"13,000","-13,000",0,"13,000","-13,000"
"=""060380""",臺股指元大46購25,0,0,0,"32,000","45,000","-13,000","32,000","45,000","-13,000"
"=""060583""",正崴元大46購07  ,0,0,0,"10,000","23,000","-13,000","10,000","23,000","-13,000"
"=""061022""",川湖元大46購04  ,0,0,0,"5,000","18,000","-13,000","5,000","18,000","-13,000"
"=""061355""",美時國票46購02  ,0,0,0,0,"13,000","-13,000",0,"13,000","-13,000"
"=""061399""",立隆電群益46購01,0,0,0,0,"13,000","-13,000",0,"13,000","-13,000"
"=""061526""",瑞昱中信47購01  ,0,0,0,0,"13,000","-13,000",0,"13,000","-13,000"
"=""061536""",三福化中信46購01,0,0,0,"23,000","36,000","-13,000","23,000","36,000","-13,000"
"=""061581""",世紀鋼凱基47購04,0,0,0,"54,000","67,000","-13,000","54,000","67,000","-13,000"
"=""061993""",滬深2X元富46購04,0,0,0,0,"13,000","-13,000",0,"13,000","-13,000"
"=""062402""",臺股指凱基46購31,0,0,0,"25,000","38,000","-13,000","25,000","38,000","-13,000"
"=""062791""",臺股指群益56購01,0,0,0,"50,000","63,000","-13,000","50,000","63,000","-13,000"
"=""063026""",力智群益46購02  ,0,0,0,0,"13,000","-13,000",0,"13,000","-13,000"
"=""063861""",緯穎群益48購10  ,0,0,0,"1,000","14,000","-13,000","1,000","14,000","-13,000"
"=""064321""",華新凱基46購03  ,0,0,0,0,"13,000","-13,000",0,"13,000","-13,000"
"=""064676""",海悅元大46購04  ,0,0,0,0,"13,000","-13,000",0,"13,000","-13,000"
"=""064922""",碩天凱基47購01  ,0,0,0,0,"13,000","-13,000",0,"13,000","-13,000"
"=""066620""",全新富邦49購01  ,0,0,0,"28,000","41,000","-13,000","28,000","41,000","-13,000"
"=""066880""",台耀統一43購02  ,0,0,0,0,"13,000","-13,000",0,"13,000","-13,000"
"=""067683""",臻鼎凱基4A購02  ,0,0,0,0,"13,000","-13,000",0,"13,000","-13,000"
"=""067954""",欣興永豐47購05  ,0,0,0,"63,000","76,000","-13,000","63,000","76,000","-13,000"
"=""068095""",台積電元富48購09,0,0,0,0,"13,000","-13,000",0,"13,000","-13,000"
"=""068108""",奇鋐元富47購07  ,0,0,0,0,"13,000","-13,000",0,"13,000","-13,000"
"=""068387""",立隆電統一52購02,0,0,0,0,"13,000","-13,000",0,"13,000","-13,000"
"=""068504""",立隆電元大48購02,0,0,0,0,"13,000","-13,000",0,"13,000","-13,000"
"=""068761""",精銳凱基48購02  ,0,0,0,0,"13,000","-13,000",0,"13,000","-13,000"
"=""069487""",世芯元大48購20  ,0,0,0,0,"13,000","-13,000",0,"13,000","-13,000"
"=""069604""",樺漢統一52購01  ,0,0,0,0,"13,000","-13,000",0,"13,000","-13,000"
"=""069718""",臺股指富邦48購13,0,0,0,"11,000","24,000","-13,000","11,000","24,000","-13,000"
"=""069976""",晟銘電統一52購02,0,0,0,"123,000","136,000","-13,000","123,000","136,000","-13,000"
"=""070535""",新日興永豐49購02,0,0,0,"89,000","102,000","-13,000","89,000","102,000","-13,000"
"=""070554""",貿聯群益4C購01  ,0,0,0,0,"13,000","-13,000",0,"13,000","-13,000"
"=""070671""",三芳統一52購01  ,0,0,0,0,"13,000","-13,000",0,"13,000","-13,000"
"=""070721""",昇陽半中信49購01,0,0,0,"52,000","65,000","-13,000","52,000","65,000","-13,000"
"=""071144""",世芯元大51購05  ,0,0,0,0,"13,000","-13,000",0,"13,000","-13,000"
"=""071180""",波力永豐4B購01  ,0,0,0,0,"13,000","-13,000",0,"13,000","-13,000"
"=""071229""",愛普富邦48購01  ,0,0,0,0,"13,000","-13,000",0,"13,000","-13,000"
"=""071806""",所羅門國票4A購01,0,0,0,0,"13,000","-13,000",0,"13,000","-13,000"
"=""072280""",FBNQ2X元富48購01,0,0,0,0,"13,000","-13,000",0,"13,000","-13,000"
"=""072490""",神達元大4A購05  ,0,0,0,"54,000","67,000","-13,000","54,000","67,000","-13,000"
"=""072899""",偉訓元富53購01  ,0,0,0,0,"13,000","-13,000",0,"13,000","-13,000"
"=""073073""",亞翔凱基49購04  ,0,0,0,0,"13,000","-13,000",0,"13,000","-13,000"
"=""073241""",台灣50元富49購07,0,0,0,0,"13,000","-13,000",0,"13,000","-13,000"
"=""073423""",健鼎國泰4A購01  ,0,0,0,0,"13,000","-13,000",0,"13,000","-13,000"
"=""073608""",日月光元富49購03,0,0,0,0,"13,000","-13,000",0,"13,000","-13,000"
"=""074138""",台積電元大4C購05,0,0,0,"20,000","33,000","-13,000","20,000","33,000","-13,000"
"=""074178""",上証2X中信49購01,0,0,0,"3,000","16,000","-13,000","3,000","16,000","-13,000"
"=""074189""",台積電永豐4A購08,0,0,0,0,"13,000","-13,000",0,"13,000","-13,000"
"=""074246""",臺股指凱基4A購17,0,0,0,0,"13,000","-13,000",0,"13,000","-13,000"
"=""074650""",智原凱基51購03  ,0,0,0,0,"13,000","-13,000",0,"13,000","-13,000"
"=""074823""",嘉澤元大51購02  ,0,0,0,0,"13,000","-13,000",0,"13,000","-13,000"
"=""075216""",中502X元大4B購03,0,0,0,0,"13,000","-13,000",0,"13,000","-13,000"
"=""075245""",晶豪科元大49購03,0,0,0,0,"13,000","-13,000",0,"13,000","-13,000"
"=""075873""",SGBR2X元富49購02,0,0,0,0,"13,000","-13,000",0,"13,000","-13,000"
"=""075947""",玉晶光統一43購01,0,0,0,"1,000","14,000","-13,000","1,000","14,000","-13,000"
"=""076298""",嘉澤凱基51購01  ,0,0,0,0,"13,000","-13,000",0,"13,000","-13,000"
"=""076765""",國巨兆豐49購01  ,0,0,0,0,"13,000","-13,000",0,"13,000","-13,000"
"=""076800""",全新國泰4A購01  ,0,0,0,0,"13,000","-13,000",0,"13,000","-13,000"
"=""076806""",訊芯元富49購03  ,0,0,0,0,"13,000","-13,000",0,"13,000","-13,000"
"=""076987""",旺宏統一57購01  ,0,0,0,"17,000","30,000","-13,000","17,000","30,000","-13,000"
"=""077042""",晟銘電群益49購04,0,0,0,0,"13,000","-13,000",0,"13,000","-13,000"
"=""077047""",群創群益4C購01  ,0,0,0,0,"13,000","-13,000",0,"13,000","-13,000"
"=""077311""",中華群益4C購02  ,0,0,0,0,"13,000","-13,000",0,"13,000","-13,000"
1473  ,台南            ,0,"13,000","-13,000",0,0,0,0,"13,000","-13,000"
2501  ,國建            ,0,"13,000","-13,000",0,0,0,0,"13,000","-13,000"
4108  ,懷特            ,0,"13,000","-13,000",0,0,0,0,"13,000","-13,000"
6805  ,富世達          ,"12,000","25,000","-13,000",0,0,0,"12,000","25,000","-13,000"
2031  ,新光鋼          ,"1,056","25,081","-24,025","12,000",0,"12,000","13,056","25,081","-12,025"
"=""00851 """,台新全球AI      ,0,0,0,"26,000","38,000","-12,000","26,000","38,000","-12,000"
"=""03479T""",華通統一34售01  ,0,0,0,0,"12,000","-12,000",0,"12,000","-12,000"
"=""03833T""",臺股指元大36售44,0,0,0,0,"12,000","-12,000",0,"12,000","-12,000"
"=""04716T""",緯創凱基35售23  ,0,0,0,0,"12,000","-12,000",0,"12,000","-12,000"
"=""05023T""",智原國票37售04  ,0,0,0,0,"12,000","-12,000",0,"12,000","-12,000"
"=""050823""",鴻海國泰45購09  ,0,0,0,"8,000","20,000","-12,000","8,000","20,000","-12,000"
"=""05139T""",力成凱基36售02  ,0,0,0,0,"12,000","-12,000",0,"12,000","-12,000"
"=""05298T""",宏�硌s益38售03  ,0,0,0,"5,000","17,000","-12,000","5,000","17,000","-12,000"
"=""05389T""",元債2X元大38售04,0,0,0,0,"12,000","-12,000",0,"12,000","-12,000"
"=""055857""",崇越凱基44購01  ,0,0,0,"176,000","188,000","-12,000","176,000","188,000","-12,000"
"=""05634T""",光寶科元富37售02,0,0,0,0,"12,000","-12,000",0,"12,000","-12,000"
"=""056403""",世紀鋼元大45購04,0,0,0,0,"12,000","-12,000",0,"12,000","-12,000"
"=""056773""",威盛國泰47購01  ,0,0,0,"32,000","44,000","-12,000","32,000","44,000","-12,000"
"=""057919""",廣宇元大45購05  ,0,0,0,"28,000","40,000","-12,000","28,000","40,000","-12,000"
"=""058464""",道瓊銀國票46購02,0,0,0,0,"12,000","-12,000",0,"12,000","-12,000"
"=""058676""",龍德船元富45購01,0,0,0,0,"12,000","-12,000",0,"12,000","-12,000"
"=""059133""",晶心科凱基45購01,0,0,0,"18,000","30,000","-12,000","18,000","30,000","-12,000"
"=""059335""",台灣50元大45購17,0,0,0,0,"12,000","-12,000",0,"12,000","-12,000"
"=""059591""",寶成元大45購06  ,0,0,0,"11,000","23,000","-12,000","11,000","23,000","-12,000"
"=""059926""",臺股指群益45購31,0,0,0,0,"12,000","-12,000",0,"12,000","-12,000"
"=""06008T""",文曄國票37售02  ,0,0,0,0,"12,000","-12,000",0,"12,000","-12,000"
"=""060418""",保瑞永豐47購01  ,0,0,0,0,"12,000","-12,000",0,"12,000","-12,000"
"=""060565""",上証2X元大49購01,0,0,0,0,"12,000","-12,000",0,"12,000","-12,000"
"=""061011""",晶碩群益46購01  ,0,0,0,0,"12,000","-12,000",0,"12,000","-12,000"
"=""061021""",美時元大46購09  ,0,0,0,"2,000","14,000","-12,000","2,000","14,000","-12,000"
"=""061797""",T50正2凱基47購03,0,0,0,0,"12,000","-12,000",0,"12,000","-12,000"
"=""062004""",群創元富46購02  ,0,0,0,"1,000","13,000","-12,000","1,000","13,000","-12,000"
"=""062457""",台積電群益58購02,0,0,0,"10,000","22,000","-12,000","10,000","22,000","-12,000"
"=""062878""",鴻海元富46購14  ,0,0,0,0,"12,000","-12,000",0,"12,000","-12,000"
"=""063073""",緯穎永豐49購03  ,0,0,0,0,"12,000","-12,000",0,"12,000","-12,000"
"=""063494""",穎崴富邦47購01  ,0,0,0,"30,000","42,000","-12,000","30,000","42,000","-12,000"
"=""063639""",台塑元大49購02  ,0,0,0,0,"12,000","-12,000",0,"12,000","-12,000"
"=""064958""",中租永豐48購02  ,0,0,0,0,"12,000","-12,000",0,"12,000","-12,000"
"=""065029""",華通元大47購01  ,0,0,0,0,"12,000","-12,000",0,"12,000","-12,000"
"=""065050""",奇鋐元大47購04  ,0,0,0,0,"12,000","-12,000",0,"12,000","-12,000"
"=""065116""",永豐金中信47購01,0,0,0,"227,000","239,000","-12,000","227,000","239,000","-12,000"
"=""065237""",晟銘電凱基49購01,0,0,0,"9,000","21,000","-12,000","9,000","21,000","-12,000"
"=""065511""",泓德永豐47購01  ,0,0,0,"44,000","56,000","-12,000","44,000","56,000","-12,000"
"=""065874""",精成科台新47購02,0,0,0,"45,000","57,000","-12,000","45,000","57,000","-12,000"
"=""066003""",文曄統一3B購01  ,0,0,0,0,"12,000","-12,000",0,"12,000","-12,000"
"=""066172""",技嘉中信47購01  ,0,0,0,"1,000","13,000","-12,000","1,000","13,000","-12,000"
"=""066742""",元債2X元大5A購01,0,0,0,0,"12,000","-12,000",0,"12,000","-12,000"
"=""066885""",一詮元富51購01  ,0,0,0,0,"12,000","-12,000",0,"12,000","-12,000"
"=""067944""",滬深2X永豐47購08,0,0,0,"1,000","13,000","-12,000","1,000","13,000","-12,000"
"=""068198""",長榮元富48購04  ,0,0,0,0,"12,000","-12,000",0,"12,000","-12,000"
"=""068361""",陽明富邦49購01  ,0,0,0,0,"12,000","-12,000",0,"12,000","-12,000"
"=""068593""",台虹群益48購01  ,0,0,0,"37,000","49,000","-12,000","37,000","49,000","-12,000"
"=""068943""",南電統一3C購01  ,0,0,0,"30,000","42,000","-12,000","30,000","42,000","-12,000"
"=""069545""",勤美群益49購01  ,0,0,0,"8,000","20,000","-12,000","8,000","20,000","-12,000"
"=""069661""",台積電元大51購04,0,0,0,"75,000","87,000","-12,000","75,000","87,000","-12,000"
"=""069840""",聯發科群益48購10,0,0,0,0,"12,000","-12,000",0,"12,000","-12,000"
"=""069887""",祥碩凱基49購03  ,0,0,0,"10,000","22,000","-12,000","10,000","22,000","-12,000"
"=""070948""",大成鋼國票49購04,0,0,0,0,"12,000","-12,000",0,"12,000","-12,000"
"=""071302""",滬深2X國票52購01,0,0,0,0,"12,000","-12,000",0,"12,000","-12,000"
"=""071767""",微星元大48購06  ,0,0,0,0,"12,000","-12,000",0,"12,000","-12,000"
"=""071809""",裕民國票49購03  ,0,0,0,"1,000","13,000","-12,000","1,000","13,000","-12,000"
"=""072084""",緯創群益48購06  ,0,0,0,0,"12,000","-12,000",0,"12,000","-12,000"
"=""072887""",廣宇元富49購01  ,0,0,0,"13,000","25,000","-12,000","13,000","25,000","-12,000"
"=""073302""",華邦電凱基49購04,0,0,0,"5,000","17,000","-12,000","5,000","17,000","-12,000"
"=""074471""",天虹國票49購01  ,0,0,0,0,"12,000","-12,000",0,"12,000","-12,000"
"=""074849""",美費半國票4A購02,0,0,0,0,"12,000","-12,000",0,"12,000","-12,000"
"=""075189""",華邦電群益49購06,0,0,0,"18,000","30,000","-12,000","18,000","30,000","-12,000"
"=""075718""",欣興凱基49購07  ,0,0,0,0,"12,000","-12,000",0,"12,000","-12,000"
"=""075765""",貿聯群益49購04  ,0,0,0,"20,000","32,000","-12,000","20,000","32,000","-12,000"
"=""075938""",緯穎凱基4B購03  ,0,0,0,"1,000","13,000","-12,000","1,000","13,000","-12,000"
"=""076745""",世紀鋼元大4C購01,0,0,0,0,"12,000","-12,000",0,"12,000","-12,000"
"=""077043""",奇鋐群益49購04  ,0,0,0,0,"12,000","-12,000",0,"12,000","-12,000"
"=""077048""",精銳群益4A購03  ,0,0,0,0,"12,000","-12,000",0,"12,000","-12,000"
"=""077155""",台積電富邦4B購10,0,0,0,0,"12,000","-12,000",0,"12,000","-12,000"
"=""077261""",台積電元大4A購08,0,0,0,0,"12,000","-12,000",0,"12,000","-12,000"
1472  ,三洋實業        ,"1,000","13,000","-12,000",0,0,0,"1,000","13,000","-12,000"
3661  ,世芯-KY         ,"10,040","20,377","-10,337","1,289","2,496","-1,207","11,329","22,873","-11,544"
"=""020037""",元大金融高股息N ,0,0,0,0,"11,000","-11,000",0,"11,000","-11,000"
"=""033276""",智邦元大54購10  ,0,0,0,"10,000","21,000","-11,000","10,000","21,000","-11,000"
"=""03430T""",台積電群益33售10,0,0,0,0,"11,000","-11,000",0,"11,000","-11,000"
"=""035467""",宏�皏藕�55購01  ,0,0,0,0,"11,000","-11,000",0,"11,000","-11,000"
"=""037124""",振樺電凱基53購01,0,0,0,"22,000","33,000","-11,000","22,000","33,000","-11,000"
"=""03812T""",台積電永豐36售02,0,0,0,0,"11,000","-11,000",0,"11,000","-11,000"
"=""04342T""",台光電凱基35售08,0,0,0,0,"11,000","-11,000",0,"11,000","-11,000"
"=""046385""",長榮永豐44購02  ,0,0,0,0,"11,000","-11,000",0,"11,000","-11,000"
"=""047959""",智原群益42購09  ,0,0,0,"20,000","31,000","-11,000","20,000","31,000","-11,000"
"=""049922""",T50正2中信43購02,0,0,0,"30,000","41,000","-11,000","30,000","41,000","-11,000"
"=""050572""",世芯國票43購05  ,0,0,0,0,"11,000","-11,000",0,"11,000","-11,000"
"=""05091T""",大立光凱基39售04,0,0,0,"72,000","83,000","-11,000","72,000","83,000","-11,000"
"=""051018""",蔚華科富邦45購01,0,0,0,0,"11,000","-11,000",0,"11,000","-11,000"
"=""051253""",緯穎富邦47購01  ,0,0,0,"52,000","63,000","-11,000","52,000","63,000","-11,000"
"=""054414""",愛普統一39購01  ,0,0,0,"32,000","43,000","-11,000","32,000","43,000","-11,000"
"=""054708""",奇鋐凱基45購03  ,0,0,0,"5,000","16,000","-11,000","5,000","16,000","-11,000"
"=""054758""",矽統永豐47購01  ,0,0,0,0,"11,000","-11,000",0,"11,000","-11,000"
"=""055078""",欣興群益46購01  ,0,0,0,0,"11,000","-11,000",0,"11,000","-11,000"
"=""055632""",創意國票45購05  ,0,0,0,0,"11,000","-11,000",0,"11,000","-11,000"
"=""055869""",欣巴巴凱基44購03,0,0,0,"55,000","66,000","-11,000","55,000","66,000","-11,000"
"=""055962""",技嘉國票44購02  ,0,0,0,"20,000","31,000","-11,000","20,000","31,000","-11,000"
"=""056867""",貿聯凱基45購02  ,0,0,0,"28,000","39,000","-11,000","28,000","39,000","-11,000"
"=""056945""",東哥群益45購02  ,0,0,0,"10,000","21,000","-11,000","10,000","21,000","-11,000"
"=""056983""",S&P正2國票47購01,0,0,0,0,"11,000","-11,000",0,"11,000","-11,000"
"=""058084""",全新元富46購01  ,0,0,0,0,"11,000","-11,000",0,"11,000","-11,000"
"=""058792""",臻鼎元大45購06  ,0,0,0,0,"11,000","-11,000",0,"11,000","-11,000"
"=""059091""",智原元富46購02  ,0,0,0,0,"11,000","-11,000",0,"11,000","-11,000"
"=""059237""",中砂兆豐47購02  ,0,0,0,"30,000","41,000","-11,000","30,000","41,000","-11,000"
"=""059367""",偉訓元大45購03  ,0,0,0,0,"11,000","-11,000",0,"11,000","-11,000"
"=""059431""",同欣電群益45購01,0,0,0,0,"11,000","-11,000",0,"11,000","-11,000"
"=""059815""",鴻準富邦48購02  ,0,0,0,0,"11,000","-11,000",0,"11,000","-11,000"
"=""060521""",可成凱基46購02  ,0,0,0,0,"11,000","-11,000",0,"11,000","-11,000"
"=""060964""",台積電元富5C購02,0,0,0,"20,000","31,000","-11,000","20,000","31,000","-11,000"
"=""061254""",仁寶凱基47購01  ,0,0,0,0,"11,000","-11,000",0,"11,000","-11,000"
"=""061712""",長榮航中信46購05,0,0,0,"40,000","51,000","-11,000","40,000","51,000","-11,000"
"=""061827""",臺股指凱基46購25,0,0,0,0,"11,000","-11,000",0,"11,000","-11,000"
"=""062222""",長榮航元富46購05,0,0,0,"300,000","311,000","-11,000","300,000","311,000","-11,000"
"=""062517""",矽統統一3C購01  ,0,0,0,0,"11,000","-11,000",0,"11,000","-11,000"
"=""062748""",陽明富邦47購03  ,0,0,0,"17,000","28,000","-11,000","17,000","28,000","-11,000"
"=""062883""",金像電元富4C購02,0,0,0,0,"11,000","-11,000",0,"11,000","-11,000"
"=""063175""",緯穎元富46購08  ,0,0,0,"92,000","103,000","-11,000","92,000","103,000","-11,000"
"=""063436""",金寶元大46購08  ,0,0,0,0,"11,000","-11,000",0,"11,000","-11,000"
"=""063500""",緯穎兆豐4C購01  ,0,0,0,0,"11,000","-11,000",0,"11,000","-11,000"
"=""064055""",京元電元大46購08,0,0,0,"23,000","34,000","-11,000","23,000","34,000","-11,000"
"=""064115""",盟立群益4C購01  ,0,0,0,"57,000","68,000","-11,000","57,000","68,000","-11,000"
"=""064471""",愛普元大4A購01  ,0,0,0,0,"11,000","-11,000",0,"11,000","-11,000"
"=""065322""",玉晶光統一51購02,0,0,0,0,"11,000","-11,000",0,"11,000","-11,000"
"=""065423""",台積電元大47購13,0,0,0,0,"11,000","-11,000",0,"11,000","-11,000"
"=""065567""",材料中信3B購01  ,0,0,0,"4,000","15,000","-11,000","4,000","15,000","-11,000"
"=""065879""",威盛群益43購01  ,0,0,0,0,"11,000","-11,000",0,"11,000","-11,000"
"=""066254""",菱光國票48購01  ,0,0,0,0,"11,000","-11,000",0,"11,000","-11,000"
"=""066656""",盛群統一53購01  ,0,0,0,0,"11,000","-11,000",0,"11,000","-11,000"
"=""066778""",同欣電元大47購04,0,0,0,"1,000","12,000","-11,000","1,000","12,000","-11,000"
"=""068098""",裕民兆豐3B購01  ,0,0,0,"15,000","26,000","-11,000","15,000","26,000","-11,000"
"=""069343""",聯發科凱基49購02,0,0,0,0,"11,000","-11,000",0,"11,000","-11,000"
"=""071731""",景碩統一52購02  ,0,0,0,"283,000","294,000","-11,000","283,000","294,000","-11,000"
"=""072421""",鉅祥第一48購01  ,0,0,0,0,"11,000","-11,000",0,"11,000","-11,000"
"=""072471""",緯穎第一43購01  ,0,0,0,0,"11,000","-11,000",0,"11,000","-11,000"
"=""072755""",東科元大49購02  ,0,0,0,0,"11,000","-11,000",0,"11,000","-11,000"
"=""073454""",昆盈統一53購02  ,0,0,0,0,"11,000","-11,000",0,"11,000","-11,000"
"=""074076""",臺股指凱基55購02,0,0,0,0,"11,000","-11,000",0,"11,000","-11,000"
"=""074406""",勤誠國票4A購01  ,0,0,0,"257,000","268,000","-11,000","257,000","268,000","-11,000"
"=""075586""",欣興元大49購20  ,0,0,0,0,"11,000","-11,000",0,"11,000","-11,000"
"=""075719""",創意凱基49購06  ,0,0,0,0,"11,000","-11,000",0,"11,000","-11,000"
"=""076161""",大成鋼凱基4A購05,0,0,0,"100,000","111,000","-11,000","100,000","111,000","-11,000"
"=""076652""",新日興凱基4A購01,0,0,0,0,"11,000","-11,000",0,"11,000","-11,000"
"=""076694""",昇陽半群益49購01,0,0,0,"117,000","128,000","-11,000","117,000","128,000","-11,000"
"=""076832""",台灣50富邦53購02,0,0,0,0,"11,000","-11,000",0,"11,000","-11,000"
"=""077022""",南港群益4C購01  ,0,0,0,0,"11,000","-11,000",0,"11,000","-11,000"
"=""077107""",鴻海元大4A購07  ,0,0,0,0,"11,000","-11,000",0,"11,000","-11,000"
"=""077202""",台積電國票4C購07,0,0,0,"92,000","103,000","-11,000","92,000","103,000","-11,000"
"=""07996U""",緯創凱基3A售03  ,0,0,0,"36,000","47,000","-11,000","36,000","47,000","-11,000"
"=""08346U""",光寶科統一34售03,0,0,0,0,"11,000","-11,000",0,"11,000","-11,000"
6176  ,瑞儀            ,"2,201",0,"2,201","2,000","15,000","-13,000","4,201","15,000","-10,799"
1532  ,勤美            ,"2,000","14,274","-12,274","2,000",0,"2,000","4,000","14,274","-10,274"
1535  ,中宇            ,0,"10,000","-10,000",0,121,-121,0,"10,121","-10,121"
8222  ,寶一            ,"1,000","11,001","-10,001",0,0,0,"1,000","11,001","-10,001"
"=""03064T""",台光電元大33售26,0,0,0,0,"10,000","-10,000",0,"10,000","-10,000"
"=""03117T""",金像電元大34售04,0,0,0,0,"10,000","-10,000",0,"10,000","-10,000"
"=""03301T""",聚陽國票34售01  ,0,0,0,0,"10,000","-10,000",0,"10,000","-10,000"
"=""03387T""",定穎控群益33售07,0,0,0,0,"10,000","-10,000",0,"10,000","-10,000"
"=""03397T""",台積電元大33售05,0,0,0,0,"10,000","-10,000",0,"10,000","-10,000"
"=""03455T""",矽創凱基34售05  ,0,0,0,"20,000","30,000","-10,000","20,000","30,000","-10,000"
"=""035015""",京元電永豐55購01,0,0,0,0,"10,000","-10,000",0,"10,000","-10,000"
"=""03565T""",啟�眥窶�34售05  ,0,0,0,0,"10,000","-10,000",0,"10,000","-10,000"
"=""03656T""",奇鋐群益34售11  ,0,0,0,"10,000","20,000","-10,000","10,000","20,000","-10,000"
"=""03674T""",緯穎元富34售05  ,0,0,0,"5,000","15,000","-10,000","5,000","15,000","-10,000"
"=""03690T""",東陽國票34售02  ,0,0,0,0,"10,000","-10,000",0,"10,000","-10,000"
"=""03720T""",臺股指元大36售28,0,0,0,0,"10,000","-10,000",0,"10,000","-10,000"
"=""03832T""",臺股指元大36售43,0,0,0,0,"10,000","-10,000",0,"10,000","-10,000"
"=""038335""",富世達中信56購01,0,0,0,0,"10,000","-10,000",0,"10,000","-10,000"
"=""03883T""",川湖永豐35售01  ,0,0,0,"11,000","21,000","-10,000","11,000","21,000","-10,000"
"=""03947T""",訊芯凱基34售01  ,0,0,0,0,"10,000","-10,000",0,"10,000","-10,000"
"=""040157""",中租凱基55購01  ,0,0,0,0,"10,000","-10,000",0,"10,000","-10,000"
"=""04096T""",緯創中信35售02  ,0,0,0,0,"10,000","-10,000",0,"10,000","-10,000"
"=""04097T""",緯創中信37售04  ,0,0,0,"1,000","11,000","-10,000","1,000","11,000","-10,000"
"=""041069""",神達元大54購33  ,0,0,0,0,"10,000","-10,000",0,"10,000","-10,000"
"=""04156T""",緯穎凱基37售07  ,0,0,0,0,"10,000","-10,000",0,"10,000","-10,000"
"=""04164T""",威盛國票36售01  ,0,0,0,0,"10,000","-10,000",0,"10,000","-10,000"
"=""04227T""",英業達統一37售09,0,0,0,"10,000","20,000","-10,000","10,000","20,000","-10,000"
"=""04235T""",美時國票36售01  ,0,0,0,0,"10,000","-10,000",0,"10,000","-10,000"
"=""04292T""",聯發科元大35售21,0,0,0,0,"10,000","-10,000",0,"10,000","-10,000"
"=""043131""",建準群益55購02  ,0,0,0,0,"10,000","-10,000",0,"10,000","-10,000"
"=""043535""",至上元大58購01  ,0,0,0,0,"10,000","-10,000",0,"10,000","-10,000"
"=""043994""",旺宏元富56購01  ,0,0,0,0,"10,000","-10,000",0,"10,000","-10,000"
"=""044167""",南電元大55購07  ,0,0,0,0,"10,000","-10,000",0,"10,000","-10,000"
"=""04421T""",訊芯元大35售02  ,0,0,0,0,"10,000","-10,000",0,"10,000","-10,000"
"=""04570T""",智原元大35售13  ,0,0,0,0,"10,000","-10,000",0,"10,000","-10,000"
"=""04614T""",臺股指凱基3B售03,0,0,0,0,"10,000","-10,000",0,"10,000","-10,000"
"=""04641T""",緯創群益37售07  ,0,0,0,0,"10,000","-10,000",0,"10,000","-10,000"
"=""04666T""",南電凱基35售04  ,0,0,0,0,"10,000","-10,000",0,"10,000","-10,000"
"=""04732T""",立積群益35售02  ,0,0,0,0,"10,000","-10,000",0,"10,000","-10,000"
"=""047515""",台積電國票43購10,0,0,0,0,"10,000","-10,000",0,"10,000","-10,000"
"=""04757T""",電子類凱基35售06,0,0,0,0,"10,000","-10,000",0,"10,000","-10,000"
"=""04761T""",中砂元大35售04  ,0,0,0,0,"10,000","-10,000",0,"10,000","-10,000"
"=""047733""",穎崴統一58購01  ,0,0,0,0,"10,000","-10,000",0,"10,000","-10,000"
"=""047958""",威健群益42購01  ,0,0,0,0,"10,000","-10,000",0,"10,000","-10,000"
"=""04813T""",中砂元大36售05  ,0,0,0,0,"10,000","-10,000",0,"10,000","-10,000"
"=""048295""",中興電元大43購17,0,0,0,0,"10,000","-10,000",0,"10,000","-10,000"
"=""04844T""",FBNQ2X國票36售02,0,0,0,0,"10,000","-10,000",0,"10,000","-10,000"
"=""04849T""",飛宏凱基36售05  ,0,0,0,0,"10,000","-10,000",0,"10,000","-10,000"
"=""048593""",華航元富4B購01  ,0,0,0,0,"10,000","-10,000",0,"10,000","-10,000"
"=""048628""",華晶科統一48購01,0,0,0,0,"10,000","-10,000",0,"10,000","-10,000"
"=""048689""",大立光凱基44購02,0,0,0,0,"10,000","-10,000",0,"10,000","-10,000"
"=""048867""",台光電兆豐44購02,0,0,0,0,"10,000","-10,000",0,"10,000","-10,000"
"=""048887""",貿聯凱基43購04  ,0,0,0,0,"10,000","-10,000",0,"10,000","-10,000"
"=""049219""",景碩群益43購04  ,0,0,0,0,"10,000","-10,000",0,"10,000","-10,000"
"=""049499""",陽明凱基44購03  ,0,0,0,0,"10,000","-10,000",0,"10,000","-10,000"
"=""049772""",宏盛凱基43購01  ,0,0,0,"26,000","36,000","-10,000","26,000","36,000","-10,000"
"=""05004T""",南亞科中信36售01,0,0,0,0,"10,000","-10,000",0,"10,000","-10,000"
"=""050261""",健和興凱基43購01,0,0,0,0,"10,000","-10,000",0,"10,000","-10,000"
"=""05026T""",臺股指富邦39售03,0,0,0,0,"10,000","-10,000",0,"10,000","-10,000"
"=""05098T""",大聯大元大36售03,0,0,0,0,"10,000","-10,000",0,"10,000","-10,000"
"=""051054""",陽明元大47購01  ,0,0,0,"10,000","20,000","-10,000","10,000","20,000","-10,000"
"=""05111T""",神達元富36售02  ,0,0,0,0,"10,000","-10,000",0,"10,000","-10,000"
"=""051202""",景碩台新43購01  ,0,0,0,0,"10,000","-10,000",0,"10,000","-10,000"
"=""05126T""",英業達統一38售01,0,0,0,0,"10,000","-10,000",0,"10,000","-10,000"
"=""05129T""",中鋼中信38售01  ,0,0,0,0,"10,000","-10,000",0,"10,000","-10,000"
"=""051381""",材料元大43購43  ,0,0,0,0,"10,000","-10,000",0,"10,000","-10,000"
"=""051416""",迎廣統一59購01  ,0,0,0,0,"10,000","-10,000",0,"10,000","-10,000"
"=""051500""",達興國票45購01  ,0,0,0,0,"10,000","-10,000",0,"10,000","-10,000"
"=""051544""",迎廣群益44購01  ,0,0,0,0,"10,000","-10,000",0,"10,000","-10,000"
"=""051778""",所羅門中信43購01,0,0,0,"2,000","12,000","-10,000","2,000","12,000","-10,000"
"=""05183T""",力成元大36售06  ,0,0,0,0,"10,000","-10,000",0,"10,000","-10,000"
"=""052046""",文曄凱基43購01  ,0,0,0,0,"10,000","-10,000",0,"10,000","-10,000"
"=""05219T""",長榮航元富36售07,0,0,0,0,"10,000","-10,000",0,"10,000","-10,000"
"=""05224T""",奇鋐國票37售02  ,0,0,0,0,"10,000","-10,000",0,"10,000","-10,000"
"=""052389""",致伸群益46購01  ,0,0,0,"86,000","96,000","-10,000","86,000","96,000","-10,000"
"=""05248T""",臺股指元大38售13,0,0,0,0,"10,000","-10,000",0,"10,000","-10,000"
"=""052718""",旺旺保國票45購01,0,0,0,0,"10,000","-10,000",0,"10,000","-10,000"
"=""05281T""",華擎國票37售03  ,0,0,0,0,"10,000","-10,000",0,"10,000","-10,000"
"=""05295T""",台積電富邦3A售04,0,0,0,0,"10,000","-10,000",0,"10,000","-10,000"
"=""052986""",中502X元富44購03,0,0,0,0,"10,000","-10,000",0,"10,000","-10,000"
"=""052988""",華新元富44購01  ,0,0,0,0,"10,000","-10,000",0,"10,000","-10,000"
"=""053161""",友達國泰46購01  ,0,0,0,0,"10,000","-10,000",0,"10,000","-10,000"
"=""053603""",材料國泰46購01  ,0,0,0,0,"10,000","-10,000",0,"10,000","-10,000"
"=""053739""",智邦國泰46購01  ,0,0,0,0,"10,000","-10,000",0,"10,000","-10,000"
"=""05384T""",長榮航元富36售10,0,0,0,0,"10,000","-10,000",0,"10,000","-10,000"
"=""054124""",陽明群益45購05  ,0,0,0,0,"10,000","-10,000",0,"10,000","-10,000"
"=""05412T""",晶心科凱基36售03,0,0,0,"50,000","60,000","-10,000","50,000","60,000","-10,000"
"=""05419T""",宏�硌s益36售09  ,0,0,0,0,"10,000","-10,000",0,"10,000","-10,000"
"=""054252""",中信金富邦44購01,0,0,0,0,"10,000","-10,000",0,"10,000","-10,000"
"=""054271""",威盛元大47購03  ,0,0,0,0,"10,000","-10,000",0,"10,000","-10,000"
"=""054279""",奇鋐元大44購03  ,0,0,0,"30,000","40,000","-10,000","30,000","40,000","-10,000"
"=""054363""",臺股指中信45購04,0,0,0,0,"10,000","-10,000",0,"10,000","-10,000"
"=""05439T""",臺股指中信3B售07,0,0,0,0,"10,000","-10,000",0,"10,000","-10,000"
"=""054481""",富邦金元大44購03,0,0,0,0,"10,000","-10,000",0,"10,000","-10,000"
"=""054593""",台積電群益4A購12,0,0,0,0,"10,000","-10,000",0,"10,000","-10,000"
"=""054691""",上証2X凱基45購02,0,0,0,0,"10,000","-10,000",0,"10,000","-10,000"
"=""054776""",上銀凱基45購02  ,0,0,0,0,"10,000","-10,000",0,"10,000","-10,000"
"=""054829""",玉晶光國票47購01,0,0,0,0,"10,000","-10,000",0,"10,000","-10,000"
"=""054914""",全科群益44購01  ,0,0,0,0,"10,000","-10,000",0,"10,000","-10,000"
"=""054967""",瑞軒元富44購01  ,0,0,0,0,"10,000","-10,000",0,"10,000","-10,000"
"=""055075""",萬海群益44購03  ,0,0,0,0,"10,000","-10,000",0,"10,000","-10,000"
"=""055141""",香港2X富邦47購01,0,0,0,0,"10,000","-10,000",0,"10,000","-10,000"
"=""055148""",怡利電富邦46購02,0,0,0,0,"10,000","-10,000",0,"10,000","-10,000"
"=""05518T""",矽力群益37售04  ,0,0,0,0,"10,000","-10,000",0,"10,000","-10,000"
"=""055546""",崇越統一4A購01  ,0,0,0,0,"10,000","-10,000",0,"10,000","-10,000"
"=""055559""",瑞鼎永豐45購01  ,0,0,0,0,"10,000","-10,000",0,"10,000","-10,000"
"=""055584""",鴻準凱基45購01  ,0,0,0,0,"10,000","-10,000",0,"10,000","-10,000"
"=""055586""",技嘉凱基46購02  ,0,0,0,0,"10,000","-10,000",0,"10,000","-10,000"
"=""055598""",華擎凱基44購01  ,0,0,0,0,"10,000","-10,000",0,"10,000","-10,000"
"=""05563T""",臺股指群益3A售13,0,0,0,0,"10,000","-10,000",0,"10,000","-10,000"
"=""055798""",偉詮電兆豐46購02,0,0,0,0,"10,000","-10,000",0,"10,000","-10,000"
"=""055934""",威盛元大49購05  ,0,0,0,"28,000","38,000","-10,000","28,000","38,000","-10,000"
"=""055978""",龍德船國票44購02,0,0,0,0,"10,000","-10,000",0,"10,000","-10,000"
"=""056029""",正崴凱基46購01  ,0,0,0,0,"10,000","-10,000",0,"10,000","-10,000"
"=""056037""",創意凱基44購06  ,0,0,0,0,"10,000","-10,000",0,"10,000","-10,000"
"=""056103""",蔚華科元大44購02,0,0,0,0,"10,000","-10,000",0,"10,000","-10,000"
"=""056229""",世芯群益44購14  ,0,0,0,0,"10,000","-10,000",0,"10,000","-10,000"
"=""05625T""",緯創中信37售06  ,0,0,0,0,"10,000","-10,000",0,"10,000","-10,000"
"=""05626T""",中鴻凱基37售01  ,0,0,0,0,"10,000","-10,000",0,"10,000","-10,000"
"=""056343""",上銀凱基45購03  ,0,0,0,0,"10,000","-10,000",0,"10,000","-10,000"
"=""056355""",嘉澤凱基4A購02  ,0,0,0,0,"10,000","-10,000",0,"10,000","-10,000"
"=""056401""",天虹元大49購02  ,0,0,0,0,"10,000","-10,000",0,"10,000","-10,000"
"=""056475""",鴻準國票47購03  ,0,0,0,0,"10,000","-10,000",0,"10,000","-10,000"
"=""056492""",台玻富邦45購01  ,0,0,0,"80,000","90,000","-10,000","80,000","90,000","-10,000"
"=""056601""",鴻準群益45購02  ,0,0,0,0,"10,000","-10,000",0,"10,000","-10,000"
"=""056690""",技嘉元大45購04  ,0,0,0,"20,000","30,000","-10,000","20,000","30,000","-10,000"
"=""056704""",緯創元大45購04  ,0,0,0,0,"10,000","-10,000",0,"10,000","-10,000"
"=""056901""",緯創元大45購08  ,0,0,0,0,"10,000","-10,000",0,"10,000","-10,000"
"=""056997""",王品國票46購01  ,0,0,0,0,"10,000","-10,000",0,"10,000","-10,000"
"=""05714T""",一詮元富37售03  ,0,0,0,0,"10,000","-10,000",0,"10,000","-10,000"
"=""057202""",長榮航永豐45購02,0,0,0,0,"10,000","-10,000",0,"10,000","-10,000"
"=""057211""",定穎控永豐45購01,0,0,0,0,"10,000","-10,000",0,"10,000","-10,000"
"=""057350""",緯創群益45購04  ,0,0,0,0,"10,000","-10,000",0,"10,000","-10,000"
"=""057365""",電子類群益46購01,0,0,0,"10,000","20,000","-10,000","10,000","20,000","-10,000"
"=""057400""",台灣50元富45購04,0,0,0,0,"10,000","-10,000",0,"10,000","-10,000"
"=""057543""",建準元大45購02  ,0,0,0,0,"10,000","-10,000",0,"10,000","-10,000"
"=""057632""",華碩凱基48購01  ,0,0,0,"30,000","40,000","-10,000","30,000","40,000","-10,000"
"=""057658""",光寶科元富48購01,0,0,0,0,"10,000","-10,000",0,"10,000","-10,000"
"=""057716""",華碩元大45購06  ,0,0,0,0,"10,000","-10,000",0,"10,000","-10,000"
"=""057773""",世芯群益45購10  ,0,0,0,"10,000","20,000","-10,000","10,000","20,000","-10,000"
"=""057785""",迅得群益49購01  ,0,0,0,0,"10,000","-10,000",0,"10,000","-10,000"
"=""057935""",緯創元大45購24  ,0,0,0,"20,000","30,000","-10,000","20,000","30,000","-10,000"
"=""058037""",鴻準國泰47購02  ,0,0,0,0,"10,000","-10,000",0,"10,000","-10,000"
"=""058097""",英業達元大49購01,0,0,0,0,"10,000","-10,000",0,"10,000","-10,000"
"=""058131""",台積電群益4B購04,0,0,0,0,"10,000","-10,000",0,"10,000","-10,000"
"=""058189""",亞光永豐46購01  ,0,0,0,0,"10,000","-10,000",0,"10,000","-10,000"
"=""058252""",緯創凱基48購02  ,0,0,0,0,"10,000","-10,000",0,"10,000","-10,000"
"=""058271""",中砂元大45購02  ,0,0,0,0,"10,000","-10,000",0,"10,000","-10,000"
"=""058302""",欣興凱基45購01  ,0,0,0,0,"10,000","-10,000",0,"10,000","-10,000"
"=""058320""",廣宇群益45購03  ,0,0,0,0,"10,000","-10,000",0,"10,000","-10,000"
"=""058378""",精金國票55購01  ,0,0,0,0,"10,000","-10,000",0,"10,000","-10,000"
"=""05851T""",訊芯元富37售02  ,0,0,0,0,"10,000","-10,000",0,"10,000","-10,000"
"=""05855T""",友達凱基37售04  ,0,0,0,0,"10,000","-10,000",0,"10,000","-10,000"
"=""058660""",緯穎凱基45購09  ,0,0,0,0,"10,000","-10,000",0,"10,000","-10,000"
"=""05866T""",台積電群益37售12,0,0,0,"10,000","20,000","-10,000","10,000","20,000","-10,000"
"=""05871T""",緯穎群益37售13  ,0,0,0,0,"10,000","-10,000",0,"10,000","-10,000"
"=""058776""",聯發科元大45購02,0,0,0,0,"10,000","-10,000",0,"10,000","-10,000"
"=""058797""",振樺電元大45購01,0,0,0,0,"10,000","-10,000",0,"10,000","-10,000"
"=""058842""",SGBR2X凱基45購04,0,0,0,0,"10,000","-10,000",0,"10,000","-10,000"
"=""059119""",可成凱基46購01  ,0,0,0,"2,000","12,000","-10,000","2,000","12,000","-10,000"
"=""059288""",寶成永豐45購02  ,0,0,0,"45,000","55,000","-10,000","45,000","55,000","-10,000"
"=""059315""",正崴群益47購01  ,0,0,0,0,"10,000","-10,000",0,"10,000","-10,000"
"=""059459""",金像電元富45購02,0,0,0,0,"10,000","-10,000",0,"10,000","-10,000"
"=""059479""",台光電國票46購01,0,0,0,0,"10,000","-10,000",0,"10,000","-10,000"
"=""059601""",大同統一4B購01  ,0,0,0,0,"10,000","-10,000",0,"10,000","-10,000"
"=""059607""",振樺電統一4B購01,0,0,0,0,"10,000","-10,000",0,"10,000","-10,000"
"=""059645""",台積電永豐48購03,0,0,0,0,"10,000","-10,000",0,"10,000","-10,000"
"=""059673""",仁寶凱基45購03  ,0,0,0,0,"10,000","-10,000",0,"10,000","-10,000"
"=""059844""",啟�硈肭�47購01  ,0,0,0,0,"10,000","-10,000",0,"10,000","-10,000"
"=""059868""",虹堡元富45購01  ,0,0,0,0,"10,000","-10,000",0,"10,000","-10,000"
"=""059907""",大立光群益46購06,0,0,0,0,"10,000","-10,000",0,"10,000","-10,000"
"=""059950""",達方國票46購02  ,0,0,0,0,"10,000","-10,000",0,"10,000","-10,000"
"=""059964""",仁寶元大45購09  ,0,0,0,0,"10,000","-10,000",0,"10,000","-10,000"
"=""060024""",T50正2元富51購02,0,0,0,0,"10,000","-10,000",0,"10,000","-10,000"
"=""060036""",T50正2凱基47購02,0,0,0,0,"10,000","-10,000",0,"10,000","-10,000"
"=""060137""",大立光群益48購01,0,0,0,0,"10,000","-10,000",0,"10,000","-10,000"
"=""06019T""",文曄群益37售03  ,0,0,0,"20,000","30,000","-10,000","20,000","30,000","-10,000"
"=""060209""",晶碩國泰48購01  ,0,0,0,0,"10,000","-10,000",0,"10,000","-10,000"
"=""060278""",臺股指國票46購03,0,0,0,0,"10,000","-10,000",0,"10,000","-10,000"
"=""060306""",友訊群益54購01  ,0,0,0,"20,000","30,000","-10,000","20,000","30,000","-10,000"
"=""060362""",健和興元大46購01,0,0,0,"1,000","11,000","-10,000","1,000","11,000","-10,000"
"=""060402""",元日2X永豐4C購01,0,0,0,0,"10,000","-10,000",0,"10,000","-10,000"
"=""060433""",友達國泰48購01  ,0,0,0,0,"10,000","-10,000",0,"10,000","-10,000"
"=""060440""",川湖群益48購02  ,0,0,0,0,"10,000","-10,000",0,"10,000","-10,000"
"=""06046T""",文曄凱基37售08  ,0,0,0,0,"10,000","-10,000",0,"10,000","-10,000"
"=""060511""",元債2X凱基56購01,0,0,0,0,"10,000","-10,000",0,"10,000","-10,000"
"=""060514""",中華凱基47購02  ,0,0,0,"45,000","55,000","-10,000","45,000","55,000","-10,000"
"=""060519""",漢唐凱基4C購02  ,0,0,0,0,"10,000","-10,000",0,"10,000","-10,000"
"=""060570""",東元元大46購02  ,0,0,0,0,"10,000","-10,000",0,"10,000","-10,000"
"=""060640""",川湖中信48購02  ,0,0,0,0,"10,000","-10,000",0,"10,000","-10,000"
"=""060659""",滬深2X凱基47購03,0,0,0,0,"10,000","-10,000",0,"10,000","-10,000"
"=""060722""",一詮群益46購05  ,0,0,0,0,"10,000","-10,000",0,"10,000","-10,000"
"=""060760""",大同元大46購09  ,0,0,0,"33,000","43,000","-10,000","33,000","43,000","-10,000"
"=""060828""",欣興第一48購01  ,0,0,0,0,"10,000","-10,000",0,"10,000","-10,000"
"=""060927""",聯電凱基46購03  ,0,0,0,0,"10,000","-10,000",0,"10,000","-10,000"
"=""060932""",瑞昱凱基46購02  ,0,0,0,"5,000","15,000","-10,000","5,000","15,000","-10,000"
"=""061034""",正崴元大46購09  ,0,0,0,0,"10,000","-10,000",0,"10,000","-10,000"
"=""061046""",緯創元大49購02  ,0,0,0,"10,000","20,000","-10,000","10,000","20,000","-10,000"
"=""061107""",緯穎永豐48購02  ,0,0,0,0,"10,000","-10,000",0,"10,000","-10,000"
"=""061123""",FB越南元富46購01,0,0,0,0,"10,000","-10,000",0,"10,000","-10,000"
"=""061253""",鴻海凱基49購03  ,0,0,0,0,"10,000","-10,000",0,"10,000","-10,000"
"=""061292""",欣興永豐46購03  ,0,0,0,0,"10,000","-10,000",0,"10,000","-10,000"
"=""061293""",欣興永豐47購01  ,0,0,0,0,"10,000","-10,000",0,"10,000","-10,000"
"=""061531""",智原中信4A購02  ,0,0,0,"39,000","49,000","-10,000","39,000","49,000","-10,000"
"=""061554""",日本2X凱基48購01,0,0,0,0,"10,000","-10,000",0,"10,000","-10,000"
"=""061600""",永崴控國票47購03,0,0,0,"1,000","11,000","-10,000","1,000","11,000","-10,000"
"=""061645""",牧德元大46購04  ,0,0,0,0,"10,000","-10,000",0,"10,000","-10,000"
"=""061664""",中砂群益4C購01  ,0,0,0,0,"10,000","-10,000",0,"10,000","-10,000"
"=""061666""",美時群益46購03  ,0,0,0,0,"10,000","-10,000",0,"10,000","-10,000"
"=""061670""",宇隆群益47購01  ,0,0,0,0,"10,000","-10,000",0,"10,000","-10,000"
"=""061948""",矽力永豐46購01  ,0,0,0,0,"10,000","-10,000",0,"10,000","-10,000"
"=""062083""",燿華元大46購03  ,0,0,0,0,"10,000","-10,000",0,"10,000","-10,000"
"=""062138""",采鈺國票46購01  ,0,0,0,0,"10,000","-10,000",0,"10,000","-10,000"
"=""062258""",景碩凱基48購01  ,0,0,0,0,"10,000","-10,000",0,"10,000","-10,000"
"=""062284""",華邦電群益46購01,0,0,0,"1,000","11,000","-10,000","1,000","11,000","-10,000"
"=""062308""",臺股指群益4A購04,0,0,0,0,"10,000","-10,000",0,"10,000","-10,000"
"=""062317""",中502X元大48購02,0,0,0,0,"10,000","-10,000",0,"10,000","-10,000"
"=""062396""",聯茂凱基46購01  ,0,0,0,0,"10,000","-10,000",0,"10,000","-10,000"
"=""062511""",神達元富4C購02  ,0,0,0,0,"10,000","-10,000",0,"10,000","-10,000"
"=""062522""",所羅門國票47購01,0,0,0,0,"10,000","-10,000",0,"10,000","-10,000"
"=""062814""",大立光元大46購12,0,0,0,"10,000","20,000","-10,000","10,000","20,000","-10,000"
"=""062931""",佳能國票47購02  ,0,0,0,0,"10,000","-10,000",0,"10,000","-10,000"
"=""063000""",矽統群益46購01  ,0,0,0,0,"10,000","-10,000",0,"10,000","-10,000"
"=""063086""",亞光國票49購01  ,0,0,0,0,"10,000","-10,000",0,"10,000","-10,000"
"=""063231""",川湖統一3C購04  ,0,0,0,"5,000","15,000","-10,000","5,000","15,000","-10,000"
"=""063460""",長榮航元大46購24,0,0,0,0,"10,000","-10,000",0,"10,000","-10,000"
"=""063626""",智易群益48購01  ,0,0,0,0,"10,000","-10,000",0,"10,000","-10,000"
"=""063653""",燿華元大46購06  ,0,0,0,"1,000","11,000","-10,000","1,000","11,000","-10,000"
"=""063684""",華通富邦47購02  ,0,0,0,0,"10,000","-10,000",0,"10,000","-10,000"
"=""063688""",新日興富邦49購01,0,0,0,0,"10,000","-10,000",0,"10,000","-10,000"
"=""063790""",中砂國泰48購02  ,0,0,0,0,"10,000","-10,000",0,"10,000","-10,000"
"=""064012""",嘉澤國泰48購03  ,0,0,0,0,"10,000","-10,000",0,"10,000","-10,000"
"=""064013""",緯穎國泰48購02  ,0,0,0,0,"10,000","-10,000",0,"10,000","-10,000"
"=""064028""",晟銘電凱基46購01,0,0,0,"20,000","30,000","-10,000","20,000","30,000","-10,000"
"=""064142""",台化富邦48購01  ,0,0,0,0,"10,000","-10,000",0,"10,000","-10,000"
"=""064143""",英業達富邦48購02,0,0,0,0,"10,000","-10,000",0,"10,000","-10,000"
"=""064161""",可成兆豐48購01  ,0,0,0,"14,000","24,000","-10,000","14,000","24,000","-10,000"
"=""064292""",智原元大46購06  ,0,0,0,0,"10,000","-10,000",0,"10,000","-10,000"
"=""064325""",台積電凱基46購27,0,0,0,0,"10,000","-10,000",0,"10,000","-10,000"
"=""064364""",廣宇永豐47購01  ,0,0,0,0,"10,000","-10,000",0,"10,000","-10,000"
"=""064380""",神達元富46購07  ,0,0,0,0,"10,000","-10,000",0,"10,000","-10,000"
"=""064460""",世芯元大46購38  ,0,0,0,0,"10,000","-10,000",0,"10,000","-10,000"
"=""064574""",中磊國票49購02  ,0,0,0,0,"10,000","-10,000",0,"10,000","-10,000"
"=""064651""",上銀國泰47購01  ,0,0,0,0,"10,000","-10,000",0,"10,000","-10,000"
"=""064804""",大立光元大47購03,0,0,0,0,"10,000","-10,000",0,"10,000","-10,000"
"=""064951""",長榮永豐47購04  ,0,0,0,0,"10,000","-10,000",0,"10,000","-10,000"
"=""065001""",士電國票4B購01  ,0,0,0,"40,000","50,000","-10,000","40,000","50,000","-10,000"
"=""065085""",華城統一45購02  ,0,0,0,0,"10,000","-10,000",0,"10,000","-10,000"
"=""065087""",鴻海統一45購01  ,0,0,0,0,"10,000","-10,000",0,"10,000","-10,000"
"=""065175""",元日2X凱基51購01,0,0,0,0,"10,000","-10,000",0,"10,000","-10,000"
"=""065215""",晟銘電兆豐49購01,0,0,0,0,"10,000","-10,000",0,"10,000","-10,000"
"=""065256""",亞航元富51購01  ,0,0,0,0,"10,000","-10,000",0,"10,000","-10,000"
"=""065293""",川湖統一54購02  ,0,0,0,0,"10,000","-10,000",0,"10,000","-10,000"
"=""065310""",怡利電統一55購01,0,0,0,"2,000","12,000","-10,000","2,000","12,000","-10,000"
"=""065556""",台積電元富47購14,0,0,0,0,"10,000","-10,000",0,"10,000","-10,000"
"=""065636""",世芯群益48購13  ,0,0,0,0,"10,000","-10,000",0,"10,000","-10,000"
"=""065697""",台塑元大4C購03  ,0,0,0,0,"10,000","-10,000",0,"10,000","-10,000"
"=""065934""",貿聯元富51購01  ,0,0,0,0,"10,000","-10,000",0,"10,000","-10,000"
"=""065964""",威盛元大47購07  ,0,0,0,0,"10,000","-10,000",0,"10,000","-10,000"
"=""065967""",盟立元大47購03  ,0,0,0,0,"10,000","-10,000",0,"10,000","-10,000"
"=""066023""",微星群益47購01  ,0,0,0,0,"10,000","-10,000",0,"10,000","-10,000"
"=""066028""",陽明群益47購03  ,0,0,0,"1,000","11,000","-10,000","1,000","11,000","-10,000"
"=""066060""",健策元富47購01  ,0,0,0,0,"10,000","-10,000",0,"10,000","-10,000"
"=""066117""",洋基凱基49購01  ,0,0,0,0,"10,000","-10,000",0,"10,000","-10,000"
"=""066196""",材料永豐48購02  ,0,0,0,0,"10,000","-10,000",0,"10,000","-10,000"
"=""066219""",健策群益48購01  ,0,0,0,0,"10,000","-10,000",0,"10,000","-10,000"
"=""066345""",聯發科富邦51購01,0,0,0,0,"10,000","-10,000",0,"10,000","-10,000"
"=""066370""",洋基元富51購01  ,0,0,0,0,"10,000","-10,000",0,"10,000","-10,000"
"=""066462""",聯發科元大47購07,0,0,0,0,"10,000","-10,000",0,"10,000","-10,000"
"=""066526""",菱光群益4B購01  ,0,0,0,0,"10,000","-10,000",0,"10,000","-10,000"
"=""066552""",材料凱基3B購01  ,0,0,0,0,"10,000","-10,000",0,"10,000","-10,000"
"=""066681""",聯發科凱基4A購05,0,0,0,0,"10,000","-10,000",0,"10,000","-10,000"
"=""066684""",智原凱基47購04  ,0,0,0,0,"10,000","-10,000",0,"10,000","-10,000"
"=""066772""",健鼎元大47購02  ,0,0,0,0,"10,000","-10,000",0,"10,000","-10,000"
"=""066910""",旺宏群益47購03  ,0,0,0,0,"10,000","-10,000",0,"10,000","-10,000"
"=""066971""",緯創元大4B購02  ,0,0,0,0,"10,000","-10,000",0,"10,000","-10,000"
"=""067008""",大立光凱基49購02,0,0,0,0,"10,000","-10,000",0,"10,000","-10,000"
"=""067169""",創意群益3B購01  ,0,0,0,0,"10,000","-10,000",0,"10,000","-10,000"
"=""067214""",達興凱基47購01  ,0,0,0,0,"10,000","-10,000",0,"10,000","-10,000"
"=""067247""",臺股指元富47購09,0,0,0,"10,000","20,000","-10,000","10,000","20,000","-10,000"
"=""067379""",台積電富邦49購05,0,0,0,0,"10,000","-10,000",0,"10,000","-10,000"
"=""067437""",瑞昱台新47購01  ,0,0,0,0,"10,000","-10,000",0,"10,000","-10,000"
"=""067520""",欣興元大47購01  ,0,0,0,0,"10,000","-10,000",0,"10,000","-10,000"
"=""067566""",華新富邦49購01  ,0,0,0,0,"10,000","-10,000",0,"10,000","-10,000"
"=""067571""",華泰富邦49購01  ,0,0,0,0,"10,000","-10,000",0,"10,000","-10,000"
"=""067840""",南亞凱基47購03  ,0,0,0,"4,000","14,000","-10,000","4,000","14,000","-10,000"
"=""067870""",台塑群益4B購02  ,0,0,0,0,"10,000","-10,000",0,"10,000","-10,000"
"=""067927""",裕慶元大47購02  ,0,0,0,0,"10,000","-10,000",0,"10,000","-10,000"
"=""067947""",國巨永豐4B購01  ,0,0,0,0,"10,000","-10,000",0,"10,000","-10,000"
"=""068036""",奇鋐元大47購08  ,0,0,0,0,"10,000","-10,000",0,"10,000","-10,000"
"=""068091""",台積電元富48購06,0,0,0,0,"10,000","-10,000",0,"10,000","-10,000"
"=""068096""",台積電元富48購10,0,0,0,0,"10,000","-10,000",0,"10,000","-10,000"
"=""068183""",緯創永豐48購02  ,0,0,0,0,"10,000","-10,000",0,"10,000","-10,000"
"=""068202""",材料元富48購01  ,0,0,0,0,"10,000","-10,000",0,"10,000","-10,000"
"=""068208""",T50正2群益49購01,0,0,0,0,"10,000","-10,000",0,"10,000","-10,000"
"=""068381""",鴻海統一62購01  ,0,0,0,0,"10,000","-10,000",0,"10,000","-10,000"
"=""068567""",祥碩國票48購02  ,0,0,0,0,"10,000","-10,000",0,"10,000","-10,000"
"=""068764""",立積凱基48購02  ,0,0,0,0,"10,000","-10,000",0,"10,000","-10,000"
"=""068814""",奇鋐國票49購04  ,0,0,0,0,"10,000","-10,000",0,"10,000","-10,000"
"=""068833""",大同統一52購02  ,0,0,0,0,"10,000","-10,000",0,"10,000","-10,000"
"=""068883""",台光電台新48購01,0,0,0,0,"10,000","-10,000",0,"10,000","-10,000"
"=""068957""",華碩富邦4A購01  ,0,0,0,0,"10,000","-10,000",0,"10,000","-10,000"
"=""068989""",上銀國泰49購01  ,0,0,0,0,"10,000","-10,000",0,"10,000","-10,000"
"=""069034""",世芯永豐4B購05  ,0,0,0,0,"10,000","-10,000",0,"10,000","-10,000"
"=""069038""",立積永豐52購01  ,0,0,0,0,"10,000","-10,000",0,"10,000","-10,000"
"=""069140""",世芯群益49購05  ,0,0,0,0,"10,000","-10,000",0,"10,000","-10,000"
"=""069212""",昇陽半統一54購02,0,0,0,0,"10,000","-10,000",0,"10,000","-10,000"
"=""069252""",中磊富邦4B購01  ,0,0,0,"40,000","50,000","-10,000","40,000","50,000","-10,000"
"=""069291""",智原元富4A購02  ,0,0,0,"242,000","252,000","-10,000","242,000","252,000","-10,000"
"=""069355""",立積凱基4A購02  ,0,0,0,0,"10,000","-10,000",0,"10,000","-10,000"
"=""069555""",皇昌群益4A購01  ,0,0,0,0,"10,000","-10,000",0,"10,000","-10,000"
"=""069571""",東陽統一51購01  ,0,0,0,0,"10,000","-10,000",0,"10,000","-10,000"
"=""069610""",志強統一52購01  ,0,0,0,0,"10,000","-10,000",0,"10,000","-10,000"
"=""069674""",健策元大48購06  ,0,0,0,0,"10,000","-10,000",0,"10,000","-10,000"
"=""069739""",辛耘富邦4A購01  ,0,0,0,"12,000","22,000","-10,000","12,000","22,000","-10,000"
"=""069752""",鴻海國票4B購02  ,0,0,0,0,"10,000","-10,000",0,"10,000","-10,000"
"=""069753""",華泰國票49購01  ,0,0,0,0,"10,000","-10,000",0,"10,000","-10,000"
"=""069862""",T50反1凱基49購06,0,0,0,0,"10,000","-10,000",0,"10,000","-10,000"
"=""069903""",台積電元大48購43,0,0,0,"3,000","13,000","-10,000","3,000","13,000","-10,000"
"=""069930""",矽力元大48購09  ,0,0,0,0,"10,000","-10,000",0,"10,000","-10,000"
"=""069996""",強茂永豐48購01  ,0,0,0,0,"10,000","-10,000",0,"10,000","-10,000"
"=""070066""",雄獅第一49購01  ,0,0,0,0,"10,000","-10,000",0,"10,000","-10,000"
"=""070109""",台積電元大48購45,0,0,0,0,"10,000","-10,000",0,"10,000","-10,000"
"=""070136""",T50反1兆豐46購01,0,0,0,0,"10,000","-10,000",0,"10,000","-10,000"
"=""070138""",伊雲谷元大48購03,0,0,0,0,"10,000","-10,000",0,"10,000","-10,000"
"=""070216""",群光永豐4A購01  ,0,0,0,0,"10,000","-10,000",0,"10,000","-10,000"
"=""070264""",川湖元富49購04  ,0,0,0,0,"10,000","-10,000",0,"10,000","-10,000"
"=""070376""",世芯凱基48購10  ,0,0,0,0,"10,000","-10,000",0,"10,000","-10,000"
"=""070389""",碩天富邦49購01  ,0,0,0,"50,000","60,000","-10,000","50,000","60,000","-10,000"
"=""070475""",穎崴凱基48購03  ,0,0,0,0,"10,000","-10,000",0,"10,000","-10,000"
"=""070715""",滬深2X中信49購01,0,0,0,0,"10,000","-10,000",0,"10,000","-10,000"
"=""070832""",惠特國票49購02  ,0,0,0,0,"10,000","-10,000",0,"10,000","-10,000"
"=""070888""",晶心科元大48購01,0,0,0,0,"10,000","-10,000",0,"10,000","-10,000"
"=""070950""",川湖國票4B購01  ,0,0,0,0,"10,000","-10,000",0,"10,000","-10,000"
"=""071050""",新日興中信48購03,0,0,0,0,"10,000","-10,000",0,"10,000","-10,000"
"=""071052""",力積電中信49購03,0,0,0,0,"10,000","-10,000",0,"10,000","-10,000"
"=""071119""",中鋼元大48購03  ,0,0,0,0,"10,000","-10,000",0,"10,000","-10,000"
"=""071136""",慧洋元大48購02  ,0,0,0,"10,000","20,000","-10,000","10,000","20,000","-10,000"
"=""071183""",智原兆豐4A購03  ,0,0,0,"8,000","18,000","-10,000","8,000","18,000","-10,000"
"=""071264""",晶豪科凱基4A購01,0,0,0,"20,000","30,000","-10,000","20,000","30,000","-10,000"
"=""071418""",微星中信49購01  ,0,0,0,0,"10,000","-10,000",0,"10,000","-10,000"
"=""071571""",南亞科凱基48購01,0,0,0,0,"10,000","-10,000",0,"10,000","-10,000"
"=""071574""",聯發科凱基4C購08,0,0,0,"34,000","44,000","-10,000","34,000","44,000","-10,000"
"=""071736""",台郡統一52購02  ,0,0,0,0,"10,000","-10,000",0,"10,000","-10,000"
"=""071808""",長榮國票4A購04  ,0,0,0,0,"10,000","-10,000",0,"10,000","-10,000"
"=""071870""",滬深2X中信49購02,0,0,0,0,"10,000","-10,000",0,"10,000","-10,000"
"=""071890""",鈺邦永豐49購01  ,0,0,0,0,"10,000","-10,000",0,"10,000","-10,000"
"=""072052""",材料元大48購19  ,0,0,0,0,"10,000","-10,000",0,"10,000","-10,000"
"=""072183""",訊芯國票49購05  ,0,0,0,0,"10,000","-10,000",0,"10,000","-10,000"
"=""072187""",元金反凱基4A購01,0,0,0,0,"10,000","-10,000",0,"10,000","-10,000"
"=""072191""",亞力凱基4A購01  ,0,0,0,0,"10,000","-10,000",0,"10,000","-10,000"
"=""072203""",皇昌凱基51購01  ,0,0,0,0,"10,000","-10,000",0,"10,000","-10,000"
"=""072239""",上銀元大48購21  ,0,0,0,0,"10,000","-10,000",0,"10,000","-10,000"
"=""072380""",威強電元富49購02,0,0,0,0,"10,000","-10,000",0,"10,000","-10,000"
"=""072391""",合機國票4A購01  ,0,0,0,"80,000","90,000","-10,000","80,000","90,000","-10,000"
"=""072639""",敦泰統一52購01  ,0,0,0,0,"10,000","-10,000",0,"10,000","-10,000"
"=""072687""",台積電國票51購01,0,0,0,0,"10,000","-10,000",0,"10,000","-10,000"
"=""072873""",台泥元富49購04  ,0,0,0,0,"10,000","-10,000",0,"10,000","-10,000"
"=""073039""",訊芯富邦4A購02  ,0,0,0,0,"10,000","-10,000",0,"10,000","-10,000"
"=""073218""",台積電國票4A購09,0,0,0,"5,000","15,000","-10,000","5,000","15,000","-10,000"
"=""073416""",長榮航富邦41購01,0,0,0,0,"10,000","-10,000",0,"10,000","-10,000"
"=""073473""",慧洋國票4A購01  ,0,0,0,0,"10,000","-10,000",0,"10,000","-10,000"
"=""073543""",中502X群益49購02,0,0,0,0,"10,000","-10,000",0,"10,000","-10,000"
"=""073551""",廣宇群益4A購02  ,0,0,0,0,"10,000","-10,000",0,"10,000","-10,000"
"=""073657""",緯創統一41購01  ,0,0,0,"60,000","70,000","-10,000","60,000","70,000","-10,000"
"=""073725""",A50正2永豐4C購01,0,0,0,"90,000","100,000","-10,000","90,000","100,000","-10,000"
"=""073746""",慧洋統一53購02  ,0,0,0,0,"10,000","-10,000",0,"10,000","-10,000"
"=""073747""",全漢統一52購01  ,0,0,0,0,"10,000","-10,000",0,"10,000","-10,000"
"=""073780""",慧洋凱基49購03  ,0,0,0,0,"10,000","-10,000",0,"10,000","-10,000"
"=""073814""",台積電元富49購30,0,0,0,"10,000","20,000","-10,000","10,000","20,000","-10,000"
"=""073835""",中鋼元大49購05  ,0,0,0,0,"10,000","-10,000",0,"10,000","-10,000"
"=""073917""",立積群益4B購01  ,0,0,0,0,"10,000","-10,000",0,"10,000","-10,000"
"=""073921""",洋基群益49購01  ,0,0,0,0,"10,000","-10,000",0,"10,000","-10,000"
"=""07393U""",漢翔統一33售03  ,0,0,0,0,"10,000","-10,000",0,"10,000","-10,000"
"=""073982""",FBNQ2X永豐49購01,0,0,0,0,"10,000","-10,000",0,"10,000","-10,000"
"=""074001""",美律統一53購03  ,0,0,0,0,"10,000","-10,000",0,"10,000","-10,000"
"=""074051""",台積電凱基4A購26,0,0,0,"11,000","21,000","-10,000","11,000","21,000","-10,000"
"=""074107""",辛耘群益49購01  ,0,0,0,0,"10,000","-10,000",0,"10,000","-10,000"
"=""074176""",永崴控國泰4A購01,0,0,0,"50,000","60,000","-10,000","50,000","60,000","-10,000"
"=""074201""",微星第一4A購02  ,0,0,0,0,"10,000","-10,000",0,"10,000","-10,000"
"=""074221""",台積電凱基49購20,0,0,0,0,"10,000","-10,000",0,"10,000","-10,000"
"=""074269""",上銀群益49購06  ,0,0,0,"2,000","12,000","-10,000","2,000","12,000","-10,000"
"=""074304""",南亞科元富4C購01,0,0,0,0,"10,000","-10,000",0,"10,000","-10,000"
"=""074311""",大銀元富53購01  ,0,0,0,"10,000","20,000","-10,000","10,000","20,000","-10,000"
"=""074328""",美費半元大4C購01,0,0,0,"20,000","30,000","-10,000","20,000","30,000","-10,000"
"=""074594""",世芯元大49購10  ,0,0,0,0,"10,000","-10,000",0,"10,000","-10,000"
"=""074819""",京鼎元大49購01  ,0,0,0,0,"10,000","-10,000",0,"10,000","-10,000"
"=""074897""",國巨凱基4B購02  ,0,0,0,0,"10,000","-10,000",0,"10,000","-10,000"
"=""075147""",FBNQ2X凱基4C購02,0,0,0,"10,000","20,000","-10,000","10,000","20,000","-10,000"
"=""075250""",嘉澤元大49購06  ,0,0,0,0,"10,000","-10,000",0,"10,000","-10,000"
"=""075292""",聯發科富邦4B購04,0,0,0,"10,000","20,000","-10,000","10,000","20,000","-10,000"
"=""075361""",緯穎凱基4A購06  ,0,0,0,"5,000","15,000","-10,000","5,000","15,000","-10,000"
"=""075529""",T50正2凱基49購08,0,0,0,"1,000","11,000","-10,000","1,000","11,000","-10,000"
"=""075630""",大立光群益49購08,0,0,0,0,"10,000","-10,000",0,"10,000","-10,000"
"=""075780""",巨大國票4A購01  ,0,0,0,0,"10,000","-10,000",0,"10,000","-10,000"
"=""076127""",AES元富49購01   ,0,0,0,0,"10,000","-10,000",0,"10,000","-10,000"
"=""076148""",世紀鋼統一47購01,0,0,0,0,"10,000","-10,000",0,"10,000","-10,000"
"=""076185""",來億凱基49購04  ,0,0,0,"110,000","120,000","-10,000","110,000","120,000","-10,000"
"=""07618U""",金融類凱基34售01,0,0,0,0,"10,000","-10,000",0,"10,000","-10,000"
"=""076243""",長虹永豐4A購01  ,0,0,0,"5,000","15,000","-10,000","5,000","15,000","-10,000"
"=""076288""",台積電凱基49購30,0,0,0,0,"10,000","-10,000",0,"10,000","-10,000"
"=""076316""",AES統一63購02   ,0,0,0,0,"10,000","-10,000",0,"10,000","-10,000"
"=""076458""",大銀元富4C購01  ,0,0,0,0,"10,000","-10,000",0,"10,000","-10,000"
"=""076503""",臺股指富邦56購03,0,0,0,"73,000","83,000","-10,000","73,000","83,000","-10,000"
"=""076507""",台玻元大49購06  ,0,0,0,0,"10,000","-10,000",0,"10,000","-10,000"
"=""076529""",信邦元大49購06  ,0,0,0,0,"10,000","-10,000",0,"10,000","-10,000"
"=""076706""",南港元大49購01  ,0,0,0,0,"10,000","-10,000",0,"10,000","-10,000"
"=""076733""",亞翔元大49購17  ,0,0,0,0,"10,000","-10,000",0,"10,000","-10,000"
"=""076928""",康舒凱基49購01  ,0,0,0,0,"10,000","-10,000",0,"10,000","-10,000"
"=""07704U""",道瓊2X國票32售01,0,0,0,0,"10,000","-10,000",0,"10,000","-10,000"
"=""077081""",昇陽半凱基4C購02,0,0,0,0,"10,000","-10,000",0,"10,000","-10,000"
"=""077093""",穎崴富邦4A購02  ,0,0,0,0,"10,000","-10,000",0,"10,000","-10,000"
"=""077181""",台積電元富4A購20,0,0,0,0,"10,000","-10,000",0,"10,000","-10,000"
"=""077234""",南亞科凱基4A購06,0,0,0,0,"10,000","-10,000",0,"10,000","-10,000"
"=""077272""",威盛元大4B購02  ,0,0,0,0,"10,000","-10,000",0,"10,000","-10,000"
"=""077281""",漢翔元大4C購05  ,0,0,0,0,"10,000","-10,000",0,"10,000","-10,000"
"=""077300""",巨大元大4A購01  ,0,0,0,0,"10,000","-10,000",0,"10,000","-10,000"
"=""077364""",臺股指群益4A購21,0,0,0,0,"10,000","-10,000",0,"10,000","-10,000"
"=""07848U""",台灣50元大34售04,0,0,0,0,"10,000","-10,000",0,"10,000","-10,000"
"=""07918U""",臺股指元大34售16,0,0,0,0,"10,000","-10,000",0,"10,000","-10,000"
"=""07930U""",長榮航凱基33售02,0,0,0,0,"10,000","-10,000",0,"10,000","-10,000"
"=""07994U""",長榮凱基3A售05  ,0,0,0,0,"10,000","-10,000",0,"10,000","-10,000"
"=""08217U""",技嘉富邦35售02  ,0,0,0,0,"10,000","-10,000",0,"10,000","-10,000"
"=""08349U""",英業達統一33售09,0,0,0,0,"10,000","-10,000",0,"10,000","-10,000"
"=""08865U""",聯電元富34售03  ,0,0,0,0,"10,000","-10,000",0,"10,000","-10,000"
"=""08880U""",創意凱基33售08  ,0,0,0,0,"10,000","-10,000",0,"10,000","-10,000"
2314  ,台揚            ,0,"10,000","-10,000",0,0,0,0,"10,000","-10,000"
2739  ,寒舍            ,0,"10,000","-10,000",0,0,0,0,"10,000","-10,000"
6579  ,研揚            ,"1,000",0,"1,000",1,"10,027","-10,026","1,001","10,027","-9,026"
"=""03174T""",臺指2X元大39售01,0,0,0,"3,000","12,000","-9,000","3,000","12,000","-9,000"
"=""032018""",鴻海群益52購09  ,0,0,0,"41,000","50,000","-9,000","41,000","50,000","-9,000"
"=""038287""",大成鋼群益53購03,0,0,0,"1,000","10,000","-9,000","1,000","10,000","-9,000"
"=""03877T""",金融類凱基35售04,0,0,0,"1,000","10,000","-9,000","1,000","10,000","-9,000"
"=""04217T""",美指2X元大39售01,0,0,0,0,"9,000","-9,000",0,"9,000","-9,000"
"=""04571T""",祥碩元大35售08  ,0,0,0,"32,000","41,000","-9,000","32,000","41,000","-9,000"
"=""046103""",玉晶光群益42購06,0,0,0,"1,000","10,000","-9,000","1,000","10,000","-9,000"
"=""050961""",臺股指群益49購04,0,0,0,"46,000","55,000","-9,000","46,000","55,000","-9,000"
"=""051053""",愛山林元大43購01,0,0,0,"1,000","10,000","-9,000","1,000","10,000","-9,000"
"=""051496""",順德國票44購02  ,0,0,0,"1,000","10,000","-9,000","1,000","10,000","-9,000"
"=""051858""",文曄元大43購01  ,0,0,0,"30,000","39,000","-9,000","30,000","39,000","-9,000"
"=""052289""",昆盈國票46購01  ,0,0,0,"6,000","15,000","-9,000","6,000","15,000","-9,000"
"=""05271T""",滬深2X元大39售01,0,0,0,"24,000","33,000","-9,000","24,000","33,000","-9,000"
"=""054721""",雲豹統一54購01  ,0,0,0,0,"9,000","-9,000",0,"9,000","-9,000"
"=""054762""",建準永豐46購03  ,0,0,0,0,"9,000","-9,000",0,"9,000","-9,000"
"=""054865""",全新元大44購04  ,0,0,0,"1,000","10,000","-9,000","1,000","10,000","-9,000"
"=""054896""",台積電元富4A購03,0,0,0,0,"9,000","-9,000",0,"9,000","-9,000"
"=""055231""",致茂凱基46購01  ,0,0,0,0,"9,000","-9,000",0,"9,000","-9,000"
"=""055511""",臺股指元大45購25,0,0,0,"1,000","10,000","-9,000","1,000","10,000","-9,000"
"=""055933""",威盛元大44購22  ,0,0,0,"29,000","38,000","-9,000","29,000","38,000","-9,000"
"=""057308""",緯創元大45購13  ,0,0,0,"10,000","19,000","-9,000","10,000","19,000","-9,000"
"=""057794""",鴻準統一4B購03  ,0,0,0,"1,000","10,000","-9,000","1,000","10,000","-9,000"
"=""057982""",臻鼎群益45購02  ,0,0,0,0,"9,000","-9,000",0,"9,000","-9,000"
"=""058151""",大立光群益45購03,0,0,0,"24,000","33,000","-9,000","24,000","33,000","-9,000"
"=""058463""",元日2X國票48購02,0,0,0,"1,000","10,000","-9,000","1,000","10,000","-9,000"
"=""058495""",華城凱基48購01  ,0,0,0,0,"9,000","-9,000",0,"9,000","-9,000"
"=""058733""",技嘉群益45購11  ,0,0,0,0,"9,000","-9,000",0,"9,000","-9,000"
"=""058918""",元債2X群益47購01,0,0,0,"103,000","112,000","-9,000","103,000","112,000","-9,000"
"=""059043""",保瑞永豐45購01  ,0,0,0,0,"9,000","-9,000",0,"9,000","-9,000"
"=""059406""",貿聯統一53購01  ,0,0,0,0,"9,000","-9,000",0,"9,000","-9,000"
"=""05959T""",力成國票38售02  ,0,0,0,0,"9,000","-9,000",0,"9,000","-9,000"
"=""05988T""",台光電元富37售05,0,0,0,0,"9,000","-9,000",0,"9,000","-9,000"
"=""060113""",景碩富邦48購01  ,0,0,0,"5,000","14,000","-9,000","5,000","14,000","-9,000"
"=""06037T""",臺股指凱基3C售03,0,0,0,"1,000","10,000","-9,000","1,000","10,000","-9,000"
"=""060967""",飛宏元富46購01  ,0,0,0,"41,000","50,000","-9,000","41,000","50,000","-9,000"
"=""061524""",華邦電中信48購01,0,0,0,"6,000","15,000","-9,000","6,000","15,000","-9,000"
"=""061580""",波力凱基46購01  ,0,0,0,0,"9,000","-9,000",0,"9,000","-9,000"
"=""062126""",華城國票47購01  ,0,0,0,"31,000","40,000","-9,000","31,000","40,000","-9,000"
"=""062227""",創意元富46購07  ,0,0,0,0,"9,000","-9,000",0,"9,000","-9,000"
"=""062489""",神達統一54購01  ,0,0,0,"140,000","149,000","-9,000","140,000","149,000","-9,000"
"=""063270""",鴻準元富4C購01  ,0,0,0,"84,000","93,000","-9,000","84,000","93,000","-9,000"
"=""065291""",華城統一51購02  ,0,0,0,"1,000","10,000","-9,000","1,000","10,000","-9,000"
"=""065445""",聯茂元大47購03  ,0,0,0,"142,000","151,000","-9,000","142,000","151,000","-9,000"
"=""066797""",裕慶永豐48購01  ,0,0,0,"24,000","33,000","-9,000","24,000","33,000","-9,000"
"=""067123""",台塑國票48購02  ,0,0,0,"21,000","30,000","-9,000","21,000","30,000","-9,000"
"=""067412""",達興統一51購02  ,0,0,0,"2,000","11,000","-9,000","2,000","11,000","-9,000"
"=""068182""",大立光永豐48購03,0,0,0,0,"9,000","-9,000",0,"9,000","-9,000"
"=""068347""",偉訓永豐4B購01  ,0,0,0,0,"9,000","-9,000",0,"9,000","-9,000"
"=""068446""",燿華凱基48購01  ,0,0,0,0,"9,000","-9,000",0,"9,000","-9,000"
"=""068583""",大立光群益48購04,0,0,0,0,"9,000","-9,000",0,"9,000","-9,000"
"=""068921""",樺漢第一3C購01  ,0,0,0,0,"9,000","-9,000",0,"9,000","-9,000"
"=""06958U""",智邦元富56售03  ,0,0,0,"27,000","36,000","-9,000","27,000","36,000","-9,000"
"=""070034""",亞翔元富49購01  ,0,0,0,"70,000","79,000","-9,000","70,000","79,000","-9,000"
"=""070471""",健策凱基48購07  ,0,0,0,"11,000","20,000","-9,000","11,000","20,000","-9,000"
"=""071744""",志強統一58購02  ,0,0,0,"20,000","29,000","-9,000","20,000","29,000","-9,000"
"=""072935""",海華群益4B購01  ,0,0,0,"1,000","10,000","-9,000","1,000","10,000","-9,000"
"=""074883""",碩天永豐49購02  ,0,0,0,0,"9,000","-9,000",0,"9,000","-9,000"
"=""075125""",華碩永豐4B購01  ,0,0,0,"29,000","38,000","-9,000","29,000","38,000","-9,000"
"=""076160""",華城凱基49購08  ,0,0,0,"6,000","15,000","-9,000","6,000","15,000","-9,000"
"=""076725""",信邦元大49購09  ,0,0,0,"1,000","10,000","-9,000","1,000","10,000","-9,000"
"=""076869""",皇昌元大49購15  ,0,0,0,0,"9,000","-9,000",0,"9,000","-9,000"
"=""076878""",玉晶光元大49購07,0,0,0,"31,000","40,000","-9,000","31,000","40,000","-9,000"
"=""076905""",鴻海凱基49購17  ,0,0,0,"4,000","13,000","-9,000","4,000","13,000","-9,000"
"=""076918""",台驊控凱基4C購01,0,0,0,"1,000","10,000","-9,000","1,000","10,000","-9,000"
"=""077071""",奇鋐凱基53購01  ,0,0,0,"18,000","27,000","-9,000","18,000","27,000","-9,000"
"=""077274""",美律元大4A購01  ,0,0,0,0,"9,000","-9,000",0,"9,000","-9,000"
"=""077328""",京城銀群益4B購01,0,0,0,0,"9,000","-9,000",0,"9,000","-9,000"
"=""08394U""",T50正2元大35售02,0,0,0,0,"9,000","-9,000",0,"9,000","-9,000"
"=""00876 """,元大全球5G      ,0,0,0,"349,065","358,000","-8,935","349,065","358,000","-8,935"
6206  ,飛捷            ,"2,000","10,320","-8,320",0,0,0,"2,000","10,320","-8,320"
"=""00925 """,新光標普電動車  ,0,0,0,"357,000","365,110","-8,110","357,000","365,110","-8,110"
"=""03224T""",國巨元富33售02  ,0,0,0,0,"8,000","-8,000",0,"8,000","-8,000"
"=""03262T""",辛耘元大34售10  ,0,0,0,"2,000","10,000","-8,000","2,000","10,000","-8,000"
"=""04183T""",威盛統一37售04  ,0,0,0,0,"8,000","-8,000",0,"8,000","-8,000"
"=""043823""",國巨兆豐55購03  ,0,0,0,"2,000","10,000","-8,000","2,000","10,000","-8,000"
"=""045293""",智原元大55購07  ,0,0,0,"10,000","18,000","-8,000","10,000","18,000","-8,000"
"=""045846""",世芯元大43購13  ,0,0,0,"2,000","10,000","-8,000","2,000","10,000","-8,000"
"=""046988""",台積電元大43購54,0,0,0,"82,000","90,000","-8,000","82,000","90,000","-8,000"
"=""04714T""",長榮航凱基35售09,0,0,0,"2,000","10,000","-8,000","2,000","10,000","-8,000"
"=""04884T""",台灣50元富36售04,0,0,0,0,"8,000","-8,000",0,"8,000","-8,000"
"=""04968T""",聯鈞國票37售01  ,0,0,0,0,"8,000","-8,000",0,"8,000","-8,000"
"=""05062T""",臺股指群益37售06,0,0,0,0,"8,000","-8,000",0,"8,000","-8,000"
"=""050804""",台積電永豐46購13,0,0,0,0,"8,000","-8,000",0,"8,000","-8,000"
"=""05101T""",臺股指元大39售11,0,0,0,"2,000","10,000","-8,000","2,000","10,000","-8,000"
"=""05201T""",晟銘電群益36售03,0,0,0,0,"8,000","-8,000",0,"8,000","-8,000"
"=""05282T""",嘉澤國票37售03  ,0,0,0,0,"8,000","-8,000",0,"8,000","-8,000"
"=""05369T""",陽明統一38售02  ,0,0,0,0,"8,000","-8,000",0,"8,000","-8,000"
"=""05391T""",宏�痐舅j36售20  ,0,0,0,"15,000","23,000","-8,000","15,000","23,000","-8,000"
"=""054595""",致茂群益46購02  ,0,0,0,"22,000","30,000","-8,000","22,000","30,000","-8,000"
"=""055279""",緯穎群益46購04  ,0,0,0,"12,000","20,000","-8,000","12,000","20,000","-8,000"
"=""055535""",聯發科國泰46購07,0,0,0,"5,000","13,000","-8,000","5,000","13,000","-8,000"
"=""055706""",台灣50元大45購05,0,0,0,"10,000","18,000","-8,000","10,000","18,000","-8,000"
"=""056165""",鴻準凱基46購01  ,0,0,0,0,"8,000","-8,000",0,"8,000","-8,000"
"=""056195""",技嘉群益42購03  ,0,0,0,"3,000","11,000","-8,000","3,000","11,000","-8,000"
"=""056684""",鴻海元大45購18  ,0,0,0,0,"8,000","-8,000",0,"8,000","-8,000"
"=""058016""",華城凱基49購02  ,0,0,0,"16,000","24,000","-8,000","16,000","24,000","-8,000"
"=""059002""",臺股指法興45購01,0,0,0,"27,000","35,000","-8,000","27,000","35,000","-8,000"
"=""05949T""",臺股指群益37售28,0,0,0,0,"8,000","-8,000",0,"8,000","-8,000"
"=""059681""",興富發凱基46購01,0,0,0,"2,000","10,000","-8,000","2,000","10,000","-8,000"
"=""059935""",大同國票45購01  ,0,0,0,"10,000","18,000","-8,000","10,000","18,000","-8,000"
"=""059952""",T50正2元大45購05,0,0,0,"7,000","15,000","-8,000","7,000","15,000","-8,000"
"=""060163""",大同元大46購01  ,0,0,0,0,"8,000","-8,000",0,"8,000","-8,000"
"=""06055T""",臺股指國票38售04,0,0,0,0,"8,000","-8,000",0,"8,000","-8,000"
"=""060642""",所羅門中信47購01,0,0,0,0,"8,000","-8,000",0,"8,000","-8,000"
"=""060904""",華航國票47購01  ,0,0,0,0,"8,000","-8,000",0,"8,000","-8,000"
"=""061073""",長榮航中信48購02,0,0,0,0,"8,000","-8,000",0,"8,000","-8,000"
"=""061663""",華城群益46購03  ,0,0,0,"9,000","17,000","-8,000","9,000","17,000","-8,000"
"=""061783""",穎崴國票49購02  ,0,0,0,0,"8,000","-8,000",0,"8,000","-8,000"
"=""061839""",光寶科群益48購01,0,0,0,0,"8,000","-8,000",0,"8,000","-8,000"
"=""061868""",T50正2元大46購05,0,0,0,0,"8,000","-8,000",0,"8,000","-8,000"
"=""061951""",洋基永豐46購01  ,0,0,0,0,"8,000","-8,000",0,"8,000","-8,000"
"=""062225""",昇貿元富46購01  ,0,0,0,0,"8,000","-8,000",0,"8,000","-8,000"
"=""062383""",漢翔凱基46購03  ,0,0,0,0,"8,000","-8,000",0,"8,000","-8,000"
"=""062599""",精誠元大46購04  ,0,0,0,0,"8,000","-8,000",0,"8,000","-8,000"
"=""063206""",愛普群益47購02  ,0,0,0,"42,000","50,000","-8,000","42,000","50,000","-8,000"
"=""063683""",上銀富邦49購01  ,0,0,0,0,"8,000","-8,000",0,"8,000","-8,000"
"=""064503""",台積電統一3C購01,0,0,0,"63,000","71,000","-8,000","63,000","71,000","-8,000"
"=""064752""",材料中信4A購02  ,0,0,0,"32,000","40,000","-8,000","32,000","40,000","-8,000"
"=""064807""",奇鋐元大47購03  ,0,0,0,"2,000","10,000","-8,000","2,000","10,000","-8,000"
"=""064875""",全新群益47購02  ,0,0,0,"10,000","18,000","-8,000","10,000","18,000","-8,000"
"=""064895""",啟�硌s益47購01  ,0,0,0,"17,000","25,000","-8,000","17,000","25,000","-8,000"
"=""065178""",美時凱基48購02  ,0,0,0,0,"8,000","-8,000",0,"8,000","-8,000"
"=""065484""",南電國票49購01  ,0,0,0,"3,000","11,000","-8,000","3,000","11,000","-8,000"
"=""065694""",所羅門台新47購01,0,0,0,0,"8,000","-8,000",0,"8,000","-8,000"
"=""065766""",啟�痐舅j48購01  ,0,0,0,"12,000","20,000","-8,000","12,000","20,000","-8,000"
"=""065838""",敦泰統一51購02  ,0,0,0,0,"8,000","-8,000",0,"8,000","-8,000"
"=""065907""",愛普凱基47購05  ,0,0,0,"2,000","10,000","-8,000","2,000","10,000","-8,000"
"=""065963""",威盛元大47購06  ,0,0,0,0,"8,000","-8,000",0,"8,000","-8,000"
"=""066168""",緯穎統一41購01  ,0,0,0,"4,000","12,000","-8,000","4,000","12,000","-8,000"
"=""066600""",世芯國票4A購01  ,0,0,0,0,"8,000","-8,000",0,"8,000","-8,000"
"=""066712""",長榮鋼群益47購01,0,0,0,0,"8,000","-8,000",0,"8,000","-8,000"
"=""066952""",聚陽元大47購03  ,0,0,0,0,"8,000","-8,000",0,"8,000","-8,000"
"=""067260""",矽力統一3B購01  ,0,0,0,"2,000","10,000","-8,000","2,000","10,000","-8,000"
"=""067391""",鴻海元富47購11  ,0,0,0,0,"8,000","-8,000",0,"8,000","-8,000"
"=""067453""",電子類國票47購01,0,0,0,0,"8,000","-8,000",0,"8,000","-8,000"
"=""067722""",欣興元大47購02  ,0,0,0,0,"8,000","-8,000",0,"8,000","-8,000"
"=""067950""",金像電永豐4B購01,0,0,0,0,"8,000","-8,000",0,"8,000","-8,000"
"=""068094""",台積電元富48購08,0,0,0,"20,000","28,000","-8,000","20,000","28,000","-8,000"
"=""068717""",華孚富邦3A購01  ,0,0,0,"40,000","48,000","-8,000","40,000","48,000","-8,000"
"=""068877""",昇陽半永豐49購01,0,0,0,"2,000","10,000","-8,000","2,000","10,000","-8,000"
"=""069020""",微星中信48購01  ,0,0,0,0,"8,000","-8,000",0,"8,000","-8,000"
"=""069746""",世芯元富49購07  ,0,0,0,"111,000","119,000","-8,000","111,000","119,000","-8,000"
"=""070238""",晟銘電群益49購02,0,0,0,0,"8,000","-8,000",0,"8,000","-8,000"
"=""070470""",新日興凱基49購03,0,0,0,"80,000","88,000","-8,000","80,000","88,000","-8,000"
"=""071292""",新日興元富48購04,0,0,0,"2,000","10,000","-8,000","2,000","10,000","-8,000"
"=""071358""",大成鋼元大48購13,0,0,0,"1,000","9,000","-8,000","1,000","9,000","-8,000"
"=""071664""",緯創凱基4C購04  ,0,0,0,"620,000","628,000","-8,000","620,000","628,000","-8,000"
"=""071677""",上銀群益48購08  ,0,0,0,0,"8,000","-8,000",0,"8,000","-8,000"
"=""071812""",大量國票4A購01  ,0,0,0,"52,000","60,000","-8,000","52,000","60,000","-8,000"
"=""071829""",鴻海富邦4A購05  ,0,0,0,0,"8,000","-8,000",0,"8,000","-8,000"
"=""071925""",鈺邦統一56購01  ,0,0,0,0,"8,000","-8,000",0,"8,000","-8,000"
"=""072481""",皇昌元大48購18  ,0,0,0,"16,000","24,000","-8,000","16,000","24,000","-8,000"
"=""072482""",裕民元大48購13  ,0,0,0,0,"8,000","-8,000",0,"8,000","-8,000"
"=""072843""",台積電凱基5C購03,0,0,0,0,"8,000","-8,000",0,"8,000","-8,000"
"=""073179""",川湖統一54購03  ,0,0,0,0,"8,000","-8,000",0,"8,000","-8,000"
"=""073298""",廣宇凱基49購02  ,0,0,0,0,"8,000","-8,000",0,"8,000","-8,000"
"=""073520""",漢唐凱基49購02  ,0,0,0,"30,000","38,000","-8,000","30,000","38,000","-8,000"
"=""073663""",新日興元大49購05,0,0,0,"10,000","18,000","-8,000","10,000","18,000","-8,000"
"=""073706""",台積電國票57購01,0,0,0,"2,000","10,000","-8,000","2,000","10,000","-8,000"
"=""074416""",SGBR2X富邦4C購01,0,0,0,0,"8,000","-8,000",0,"8,000","-8,000"
"=""075342""",台積電凱基56購11,0,0,0,0,"8,000","-8,000",0,"8,000","-8,000"
"=""075392""",群創群益4A購02  ,0,0,0,"123,000","131,000","-8,000","123,000","131,000","-8,000"
"=""075747""",南亞科群益51購02,0,0,0,"2,000","10,000","-8,000","2,000","10,000","-8,000"
"=""076246""",台灣50群益49購09,0,0,0,0,"8,000","-8,000",0,"8,000","-8,000"
"=""076380""",亞翔元大49購16  ,0,0,0,0,"8,000","-8,000",0,"8,000","-8,000"
"=""076983""",龍德船國票4A購01,0,0,0,0,"8,000","-8,000",0,"8,000","-8,000"
"=""077078""",亞翔凱基49購07  ,0,0,0,0,"8,000","-8,000",0,"8,000","-8,000"
"=""08711U""",SGBR2X群益34售01,0,0,0,0,"8,000","-8,000",0,"8,000","-8,000"
1717  ,長興            ,0,"8,000","-8,000",0,0,0,0,"8,000","-8,000"
2881B ,富邦金乙特      ,"23,000","31,000","-8,000",0,0,0,"23,000","31,000","-8,000"
6226  ,光鼎            ,0,"8,000","-8,000",0,0,0,0,"8,000","-8,000"
2633  ,台灣高鐵        ,"1,000","8,953","-7,953",0,0,0,"1,000","8,953","-7,953"
4904  ,遠傳            ,"2,000","17,641","-15,641","20,000","12,214","7,786","22,000","29,855","-7,855"
6412  ,群電            ,0,"5,418","-5,418","2,000","4,170","-2,170","2,000","9,588","-7,588"
3714  ,富采            ,"14,000","21,785","-7,785","1,000",789,211,"15,000","22,574","-7,574"
6691  ,洋基工程        ,"4,000","6,537","-2,537","1,000","6,000","-5,000","5,000","12,537","-7,537"
2707  ,晶華            ,"1,000","8,504","-7,504",0,0,0,"1,000","8,504","-7,504"
2727  ,王品            ,"10,000","12,399","-2,399","7,000","12,000","-5,000","17,000","24,399","-7,399"
"=""03283T""",技嘉凱基33售15  ,0,0,0,0,"7,000","-7,000",0,"7,000","-7,000"
"=""04134T""",台灣50元大37售16,0,0,0,"5,000","12,000","-7,000","5,000","12,000","-7,000"
"=""04482T""",建準國票36售01  ,0,0,0,0,"7,000","-7,000",0,"7,000","-7,000"
"=""04616T""",台灣50元富35售11,0,0,0,"1,000","8,000","-7,000","1,000","8,000","-7,000"
"=""047924""",滬深2X永豐42購04,0,0,0,"5,000","12,000","-7,000","5,000","12,000","-7,000"
"=""04808T""",聯發科凱基36售07,0,0,0,"50,000","57,000","-7,000","50,000","57,000","-7,000"
"=""048111""",辛耘國票43購01  ,0,0,0,0,"7,000","-7,000",0,"7,000","-7,000"
"=""048455""",皇昌中信42購01  ,0,0,0,0,"7,000","-7,000",0,"7,000","-7,000"
"=""049408""",貿聯元大43購05  ,0,0,0,0,"7,000","-7,000",0,"7,000","-7,000"
"=""051828""",洋華群益43購01  ,0,0,0,"109,000","116,000","-7,000","109,000","116,000","-7,000"
"=""052298""",世芯國票46購01  ,0,0,0,"20,000","27,000","-7,000","20,000","27,000","-7,000"
"=""052838""",農林元大44購01  ,0,0,0,0,"7,000","-7,000",0,"7,000","-7,000"
"=""05340T""",宏�痐葩I36售02  ,0,0,0,0,"7,000","-7,000",0,"7,000","-7,000"
"=""05433T""",台灣50元大38售06,0,0,0,"10,000","17,000","-7,000","10,000","17,000","-7,000"
"=""054752""",滬深2X永豐46購06,0,0,0,"23,000","30,000","-7,000","23,000","30,000","-7,000"
"=""055084""",訊芯群益44購08  ,0,0,0,0,"7,000","-7,000",0,"7,000","-7,000"
"=""055456""",大立光群益44購05,0,0,0,"28,000","35,000","-7,000","28,000","35,000","-7,000"
"=""056093""",鴻準元大44購05  ,0,0,0,"29,000","36,000","-7,000","29,000","36,000","-7,000"
"=""056247""",威盛元大44購25  ,0,0,0,"2,000","9,000","-7,000","2,000","9,000","-7,000"
"=""056417""",順德群益47購01  ,0,0,0,0,"7,000","-7,000",0,"7,000","-7,000"
"=""058289""",長榮元大45購16  ,0,0,0,0,"7,000","-7,000",0,"7,000","-7,000"
"=""058375""",奇鋐國票46購02  ,0,0,0,0,"7,000","-7,000",0,"7,000","-7,000"
"=""059221""",宇隆元富45購02  ,0,0,0,0,"7,000","-7,000",0,"7,000","-7,000"
"=""059246""",台積電凱基45購31,0,0,0,0,"7,000","-7,000",0,"7,000","-7,000"
"=""059253""",材料元富49購01  ,0,0,0,"12,000","19,000","-7,000","12,000","19,000","-7,000"
"=""059405""",貿聯統一4B購03  ,0,0,0,0,"7,000","-7,000",0,"7,000","-7,000"
"=""059638""",聯詠國泰47購01  ,0,0,0,"3,000","10,000","-7,000","3,000","10,000","-7,000"
"=""060194""",祥碩元大4B購03  ,0,0,0,"3,000","10,000","-7,000","3,000","10,000","-7,000"
"=""060424""",台灣50元富46購07,0,0,0,"3,000","10,000","-7,000","3,000","10,000","-7,000"
"=""060788""",緯穎元大4C購01  ,0,0,0,0,"7,000","-7,000",0,"7,000","-7,000"
"=""061442""",天虹元富49購01  ,0,0,0,0,"7,000","-7,000",0,"7,000","-7,000"
"=""061594""",偉詮電國票47購01,0,0,0,"5,000","12,000","-7,000","5,000","12,000","-7,000"
"=""062330""",京元電元大46購05,0,0,0,"20,000","27,000","-7,000","20,000","27,000","-7,000"
"=""062388""",世芯凱基46購16  ,0,0,0,"2,000","9,000","-7,000","2,000","9,000","-7,000"
"=""062546""",洋基國票47購02  ,0,0,0,"1,000","8,000","-7,000","1,000","8,000","-7,000"
"=""062863""",亞光兆豐48購01  ,0,0,0,"5,000","12,000","-7,000","5,000","12,000","-7,000"
"=""063329""",貿聯國票47購04  ,0,0,0,"13,000","20,000","-7,000","13,000","20,000","-7,000"
"=""063523""",景碩國票47購06  ,0,0,0,"1,000","8,000","-7,000","1,000","8,000","-7,000"
"=""063551""",宇隆元富47購02  ,0,0,0,0,"7,000","-7,000",0,"7,000","-7,000"
"=""063724""",群創中信46購02  ,0,0,0,"63,000","70,000","-7,000","63,000","70,000","-7,000"
"=""063945""",凌華國票46購01  ,0,0,0,"3,000","10,000","-7,000","3,000","10,000","-7,000"
"=""063969""",美時富邦48購02  ,0,0,0,"24,000","31,000","-7,000","24,000","31,000","-7,000"
"=""064179""",長榮航統一4C購02,0,0,0,"23,000","30,000","-7,000","23,000","30,000","-7,000"
"=""064389""",臻鼎富邦49購01  ,0,0,0,0,"7,000","-7,000",0,"7,000","-7,000"
"=""064497""",一詮群益46購10  ,0,0,0,"73,000","80,000","-7,000","73,000","80,000","-7,000"
"=""065033""",廣宇元大47購01  ,0,0,0,"134,000","141,000","-7,000","134,000","141,000","-7,000"
"=""065266""",長華元富51購01  ,0,0,0,0,"7,000","-7,000",0,"7,000","-7,000"
"=""065302""",英業達統一51購01,0,0,0,"9,000","16,000","-7,000","9,000","16,000","-7,000"
"=""065469""",潤弘國票4B購01  ,0,0,0,"1,000","8,000","-7,000","1,000","8,000","-7,000"
"=""065517""",光寶科統一51購01,0,0,0,"89,000","96,000","-7,000","89,000","96,000","-7,000"
"=""065729""",陽明元大47購12  ,0,0,0,0,"7,000","-7,000",0,"7,000","-7,000"
"=""065931""",世芯元富47購09  ,0,0,0,0,"7,000","-7,000",0,"7,000","-7,000"
"=""066083""",台積電富邦4B購02,0,0,0,"11,000","18,000","-7,000","11,000","18,000","-7,000"
"=""066127""",直得統一53購01  ,0,0,0,"5,000","12,000","-7,000","5,000","12,000","-7,000"
"=""066932""",龍德船群益47購02,0,0,0,"23,000","30,000","-7,000","23,000","30,000","-7,000"
"=""067039""",聯發科永豐4A購02,0,0,0,"20,000","27,000","-7,000","20,000","27,000","-7,000"
"=""067069""",長榮群益47購04  ,0,0,0,0,"7,000","-7,000",0,"7,000","-7,000"
"=""067150""",威盛元大47購10  ,0,0,0,"153,000","160,000","-7,000","153,000","160,000","-7,000"
"=""067175""",力智元大47購02  ,0,0,0,0,"7,000","-7,000",0,"7,000","-7,000"
"=""067201""",鴻準凱基47購06  ,0,0,0,"27,000","34,000","-7,000","27,000","34,000","-7,000"
"=""067410""",台積電統一51購07,0,0,0,0,"7,000","-7,000",0,"7,000","-7,000"
"=""067762""",技嘉統一51購02  ,0,0,0,0,"7,000","-7,000",0,"7,000","-7,000"
"=""067854""",大立光凱基47購13,0,0,0,0,"7,000","-7,000",0,"7,000","-7,000"
"=""067886""",穎崴群益4B購01  ,0,0,0,0,"7,000","-7,000",0,"7,000","-7,000"
"=""067960""",聯發科統一3B購05,0,0,0,0,"7,000","-7,000",0,"7,000","-7,000"
"=""068002""",瑞昱群益49購01  ,0,0,0,0,"7,000","-7,000",0,"7,000","-7,000"
"=""068022""",鴻海元大47購24  ,0,0,0,0,"7,000","-7,000",0,"7,000","-7,000"
"=""068333""",達興台新48購01  ,0,0,0,"2,000","9,000","-7,000","2,000","9,000","-7,000"
"=""068815""",智原國票4A購01  ,0,0,0,"15,000","22,000","-7,000","15,000","22,000","-7,000"
"=""069351""",精銳凱基4B購01  ,0,0,0,0,"7,000","-7,000",0,"7,000","-7,000"
"=""069666""",聯發科元大51購03,0,0,0,"91,000","98,000","-7,000","91,000","98,000","-7,000"
"=""069968""",華新統一58購01  ,0,0,0,0,"7,000","-7,000",0,"7,000","-7,000"
"=""070244""",健策群益52購02  ,0,0,0,"3,000","10,000","-7,000","3,000","10,000","-7,000"
"=""070889""",力積電元大48購13,0,0,0,0,"7,000","-7,000",0,"7,000","-7,000"
"=""071584""",世芯凱基4A購07  ,0,0,0,0,"7,000","-7,000",0,"7,000","-7,000"
"=""071817""",貿聯國票49購03  ,0,0,0,0,"7,000","-7,000",0,"7,000","-7,000"
"=""071846""",中興電凱基4A購02,0,0,0,0,"7,000","-7,000",0,"7,000","-7,000"
"=""072424""",台灣50凱基4C購03,0,0,0,"156,000","163,000","-7,000","156,000","163,000","-7,000"
"=""072829""",華晶科中信49購01,0,0,0,"79,000","86,000","-7,000","79,000","86,000","-7,000"
"=""073505""",華城凱基49購04  ,0,0,0,0,"7,000","-7,000",0,"7,000","-7,000"
"=""074006""",愛普統一53購02  ,0,0,0,"10,000","17,000","-7,000","10,000","17,000","-7,000"
"=""074047""",中鋼凱基49購03  ,0,0,0,0,"7,000","-7,000",0,"7,000","-7,000"
"=""074816""",欣興元大49購16  ,0,0,0,"2,000","9,000","-7,000","2,000","9,000","-7,000"
"=""075341""",台積電凱基4A購31,0,0,0,0,"7,000","-7,000",0,"7,000","-7,000"
"=""076089""",台光電群益49購05,0,0,0,"37,000","44,000","-7,000","37,000","44,000","-7,000"
"=""076225""",AES元大49購01   ,0,0,0,0,"7,000","-7,000",0,"7,000","-7,000"
"=""076408""",達發中信49購01  ,0,0,0,"3,000","10,000","-7,000","3,000","10,000","-7,000"
"=""076890""",雲豹元大49購02  ,0,0,0,0,"7,000","-7,000",0,"7,000","-7,000"
5434  ,崇越            ,"1,000","8,000","-7,000",0,0,0,"1,000","8,000","-7,000"
6698  ,旭暉應材        ,"1,000","8,000","-7,000",0,0,0,"1,000","8,000","-7,000"
5522  ,遠雄            ,"1,000",985,15,0,"7,000","-7,000","1,000","7,985","-6,985"
3046  ,建��            ,"1,000","7,840","-6,840",0,0,0,"1,000","7,840","-6,840"
2359  ,所羅門          ,502,"7,024","-6,522",0,0,0,502,"7,024","-6,522"
2478  ,大毅            ,"1,000","7,411","-6,411",0,0,0,"1,000","7,411","-6,411"
1582  ,信錦            ,"3,000","8,246","-5,246",0,"1,000","-1,000","3,000","9,246","-6,246"
2884  ,玉山金          ,"2,000","2,000",0,"79,000","85,057","-6,057","81,000","87,057","-6,057"
"=""02001R""",富邦蘋果反一N   ,0,0,0,0,"6,000","-6,000",0,"6,000","-6,000"
"=""03020T""",仁寶元大33售13  ,0,0,0,0,"6,000","-6,000",0,"6,000","-6,000"
"=""03060T""",技嘉元大33售31  ,0,0,0,0,"6,000","-6,000",0,"6,000","-6,000"
"=""031254""",材料元大58購02  ,0,0,0,"4,000","10,000","-6,000","4,000","10,000","-6,000"
"=""03260T""",萬海元大34售02  ,0,0,0,"52,000","58,000","-6,000","52,000","58,000","-6,000"
"=""03602B""",臺股指凱基32熊12,0,0,0,0,"6,000","-6,000",0,"6,000","-6,000"
"=""03646T""",台泥凱基35售02  ,0,0,0,0,"6,000","-6,000",0,"6,000","-6,000"
"=""03754T""",友達凱基36售01  ,0,0,0,"10,000","16,000","-6,000","10,000","16,000","-6,000"
"=""03801T""",矽統群益38售01  ,0,0,0,0,"6,000","-6,000",0,"6,000","-6,000"
"=""03895T""",國巨元富34售03  ,0,0,0,0,"6,000","-6,000",0,"6,000","-6,000"
"=""03913C""",元債2X凱基3A牛02,0,0,0,0,"6,000","-6,000",0,"6,000","-6,000"
"=""04163T""",上銀國票36售01  ,0,0,0,0,"6,000","-6,000",0,"6,000","-6,000"
"=""04230T""",英業達凱基35售04,0,0,0,0,"6,000","-6,000",0,"6,000","-6,000"
"=""043721""",旭隼元大55購02  ,0,0,0,0,"6,000","-6,000",0,"6,000","-6,000"
"=""04430T""",智原統一39售04  ,0,0,0,0,"6,000","-6,000",0,"6,000","-6,000"
"=""04462T""",高力元大35售11  ,0,0,0,0,"6,000","-6,000",0,"6,000","-6,000"
"=""051799""",T50反1凱基49購02,0,0,0,"4,000","10,000","-6,000","4,000","10,000","-6,000"
"=""05346T""",智原元富36售08  ,0,0,0,0,"6,000","-6,000",0,"6,000","-6,000"
"=""054346""",汎銓群益44購03  ,0,0,0,0,"6,000","-6,000",0,"6,000","-6,000"
"=""055064""",致茂群益46購04  ,0,0,0,"10,000","16,000","-6,000","10,000","16,000","-6,000"
"=""055160""",台灣50元富44購11,0,0,0,0,"6,000","-6,000",0,"6,000","-6,000"
"=""055185""",金寶國票45購03  ,0,0,0,"12,000","18,000","-6,000","12,000","18,000","-6,000"
"=""056009""",南寶元富44購01  ,0,0,0,0,"6,000","-6,000",0,"6,000","-6,000"
"=""056906""",世芯元大45購14  ,0,0,0,0,"6,000","-6,000",0,"6,000","-6,000"
"=""057088""",世芯元大45購15  ,0,0,0,0,"6,000","-6,000",0,"6,000","-6,000"
"=""057193""",川湖永豐48購01  ,0,0,0,"25,000","31,000","-6,000","25,000","31,000","-6,000"
"=""057383""",文曄統一4C購01  ,0,0,0,0,"6,000","-6,000",0,"6,000","-6,000"
"=""058372""",皇昌國票46購02  ,0,0,0,0,"6,000","-6,000",0,"6,000","-6,000"
"=""058413""",台積電富邦47購03,0,0,0,"6,000","12,000","-6,000","6,000","12,000","-6,000"
"=""058590""",長榮航群益47購02,0,0,0,0,"6,000","-6,000",0,"6,000","-6,000"
"=""058656""",材料凱基45購04  ,0,0,0,0,"6,000","-6,000",0,"6,000","-6,000"
"=""05891T""",友達台新37售01  ,0,0,0,0,"6,000","-6,000",0,"6,000","-6,000"
"=""060567""",滬深2X元大49購05,0,0,0,0,"6,000","-6,000",0,"6,000","-6,000"
"=""061925""",精誠富邦47購01  ,0,0,0,"20,000","26,000","-6,000","20,000","26,000","-6,000"
"=""061928""",仁寶兆豐47購01  ,0,0,0,"6,000","12,000","-6,000","6,000","12,000","-6,000"
"=""062116""",川湖第一48購02  ,0,0,0,"2,000","8,000","-6,000","2,000","8,000","-6,000"
"=""063345""",華通凱基46購05  ,0,0,0,"1,000","7,000","-6,000","1,000","7,000","-6,000"
"=""063388""",上銀群益46購04  ,0,0,0,0,"6,000","-6,000",0,"6,000","-6,000"
"=""063495""",晶心科富邦48購01,0,0,0,0,"6,000","-6,000",0,"6,000","-6,000"
"=""063563""",國巨永豐48購01  ,0,0,0,"49,000","55,000","-6,000","49,000","55,000","-6,000"
"=""064031""",玉晶光凱基46購05,0,0,0,0,"6,000","-6,000",0,"6,000","-6,000"
"=""064151""",中磊富邦48購01  ,0,0,0,"84,000","90,000","-6,000","84,000","90,000","-6,000"
"=""064457""",群創元大46購09  ,0,0,0,0,"6,000","-6,000",0,"6,000","-6,000"
"=""065508""",遠雄永豐47購01  ,0,0,0,0,"6,000","-6,000",0,"6,000","-6,000"
"=""065877""",上証2X凱基47購03,0,0,0,0,"6,000","-6,000",0,"6,000","-6,000"
"=""065906""",矽力凱基47購02  ,0,0,0,"148,000","154,000","-6,000","148,000","154,000","-6,000"
"=""066041""",世芯群益48購14  ,0,0,0,"96,000","102,000","-6,000","96,000","102,000","-6,000"
"=""066492""",直得群益47購01  ,0,0,0,"10,000","16,000","-6,000","10,000","16,000","-6,000"
"=""066496""",台達電群益47購01,0,0,0,0,"6,000","-6,000",0,"6,000","-6,000"
"=""066894""",道瓊反群益53購01,0,0,0,0,"6,000","-6,000",0,"6,000","-6,000"
"=""066923""",材料群益47購08  ,0,0,0,"15,000","21,000","-6,000","15,000","21,000","-6,000"
"=""067111""",保瑞元富47購02  ,0,0,0,0,"6,000","-6,000",0,"6,000","-6,000"
"=""067116""",鴻海統一3B購03  ,0,0,0,"103,000","109,000","-6,000","103,000","109,000","-6,000"
"=""068540""",美食富邦4B購02  ,0,0,0,0,"6,000","-6,000",0,"6,000","-6,000"
"=""069145""",立積群益48購02  ,0,0,0,0,"6,000","-6,000",0,"6,000","-6,000"
"=""069350""",貿聯凱基48購03  ,0,0,0,"5,000","11,000","-6,000","5,000","11,000","-6,000"
"=""069707""",中興電統一46購01,0,0,0,0,"6,000","-6,000",0,"6,000","-6,000"
"=""069832""",鴻海群益5A購02  ,0,0,0,0,"6,000","-6,000",0,"6,000","-6,000"
"=""070492""",皇昌統一58購01  ,0,0,0,"53,000","59,000","-6,000","53,000","59,000","-6,000"
"=""070784""",晶豪科元富49購02,0,0,0,0,"6,000","-6,000",0,"6,000","-6,000"
"=""071178""",力成永豐49購01  ,0,0,0,"54,000","60,000","-6,000","54,000","60,000","-6,000"
"=""071543""",宏致元大48購05  ,0,0,0,"85,000","91,000","-6,000","85,000","91,000","-6,000"
"=""071990""",合機國票48購03  ,0,0,0,0,"6,000","-6,000",0,"6,000","-6,000"
"=""072008""",華孚國票49購01  ,0,0,0,"24,000","30,000","-6,000","24,000","30,000","-6,000"
"=""072069""",長華第一49購01  ,0,0,0,0,"6,000","-6,000",0,"6,000","-6,000"
"=""072957""",華新元大49購03  ,0,0,0,0,"6,000","-6,000",0,"6,000","-6,000"
"=""073542""",滬深2X群益4B購04,0,0,0,0,"6,000","-6,000",0,"6,000","-6,000"
"=""07386U""",創意富邦35售01  ,0,0,0,"6,000","12,000","-6,000","6,000","12,000","-6,000"
"=""074355""",台光電元大49購07,0,0,0,0,"6,000","-6,000",0,"6,000","-6,000"
"=""074474""",中502X元富49購03,0,0,0,0,"6,000","-6,000",0,"6,000","-6,000"
"=""074550""",慧洋群益4C購01  ,0,0,0,0,"6,000","-6,000",0,"6,000","-6,000"
"=""074618""",所羅門富邦4A購02,0,0,0,"2,000","8,000","-6,000","2,000","8,000","-6,000"
"=""074657""",亞翔凱基51購02  ,0,0,0,"1,000","7,000","-6,000","1,000","7,000","-6,000"
"=""074921""",泓德凱基49購01  ,0,0,0,0,"6,000","-6,000",0,"6,000","-6,000"
"=""075160""",華碩凱基49購03  ,0,0,0,"54,000","60,000","-6,000","54,000","60,000","-6,000"
"=""075171""",元債2X元富47購01,0,0,0,0,"6,000","-6,000",0,"6,000","-6,000"
"=""075431""",華邦電元大49購18,0,0,0,"99,000","105,000","-6,000","99,000","105,000","-6,000"
"=""075442""",皇昌元大49購11  ,0,0,0,"80,000","86,000","-6,000","80,000","86,000","-6,000"
"=""075608""",美利達元大49購03,0,0,0,"20,000","26,000","-6,000","20,000","26,000","-6,000"
"=""075774""",智邦國票4A購05  ,0,0,0,"14,000","20,000","-6,000","14,000","20,000","-6,000"
"=""075855""",富世達元大49購09,0,0,0,"26,000","32,000","-6,000","26,000","32,000","-6,000"
"=""076195""",大亞元大49購03  ,0,0,0,"5,000","11,000","-6,000","5,000","11,000","-6,000"
"=""076389""",元債2X國泰4A購01,0,0,0,"141,000","147,000","-6,000","141,000","147,000","-6,000"
"=""076631""",全訊統一53購04  ,0,0,0,"130,000","136,000","-6,000","130,000","136,000","-6,000"
"=""076678""",美律群益4B購03  ,0,0,0,0,"6,000","-6,000",0,"6,000","-6,000"
"=""076941""",中華永豐4A購01  ,0,0,0,"4,000","10,000","-6,000","4,000","10,000","-6,000"
"=""077037""",一詮群益49購08  ,0,0,0,0,"6,000","-6,000",0,"6,000","-6,000"
"=""077045""",新日興群益49購06,0,0,0,"7,000","13,000","-6,000","7,000","13,000","-6,000"
"=""077106""",大成鋼元大4C購05,0,0,0,0,"6,000","-6,000",0,"6,000","-6,000"
"=""077113""",旺宏元大4C購01  ,0,0,0,0,"6,000","-6,000",0,"6,000","-6,000"
"=""077335""",智原群益4B購01  ,0,0,0,0,"6,000","-6,000",0,"6,000","-6,000"
2426  ,鼎元            ,"2,000","8,000","-6,000",0,0,0,"2,000","8,000","-6,000"
3052  ,夆典            ,"10,000","16,000","-6,000",0,0,0,"10,000","16,000","-6,000"
5607  ,遠雄港          ,0,"6,000","-6,000",0,0,0,0,"6,000","-6,000"
6192  ,巨路            ,0,"6,000","-6,000",0,0,0,0,"6,000","-6,000"
1229  ,聯華            ,"3,000","7,783","-4,783","1,000","1,264",-264,"4,000","9,047","-5,047"
"=""03035X""",元展32          ,0,0,0,0,"5,000","-5,000",0,"5,000","-5,000"
"=""03352T""",矽力群益33售02  ,0,0,0,0,"5,000","-5,000",0,"5,000","-5,000"
"=""03394T""",啟�硈肭�33售06  ,0,0,0,"5,000","10,000","-5,000","5,000","10,000","-5,000"
"=""03541T""",上銀元大33售01  ,0,0,0,"15,000","20,000","-5,000","15,000","20,000","-5,000"
"=""03614T""",南亞科凱基34售01,0,0,0,0,"5,000","-5,000",0,"5,000","-5,000"
"=""03678T""",全新元大34售01  ,0,0,0,0,"5,000","-5,000",0,"5,000","-5,000"
"=""03717T""",文曄元大34售04  ,0,0,0,"15,000","20,000","-5,000","15,000","20,000","-5,000"
"=""04003T""",技嘉群益34售23  ,0,0,0,0,"5,000","-5,000",0,"5,000","-5,000"
"=""040403""",台灣50國票54購02,0,0,0,"5,000","10,000","-5,000","5,000","10,000","-5,000"
"=""04042T""",台積電群益34售18,0,0,0,0,"5,000","-5,000",0,"5,000","-5,000"
"=""04098T""",緯創永豐35售01  ,0,0,0,"10,000","15,000","-5,000","10,000","15,000","-5,000"
"=""041046""",光寶科元大58購04,0,0,0,"5,000","10,000","-5,000","5,000","10,000","-5,000"
"=""04127T""",晶豪科元富34售03,0,0,0,0,"5,000","-5,000",0,"5,000","-5,000"
"=""04140T""",緯創元大34售22  ,0,0,0,0,"5,000","-5,000",0,"5,000","-5,000"
"=""04206T""",技嘉永豐36售09  ,0,0,0,0,"5,000","-5,000",0,"5,000","-5,000"
"=""04256T""",英業達元大35售01,0,0,0,0,"5,000","-5,000",0,"5,000","-5,000"
"=""04375T""",電子類凱基36售01,0,0,0,0,"5,000","-5,000",0,"5,000","-5,000"
"=""044020""",宏達電國票57購02,0,0,0,"15,000","20,000","-5,000","15,000","20,000","-5,000"
"=""044050""",臺股指富邦57購07,0,0,0,0,"5,000","-5,000",0,"5,000","-5,000"
"=""04418T""",材料元大35售06  ,0,0,0,0,"5,000","-5,000",0,"5,000","-5,000"
"=""044434""",旺宏元大55購07  ,0,0,0,0,"5,000","-5,000",0,"5,000","-5,000"
"=""04453T""",台光電元大35售05,0,0,0,0,"5,000","-5,000",0,"5,000","-5,000"
"=""04472T""",愛普凱基35售05  ,0,0,0,0,"5,000","-5,000",0,"5,000","-5,000"
"=""044815""",台灣50中信5B購02,0,0,0,"6,000","11,000","-5,000","6,000","11,000","-5,000"
"=""045219""",緯穎凱基55購13  ,0,0,0,0,"5,000","-5,000",0,"5,000","-5,000"
"=""04565T""",臺股指群益36售31,0,0,0,0,"5,000","-5,000",0,"5,000","-5,000"
"=""04619T""",智原元富35售04  ,0,0,0,0,"5,000","-5,000",0,"5,000","-5,000"
"=""047170""",美時元大43購04  ,0,0,0,"3,000","8,000","-5,000","3,000","8,000","-5,000"
"=""04723T""",T50正2元大37售02,0,0,0,0,"5,000","-5,000",0,"5,000","-5,000"
"=""04751T""",S&P正2凱基37售01,0,0,0,0,"5,000","-5,000",0,"5,000","-5,000"
"=""04752T""",FBNQ2X凱基35售05,0,0,0,0,"5,000","-5,000",0,"5,000","-5,000"
"=""04776T""",臺股指國票37售07,0,0,0,0,"5,000","-5,000",0,"5,000","-5,000"
"=""04781T""",瑞昱凱基35售05  ,0,0,0,0,"5,000","-5,000",0,"5,000","-5,000"
"=""047829""",英業達群益42購02,0,0,0,0,"5,000","-5,000",0,"5,000","-5,000"
"=""047903""",T50反1元大37購01,0,0,0,0,"5,000","-5,000",0,"5,000","-5,000"
"=""04791T""",聯發科永豐37售05,0,0,0,"2,000","7,000","-5,000","2,000","7,000","-5,000"
"=""047925""",滬深2X永豐42購05,0,0,0,0,"5,000","-5,000",0,"5,000","-5,000"
"=""048239""",皇昌國泰44購01  ,0,0,0,"5,000","10,000","-5,000","5,000","10,000","-5,000"
"=""048291""",T50反1元大47購03,0,0,0,0,"5,000","-5,000",0,"5,000","-5,000"
"=""04868T""",長榮元大36售08  ,0,0,0,0,"5,000","-5,000",0,"5,000","-5,000"
"=""04870T""",臺股指元富3A售04,0,0,0,0,"5,000","-5,000",0,"5,000","-5,000"
"=""05008T""",道瓊銀元大36售01,0,0,0,0,"5,000","-5,000",0,"5,000","-5,000"
"=""050206""",台積電群益43購31,0,0,0,0,"5,000","-5,000",0,"5,000","-5,000"
"=""050666""",鴻海國泰45購08  ,0,0,0,"5,000","10,000","-5,000","5,000","10,000","-5,000"
"=""050710""",潤泰全凱基43購01,0,0,0,"2,000","7,000","-5,000","2,000","7,000","-5,000"
"=""050835""",所羅門統一59購01,0,0,0,0,"5,000","-5,000",0,"5,000","-5,000"
"=""051027""",致茂凱基44購01  ,0,0,0,"7,000","12,000","-5,000","7,000","12,000","-5,000"
"=""05158T""",南電元富36售04  ,0,0,0,0,"5,000","-5,000",0,"5,000","-5,000"
"=""051598""",世紀鋼統一55購02,0,0,0,0,"5,000","-5,000",0,"5,000","-5,000"
"=""051627""",大同元富43購03  ,0,0,0,0,"5,000","-5,000",0,"5,000","-5,000"
"=""05199T""",臺股指凱基36售61,0,0,0,0,"5,000","-5,000",0,"5,000","-5,000"
"=""052083""",祥碩永豐45購01  ,0,0,0,"15,000","20,000","-5,000","15,000","20,000","-5,000"
"=""05222T""",亞力國票36售01  ,0,0,0,0,"5,000","-5,000",0,"5,000","-5,000"
"=""05226T""",力智國票36售02  ,0,0,0,"2,000","7,000","-5,000","2,000","7,000","-5,000"
"=""052531""",華泰群益45購01  ,0,0,0,0,"5,000","-5,000",0,"5,000","-5,000"
"=""052767""",智原凱基44購02  ,0,0,0,"20,000","25,000","-5,000","20,000","25,000","-5,000"
"=""05374T""",群創中信36售01  ,0,0,0,"4,000","9,000","-5,000","4,000","9,000","-5,000"
"=""054753""",台積電永豐46購14,0,0,0,0,"5,000","-5,000",0,"5,000","-5,000"
"=""055038""",毅嘉凱基4A購01  ,0,0,0,"11,000","16,000","-5,000","11,000","16,000","-5,000"
"=""055322""",健策元大48購01  ,0,0,0,"20,000","25,000","-5,000","20,000","25,000","-5,000"
"=""055325""",鈞興元大44購04  ,0,0,0,0,"5,000","-5,000",0,"5,000","-5,000"
"=""055435""",聯電群益44購02  ,0,0,0,"17,000","22,000","-5,000","17,000","22,000","-5,000"
"=""056001""",鴻準元富44購01  ,0,0,0,0,"5,000","-5,000",0,"5,000","-5,000"
"=""05603T""",華碩元大37售05  ,0,0,0,0,"5,000","-5,000",0,"5,000","-5,000"
"=""056145""",臺股指中信44購05,0,0,0,0,"5,000","-5,000",0,"5,000","-5,000"
"=""056150""",智原統一4A購01  ,0,0,0,0,"5,000","-5,000",0,"5,000","-5,000"
"=""056228""",宏致群益44購02  ,0,0,0,"7,000","12,000","-5,000","7,000","12,000","-5,000"
"=""056294""",世芯統一4B購01  ,0,0,0,0,"5,000","-5,000",0,"5,000","-5,000"
"=""056369""",上銀元大45購01  ,0,0,0,"25,000","30,000","-5,000","25,000","30,000","-5,000"
"=""056430""",嘉澤群益47購02  ,0,0,0,0,"5,000","-5,000",0,"5,000","-5,000"
"=""056460""",台塑元富45購01  ,0,0,0,0,"5,000","-5,000",0,"5,000","-5,000"
"=""056666""",世芯國票46購07  ,0,0,0,0,"5,000","-5,000",0,"5,000","-5,000"
"=""056796""",定穎控國票46購01,0,0,0,0,"5,000","-5,000",0,"5,000","-5,000"
"=""056891""",仲琦元大45購01  ,0,0,0,"10,000","15,000","-5,000","10,000","15,000","-5,000"
"=""056963""",聯陽永豐45購01  ,0,0,0,0,"5,000","-5,000",0,"5,000","-5,000"
"=""05696T""",長榮富邦3B售01  ,0,0,0,0,"5,000","-5,000",0,"5,000","-5,000"
"=""05701T""",長榮凱基37售20  ,0,0,0,0,"5,000","-5,000",0,"5,000","-5,000"
"=""057033""",滬深2X凱基46購07,0,0,0,0,"5,000","-5,000",0,"5,000","-5,000"
"=""057074""",京元電元大45購05,0,0,0,0,"5,000","-5,000",0,"5,000","-5,000"
"=""057099""",寶成元大45購01  ,0,0,0,"5,000","10,000","-5,000","5,000","10,000","-5,000"
"=""057721""",技嘉元大45購13  ,0,0,0,0,"5,000","-5,000",0,"5,000","-5,000"
"=""05782T""",陽明凱基39售05  ,0,0,0,0,"5,000","-5,000",0,"5,000","-5,000"
"=""05801T""",長榮元大37售40  ,0,0,0,0,"5,000","-5,000",0,"5,000","-5,000"
"=""058434""",緯穎統一53購01  ,0,0,0,0,"5,000","-5,000",0,"5,000","-5,000"
"=""058500""",台積電凱基45購25,0,0,0,0,"5,000","-5,000",0,"5,000","-5,000"
"=""058564""",元債2X群益4A購02,0,0,0,0,"5,000","-5,000",0,"5,000","-5,000"
"=""058790""",日月光元大45購01,0,0,0,0,"5,000","-5,000",0,"5,000","-5,000"
"=""058808""",華航中信46購01  ,0,0,0,0,"5,000","-5,000",0,"5,000","-5,000"
"=""059046""",友訊統一4B購01  ,0,0,0,"3,000","8,000","-5,000","3,000","8,000","-5,000"
"=""059060""",金寶國票46購04  ,0,0,0,0,"5,000","-5,000",0,"5,000","-5,000"
"=""059070""",敦泰國票46購01  ,0,0,0,"1,000","6,000","-5,000","1,000","6,000","-5,000"
"=""059109""",中華凱基46購02  ,0,0,0,"5,000","10,000","-5,000","5,000","10,000","-5,000"
"=""059114""",海悅凱基46購01  ,0,0,0,0,"5,000","-5,000",0,"5,000","-5,000"
"=""059150""",神基群益45購02  ,0,0,0,0,"5,000","-5,000",0,"5,000","-5,000"
"=""059225""",南寶元富45購01  ,0,0,0,0,"5,000","-5,000",0,"5,000","-5,000"
"=""059309""",台積電群益46購17,0,0,0,0,"5,000","-5,000",0,"5,000","-5,000"
"=""059352""",英業達元大45購09,0,0,0,"2,000","7,000","-5,000","2,000","7,000","-5,000"
"=""059443""",陽明富邦48購03  ,0,0,0,0,"5,000","-5,000",0,"5,000","-5,000"
"=""059475""",楠梓電國票46購04,0,0,0,0,"5,000","-5,000",0,"5,000","-5,000"
"=""059562""",英業達元大45購10,0,0,0,0,"5,000","-5,000",0,"5,000","-5,000"
"=""059746""",友訊元大45購06  ,0,0,0,0,"5,000","-5,000",0,"5,000","-5,000"
"=""059888""",台積電群益45購25,0,0,0,0,"5,000","-5,000",0,"5,000","-5,000"
"=""059894""",華碩群益45購05  ,0,0,0,0,"5,000","-5,000",0,"5,000","-5,000"
"=""060000""",緯穎元大45購33  ,0,0,0,"15,000","20,000","-5,000","15,000","20,000","-5,000"
"=""060169""",正崴元大46購04  ,0,0,0,0,"5,000","-5,000",0,"5,000","-5,000"
"=""060234""",日月光凱基46購03,0,0,0,0,"5,000","-5,000",0,"5,000","-5,000"
"=""060345""",鴻準元大4B購03  ,0,0,0,0,"5,000","-5,000",0,"5,000","-5,000"
"=""060356""",陽明元大46購06  ,0,0,0,0,"5,000","-5,000",0,"5,000","-5,000"
"=""06060T""",群創群益41售01  ,0,0,0,0,"5,000","-5,000",0,"5,000","-5,000"
"=""060703""",智邦統一54購01  ,0,0,0,0,"5,000","-5,000",0,"5,000","-5,000"
"=""060712""",台積電群益4C購03,0,0,0,0,"5,000","-5,000",0,"5,000","-5,000"
"=""060717""",台光電群益46購02,0,0,0,"30,000","35,000","-5,000","30,000","35,000","-5,000"
"=""060822""",智邦兆豐48購01  ,0,0,0,0,"5,000","-5,000",0,"5,000","-5,000"
"=""060866""",晶碩永豐46購02  ,0,0,0,0,"5,000","-5,000",0,"5,000","-5,000"
"=""060893""",嘉澤中信47購01  ,0,0,0,0,"5,000","-5,000",0,"5,000","-5,000"
"=""060931""",技嘉凱基49購02  ,0,0,0,0,"5,000","-5,000",0,"5,000","-5,000"
"=""060944""",材料凱基46購03  ,0,0,0,0,"5,000","-5,000",0,"5,000","-5,000"
"=""060961""",台積電元富49購08,0,0,0,"52,000","57,000","-5,000","52,000","57,000","-5,000"
"=""061041""",華航元大46購01  ,0,0,0,0,"5,000","-5,000",0,"5,000","-5,000"
"=""061228""",長榮航元大46購09,0,0,0,0,"5,000","-5,000",0,"5,000","-5,000"
"=""061302""",智原中信4A購01  ,0,0,0,0,"5,000","-5,000",0,"5,000","-5,000"
"=""061532""",緯創中信46購03  ,0,0,0,"23,000","28,000","-5,000","23,000","28,000","-5,000"
"=""061574""",保瑞凱基46購07  ,0,0,0,0,"5,000","-5,000",0,"5,000","-5,000"
"=""061767""",正文元富46購01  ,0,0,0,0,"5,000","-5,000",0,"5,000","-5,000"
"=""061785""",世紀鋼國票48購01,0,0,0,0,"5,000","-5,000",0,"5,000","-5,000"
"=""061821""",樺漢凱基46購02  ,0,0,0,"2,000","7,000","-5,000","2,000","7,000","-5,000"
"=""061822""",訊芯凱基47購01  ,0,0,0,0,"5,000","-5,000",0,"5,000","-5,000"
"=""061829""",臺股指凱基46購28,0,0,0,0,"5,000","-5,000",0,"5,000","-5,000"
"=""061893""",陽明元大46購16  ,0,0,0,0,"5,000","-5,000",0,"5,000","-5,000"
"=""062264""",力積電凱基46購02,0,0,0,0,"5,000","-5,000",0,"5,000","-5,000"
"=""062378""",所羅門凱基46購01,0,0,0,0,"5,000","-5,000",0,"5,000","-5,000"
"=""062437""",元晶永豐47購01  ,0,0,0,"5,000","10,000","-5,000","5,000","10,000","-5,000"
"=""062519""",第一銅國票46購01,0,0,0,0,"5,000","-5,000",0,"5,000","-5,000"
"=""062573""",智邦元大4C購02  ,0,0,0,0,"5,000","-5,000",0,"5,000","-5,000"
"=""062754""",穎崴富邦48購02  ,0,0,0,0,"5,000","-5,000",0,"5,000","-5,000"
"=""063110""",愛普中信46購01  ,0,0,0,"25,000","30,000","-5,000","25,000","30,000","-5,000"
"=""063140""",祥碩凱基48購01  ,0,0,0,0,"5,000","-5,000",0,"5,000","-5,000"
"=""063341""",台化凱基46購03  ,0,0,0,"15,000","20,000","-5,000","15,000","20,000","-5,000"
"=""063519""",國巨國票46購02  ,0,0,0,0,"5,000","-5,000",0,"5,000","-5,000"
"=""063611""",聯發科凱基44購01,0,0,0,0,"5,000","-5,000",0,"5,000","-5,000"
"=""063744""",陽明國票48購02  ,0,0,0,0,"5,000","-5,000",0,"5,000","-5,000"
"=""063826""",臺股指凱基4B購11,0,0,0,0,"5,000","-5,000",0,"5,000","-5,000"
"=""063851""",世芯群益4B購01  ,0,0,0,0,"5,000","-5,000",0,"5,000","-5,000"
"=""063859""",中磊群益49購01  ,0,0,0,0,"5,000","-5,000",0,"5,000","-5,000"
"=""063958""",晟銘電永豐49購01,0,0,0,0,"5,000","-5,000",0,"5,000","-5,000"
"=""063985""",華碩元富46購01  ,0,0,0,0,"5,000","-5,000",0,"5,000","-5,000"
"=""064087""",世紀鋼元大46購04,0,0,0,0,"5,000","-5,000",0,"5,000","-5,000"
"=""064175""",華晶科元富46購04,0,0,0,"6,000","11,000","-5,000","6,000","11,000","-5,000"
"=""064249""",新日興群益46購05,0,0,0,0,"5,000","-5,000",0,"5,000","-5,000"
"=""064294""",富華新元大46購01,0,0,0,0,"5,000","-5,000",0,"5,000","-5,000"
"=""064478""",T50正2群益46購09,0,0,0,0,"5,000","-5,000",0,"5,000","-5,000"
"=""064596""",晶心科中信47購01,0,0,0,0,"5,000","-5,000",0,"5,000","-5,000"
"=""064714""",友達群益46購02  ,0,0,0,0,"5,000","-5,000",0,"5,000","-5,000"
"=""064767""",元債2X元富61購01,0,0,0,0,"5,000","-5,000",0,"5,000","-5,000"
"=""064782""",FBNQ2X元大4A購01,0,0,0,"10,000","15,000","-5,000","10,000","15,000","-5,000"
"=""064794""",燿華元大47購01  ,0,0,0,0,"5,000","-5,000",0,"5,000","-5,000"
"=""064893""",神達群益47購05  ,0,0,0,"29,000","34,000","-5,000","29,000","34,000","-5,000"
"=""064963""",元債2X國泰48購03,0,0,0,0,"5,000","-5,000",0,"5,000","-5,000"
"=""064985""",佳世達元富4A購01,0,0,0,0,"5,000","-5,000",0,"5,000","-5,000"
"=""065017""",威盛元富45購01  ,0,0,0,0,"5,000","-5,000",0,"5,000","-5,000"
"=""065112""",聯強中信49購01  ,0,0,0,"5,000","10,000","-5,000","5,000","10,000","-5,000"
"=""065339""",南電統一55購01  ,0,0,0,0,"5,000","-5,000",0,"5,000","-5,000"
"=""065354""",三陽群益49購01  ,0,0,0,0,"5,000","-5,000",0,"5,000","-5,000"
"=""065383""",啟�硌s益47購03  ,0,0,0,0,"5,000","-5,000",0,"5,000","-5,000"
"=""065603""",威盛凱基3B購03  ,0,0,0,0,"5,000","-5,000",0,"5,000","-5,000"
"=""065620""",緯創凱基43購02  ,0,0,0,"5,000","10,000","-5,000","5,000","10,000","-5,000"
"=""065734""",智原元大47購06  ,0,0,0,0,"5,000","-5,000",0,"5,000","-5,000"
"=""065817""",緯穎國票49購01  ,0,0,0,0,"5,000","-5,000",0,"5,000","-5,000"
"=""065959""",華邦電元大47購01,0,0,0,0,"5,000","-5,000",0,"5,000","-5,000"
"=""066042""",神達群益47購06  ,0,0,0,0,"5,000","-5,000",0,"5,000","-5,000"
"=""066199""",上証2X群益47購04,0,0,0,"5,000","10,000","-5,000","5,000","10,000","-5,000"
"=""066203""",台塑群益47購02  ,0,0,0,"4,000","9,000","-5,000","4,000","9,000","-5,000"
"=""066211""",所羅門群益49購03,0,0,0,0,"5,000","-5,000",0,"5,000","-5,000"
"=""066272""",緯創群益3B購01  ,0,0,0,0,"5,000","-5,000",0,"5,000","-5,000"
"=""066354""",昆盈元富47購01  ,0,0,0,0,"5,000","-5,000",0,"5,000","-5,000"
"=""066419""",直得統一57購01  ,0,0,0,0,"5,000","-5,000",0,"5,000","-5,000"
"=""066493""",直得群益48購01  ,0,0,0,0,"5,000","-5,000",0,"5,000","-5,000"
"=""066524""",緯穎群益4A購01  ,0,0,0,0,"5,000","-5,000",0,"5,000","-5,000"
"=""066546""",微星凱基49購01  ,0,0,0,"6,000","11,000","-5,000","6,000","11,000","-5,000"
"=""066584""",世芯元富47購12  ,0,0,0,0,"5,000","-5,000",0,"5,000","-5,000"
"=""066591""",微星國票4A購01  ,0,0,0,"52,000","57,000","-5,000","52,000","57,000","-5,000"
"=""066633""",台積電永豐4A購04,0,0,0,0,"5,000","-5,000",0,"5,000","-5,000"
"=""066687""",滬深2X富邦3B購01,0,0,0,0,"5,000","-5,000",0,"5,000","-5,000"
"=""066930""",鈺邦群益49購01  ,0,0,0,0,"5,000","-5,000",0,"5,000","-5,000"
"=""066936""",致新群益47購01  ,0,0,0,"50,000","55,000","-5,000","50,000","55,000","-5,000"
"=""067055""",元債2X群益51購07,0,0,0,0,"5,000","-5,000",0,"5,000","-5,000"
"=""067237""",國巨元富47購07  ,0,0,0,0,"5,000","-5,000",0,"5,000","-5,000"
"=""067311""",臺股指群益4A購09,0,0,0,"25,000","30,000","-5,000","25,000","30,000","-5,000"
"=""067427""",嘉澤永豐4B購01  ,0,0,0,0,"5,000","-5,000",0,"5,000","-5,000"
"=""067475""",愛普凱基47購07  ,0,0,0,0,"5,000","-5,000",0,"5,000","-5,000"
"=""067508""",威盛元大49購07  ,0,0,0,0,"5,000","-5,000",0,"5,000","-5,000"
"=""067614""",長榮台新47購01  ,0,0,0,"19,000","24,000","-5,000","19,000","24,000","-5,000"
"=""067655""",亞翔統一41購02  ,0,0,0,0,"5,000","-5,000",0,"5,000","-5,000"
"=""067798""",神達元富47購04  ,0,0,0,0,"5,000","-5,000",0,"5,000","-5,000"
"=""067839""",群創凱基3B購01  ,0,0,0,"50,000","55,000","-5,000","50,000","55,000","-5,000"
"=""067897""",元債2X元大61購01,0,0,0,0,"5,000","-5,000",0,"5,000","-5,000"
"=""068034""",大立光元大47購21,0,0,0,"5,000","10,000","-5,000","5,000","10,000","-5,000"
"=""068060""",道瓊銅凱基4B購01,0,0,0,"20,000","25,000","-5,000","20,000","25,000","-5,000"
"=""068218""",台積電群益49購09,0,0,0,0,"5,000","-5,000",0,"5,000","-5,000"
"=""068543""",力積電富邦4C購01,0,0,0,0,"5,000","-5,000",0,"5,000","-5,000"
"=""068601""",鴻海元大48購08  ,0,0,0,0,"5,000","-5,000",0,"5,000","-5,000"
"=""068714""",穎崴凱基48購02  ,0,0,0,"5,000","10,000","-5,000","5,000","10,000","-5,000"
"=""068728""",華通群益3C購01  ,0,0,0,0,"5,000","-5,000",0,"5,000","-5,000"
"=""068819""",緯穎國票49購03  ,0,0,0,0,"5,000","-5,000",0,"5,000","-5,000"
"=""069001""",元金反國票4A購01,0,0,0,0,"5,000","-5,000",0,"5,000","-5,000"
"=""069455""",台灣50元大48購11,0,0,0,0,"5,000","-5,000",0,"5,000","-5,000"
"=""069498""",達興元大48購03  ,0,0,0,0,"5,000","-5,000",0,"5,000","-5,000"
"=""069726""",精成科兆豐4A購01,0,0,0,0,"5,000","-5,000",0,"5,000","-5,000"
"=""069803""",鼎基統一56購01  ,0,0,0,"150,000","155,000","-5,000","150,000","155,000","-5,000"
"=""069898""",科妍元大48購02  ,0,0,0,0,"5,000","-5,000",0,"5,000","-5,000"
"=""069939""",全新兆豐4A購01  ,0,0,0,0,"5,000","-5,000",0,"5,000","-5,000"
"=""069999""",晟銘電永豐4A購02,0,0,0,0,"5,000","-5,000",0,"5,000","-5,000"
"=""070021""",台積電元富49購12,0,0,0,0,"5,000","-5,000",0,"5,000","-5,000"
"=""070071""",華新凱基4A購01  ,0,0,0,0,"5,000","-5,000",0,"5,000","-5,000"
"=""070084""",億光凱基48購02  ,0,0,0,0,"5,000","-5,000",0,"5,000","-5,000"
"=""070176""",大成鋼富邦4A購01,0,0,0,"130,000","135,000","-5,000","130,000","135,000","-5,000"
"=""070224""",泰金寶永豐4B購01,0,0,0,"25,000","30,000","-5,000","25,000","30,000","-5,000"
"=""070315""",中砂元大48購06  ,0,0,0,"2,000","7,000","-5,000","2,000","7,000","-5,000"
"=""070334""",大立光元大51購03,0,0,0,0,"5,000","-5,000",0,"5,000","-5,000"
"=""070452""",台玻第一48購01  ,0,0,0,0,"5,000","-5,000",0,"5,000","-5,000"
"=""070694""",建漢統一52購02  ,0,0,0,0,"5,000","-5,000",0,"5,000","-5,000"
"=""070730""",旺宏永豐48購02  ,0,0,0,"8,000","13,000","-5,000","8,000","13,000","-5,000"
"=""070774""",上銀元富48購08  ,0,0,0,0,"5,000","-5,000",0,"5,000","-5,000"
"=""070802""",台泥國票49購01  ,0,0,0,0,"5,000","-5,000",0,"5,000","-5,000"
"=""071018""",裕民統一54購01  ,0,0,0,0,"5,000","-5,000",0,"5,000","-5,000"
"=""071032""",元債2X凱基41購01,0,0,0,0,"5,000","-5,000",0,"5,000","-5,000"
"=""071225""",新日興富邦4B購02,0,0,0,"25,000","30,000","-5,000","25,000","30,000","-5,000"
"=""071357""",大成鋼元大48購12,0,0,0,0,"5,000","-5,000",0,"5,000","-5,000"
"=""071451""",智邦統一4C購03  ,0,0,0,"5,000","10,000","-5,000","5,000","10,000","-5,000"
"=""071640""",晶心科中信48購01,0,0,0,0,"5,000","-5,000",0,"5,000","-5,000"
"=""071651""",台積電凱基48購27,0,0,0,"10,000","15,000","-5,000","10,000","15,000","-5,000"
"=""071691""",奇鋐群益48購04  ,0,0,0,0,"5,000","-5,000",0,"5,000","-5,000"
"=""071843""",國企2X凱基4B購01,0,0,0,0,"5,000","-5,000",0,"5,000","-5,000"
"=""071908""",志聖統一53購01  ,0,0,0,0,"5,000","-5,000",0,"5,000","-5,000"
"=""072015""",富世達國泰49購02,0,0,0,"5,000","10,000","-5,000","5,000","10,000","-5,000"
"=""072130""",大同統一55購01  ,0,0,0,0,"5,000","-5,000",0,"5,000","-5,000"
"=""072206""",元債2X凱基47購01,0,0,0,0,"5,000","-5,000",0,"5,000","-5,000"
"=""072321""",一詮永豐49購02  ,0,0,0,0,"5,000","-5,000",0,"5,000","-5,000"
"=""072569""",材料凱基49購05  ,0,0,0,0,"5,000","-5,000",0,"5,000","-5,000"
"=""072878""",亞力元富49購01  ,0,0,0,0,"5,000","-5,000",0,"5,000","-5,000"
"=""073064""",晶豪科凱基49購02,0,0,0,"32,000","37,000","-5,000","32,000","37,000","-5,000"
"=""073141""",中鴻元大49購03  ,0,0,0,"60,000","65,000","-5,000","60,000","65,000","-5,000"
"=""073200""",台積電群益4B購12,0,0,0,0,"5,000","-5,000",0,"5,000","-5,000"
"=""073263""",微星中信41購01  ,0,0,0,0,"5,000","-5,000",0,"5,000","-5,000"
"=""073267""",台光電元富4A購07,0,0,0,0,"5,000","-5,000",0,"5,000","-5,000"
"=""073350""",TPK凱基41購01   ,0,0,0,0,"5,000","-5,000",0,"5,000","-5,000"
"=""073459""",緯穎統一51購05  ,0,0,0,"150,000","155,000","-5,000","150,000","155,000","-5,000"
"=""073834""",和大元大49購04  ,0,0,0,0,"5,000","-5,000",0,"5,000","-5,000"
"=""073955""",一詮中信49購02  ,0,0,0,"10,000","15,000","-5,000","10,000","15,000","-5,000"
"=""074063""",群創凱基4C購01  ,0,0,0,0,"5,000","-5,000",0,"5,000","-5,000"
"=""074372""",瑞祺元大49購01  ,0,0,0,0,"5,000","-5,000",0,"5,000","-5,000"
"=""074604""",泓德元大49購02  ,0,0,0,0,"5,000","-5,000",0,"5,000","-5,000"
"=""074918""",精銳凱基49購01  ,0,0,0,0,"5,000","-5,000",0,"5,000","-5,000"
"=""074976""",華邦電元大49購14,0,0,0,0,"5,000","-5,000",0,"5,000","-5,000"
"=""075005""",雲豹元大49購01  ,0,0,0,0,"5,000","-5,000",0,"5,000","-5,000"
"=""075508""",喬山統一55購01  ,0,0,0,"41,000","46,000","-5,000","41,000","46,000","-5,000"
"=""075514""",大成鋼元富49購08,0,0,0,0,"5,000","-5,000",0,"5,000","-5,000"
"=""075556""",富世達凱基49購05,0,0,0,"5,000","10,000","-5,000","5,000","10,000","-5,000"
"=""075566""",智邦元大49購07  ,0,0,0,"155,000","160,000","-5,000","155,000","160,000","-5,000"
"=""07565U""",技嘉統一34售08  ,0,0,0,0,"5,000","-5,000",0,"5,000","-5,000"
"=""076286""",南港凱基4B購01  ,0,0,0,"10,000","15,000","-5,000","10,000","15,000","-5,000"
"=""076423""",強茂凱基49購02  ,0,0,0,0,"5,000","-5,000",0,"5,000","-5,000"
"=""076600""",鴻海元富53購03  ,0,0,0,"1,000","6,000","-5,000","1,000","6,000","-5,000"
"=""076825""",迅得國票4C購01  ,0,0,0,0,"5,000","-5,000",0,"5,000","-5,000"
"=""077152""",昇陽半元大4C購01,0,0,0,"20,000","25,000","-5,000","20,000","25,000","-5,000"
"=""077276""",長榮元大4C購05  ,0,0,0,0,"5,000","-5,000",0,"5,000","-5,000"
"=""077367""",鴻海富邦4A購08  ,0,0,0,0,"5,000","-5,000",0,"5,000","-5,000"
"=""07766U""",英業達統一33售03,0,0,0,0,"5,000","-5,000",0,"5,000","-5,000"
"=""08201U""",群臺2X永豐33售01,0,0,0,0,"5,000","-5,000",0,"5,000","-5,000"
2645  ,長榮航太        ,"2,000","1,636",364,"1,000","6,000","-5,000","3,000","7,636","-4,636"
3454  ,晶睿            ,0,516,-516,0,"4,000","-4,000",0,"4,516","-4,516"
"=""00634R""",富邦上証反1     ,0,0,0,"80,000","84,500","-4,500","80,000","84,500","-4,500"
2731  ,雄獅            ,"3,000","3,451",-451,0,"4,000","-4,000","3,000","7,451","-4,451"
9910  ,豐泰            ,"4,000","8,318","-4,318","4,000","4,000",0,"8,000","12,318","-4,318"
2104  ,國際中橡        ,"1,000",194,806,0,"5,000","-5,000","1,000","5,194","-4,194"
6753  ,龍德造船        ,0,0,0,"3,000","7,182","-4,182","3,000","7,182","-4,182"
1598  ,岱宇            ,0,"4,090","-4,090",0,0,0,0,"4,090","-4,090"
2723  ,美食-KY         ,0,1,-1,0,"4,000","-4,000",0,"4,001","-4,001"
"=""03428T""",臺股指元大34售54,0,0,0,0,"4,000","-4,000",0,"4,000","-4,000"
"=""04159T""",緯創元大35售07  ,0,0,0,0,"4,000","-4,000",0,"4,000","-4,000"
"=""042601""",金像電凱基55購04,0,0,0,"32,000","36,000","-4,000","32,000","36,000","-4,000"
"=""04339T""",T50正2凱基36售02,0,0,0,0,"4,000","-4,000",0,"4,000","-4,000"
"=""045084""",一詮凱基55購01  ,0,0,0,"1,000","5,000","-4,000","1,000","5,000","-4,000"
"=""045688""",京城國票45購01  ,0,0,0,0,"4,000","-4,000",0,"4,000","-4,000"
"=""04746T""",華孚元大35售07  ,0,0,0,"2,000","6,000","-4,000","2,000","6,000","-4,000"
"=""04831T""",臺股指永豐36售08,0,0,0,0,"4,000","-4,000",0,"4,000","-4,000"
"=""049087""",台光電元大43購08,0,0,0,"51,000","55,000","-4,000","51,000","55,000","-4,000"
"=""049089""",新光金元大44購03,0,0,0,0,"4,000","-4,000",0,"4,000","-4,000"
"=""049574""",美時永豐45購03  ,0,0,0,0,"4,000","-4,000",0,"4,000","-4,000"
"=""05020T""",聯詠凱基36售06  ,0,0,0,"88,000","92,000","-4,000","88,000","92,000","-4,000"
"=""051137""",永道凱基44購01  ,0,0,0,0,"4,000","-4,000",0,"4,000","-4,000"
"=""05253T""",宏�硈肭�36售06  ,0,0,0,"6,000","10,000","-4,000","6,000","10,000","-4,000"
"=""05385T""",奇鋐元富36售02  ,0,0,0,"5,000","9,000","-4,000","5,000","9,000","-4,000"
"=""054576""",晶技統一4C購01  ,0,0,0,"6,000","10,000","-4,000","6,000","10,000","-4,000"
"=""05507T""",台灣50群益37售01,0,0,0,0,"4,000","-4,000",0,"4,000","-4,000"
"=""055469""",上証2X元大44購11,0,0,0,0,"4,000","-4,000",0,"4,000","-4,000"
"=""056302""",鴻海永豐48購06  ,0,0,0,"6,000","10,000","-4,000","6,000","10,000","-4,000"
"=""056379""",矽統元大45購03  ,0,0,0,0,"4,000","-4,000",0,"4,000","-4,000"
"=""056566""",技嘉元大45購01  ,0,0,0,0,"4,000","-4,000",0,"4,000","-4,000"
"=""056593""",臺股指元大45購36,0,0,0,0,"4,000","-4,000",0,"4,000","-4,000"
"=""056770""",東哥凱基45購01  ,0,0,0,0,"4,000","-4,000",0,"4,000","-4,000"
"=""05679T""",T50正2台新37售01,0,0,0,0,"4,000","-4,000",0,"4,000","-4,000"
"=""056887""",技嘉元大45購07  ,0,0,0,0,"4,000","-4,000",0,"4,000","-4,000"
"=""056908""",神達元大45購02  ,0,0,0,0,"4,000","-4,000",0,"4,000","-4,000"
"=""056971""",美債2X元富4B購02,0,0,0,"11,000","15,000","-4,000","11,000","15,000","-4,000"
"=""057010""",聯電統一4B購01  ,0,0,0,0,"4,000","-4,000",0,"4,000","-4,000"
"=""057095""",緯穎元大45購05  ,0,0,0,"42,000","46,000","-4,000","42,000","46,000","-4,000"
"=""057239""",上証2X元富45購03,0,0,0,0,"4,000","-4,000",0,"4,000","-4,000"
"=""05741T""",創意兆豐37售02  ,0,0,0,"27,000","31,000","-4,000","27,000","31,000","-4,000"
"=""057494""",金寶凱基48購01  ,0,0,0,0,"4,000","-4,000",0,"4,000","-4,000"
"=""05799T""",宏�痐舅j37售29  ,0,0,0,0,"4,000","-4,000",0,"4,000","-4,000"
"=""058379""",創意國票46購02  ,0,0,0,0,"4,000","-4,000",0,"4,000","-4,000"
"=""058395""",智原第一45購01  ,0,0,0,"25,000","29,000","-4,000","25,000","29,000","-4,000"
"=""058535""",英業達元大45購06,0,0,0,"2,000","6,000","-4,000","2,000","6,000","-4,000"
"=""058586""",盟立群益45購01  ,0,0,0,0,"4,000","-4,000",0,"4,000","-4,000"
"=""058920""",元日2X群益53購01,0,0,0,0,"4,000","-4,000",0,"4,000","-4,000"
"=""059155""",世芯群益45購17  ,0,0,0,0,"4,000","-4,000",0,"4,000","-4,000"
"=""059234""",貿聯國票46購06  ,0,0,0,"4,000","8,000","-4,000","4,000","8,000","-4,000"
"=""059324""",欣興群益4B購01  ,0,0,0,"2,000","6,000","-4,000","2,000","6,000","-4,000"
"=""060171""",京元電元大46購02,0,0,0,0,"4,000","-4,000",0,"4,000","-4,000"
"=""060370""",臻鼎元大46購04  ,0,0,0,"5,000","9,000","-4,000","5,000","9,000","-4,000"
"=""061119""",材料國票47購02  ,0,0,0,"43,000","47,000","-4,000","43,000","47,000","-4,000"
"=""061298""",川湖中信46購01  ,0,0,0,0,"4,000","-4,000",0,"4,000","-4,000"
"=""061514""",穎崴元富47購03  ,0,0,0,0,"4,000","-4,000",0,"4,000","-4,000"
"=""061863""",緯穎群益46購15  ,0,0,0,0,"4,000","-4,000",0,"4,000","-4,000"
"=""061917""",臺股指元大46購36,0,0,0,"1,000","5,000","-4,000","1,000","5,000","-4,000"
"=""062756""",緯穎富邦49購04  ,0,0,0,"16,000","20,000","-4,000","16,000","20,000","-4,000"
"=""062973""",長榮元大46購27  ,0,0,0,0,"4,000","-4,000",0,"4,000","-4,000"
"=""062990""",保瑞元大46購12  ,0,0,0,"2,000","6,000","-4,000","2,000","6,000","-4,000"
"=""063008""",京元電群益46購06,0,0,0,0,"4,000","-4,000",0,"4,000","-4,000"
"=""063313""",臻鼎永豐47購01  ,0,0,0,0,"4,000","-4,000",0,"4,000","-4,000"
"=""063847""",瑞軒群益47購01  ,0,0,0,0,"4,000","-4,000",0,"4,000","-4,000"
"=""064116""",鉅祥群益48購01  ,0,0,0,0,"4,000","-4,000",0,"4,000","-4,000"
"=""064217""",日月光永豐4C購01,0,0,0,0,"4,000","-4,000",0,"4,000","-4,000"
"=""064283""",友達元大46購02  ,0,0,0,0,"4,000","-4,000",0,"4,000","-4,000"
"=""064605""",上銀凱基46購07  ,0,0,0,0,"4,000","-4,000",0,"4,000","-4,000"
"=""064800""",義隆元大47購01  ,0,0,0,0,"4,000","-4,000",0,"4,000","-4,000"
"=""064955""",緯創永豐4A購01  ,0,0,0,"5,000","9,000","-4,000","5,000","9,000","-4,000"
"=""064981""",裕隆元富47購01  ,0,0,0,"6,000","10,000","-4,000","6,000","10,000","-4,000"
"=""065216""",奇鋐兆豐47購01  ,0,0,0,"16,000","20,000","-4,000","16,000","20,000","-4,000"
"=""065506""",信邦永豐49購01  ,0,0,0,"58,000","62,000","-4,000","58,000","62,000","-4,000"
"=""065883""",道瓊銅凱基4C購01,0,0,0,0,"4,000","-4,000",0,"4,000","-4,000"
"=""066078""",直得第一47購01  ,0,0,0,0,"4,000","-4,000",0,"4,000","-4,000"
"=""066151""",嘉澤統一51購02  ,0,0,0,"128,000","132,000","-4,000","128,000","132,000","-4,000"
"=""066380""",元債2X國票47購02,0,0,0,0,"4,000","-4,000",0,"4,000","-4,000"
"=""066398""",高力統一3B購03  ,0,0,0,"10,000","14,000","-4,000","10,000","14,000","-4,000"
"=""066536""",鴻海凱基49購07  ,0,0,0,"84,000","88,000","-4,000","84,000","88,000","-4,000"
"=""067337""",長榮元大47購10  ,0,0,0,"50,000","54,000","-4,000","50,000","54,000","-4,000"
"=""067699""",台塑元大47購10  ,0,0,0,0,"4,000","-4,000",0,"4,000","-4,000"
"=""067949""",智邦永豐49購01  ,0,0,0,"1,000","5,000","-4,000","1,000","5,000","-4,000"
"=""068233""",臺指反國票4A購02,0,0,0,"16,000","20,000","-4,000","16,000","20,000","-4,000"
"=""068273""",台積電凱基4A購16,0,0,0,"9,000","13,000","-4,000","9,000","13,000","-4,000"
"=""069003""",瑞昱國票48購01  ,0,0,0,"54,000","58,000","-4,000","54,000","58,000","-4,000"
"=""069293""",創意元富52購01  ,0,0,0,0,"4,000","-4,000",0,"4,000","-4,000"
"=""069362""",昇陽半凱基48購04,0,0,0,0,"4,000","-4,000",0,"4,000","-4,000"
"=""070035""",伊雲谷元富48購01,0,0,0,"12,000","16,000","-4,000","12,000","16,000","-4,000"
"=""070309""",台積電國泰49購03,0,0,0,"74,000","78,000","-4,000","74,000","78,000","-4,000"
"=""071056""",大立光凱基4C購01,0,0,0,0,"4,000","-4,000",0,"4,000","-4,000"
"=""071189""",大成鋼群益48購05,0,0,0,0,"4,000","-4,000",0,"4,000","-4,000"
"=""071200""",揚明光群益48購01,0,0,0,0,"4,000","-4,000",0,"4,000","-4,000"
"=""071653""",鴻準凱基48購04  ,0,0,0,0,"4,000","-4,000",0,"4,000","-4,000"
"=""071841""",元債2X凱基46購01,0,0,0,0,"4,000","-4,000",0,"4,000","-4,000"
"=""072329""",樺漢永豐48購01  ,0,0,0,"1,000","5,000","-4,000","1,000","5,000","-4,000"
"=""072450""",群創凱基4A購02  ,0,0,0,"22,000","26,000","-4,000","22,000","26,000","-4,000"
"=""072950""",華友聯元大49購01,0,0,0,"10,000","14,000","-4,000","10,000","14,000","-4,000"
"=""073351""",皇昌群益49購06  ,0,0,0,0,"4,000","-4,000",0,"4,000","-4,000"
"=""073398""",亞翔元大49購06  ,0,0,0,"17,000","21,000","-4,000","17,000","21,000","-4,000"
"=""073425""",T50正2中信49購02,0,0,0,"3,000","7,000","-4,000","3,000","7,000","-4,000"
"=""073665""",創意元大49購04  ,0,0,0,0,"4,000","-4,000",0,"4,000","-4,000"
"=""073800""",滬深2X元富53購01,0,0,0,"4,000","8,000","-4,000","4,000","8,000","-4,000"
"=""073957""",凱基金中信49購01,0,0,0,0,"4,000","-4,000",0,"4,000","-4,000"
"=""073984""",鴻海永豐49購10  ,0,0,0,"5,000","9,000","-4,000","5,000","9,000","-4,000"
"=""074172""",中鴻國泰4A購01  ,0,0,0,"68,000","72,000","-4,000","68,000","72,000","-4,000"
"=""074219""",鴻海凱基51購04  ,0,0,0,0,"4,000","-4,000",0,"4,000","-4,000"
"=""07425U""",台灣50中信34售01,0,0,0,0,"4,000","-4,000",0,"4,000","-4,000"
"=""074341""",大成鋼元大49購06,0,0,0,"11,000","15,000","-4,000","11,000","15,000","-4,000"
"=""074834""",陽明台新49購01  ,0,0,0,"114,000","118,000","-4,000","114,000","118,000","-4,000"
"=""074863""",台表科統一51購01,0,0,0,"5,000","9,000","-4,000","5,000","9,000","-4,000"
"=""075352""",大立光凱基49購04,0,0,0,"16,000","20,000","-4,000","16,000","20,000","-4,000"
"=""075681""",采鈺統一43購02  ,0,0,0,0,"4,000","-4,000",0,"4,000","-4,000"
"=""076081""",台積電群益4A購29,0,0,0,0,"4,000","-4,000",0,"4,000","-4,000"
"=""076130""",台達電國票49購02,0,0,0,0,"4,000","-4,000",0,"4,000","-4,000"
"=""076228""",富世達元大49購11,0,0,0,0,"4,000","-4,000",0,"4,000","-4,000"
"=""076391""",滬深2X永豐4C購04,0,0,0,0,"4,000","-4,000",0,"4,000","-4,000"
"=""076547""",鴻海富邦4A購06  ,0,0,0,0,"4,000","-4,000",0,"4,000","-4,000"
"=""077061""",大成鋼凱基52購01,0,0,0,"6,000","10,000","-4,000","6,000","10,000","-4,000"
"=""077063""",鴻海凱基4C購02  ,0,0,0,0,"4,000","-4,000",0,"4,000","-4,000"
"=""077196""",台灣50國票4C購02,0,0,0,"36,000","40,000","-4,000","36,000","40,000","-4,000"
"=""077293""",力成元大4A購01  ,0,0,0,0,"4,000","-4,000",0,"4,000","-4,000"
"=""077322""",興富發群益4C購01,0,0,0,0,"4,000","-4,000",0,"4,000","-4,000"
"=""077386""",大立光永豐4A購01,0,0,0,0,"4,000","-4,000",0,"4,000","-4,000"
"=""077436""",帝寶凱基51購01  ,0,0,0,0,"4,000","-4,000",0,"4,000","-4,000"
1468  ,昶和            ,"2,000","6,000","-4,000",0,0,0,"2,000","6,000","-4,000"
1909  ,榮成            ,0,"4,000","-4,000",0,0,0,0,"4,000","-4,000"
2010  ,春源            ,0,"4,000","-4,000",0,0,0,0,"4,000","-4,000"
2705  ,六福            ,0,"4,000","-4,000",0,0,0,0,"4,000","-4,000"
2887  ,台新新光金      ,0,0,0,"16,000","20,000","-4,000","16,000","20,000","-4,000"
6202  ,盛群            ,0,0,0,0,"4,000","-4,000",0,"4,000","-4,000"
8478  ,東哥遊艇        ,"8,000","7,804",196,"3,000","7,000","-4,000","11,000","14,804","-3,804"
6108  ,競國            ,"1,002","4,650","-3,648",0,0,0,"1,002","4,650","-3,648"
8404  ,百和興業-KY     ,0,"3,102","-3,102",0,0,0,0,"3,102","-3,102"
1342  ,八貫            ,0,76,-76,0,"3,000","-3,000",0,"3,076","-3,076"
8249  ,菱光            ,0,"3,071","-3,071",0,0,0,0,"3,071","-3,071"
"=""00711B""",復華彭博新興債  ,0,0,0,"100,000","103,000","-3,000","100,000","103,000","-3,000"
"=""020011""",統一微波高息20N ,0,0,0,0,"3,000","-3,000",0,"3,000","-3,000"
"=""035478""",廣宇中信54購01  ,0,0,0,"2,000","5,000","-3,000","2,000","5,000","-3,000"
"=""036232""",漢翔群益54購02  ,0,0,0,"2,000","5,000","-3,000","2,000","5,000","-3,000"
"=""03640T""",臺股指富邦35售07,0,0,0,0,"3,000","-3,000",0,"3,000","-3,000"
"=""03673T""",技嘉元富3A售01  ,0,0,0,0,"3,000","-3,000",0,"3,000","-3,000"
"=""036868""",日月光統一5C購01,0,0,0,"17,000","20,000","-3,000","17,000","20,000","-3,000"
"=""03802T""",華孚群益34售03  ,0,0,0,0,"3,000","-3,000",0,"3,000","-3,000"
"=""03840T""",金融類國票34售02,0,0,0,0,"3,000","-3,000",0,"3,000","-3,000"
"=""04016T""",材料統一3A售05  ,0,0,0,0,"3,000","-3,000",0,"3,000","-3,000"
"=""04080T""",台光電國票35售03,0,0,0,0,"3,000","-3,000",0,"3,000","-3,000"
"=""04168T""",臺股指富邦35售10,0,0,0,0,"3,000","-3,000",0,"3,000","-3,000"
"=""04209T""",智邦凱基35售02  ,0,0,0,"2,000","5,000","-3,000","2,000","5,000","-3,000"
"=""04259T""",威盛元大35售11  ,0,0,0,"160,000","163,000","-3,000","160,000","163,000","-3,000"
"=""04371T""",奇鋐凱基35售09  ,0,0,0,"2,000","5,000","-3,000","2,000","5,000","-3,000"
"=""044861""",宏達電凱基57購04,0,0,0,0,"3,000","-3,000",0,"3,000","-3,000"
"=""045176""",志聖國泰56購01  ,0,0,0,0,"3,000","-3,000",0,"3,000","-3,000"
"=""04553T""",國巨凱基35售05  ,0,0,0,0,"3,000","-3,000",0,"3,000","-3,000"
"=""045990""",鈺邦統一48購01  ,0,0,0,"17,000","20,000","-3,000","17,000","20,000","-3,000"
"=""04759T""",群臺2X群益35售01,0,0,0,0,"3,000","-3,000",0,"3,000","-3,000"
"=""04897T""",京元電元大36售05,0,0,0,0,"3,000","-3,000",0,"3,000","-3,000"
"=""04934T""",京元電凱基36售03,0,0,0,0,"3,000","-3,000",0,"3,000","-3,000"
"=""04982T""",南電元大36售04  ,0,0,0,0,"3,000","-3,000",0,"3,000","-3,000"
"=""050016""",台積電國票45購01,0,0,0,0,"3,000","-3,000",0,"3,000","-3,000"
"=""050309""",雷虎統一59購02  ,0,0,0,0,"3,000","-3,000",0,"3,000","-3,000"
"=""05114T""",裕隆群益36售04  ,0,0,0,0,"3,000","-3,000",0,"3,000","-3,000"
"=""051586""",華碩國泰45購02  ,0,0,0,"10,000","13,000","-3,000","10,000","13,000","-3,000"
"=""052752""",滬深2X凱基46購03,0,0,0,0,"3,000","-3,000",0,"3,000","-3,000"
"=""052794""",鴻海群益58購01  ,0,0,0,0,"3,000","-3,000",0,"3,000","-3,000"
"=""052806""",辛耘群益46購01  ,0,0,0,0,"3,000","-3,000",0,"3,000","-3,000"
"=""052985""",中502X元富44購02,0,0,0,0,"3,000","-3,000",0,"3,000","-3,000"
"=""053066""",臺股指元大44購31,0,0,0,0,"3,000","-3,000",0,"3,000","-3,000"
"=""053201""",聯發科元富47購04,0,0,0,"1,000","4,000","-3,000","1,000","4,000","-3,000"
"=""05333T""",臺股指國泰36售03,0,0,0,0,"3,000","-3,000",0,"3,000","-3,000"
"=""05393T""",微星元大36售12  ,0,0,0,0,"3,000","-3,000",0,"3,000","-3,000"
"=""05408T""",T50正2凱基36售04,0,0,0,0,"3,000","-3,000",0,"3,000","-3,000"
"=""05428T""",長榮國票37售03  ,0,0,0,0,"3,000","-3,000",0,"3,000","-3,000"
"=""05451T""",華碩凱基36售10  ,0,0,0,0,"3,000","-3,000",0,"3,000","-3,000"
"=""054749""",奇鋐統一39購02  ,0,0,0,"2,000","5,000","-3,000","2,000","5,000","-3,000"
"=""054789""",萬海凱基44購04  ,0,0,0,0,"3,000","-3,000",0,"3,000","-3,000"
"=""055253""",滬深2X群益44購14,0,0,0,"2,000","5,000","-3,000","2,000","5,000","-3,000"
"=""055399""",志聖統一54購01  ,0,0,0,0,"3,000","-3,000",0,"3,000","-3,000"
"=""055587""",威盛凱基44購07  ,0,0,0,0,"3,000","-3,000",0,"3,000","-3,000"
"=""05565T""",臺股指群益3A售15,0,0,0,"3,000","6,000","-3,000","3,000","6,000","-3,000"
"=""05588T""",神達元富3A售02  ,0,0,0,0,"3,000","-3,000",0,"3,000","-3,000"
"=""055932""",大同元大44購07  ,0,0,0,0,"3,000","-3,000",0,"3,000","-3,000"
"=""056035""",景碩凱基46購05  ,0,0,0,0,"3,000","-3,000",0,"3,000","-3,000"
"=""056560""",台積電元大45購11,0,0,0,0,"3,000","-3,000",0,"3,000","-3,000"
"=""056634""",中50元富45購01  ,0,0,0,"2,000","5,000","-3,000","2,000","5,000","-3,000"
"=""056740""",世紀鋼群益45購03,0,0,0,0,"3,000","-3,000",0,"3,000","-3,000"
"=""056907""",貿聯元大45購01  ,0,0,0,"6,000","9,000","-3,000","6,000","9,000","-3,000"
"=""056919""",美債2X群益4C購01,0,0,0,0,"3,000","-3,000",0,"3,000","-3,000"
"=""056929""",威盛群益48購01  ,0,0,0,"27,000","30,000","-3,000","27,000","30,000","-3,000"
"=""056979""",技嘉元富4B購01  ,0,0,0,0,"3,000","-3,000",0,"3,000","-3,000"
"=""057009""",聯電統一4A購01  ,0,0,0,0,"3,000","-3,000",0,"3,000","-3,000"
"=""057053""",天虹凱基49購01  ,0,0,0,0,"3,000","-3,000",0,"3,000","-3,000"
"=""057265""",宏達電國票4B購01,0,0,0,"2,000","5,000","-3,000","2,000","5,000","-3,000"
"=""057428""",奇鋐兆豐46購01  ,0,0,0,0,"3,000","-3,000",0,"3,000","-3,000"
"=""057439""",緯創中信46購01  ,0,0,0,0,"3,000","-3,000",0,"3,000","-3,000"
"=""05771T""",長榮群益39售04  ,0,0,0,0,"3,000","-3,000",0,"3,000","-3,000"
"=""057867""",華新富邦45購01  ,0,0,0,"28,000","31,000","-3,000","28,000","31,000","-3,000"
"=""058019""",鴻海凱基47購07  ,0,0,0,0,"3,000","-3,000",0,"3,000","-3,000"
"=""058207""",仁寶元富4B購01  ,0,0,0,0,"3,000","-3,000",0,"3,000","-3,000"
"=""058350""",群臺2X國票47購01,0,0,0,0,"3,000","-3,000",0,"3,000","-3,000"
"=""058479""",日電貿國票47購01,0,0,0,0,"3,000","-3,000",0,"3,000","-3,000"
"=""058517""",雲豹凱基46購01  ,0,0,0,0,"3,000","-3,000",0,"3,000","-3,000"
"=""058603""",元晶群益45購03  ,0,0,0,0,"3,000","-3,000",0,"3,000","-3,000"
"=""058727""",仁寶群益47購01  ,0,0,0,"130,000","133,000","-3,000","130,000","133,000","-3,000"
"=""058730""",鴻準群益45購04  ,0,0,0,"12,000","15,000","-3,000","12,000","15,000","-3,000"
"=""058853""",昆盈凱基45購01  ,0,0,0,0,"3,000","-3,000",0,"3,000","-3,000"
"=""059031""",陽明永豐46購07  ,0,0,0,0,"3,000","-3,000",0,"3,000","-3,000"
"=""059623""",世芯元富5B購01  ,0,0,0,"4,000","7,000","-3,000","4,000","7,000","-3,000"
"=""059679""",一詮凱基45購02  ,0,0,0,"12,000","15,000","-3,000","12,000","15,000","-3,000"
"=""060125""",鴻準群益4C購01  ,0,0,0,"9,000","12,000","-3,000","9,000","12,000","-3,000"
"=""060257""",台灣50國票48購01,0,0,0,0,"3,000","-3,000",0,"3,000","-3,000"
"=""060499""",健和興國票47購01,0,0,0,0,"3,000","-3,000",0,"3,000","-3,000"
"=""060546""",華泰富邦48購01  ,0,0,0,0,"3,000","-3,000",0,"3,000","-3,000"
"=""060814""",嘉澤元富47購03  ,0,0,0,"6,000","9,000","-3,000","6,000","9,000","-3,000"
"=""060856""",長榮航永豐47購01,0,0,0,0,"3,000","-3,000",0,"3,000","-3,000"
"=""060907""",長榮航國票46購02,0,0,0,0,"3,000","-3,000",0,"3,000","-3,000"
"=""060947""",伊雲谷統一3A購01,0,0,0,0,"3,000","-3,000",0,"3,000","-3,000"
"=""061143""",新日興元富46購01,0,0,0,"3,000","6,000","-3,000","3,000","6,000","-3,000"
"=""061334""",技嘉凱基48購02  ,0,0,0,0,"3,000","-3,000",0,"3,000","-3,000"
"=""061485""",緯穎元大46購18  ,0,0,0,0,"3,000","-3,000",0,"3,000","-3,000"
"=""062328""",鴻準元大46購20  ,0,0,0,0,"3,000","-3,000",0,"3,000","-3,000"
"=""062464""",一詮群益46購06  ,0,0,0,0,"3,000","-3,000",0,"3,000","-3,000"
"=""062520""",上銀國票48購01  ,0,0,0,0,"3,000","-3,000",0,"3,000","-3,000"
"=""062866""",台光電統一4C購02,0,0,0,0,"3,000","-3,000",0,"3,000","-3,000"
"=""063094""",川湖統一3C購02  ,0,0,0,"2,000","5,000","-3,000","2,000","5,000","-3,000"
"=""063205""",達發群益48購02  ,0,0,0,0,"3,000","-3,000",0,"3,000","-3,000"
"=""063386""",中興電群益46購02,0,0,0,"155,000","158,000","-3,000","155,000","158,000","-3,000"
"=""063419""",愛普群益46購05  ,0,0,0,0,"3,000","-3,000",0,"3,000","-3,000"
"=""063524""",玉晶光國票46購03,0,0,0,0,"3,000","-3,000",0,"3,000","-3,000"
"=""063701""",精銳永豐49購01  ,0,0,0,"1,000","4,000","-3,000","1,000","4,000","-3,000"
"=""063784""",雲豹元富46購01  ,0,0,0,0,"3,000","-3,000",0,"3,000","-3,000"
"=""064166""",上銀元富4C購02  ,0,0,0,0,"3,000","-3,000",0,"3,000","-3,000"
"=""064341""",欣興凱基47購02  ,0,0,0,"6,000","9,000","-3,000","6,000","9,000","-3,000"
"=""064482""",士電群益46購04  ,0,0,0,"118,000","121,000","-3,000","118,000","121,000","-3,000"
"=""064788""",聯電元大47購03  ,0,0,0,0,"3,000","-3,000",0,"3,000","-3,000"
"=""064817""",神達元大47購07  ,0,0,0,0,"3,000","-3,000",0,"3,000","-3,000"
"=""064891""",貿聯群益47購10  ,0,0,0,0,"3,000","-3,000",0,"3,000","-3,000"
"=""065094""",威盛統一3B購03  ,0,0,0,0,"3,000","-3,000",0,"3,000","-3,000"
"=""065657""",中砂凱基4C購01  ,0,0,0,"4,000","7,000","-3,000","4,000","7,000","-3,000"
"=""065660""",為升凱基47購02  ,0,0,0,"77,000","80,000","-3,000","77,000","80,000","-3,000"
"=""066033""",晟銘電群益47購03,0,0,0,"2,000","5,000","-3,000","2,000","5,000","-3,000"
"=""066080""",和大富邦4B購01  ,0,0,0,"12,000","15,000","-3,000","12,000","15,000","-3,000"
"=""066652""",辛耘統一51購03  ,0,0,0,"28,000","31,000","-3,000","28,000","31,000","-3,000"
"=""066875""",華泰統一3B購02  ,0,0,0,"85,000","88,000","-3,000","85,000","88,000","-3,000"
"=""066921""",景碩群益51購01  ,0,0,0,"74,000","77,000","-3,000","74,000","77,000","-3,000"
"=""067310""",天虹群益49購01  ,0,0,0,"10,000","13,000","-3,000","10,000","13,000","-3,000"
"=""067368""",和大國泰48購01  ,0,0,0,"10,000","13,000","-3,000","10,000","13,000","-3,000"
"=""067438""",大立光台新47購01,0,0,0,"9,000","12,000","-3,000","9,000","12,000","-3,000"
"=""067477""",中砂統一3C購01  ,0,0,0,0,"3,000","-3,000",0,"3,000","-3,000"
"=""067510""",元債2X元富45購01,0,0,0,0,"3,000","-3,000",0,"3,000","-3,000"
"=""067761""",金像電統一4B購02,0,0,0,"10,000","13,000","-3,000","10,000","13,000","-3,000"
"=""067763""",南亞科統一4B購01,0,0,0,"11,000","14,000","-3,000","11,000","14,000","-3,000"
"=""068200""",緯創元富48購04  ,0,0,0,0,"3,000","-3,000",0,"3,000","-3,000"
"=""068346""",德律永豐49購01  ,0,0,0,0,"3,000","-3,000",0,"3,000","-3,000"
"=""068477""",奇鋐群益48購02  ,0,0,0,"2,000","5,000","-3,000","2,000","5,000","-3,000"
"=""068629""",日月光元大48購02,0,0,0,0,"3,000","-3,000",0,"3,000","-3,000"
"=""069016""",永道國票49購02  ,0,0,0,0,"3,000","-3,000",0,"3,000","-3,000"
"=""069159""",光寶科統一52購02,0,0,0,0,"3,000","-3,000",0,"3,000","-3,000"
"=""069508""",台積電永豐49購14,0,0,0,"52,000","55,000","-3,000","52,000","55,000","-3,000"
"=""069842""",怡利電群益4A購01,0,0,0,0,"3,000","-3,000",0,"3,000","-3,000"
"=""069891""",昇陽半凱基48購06,0,0,0,0,"3,000","-3,000",0,"3,000","-3,000"
"=""070019""",台積電元富49購10,0,0,0,0,"3,000","-3,000",0,"3,000","-3,000"
"=""070279""",貿聯元富48購02  ,0,0,0,0,"3,000","-3,000",0,"3,000","-3,000"
"=""070372""",德律凱基48購01  ,0,0,0,0,"3,000","-3,000",0,"3,000","-3,000"
"=""070396""",中鴻元富48購02  ,0,0,0,"151,000","154,000","-3,000","151,000","154,000","-3,000"
"=""070667""",保瑞凱基48購01  ,0,0,0,0,"3,000","-3,000",0,"3,000","-3,000"
"=""070883""",材料元大48購12  ,0,0,0,0,"3,000","-3,000",0,"3,000","-3,000"
"=""071128""",微星元大48購04  ,0,0,0,0,"3,000","-3,000",0,"3,000","-3,000"
"=""071547""",大銀元大48購06  ,0,0,0,0,"3,000","-3,000",0,"3,000","-3,000"
"=""071570""",微星凱基4A購01  ,0,0,0,"70,000","73,000","-3,000","70,000","73,000","-3,000"
"=""072040""",裕民元大48購12  ,0,0,0,"152,000","155,000","-3,000","152,000","155,000","-3,000"
"=""072264""",神達元大48購22  ,0,0,0,0,"3,000","-3,000",0,"3,000","-3,000"
"=""072406""",聚陽富邦4B購01  ,0,0,0,0,"3,000","-3,000",0,"3,000","-3,000"
"=""072449""",富華新凱基49購01,0,0,0,"2,000","5,000","-3,000","2,000","5,000","-3,000"
"=""072713""",台達電第一43購01,0,0,0,0,"3,000","-3,000",0,"3,000","-3,000"
"=""072744""",宏�硈肭�4C購02  ,0,0,0,"5,000","8,000","-3,000","5,000","8,000","-3,000"
"=""072780""",元晶群益4A購01  ,0,0,0,"12,000","15,000","-3,000","12,000","15,000","-3,000"
"=""073118""",文曄國票4A購01  ,0,0,0,0,"3,000","-3,000",0,"3,000","-3,000"
"=""073380""",慧洋元大49購05  ,0,0,0,0,"3,000","-3,000",0,"3,000","-3,000"
"=""073673""",華城凱基44購01  ,0,0,0,0,"3,000","-3,000",0,"3,000","-3,000"
"=""073704""",台積電國票4C購04,0,0,0,0,"3,000","-3,000",0,"3,000","-3,000"
"=""073999""",群光統一55購01  ,0,0,0,"7,000","10,000","-3,000","7,000","10,000","-3,000"
"=""074082""",亞德客群益4A購01,0,0,0,0,"3,000","-3,000",0,"3,000","-3,000"
"=""074177""",T50正2中信49購03,0,0,0,"247,000","250,000","-3,000","247,000","250,000","-3,000"
"=""074290""",緯穎群益49購06  ,0,0,0,0,"3,000","-3,000",0,"3,000","-3,000"
"=""074320""",台灣50元大49購18,0,0,0,"10,000","13,000","-3,000","10,000","13,000","-3,000"
"=""074494""",T50正2凱基49購05,0,0,0,0,"3,000","-3,000",0,"3,000","-3,000"
"=""074541""",華邦電群益4A購04,0,0,0,"1,000","4,000","-3,000","1,000","4,000","-3,000"
"=""074658""",晶心科凱基49購02,0,0,0,0,"3,000","-3,000",0,"3,000","-3,000"
"=""074887""",臺股指永豐4A購05,0,0,0,"10,000","13,000","-3,000","10,000","13,000","-3,000"
"=""075080""",廣隆國票4A購01  ,0,0,0,"132,000","135,000","-3,000","132,000","135,000","-3,000"
"=""075104""",電子類國票49購03,0,0,0,"16,000","19,000","-3,000","16,000","19,000","-3,000"
"=""075653""",富世達群益4C購01,0,0,0,0,"3,000","-3,000",0,"3,000","-3,000"
"=""075669""",精元統一43購01  ,0,0,0,0,"3,000","-3,000",0,"3,000","-3,000"
"=""076000""",南亞科元大49購18,0,0,0,"4,000","7,000","-3,000","4,000","7,000","-3,000"
"=""076015""",亞翔元大49購14  ,0,0,0,0,"3,000","-3,000",0,"3,000","-3,000"
"=""076021""",富世達元大4C購01,0,0,0,0,"3,000","-3,000",0,"3,000","-3,000"
"=""076154""",智邦台新49購02  ,0,0,0,"10,000","13,000","-3,000","10,000","13,000","-3,000"
"=""076478""",昇陽半國泰4A購01,0,0,0,"34,000","37,000","-3,000","34,000","37,000","-3,000"
"=""076581""",漢翔中信49購02  ,0,0,0,"10,000","13,000","-3,000","10,000","13,000","-3,000"
"=""076755""",一詮永豐49購03  ,0,0,0,0,"3,000","-3,000",0,"3,000","-3,000"
"=""076779""",一詮群益49購07  ,0,0,0,"35,000","38,000","-3,000","35,000","38,000","-3,000"
"=""076815""",智易國票4C購01  ,0,0,0,0,"3,000","-3,000",0,"3,000","-3,000"
"=""077176""",台灣50元富54購01,0,0,0,0,"3,000","-3,000",0,"3,000","-3,000"
"=""077416""",旺宏凱基4A購02  ,0,0,0,"1,000","4,000","-3,000","1,000","4,000","-3,000"
"=""077425""",國票金凱基4C購01,0,0,0,0,"3,000","-3,000",0,"3,000","-3,000"
"=""08238U""",台積電中信33售04,0,0,0,0,"3,000","-3,000",0,"3,000","-3,000"
"=""08308U""",創意國泰33售02  ,0,0,0,"90,000","93,000","-3,000","90,000","93,000","-3,000"
"=""08313U""",英業達統一33售08,0,0,0,0,"3,000","-3,000",0,"3,000","-3,000"
"=""08429U""",臺股指元大35售25,0,0,0,0,"3,000","-3,000",0,"3,000","-3,000"
1522A ,堤維西甲特      ,0,"3,000","-3,000",0,0,0,0,"3,000","-3,000"
2440  ,太空梭          ,0,"3,000","-3,000",0,0,0,0,"3,000","-3,000"
2701  ,萬企            ,0,"3,000","-3,000",0,0,0,0,"3,000","-3,000"
3028  ,增你強          ,0,"3,000","-3,000",0,0,0,0,"3,000","-3,000"
3031  ,佰鴻            ,0,"3,000","-3,000",0,0,0,0,"3,000","-3,000"
5907  ,大洋-KY         ,"2,000","5,000","-3,000",0,0,0,"2,000","5,000","-3,000"
6133  ,金橋            ,"2,000","5,000","-3,000",0,0,0,"2,000","5,000","-3,000"
9946  ,三發地產        ,"1,000","4,000","-3,000",0,0,0,"1,000","4,000","-3,000"
3048  ,益登            ,"1,000","3,784","-2,784",0,0,0,"1,000","3,784","-2,784"
1711  ,永光            ,0,0,0,0,"2,447","-2,447",0,"2,447","-2,447"
1305  ,華夏            ,0,435,-435,0,"2,000","-2,000",0,"2,435","-2,435"
2912  ,統一超          ,0,0,0,"5,000","7,391","-2,391","5,000","7,391","-2,391"
8081  ,致新            ,0,386,-386,0,"2,000","-2,000",0,"2,386","-2,386"
2542  ,興富發          ,"25,000","20,314","4,686","2,000","9,000","-7,000","27,000","29,314","-2,314"
1517  ,利奇            ,"7,000","9,237","-2,237",0,0,0,"7,000","9,237","-2,237"
"=""03050X""",元展47          ,0,0,0,0,"2,000","-2,000",0,"2,000","-2,000"
"=""03093X""",永豐金元大61展01,0,0,0,0,"2,000","-2,000",0,"2,000","-2,000"
"=""03309T""",臺股指元大35售49,0,0,0,0,"2,000","-2,000",0,"2,000","-2,000"
"=""03347T""",欣興群益33售08  ,0,0,0,"2,000","4,000","-2,000","2,000","4,000","-2,000"
"=""03384T""",晶心科元大33售04,0,0,0,0,"2,000","-2,000",0,"2,000","-2,000"
"=""03520T""",美費半國票34售01,0,0,0,0,"2,000","-2,000",0,"2,000","-2,000"
"=""03560T""",T50正2元富36售01,0,0,0,0,"2,000","-2,000",0,"2,000","-2,000"
"=""03607T""",萬海國票35售01  ,0,0,0,"10,000","12,000","-2,000","10,000","12,000","-2,000"
"=""03781T""",奇鋐元大34售16  ,0,0,0,0,"2,000","-2,000",0,"2,000","-2,000"
"=""03902C""",臺股指元大36牛01,0,0,0,"3,000","5,000","-2,000","3,000","5,000","-2,000"
"=""042477""",創見國泰56購01  ,0,0,0,"16,000","18,000","-2,000","16,000","18,000","-2,000"
"=""04257T""",英業達元大35售02,0,0,0,0,"2,000","-2,000",0,"2,000","-2,000"
"=""04491T""",智原元大35售09  ,0,0,0,0,"2,000","-2,000",0,"2,000","-2,000"
"=""044973""",南亞群益55購04  ,0,0,0,0,"2,000","-2,000",0,"2,000","-2,000"
"=""045191""",滬深2X凱基61購01,0,0,0,0,"2,000","-2,000",0,"2,000","-2,000"
"=""04556T""",臺股指凱基3A售16,0,0,0,0,"2,000","-2,000",0,"2,000","-2,000"
"=""045574""",保瑞凱基55購08  ,0,0,0,0,"2,000","-2,000",0,"2,000","-2,000"
"=""04561T""",臺股指中信39售10,0,0,0,0,"2,000","-2,000",0,"2,000","-2,000"
"=""045840""",創意元大43購06  ,0,0,0,"10,000","12,000","-2,000","10,000","12,000","-2,000"
"=""046589""",智原凱基43購08  ,0,0,0,0,"2,000","-2,000",0,"2,000","-2,000"
"=""046979""",臺指反元大45購02,0,0,0,0,"2,000","-2,000",0,"2,000","-2,000"
"=""048277""",東科群益44購01  ,0,0,0,"2,000","4,000","-2,000","2,000","4,000","-2,000"
"=""04861T""",晶豪科國票37售04,0,0,0,"10,000","12,000","-2,000","10,000","12,000","-2,000"
"=""048848""",欣興群益42購09  ,0,0,0,0,"2,000","-2,000",0,"2,000","-2,000"
"=""048966""",中鋼元大43購01  ,0,0,0,"44,000","46,000","-2,000","44,000","46,000","-2,000"
"=""049221""",辛耘群益43購04  ,0,0,0,0,"2,000","-2,000",0,"2,000","-2,000"
"=""049378""",瑞祺凱基43購02  ,0,0,0,0,"2,000","-2,000",0,"2,000","-2,000"
"=""049859""",威盛統一48購05  ,0,0,0,"100,000","102,000","-2,000","100,000","102,000","-2,000"
"=""05009T""",臺股指元大3C售02,0,0,0,0,"2,000","-2,000",0,"2,000","-2,000"
"=""050217""",群創群益45購01  ,0,0,0,0,"2,000","-2,000",0,"2,000","-2,000"
"=""050405""",祥碩元富49購01  ,0,0,0,0,"2,000","-2,000",0,"2,000","-2,000"
"=""050654""",大立光永豐44購03,0,0,0,0,"2,000","-2,000",0,"2,000","-2,000"
"=""050658""",南亞科兆豐49購01,0,0,0,0,"2,000","-2,000",0,"2,000","-2,000"
"=""050667""",華航統一41購01  ,0,0,0,0,"2,000","-2,000",0,"2,000","-2,000"
"=""050749""",奇鋐群益45購03  ,0,0,0,0,"2,000","-2,000",0,"2,000","-2,000"
"=""051654""",聯發科群益45購04,0,0,0,0,"2,000","-2,000",0,"2,000","-2,000"
"=""052194""",陽明富邦45購03  ,0,0,0,0,"2,000","-2,000",0,"2,000","-2,000"
"=""052212""",萬海元富43購05  ,0,0,0,"3,000","5,000","-2,000","3,000","5,000","-2,000"
"=""05225T""",啟�眥窶�37售02  ,0,0,0,0,"2,000","-2,000",0,"2,000","-2,000"
"=""052548""",長華群益45購02  ,0,0,0,0,"2,000","-2,000",0,"2,000","-2,000"
"=""053056""",中租元大47購01  ,0,0,0,0,"2,000","-2,000",0,"2,000","-2,000"
"=""05323T""",萬海永豐38售01  ,0,0,0,0,"2,000","-2,000",0,"2,000","-2,000"
"=""053411""",材料元大44購08  ,0,0,0,0,"2,000","-2,000",0,"2,000","-2,000"
"=""05349T""",穎崴元大36售05  ,0,0,0,0,"2,000","-2,000",0,"2,000","-2,000"
"=""05376T""",滬深2X永豐36售04,0,0,0,0,"2,000","-2,000",0,"2,000","-2,000"
"=""054603""",奇鋐群益46購06  ,0,0,0,0,"2,000","-2,000",0,"2,000","-2,000"
"=""05476T""",微星中信39售01  ,0,0,0,0,"2,000","-2,000",0,"2,000","-2,000"
"=""055171""",一詮元富44購01  ,0,0,0,0,"2,000","-2,000",0,"2,000","-2,000"
"=""05575T""",健策凱基37售02  ,0,0,0,"2,000","4,000","-2,000","2,000","4,000","-2,000"
"=""055991""",鴻海永豐49購05  ,0,0,0,0,"2,000","-2,000",0,"2,000","-2,000"
"=""056013""",文曄統一4A購02  ,0,0,0,0,"2,000","-2,000",0,"2,000","-2,000"
"=""056258""",世芯元大46購09  ,0,0,0,0,"2,000","-2,000",0,"2,000","-2,000"
"=""056521""",佳必琪凱基45購02,0,0,0,"5,000","7,000","-2,000","5,000","7,000","-2,000"
"=""056771""",臺股指凱基47購03,0,0,0,"2,000","4,000","-2,000","2,000","4,000","-2,000"
"=""057073""",京元電元大45購04,0,0,0,0,"2,000","-2,000",0,"2,000","-2,000"
"=""05738T""",滬深2X永豐38售03,0,0,0,0,"2,000","-2,000",0,"2,000","-2,000"
"=""05749T""",萬海統一39售03  ,0,0,0,0,"2,000","-2,000",0,"2,000","-2,000"
"=""05752T""",智原台新37售02  ,0,0,0,0,"2,000","-2,000",0,"2,000","-2,000"
"=""057597""",穎崴群益47購01  ,0,0,0,0,"2,000","-2,000",0,"2,000","-2,000"
"=""057710""",金寶元大49購01  ,0,0,0,"20,000","22,000","-2,000","20,000","22,000","-2,000"
"=""05814T""",威盛國票38售02  ,0,0,0,0,"2,000","-2,000",0,"2,000","-2,000"
"=""058194""",健策永豐45購02  ,0,0,0,0,"2,000","-2,000",0,"2,000","-2,000"
"=""058200""",臺股指永豐46購06,0,0,0,0,"2,000","-2,000",0,"2,000","-2,000"
"=""058250""",日電貿凱基45購02,0,0,0,"98,000","100,000","-2,000","98,000","100,000","-2,000"
"=""058607""",欣巴巴群益47購01,0,0,0,0,"2,000","-2,000",0,"2,000","-2,000"
"=""058960""",日本2X元富45購01,0,0,0,"2,000","4,000","-2,000","2,000","4,000","-2,000"
"=""05901T""",臺股指群益3A售21,0,0,0,0,"2,000","-2,000",0,"2,000","-2,000"
"=""059022""",美律中信45購01  ,0,0,0,0,"2,000","-2,000",0,"2,000","-2,000"
"=""059148""",陽明群益4B購01  ,0,0,0,"8,000","10,000","-2,000","8,000","10,000","-2,000"
"=""059165""",東鹼元大45購02  ,0,0,0,0,"2,000","-2,000",0,"2,000","-2,000"
"=""05950T""",臺股指群益37售29,0,0,0,0,"2,000","-2,000",0,"2,000","-2,000"
"=""059540""",振樺電凱基45購02,0,0,0,0,"2,000","-2,000",0,"2,000","-2,000"
"=""05958T""",海華國票37售02  ,0,0,0,"2,000","4,000","-2,000","2,000","4,000","-2,000"
"=""059662""",祥碩永豐47購01  ,0,0,0,"28,000","30,000","-2,000","28,000","30,000","-2,000"
"=""060164""",大同元大46購02  ,0,0,0,0,"2,000","-2,000",0,"2,000","-2,000"
"=""060211""",滬深2X凱基46購10,0,0,0,"6,000","8,000","-2,000","6,000","8,000","-2,000"
"=""060430""",東元國泰48購01  ,0,0,0,0,"2,000","-2,000",0,"2,000","-2,000"
"=""060463""",保瑞群益47購02  ,0,0,0,0,"2,000","-2,000",0,"2,000","-2,000"
"=""060500""",緯創國票49購01  ,0,0,0,0,"2,000","-2,000",0,"2,000","-2,000"
"=""060849""",美時永豐4C購01  ,0,0,0,0,"2,000","-2,000",0,"2,000","-2,000"
"=""060868""",波力永豐48購01  ,0,0,0,0,"2,000","-2,000",0,"2,000","-2,000"
"=""061132""",藍天元富46購01  ,0,0,0,0,"2,000","-2,000",0,"2,000","-2,000"
"=""061303""",祥碩中信49購01  ,0,0,0,0,"2,000","-2,000",0,"2,000","-2,000"
"=""061638""",長榮航元大46購12,0,0,0,0,"2,000","-2,000",0,"2,000","-2,000"
"=""061654""",緯穎元大46購20  ,0,0,0,0,"2,000","-2,000",0,"2,000","-2,000"
"=""061681""",飛宏群益4A購01  ,0,0,0,0,"2,000","-2,000",0,"2,000","-2,000"
"=""061687""",聯詠群益46購01  ,0,0,0,0,"2,000","-2,000",0,"2,000","-2,000"
"=""061787""",旺宏富邦48購01  ,0,0,0,0,"2,000","-2,000",0,"2,000","-2,000"
"=""061923""",長榮航富邦48購03,0,0,0,0,"2,000","-2,000",0,"2,000","-2,000"
"=""061973""",長榮凱基4A購02  ,0,0,0,0,"2,000","-2,000",0,"2,000","-2,000"
"=""062003""",明泰元富4C購01  ,0,0,0,0,"2,000","-2,000",0,"2,000","-2,000"
"=""062055""",大立光群益46購08,0,0,0,0,"2,000","-2,000",0,"2,000","-2,000"
"=""062056""",亞光群益46購02  ,0,0,0,0,"2,000","-2,000",0,"2,000","-2,000"
"=""062103""",創意元大46購07  ,0,0,0,0,"2,000","-2,000",0,"2,000","-2,000"
"=""062128""",大亞國票47購01  ,0,0,0,0,"2,000","-2,000",0,"2,000","-2,000"
"=""062208""",T50反1元富46購04,0,0,0,"121,000","123,000","-2,000","121,000","123,000","-2,000"
"=""062262""",矽力凱基46購03  ,0,0,0,0,"2,000","-2,000",0,"2,000","-2,000"
"=""062391""",神達凱基48購01  ,0,0,0,0,"2,000","-2,000",0,"2,000","-2,000"
"=""062604""",臺股指元大48購14,0,0,0,0,"2,000","-2,000",0,"2,000","-2,000"
"=""062670""",世紀鋼凱基46購02,0,0,0,"113,000","115,000","-2,000","113,000","115,000","-2,000"
"=""062798""",台塑元大46購10  ,0,0,0,0,"2,000","-2,000",0,"2,000","-2,000"
"=""063019""",世芯群益46購16  ,0,0,0,"58,000","60,000","-2,000","58,000","60,000","-2,000"
"=""063311""",世芯永豐4C購03  ,0,0,0,"10,000","12,000","-2,000","10,000","12,000","-2,000"
"=""063323""",盟立國票46購03  ,0,0,0,"20,000","22,000","-2,000","20,000","22,000","-2,000"
"=""063527""",鈞興國票46購03  ,0,0,0,0,"2,000","-2,000",0,"2,000","-2,000"
"=""063549""",上銀元富46購03  ,0,0,0,0,"2,000","-2,000",0,"2,000","-2,000"
"=""063735""",台玻國票47購02  ,0,0,0,0,"2,000","-2,000",0,"2,000","-2,000"
"=""064130""",精銳群益4A購01  ,0,0,0,0,"2,000","-2,000",0,"2,000","-2,000"
"=""064171""",台積電元富46購17,0,0,0,0,"2,000","-2,000",0,"2,000","-2,000"
"=""064244""",全新群益46購12  ,0,0,0,"22,000","24,000","-2,000","22,000","24,000","-2,000"
"=""064282""",台光電元大46購17,0,0,0,0,"2,000","-2,000",0,"2,000","-2,000"
"=""064286""",聯發科元大4C購01,0,0,0,0,"2,000","-2,000",0,"2,000","-2,000"
"=""064355""",盟立國票48購01  ,0,0,0,0,"2,000","-2,000",0,"2,000","-2,000"
"=""064787""",台泥元大47購03  ,0,0,0,0,"2,000","-2,000",0,"2,000","-2,000"
"=""065187""",雄獅統一3B購01  ,0,0,0,"8,000","10,000","-2,000","8,000","10,000","-2,000"
"=""065217""",嘉澤兆豐47購01  ,0,0,0,0,"2,000","-2,000",0,"2,000","-2,000"
"=""065218""",愛普兆豐47購01  ,0,0,0,"5,000","7,000","-2,000","5,000","7,000","-2,000"
"=""065318""",威盛群益3C購02  ,0,0,0,"48,000","50,000","-2,000","48,000","50,000","-2,000"
"=""065520""",京元電統一4C購03,0,0,0,0,"2,000","-2,000",0,"2,000","-2,000"
"=""065584""",滬深2X國票49購01,0,0,0,"48,000","50,000","-2,000","48,000","50,000","-2,000"
"=""065973""",信邦元大47購01  ,0,0,0,0,"2,000","-2,000",0,"2,000","-2,000"
"=""066085""",台積電富邦51購03,0,0,0,0,"2,000","-2,000",0,"2,000","-2,000"
"=""066220""",世芯群益51購01  ,0,0,0,0,"2,000","-2,000",0,"2,000","-2,000"
"=""066311""",南電中信48購01  ,0,0,0,"3,000","5,000","-2,000","3,000","5,000","-2,000"
"=""066357""",南亞科元富4A購01,0,0,0,0,"2,000","-2,000",0,"2,000","-2,000"
"=""066583""",世芯元富47購11  ,0,0,0,"26,000","28,000","-2,000","26,000","28,000","-2,000"
"=""066597""",大立光群益3B購03,0,0,0,0,"2,000","-2,000",0,"2,000","-2,000"
"=""066613""",世芯國泰48購03  ,0,0,0,0,"2,000","-2,000",0,"2,000","-2,000"
"=""066755""",所羅門元大47購06,0,0,0,0,"2,000","-2,000",0,"2,000","-2,000"
"=""066771""",聯詠元大47購04  ,0,0,0,0,"2,000","-2,000",0,"2,000","-2,000"
"=""067308""",力積電群益47購02,0,0,0,0,"2,000","-2,000",0,"2,000","-2,000"
"=""067322""",華新元大47購03  ,0,0,0,"98,000","100,000","-2,000","98,000","100,000","-2,000"
"=""067338""",裕民元大47購01  ,0,0,0,0,"2,000","-2,000",0,"2,000","-2,000"
"=""067511""",長榮元大47購11  ,0,0,0,"2,000","4,000","-2,000","2,000","4,000","-2,000"
"=""067620""",南亞統一53購01  ,0,0,0,"798,000","800,000","-2,000","798,000","800,000","-2,000"
"=""067685""",中磊凱基47購02  ,0,0,0,0,"2,000","-2,000",0,"2,000","-2,000"
"=""067812""",永道元富47購02  ,0,0,0,0,"2,000","-2,000",0,"2,000","-2,000"
"=""067852""",全新凱基49購01  ,0,0,0,0,"2,000","-2,000",0,"2,000","-2,000"
"=""068207""",世芯國泰49購02  ,0,0,0,"1,000","3,000","-2,000","1,000","3,000","-2,000"
"=""068298""",華通元大48購04  ,0,0,0,0,"2,000","-2,000",0,"2,000","-2,000"
"=""068318""",奇鋐元大48購07  ,0,0,0,"2,000","4,000","-2,000","2,000","4,000","-2,000"
"=""068389""",T50反1元大3B購01,0,0,0,0,"2,000","-2,000",0,"2,000","-2,000"
"=""068418""",德律元富48購01  ,0,0,0,"61,000","63,000","-2,000","61,000","63,000","-2,000"
"=""068428""",台達電國票49購01,0,0,0,0,"2,000","-2,000",0,"2,000","-2,000"
"=""068535""",台積電富邦48購06,0,0,0,"5,000","7,000","-2,000","5,000","7,000","-2,000"
"=""068631""",達興元大48購01  ,0,0,0,0,"2,000","-2,000",0,"2,000","-2,000"
"=""069074""",上銀元大48購02  ,0,0,0,"88,000","90,000","-2,000","88,000","90,000","-2,000"
"=""069319""",神達國票4A購02  ,0,0,0,0,"2,000","-2,000",0,"2,000","-2,000"
"=""069633""",奇鋐凱基4C購01  ,0,0,0,0,"2,000","-2,000",0,"2,000","-2,000"
"=""070050""",美時國泰49購01  ,0,0,0,0,"2,000","-2,000",0,"2,000","-2,000"
"=""070141""",昇陽半元大48購10,0,0,0,0,"2,000","-2,000",0,"2,000","-2,000"
"=""070644""",鴻海凱基48購11  ,0,0,0,0,"2,000","-2,000",0,"2,000","-2,000"
"=""070662""",世芯凱基4B購02  ,0,0,0,0,"2,000","-2,000",0,"2,000","-2,000"
"=""070672""",三芳統一52購02  ,0,0,0,"1,000","3,000","-2,000","1,000","3,000","-2,000"
"=""070886""",精成科元大48購05,0,0,0,0,"2,000","-2,000",0,"2,000","-2,000"
"=""071208""",臺股指群益4B購10,0,0,0,"78,000","80,000","-2,000","78,000","80,000","-2,000"
"=""071314""",華新統一54購01  ,0,0,0,0,"2,000","-2,000",0,"2,000","-2,000"
"=""071458""",南亞科統一52購07,0,0,0,"3,000","5,000","-2,000","3,000","5,000","-2,000"
"=""071599""",滬深2X群益4A購14,0,0,0,0,"2,000","-2,000",0,"2,000","-2,000"
"=""071730""",欣興統一52購05  ,0,0,0,0,"2,000","-2,000",0,"2,000","-2,000"
"=""071758""",大成鋼元大48購18,0,0,0,0,"2,000","-2,000",0,"2,000","-2,000"
"=""072025""",大成鋼元大51購02,0,0,0,0,"2,000","-2,000",0,"2,000","-2,000"
"=""072228""",華友聯元大48購02,0,0,0,0,"2,000","-2,000",0,"2,000","-2,000"
"=""072242""",台積電元大4B購08,0,0,0,0,"2,000","-2,000",0,"2,000","-2,000"
"=""072259""",新日興元大48購12,0,0,0,0,"2,000","-2,000",0,"2,000","-2,000"
"=""072385""",臺股指元富55購01,0,0,0,0,"2,000","-2,000",0,"2,000","-2,000"
"=""072566""",健鼎凱基4B購01  ,0,0,0,"155,000","157,000","-2,000","155,000","157,000","-2,000"
"=""072602""",三芳永豐49購02  ,0,0,0,0,"2,000","-2,000",0,"2,000","-2,000"
"=""072746""",威強電元大49購02,0,0,0,0,"2,000","-2,000",0,"2,000","-2,000"
"=""072769""",大立光凱基4C購02,0,0,0,0,"2,000","-2,000",0,"2,000","-2,000"
"=""072813""",大同國票49購01  ,0,0,0,0,"2,000","-2,000",0,"2,000","-2,000"
"=""073030""",英業達凱基43購01,0,0,0,"2,000","4,000","-2,000","2,000","4,000","-2,000"
"=""073105""",台灣50國票53購01,0,0,0,"3,000","5,000","-2,000","3,000","5,000","-2,000"
"=""073184""",精元統一53購01  ,0,0,0,"2,000","4,000","-2,000","2,000","4,000","-2,000"
"=""073284""",台積電永豐4B購06,0,0,0,0,"2,000","-2,000",0,"2,000","-2,000"
"=""073343""",大成鋼群益4B購02,0,0,0,0,"2,000","-2,000",0,"2,000","-2,000"
"=""073712""",漢唐國票4A購01  ,0,0,0,0,"2,000","-2,000",0,"2,000","-2,000"
"=""073949""",大成鋼兆豐4B購02,0,0,0,0,"2,000","-2,000",0,"2,000","-2,000"
"=""073993""",世紀鋼永豐4B購02,0,0,0,"10,000","12,000","-2,000","10,000","12,000","-2,000"
"=""074010""",T50反1元富4C購06,0,0,0,0,"2,000","-2,000",0,"2,000","-2,000"
"=""074078""",台化群益49購01  ,0,0,0,"33,000","35,000","-2,000","33,000","35,000","-2,000"
"=""074084""",台玻群益4A購02  ,0,0,0,0,"2,000","-2,000",0,"2,000","-2,000"
"=""074207""",材料富邦4C購01  ,0,0,0,0,"2,000","-2,000",0,"2,000","-2,000"
"=""074445""",亞德客永豐49購01,0,0,0,0,"2,000","-2,000",0,"2,000","-2,000"
"=""074622""",世紀鋼富邦4A購02,0,0,0,0,"2,000","-2,000",0,"2,000","-2,000"
"=""074679""",長榮航群益49購02,0,0,0,"26,000","28,000","-2,000","26,000","28,000","-2,000"
"=""074812""",威強電元大49購05,0,0,0,0,"2,000","-2,000",0,"2,000","-2,000"
"=""074886""",臺股指永豐4A購04,0,0,0,0,"2,000","-2,000",0,"2,000","-2,000"
"=""074964""",元債2X元大49購01,0,0,0,0,"2,000","-2,000",0,"2,000","-2,000"
"=""075124""",華邦電永豐4C購01,0,0,0,0,"2,000","-2,000",0,"2,000","-2,000"
"=""075248""",華晶科元大49購02,0,0,0,0,"2,000","-2,000",0,"2,000","-2,000"
"=""075641""",群創群益49購05  ,0,0,0,0,"2,000","-2,000",0,"2,000","-2,000"
"=""076020""",富世達元大49購10,0,0,0,0,"2,000","-2,000",0,"2,000","-2,000"
"=""076180""",力成凱基4B購01  ,0,0,0,"70,000","72,000","-2,000","70,000","72,000","-2,000"
"=""076428""",臻鼎凱基49購01  ,0,0,0,0,"2,000","-2,000",0,"2,000","-2,000"
"=""076711""",漢唐元大4B購03  ,0,0,0,0,"2,000","-2,000",0,"2,000","-2,000"
"=""077180""",美時元富4A購01  ,0,0,0,0,"2,000","-2,000",0,"2,000","-2,000"
"=""077298""",穎崴元大51購01  ,0,0,0,0,"2,000","-2,000",0,"2,000","-2,000"
"=""077421""",皇昌凱基4C購01  ,0,0,0,0,"2,000","-2,000",0,"2,000","-2,000"
"=""077441""",國企2X群益52購01,0,0,0,0,"2,000","-2,000",0,"2,000","-2,000"
"=""08823U""",南電國票33售01  ,0,0,0,0,"2,000","-2,000",0,"2,000","-2,000"
"=""08899U""",仁寶元富32售09  ,0,0,0,0,"2,000","-2,000",0,"2,000","-2,000"
1529  ,樂事綠能        ,0,"2,000","-2,000",0,0,0,0,"2,000","-2,000"
1626  ,艾美特-KY       ,0,"2,000","-2,000",0,0,0,0,"2,000","-2,000"
1707  ,葡萄王          ,0,"2,000","-2,000",0,0,0,0,"2,000","-2,000"
1720  ,生達            ,0,0,0,0,"2,000","-2,000",0,"2,000","-2,000"
1809  ,中釉            ,0,"2,000","-2,000",0,0,0,0,"2,000","-2,000"
2007  ,燁興            ,0,"2,000","-2,000",0,0,0,0,"2,000","-2,000"
2009  ,第一銅          ,0,0,0,0,"2,000","-2,000",0,"2,000","-2,000"
2461  ,光群雷          ,"1,000","3,000","-2,000",0,0,0,"1,000","3,000","-2,000"
2548  ,華固            ,0,"2,000","-2,000",0,0,0,0,"2,000","-2,000"
2617  ,台航            ,0,0,0,0,"2,000","-2,000",0,"2,000","-2,000"
3030  ,德律            ,"3,000","5,000","-2,000",0,0,0,"3,000","5,000","-2,000"
4930  ,燦星網          ,0,"2,000","-2,000",0,0,0,0,"2,000","-2,000"
5469  ,瀚宇博          ,0,0,0,"4,000","6,000","-2,000","4,000","6,000","-2,000"
6414  ,樺漢            ,"14,000","8,000","6,000","2,000","10,000","-8,000","16,000","18,000","-2,000"
6573  ,虹揚-KY         ,0,"2,000","-2,000",0,0,0,0,"2,000","-2,000"
8201  ,無敵            ,0,"2,000","-2,000",0,0,0,0,"2,000","-2,000"
8940  ,新天地          ,0,"2,000","-2,000",0,0,0,0,"2,000","-2,000"
9917  ,中保科          ,"5,000","5,000",0,"2,000","4,000","-2,000","7,000","9,000","-2,000"
9924  ,福興            ,0,0,0,0,"2,000","-2,000",0,"2,000","-2,000"
1612  ,宏泰            ,0,0,0,1,"2,000","-1,999",1,"2,000","-1,999"
6491  ,晶碩            ,0,0,0,"5,000","6,946","-1,946","5,000","6,946","-1,946"
"=""0055  """,元大MSCI金融    ,0,0,0,0,"1,673","-1,673",0,"1,673","-1,673"
1708  ,東鹼            ,"3,000","1,337","1,663",0,"3,083","-3,083","3,000","4,420","-1,420"
2348  ,海悅            ,0,"1,405","-1,405",0,0,0,0,"1,405","-1,405"
4770  ,上品            ,"5,000","2,317","2,683","3,000","7,000","-4,000","8,000","9,317","-1,317"
2442  ,新美齊          ,"1,000","2,304","-1,304",0,0,0,"1,000","2,304","-1,304"
6197  ,佳必琪          ,"1,000",285,715,"1,000","3,000","-2,000","2,000","3,285","-1,285"
3592  ,瑞鼎            ,"1,000",181,819,"1,000","3,028","-2,028","2,000","3,209","-1,209"
6115  ,鎰勝            ,"1,000","2,107","-1,107",0,0,0,"1,000","2,107","-1,107"
6415  ,矽力*-KY        ,"20,686","21,165",-479,"4,924","5,530",-606,"25,610","26,695","-1,085"
6269  ,台郡            ,"2,000","6,075","-4,075","3,000",1,"2,999","5,000","6,076","-1,076"
3055  ,蔚華科          ,"9,965","11,000","-1,035",0,0,0,"9,965","11,000","-1,035"
4739  ,康普            ,0,0,0,0,"1,006","-1,006",0,"1,006","-1,006"
1217  ,愛之味          ,0,"1,004","-1,004",0,0,0,0,"1,004","-1,004"
"=""00660 """,元大歐洲50      ,0,0,0,0,"1,000","-1,000",0,"1,000","-1,000"
"=""03082T""",技嘉元大33售37  ,0,0,0,0,"1,000","-1,000",0,"1,000","-1,000"
"=""03305T""",國企2X元大33售02,0,0,0,0,"1,000","-1,000",0,"1,000","-1,000"
"=""03457T""",臺股指凱基33售46,0,0,0,0,"1,000","-1,000",0,"1,000","-1,000"
"=""03503T""",天鈺凱基33售04  ,0,0,0,0,"1,000","-1,000",0,"1,000","-1,000"
"=""03609T""",奇鋐永豐35售03  ,0,0,0,0,"1,000","-1,000",0,"1,000","-1,000"
"=""037569""",智邦元大54購17  ,0,0,0,0,"1,000","-1,000",0,"1,000","-1,000"
"=""038148""",台塑富邦55購01  ,0,0,0,0,"1,000","-1,000",0,"1,000","-1,000"
"=""038154""",鈺邦元富53購07  ,0,0,0,0,"1,000","-1,000",0,"1,000","-1,000"
"=""03831T""",臺股指元大36售42,0,0,0,0,"1,000","-1,000",0,"1,000","-1,000"
"=""038698""",富世達元大54購25,0,0,0,0,"1,000","-1,000",0,"1,000","-1,000"
"=""03882T""",臺股指群益39售06,0,0,0,0,"1,000","-1,000",0,"1,000","-1,000"
"=""03885C""",大立光富邦35牛01,0,0,0,0,"1,000","-1,000",0,"1,000","-1,000"
"=""04002T""",聯電群益39售01  ,0,0,0,0,"1,000","-1,000",0,"1,000","-1,000"
"=""04030T""",聯電元大34售14  ,0,0,0,0,"1,000","-1,000",0,"1,000","-1,000"
"=""040622""",陽明統一5A購01  ,0,0,0,0,"1,000","-1,000",0,"1,000","-1,000"
"=""041187""",台積電富邦54購06,0,0,0,"3,000","4,000","-1,000","3,000","4,000","-1,000"
"=""04269T""",台積電凱基35售25,0,0,0,"2,000","3,000","-1,000","2,000","3,000","-1,000"
"=""04295T""",華孚元大35售04  ,0,0,0,0,"1,000","-1,000",0,"1,000","-1,000"
"=""04309T""",威盛國泰37售03  ,0,0,0,"78,000","79,000","-1,000","78,000","79,000","-1,000"
"=""043211""",亞力國票57購01  ,0,0,0,0,"1,000","-1,000",0,"1,000","-1,000"
"=""044307""",貿聯群益55購07  ,0,0,0,0,"1,000","-1,000",0,"1,000","-1,000"
"=""044512""",旺宏凱基57購05  ,0,0,0,0,"1,000","-1,000",0,"1,000","-1,000"
"=""045315""",臺股指元大58購02,0,0,0,0,"1,000","-1,000",0,"1,000","-1,000"
"=""045577""",至上凱基57購01  ,0,0,0,"2,000","3,000","-1,000","2,000","3,000","-1,000"
"=""046079""",滬深2X群益47購01,0,0,0,0,"1,000","-1,000",0,"1,000","-1,000"
"=""04637T""",技嘉群益35售14  ,0,0,0,0,"1,000","-1,000",0,"1,000","-1,000"
"=""04638T""",台光電群益35售07,0,0,0,0,"1,000","-1,000",0,"1,000","-1,000"
"=""046463""",世紀鋼統一48購04,0,0,0,0,"1,000","-1,000",0,"1,000","-1,000"
"=""046741""",祥碩國泰44購01  ,0,0,0,"133,000","134,000","-1,000","133,000","134,000","-1,000"
"=""04674T""",晶心科群益35售03,0,0,0,0,"1,000","-1,000",0,"1,000","-1,000"
"=""04677T""",聯電凱基39售04  ,0,0,0,0,"1,000","-1,000",0,"1,000","-1,000"
"=""046791""",鴻海元富43購07  ,0,0,0,0,"1,000","-1,000",0,"1,000","-1,000"
"=""04706T""",FBNQ2X元大36售01,0,0,0,0,"1,000","-1,000",0,"1,000","-1,000"
"=""04711T""",高力國票35售03  ,0,0,0,0,"1,000","-1,000",0,"1,000","-1,000"
"=""04715T""",欣興凱基35售13  ,0,0,0,"86,000","87,000","-1,000","86,000","87,000","-1,000"
"=""04749T""",電子類元大35售04,0,0,0,0,"1,000","-1,000",0,"1,000","-1,000"
"=""047564""",亞光永豐45購01  ,0,0,0,0,"1,000","-1,000",0,"1,000","-1,000"
"=""047579""",龍德船統一4C購02,0,0,0,0,"1,000","-1,000",0,"1,000","-1,000"
"=""047673""",長榮航富邦42購02,0,0,0,0,"1,000","-1,000",0,"1,000","-1,000"
"=""047840""",大銀群益43購01  ,0,0,0,0,"1,000","-1,000",0,"1,000","-1,000"
"=""047967""",亞翔群益42購07  ,0,0,0,0,"1,000","-1,000",0,"1,000","-1,000"
"=""048280""",晶心科群益42購04,0,0,0,0,"1,000","-1,000",0,"1,000","-1,000"
"=""048363""",創意凱基45購04  ,0,0,0,0,"1,000","-1,000",0,"1,000","-1,000"
"=""04836T""",智原群益37售05  ,0,0,0,0,"1,000","-1,000",0,"1,000","-1,000"
"=""048473""",川湖元富58購03  ,0,0,0,0,"1,000","-1,000",0,"1,000","-1,000"
"=""04855T""",臺股指凱基3A售18,0,0,0,0,"1,000","-1,000",0,"1,000","-1,000"
"=""04879T""",聯電中信37售01  ,0,0,0,0,"1,000","-1,000",0,"1,000","-1,000"
"=""04987T""",立積國票36售01  ,0,0,0,0,"1,000","-1,000",0,"1,000","-1,000"
"=""050011""",和大國票44購01  ,0,0,0,0,"1,000","-1,000",0,"1,000","-1,000"
"=""05029T""",長榮群益36售07  ,0,0,0,0,"1,000","-1,000",0,"1,000","-1,000"
"=""05055T""",臺股指元大37售08,0,0,0,0,"1,000","-1,000",0,"1,000","-1,000"
"=""05094T""",臺股指凱基37售04,0,0,0,0,"1,000","-1,000",0,"1,000","-1,000"
"=""051499""",達興國票44購01  ,0,0,0,0,"1,000","-1,000",0,"1,000","-1,000"
"=""051580""",緯穎元富44購01  ,0,0,0,0,"1,000","-1,000",0,"1,000","-1,000"
"=""051658""",三商壽群益43購02,0,0,0,0,"1,000","-1,000",0,"1,000","-1,000"
"=""05167T""",陽明永豐36售02  ,0,0,0,"10,000","11,000","-1,000","10,000","11,000","-1,000"
"=""051692""",佳能富邦47購01  ,0,0,0,0,"1,000","-1,000",0,"1,000","-1,000"
"=""05169T""",華邦電中信36售01,0,0,0,"1,000","2,000","-1,000","1,000","2,000","-1,000"
"=""051835""",元日2X國票48購01,0,0,0,0,"1,000","-1,000",0,"1,000","-1,000"
"=""052172""",京元電國票44購01,0,0,0,"50,000","51,000","-1,000","50,000","51,000","-1,000"
"=""052217""",洋華元富49購01  ,0,0,0,0,"1,000","-1,000",0,"1,000","-1,000"
"=""052303""",台積電凱基43購59,0,0,0,0,"1,000","-1,000",0,"1,000","-1,000"
"=""052366""",旺宏群益43購03  ,0,0,0,0,"1,000","-1,000",0,"1,000","-1,000"
"=""052387""",承業醫群益46購01,0,0,0,0,"1,000","-1,000",0,"1,000","-1,000"
"=""052453""",滬深2X元富44購02,0,0,0,0,"1,000","-1,000",0,"1,000","-1,000"
"=""052504""",十銓永豐4A購01  ,0,0,0,0,"1,000","-1,000",0,"1,000","-1,000"
"=""05258T""",臺股指凱基38售09,0,0,0,"3,000","4,000","-1,000","3,000","4,000","-1,000"
"=""05280T""",聯發科國票36售04,0,0,0,0,"1,000","-1,000",0,"1,000","-1,000"
"=""052928""",宏達電凱基44購02,0,0,0,0,"1,000","-1,000",0,"1,000","-1,000"
"=""053019""",台泥元大47購01  ,0,0,0,0,"1,000","-1,000",0,"1,000","-1,000"
"=""053188""",百和國票45購01  ,0,0,0,"1,000","2,000","-1,000","1,000","2,000","-1,000"
"=""054289""",大銀元大44購01  ,0,0,0,0,"1,000","-1,000",0,"1,000","-1,000"
"=""054406""",台積電永豐49購08,0,0,0,0,"1,000","-1,000",0,"1,000","-1,000"
"=""054502""",A50正2國票45購07,0,0,0,0,"1,000","-1,000",0,"1,000","-1,000"
"=""055173""",長榮元富44購03  ,0,0,0,0,"1,000","-1,000",0,"1,000","-1,000"
"=""055765""",建準富邦46購02  ,0,0,0,0,"1,000","-1,000",0,"1,000","-1,000"
"=""055823""",華擎群益44購02  ,0,0,0,"1,000","2,000","-1,000","1,000","2,000","-1,000"
"=""055938""",普安元大44購04  ,0,0,0,0,"1,000","-1,000",0,"1,000","-1,000"
"=""05607T""",華擎國票38售01  ,0,0,0,0,"1,000","-1,000",0,"1,000","-1,000"
"=""056374""",台積電元大47購05,0,0,0,0,"1,000","-1,000",0,"1,000","-1,000"
"=""05652T""",威鋒電群益37售04,0,0,0,0,"1,000","-1,000",0,"1,000","-1,000"
"=""056629""",貿聯永豐45購03  ,0,0,0,0,"1,000","-1,000",0,"1,000","-1,000"
"=""056743""",鴻海台新45購01  ,0,0,0,0,"1,000","-1,000",0,"1,000","-1,000"
"=""056744""",聯發科台新45購01,0,0,0,0,"1,000","-1,000",0,"1,000","-1,000"
"=""056837""",台灣50永豐45購04,0,0,0,0,"1,000","-1,000",0,"1,000","-1,000"
"=""056862""",王品凱基47購01  ,0,0,0,"39,000","40,000","-1,000","39,000","40,000","-1,000"
"=""057078""",萬海元大49購04  ,0,0,0,0,"1,000","-1,000",0,"1,000","-1,000"
"=""05709T""",陽明統一3B售01  ,0,0,0,"1,000","2,000","-1,000","1,000","2,000","-1,000"
"=""057152""",保瑞群益45購05  ,0,0,0,0,"1,000","-1,000",0,"1,000","-1,000"
"=""057297""",矽統元大45購06  ,0,0,0,"22,000","23,000","-1,000","22,000","23,000","-1,000"
"=""057378""",川湖統一51購02  ,0,0,0,0,"1,000","-1,000",0,"1,000","-1,000"
"=""05740T""",臺股指永豐39售04,0,0,0,0,"1,000","-1,000",0,"1,000","-1,000"
"=""057417""",神達元富45購01  ,0,0,0,0,"1,000","-1,000",0,"1,000","-1,000"
"=""057626""",中502X凱基45購04,0,0,0,0,"1,000","-1,000",0,"1,000","-1,000"
"=""057677""",立積統一46購02  ,0,0,0,0,"1,000","-1,000",0,"1,000","-1,000"
"=""057718""",矽統元大45購08  ,0,0,0,0,"1,000","-1,000",0,"1,000","-1,000"
"=""057823""",潤泰全中信45購01,0,0,0,0,"1,000","-1,000",0,"1,000","-1,000"
"=""05787T""",陽明統一3B售03  ,0,0,0,0,"1,000","-1,000",0,"1,000","-1,000"
"=""05789T""",威盛台新37售01  ,0,0,0,0,"1,000","-1,000",0,"1,000","-1,000"
"=""058005""",日月光永豐45購01,0,0,0,"20,000","21,000","-1,000","20,000","21,000","-1,000"
"=""05822T""",大同統一3A售01  ,0,0,0,0,"1,000","-1,000",0,"1,000","-1,000"
"=""058442""",美律永豐46購01  ,0,0,0,0,"1,000","-1,000",0,"1,000","-1,000"
"=""058744""",凱基金群益45購03,0,0,0,0,"1,000","-1,000",0,"1,000","-1,000"
"=""058861""",智原凱基47購01  ,0,0,0,0,"1,000","-1,000",0,"1,000","-1,000"
"=""059017""",金寶台新45購01  ,0,0,0,0,"1,000","-1,000",0,"1,000","-1,000"
"=""059029""",T50正2永豐45購02,0,0,0,0,"1,000","-1,000",0,"1,000","-1,000"
"=""059135""",臺股指凱基45購51,0,0,0,0,"1,000","-1,000",0,"1,000","-1,000"
"=""059223""",長榮元富48購02  ,0,0,0,"1,000","2,000","-1,000","1,000","2,000","-1,000"
"=""059348""",智邦元大45購01  ,0,0,0,0,"1,000","-1,000",0,"1,000","-1,000"
"=""059408""",台積電國泰47購01,0,0,0,0,"1,000","-1,000",0,"1,000","-1,000"
"=""059455""",中華元富45購02  ,0,0,0,"9,000","10,000","-1,000","9,000","10,000","-1,000"
"=""059466""",緯穎元富4A購02  ,0,0,0,"102,000","103,000","-1,000","102,000","103,000","-1,000"
"=""059488""",豐藝國票46購01  ,0,0,0,0,"1,000","-1,000",0,"1,000","-1,000"
"=""05954T""",晶豪科台新37售01,0,0,0,"2,000","3,000","-1,000","2,000","3,000","-1,000"
"=""059560""",智邦元大45購03  ,0,0,0,0,"1,000","-1,000",0,"1,000","-1,000"
"=""059667""",世紀鋼永豐45購05,0,0,0,0,"1,000","-1,000",0,"1,000","-1,000"
"=""059827""",台積電凱基46購17,0,0,0,0,"1,000","-1,000",0,"1,000","-1,000"
"=""059881""",中華群益45購03  ,0,0,0,0,"1,000","-1,000",0,"1,000","-1,000"
"=""06016T""",電子類國票38售09,0,0,0,0,"1,000","-1,000",0,"1,000","-1,000"
"=""060183""",陽明元大46購05  ,0,0,0,0,"1,000","-1,000",0,"1,000","-1,000"
"=""060197""",緯穎元大46購06  ,0,0,0,"49,000","50,000","-1,000","49,000","50,000","-1,000"
"=""060381""",臺股指元大46購26,0,0,0,0,"1,000","-1,000",0,"1,000","-1,000"
"=""06050T""",電子類凱基39售01,0,0,0,0,"1,000","-1,000",0,"1,000","-1,000"
"=""060560""",潤泰新富邦46購01,0,0,0,"5,000","6,000","-1,000","5,000","6,000","-1,000"
"=""060620""",川湖國票49購01  ,0,0,0,0,"1,000","-1,000",0,"1,000","-1,000"
"=""060638""",台玻中信47購01  ,0,0,0,0,"1,000","-1,000",0,"1,000","-1,000"
"=""060643""",聯發科中信46購01,0,0,0,0,"1,000","-1,000",0,"1,000","-1,000"
"=""06068T""",SGBR2X元大3A售02,0,0,0,0,"1,000","-1,000",0,"1,000","-1,000"
"=""060723""",冠德群益48購02  ,0,0,0,"10,000","11,000","-1,000","10,000","11,000","-1,000"
"=""060727""",奇鋐群益46購08  ,0,0,0,0,"1,000","-1,000",0,"1,000","-1,000"
"=""060820""",臺股指元富46購12,0,0,0,0,"1,000","-1,000",0,"1,000","-1,000"
"=""060919""",萬海國泰48購01  ,0,0,0,0,"1,000","-1,000",0,"1,000","-1,000"
"=""061320""",正崴統一4C購03  ,0,0,0,0,"1,000","-1,000",0,"1,000","-1,000"
"=""061361""",智原國票46購04  ,0,0,0,"9,000","10,000","-1,000","9,000","10,000","-1,000"
"=""061510""",祥碩元富4A購02  ,0,0,0,0,"1,000","-1,000",0,"1,000","-1,000"
"=""061570""",世芯凱基47購05  ,0,0,0,0,"1,000","-1,000",0,"1,000","-1,000"
"=""061729""",精誠永豐47購01  ,0,0,0,0,"1,000","-1,000",0,"1,000","-1,000"
"=""061856""",世芯群益4C購02  ,0,0,0,"11,000","12,000","-1,000","11,000","12,000","-1,000"
"=""062051""",長榮群益46購11  ,0,0,0,0,"1,000","-1,000",0,"1,000","-1,000"
"=""062098""",長榮航元大46購15,0,0,0,0,"1,000","-1,000",0,"1,000","-1,000"
"=""062127""",亞德客國票46購01,0,0,0,0,"1,000","-1,000",0,"1,000","-1,000"
"=""062180""",華通永豐46購02  ,0,0,0,0,"1,000","-1,000",0,"1,000","-1,000"
"=""062209""",T50反1元富46購05,0,0,0,"126,000","127,000","-1,000","126,000","127,000","-1,000"
"=""062571""",台積電元大4C購01,0,0,0,0,"1,000","-1,000",0,"1,000","-1,000"
"=""062762""",台達電群益48購01,0,0,0,0,"1,000","-1,000",0,"1,000","-1,000"
"=""062770""",亞光群益46購03  ,0,0,0,0,"1,000","-1,000",0,"1,000","-1,000"
"=""062947""",名軒元大46購03  ,0,0,0,0,"1,000","-1,000",0,"1,000","-1,000"
"=""063042""",臺股指法興46購15,0,0,0,0,"1,000","-1,000",0,"1,000","-1,000"
"=""063060""",上銀永豐47購03  ,0,0,0,0,"1,000","-1,000",0,"1,000","-1,000"
"=""063101""",台積電中信48購04,0,0,0,"13,000","14,000","-1,000","13,000","14,000","-1,000"
"=""063132""",華航凱基4B購01  ,0,0,0,"19,000","20,000","-1,000","19,000","20,000","-1,000"
"=""063193""",亞光群益48購02  ,0,0,0,"5,000","6,000","-1,000","5,000","6,000","-1,000"
"=""063248""",亞光元大46購09  ,0,0,0,0,"1,000","-1,000",0,"1,000","-1,000"
"=""063318""",上銀國票47購02  ,0,0,0,0,"1,000","-1,000",0,"1,000","-1,000"
"=""063363""",世芯凱基4C購01  ,0,0,0,"2,000","3,000","-1,000","2,000","3,000","-1,000"
"=""063379""",精誠國泰48購01  ,0,0,0,0,"1,000","-1,000",0,"1,000","-1,000"
"=""063402""",陽明群益46購11  ,0,0,0,0,"1,000","-1,000",0,"1,000","-1,000"
"=""063548""",台化元富46購01  ,0,0,0,0,"1,000","-1,000",0,"1,000","-1,000"
"=""063704""",緯穎永豐46購12  ,0,0,0,"4,000","5,000","-1,000","4,000","5,000","-1,000"
"=""063944""",精銳國票47購05  ,0,0,0,0,"1,000","-1,000",0,"1,000","-1,000"
"=""064016""",南亞凱基46購02  ,0,0,0,"239,000","240,000","-1,000","239,000","240,000","-1,000"
"=""064030""",新日興凱基46購05,0,0,0,0,"1,000","-1,000",0,"1,000","-1,000"
"=""064049""",台積電元大46購36,0,0,0,"10,000","11,000","-1,000","10,000","11,000","-1,000"
"=""064058""",聯發科元大46購28,0,0,0,0,"1,000","-1,000",0,"1,000","-1,000"
"=""064150""",群創富邦48購01  ,0,0,0,0,"1,000","-1,000",0,"1,000","-1,000"
"=""064186""",大同中信4A購01  ,0,0,0,0,"1,000","-1,000",0,"1,000","-1,000"
"=""064252""",嘉澤群益47購06  ,0,0,0,"39,000","40,000","-1,000","39,000","40,000","-1,000"
"=""064296""",華晶科元大46購02,0,0,0,0,"1,000","-1,000",0,"1,000","-1,000"
"=""064302""",神達元大46購11  ,0,0,0,0,"1,000","-1,000",0,"1,000","-1,000"
"=""064412""",國巨凱基48購02  ,0,0,0,0,"1,000","-1,000",0,"1,000","-1,000"
"=""064434""",臺股指凱基46購39,0,0,0,"95,000","96,000","-1,000","95,000","96,000","-1,000"
"=""064573""",六方科國票47購01,0,0,0,0,"1,000","-1,000",0,"1,000","-1,000"
"=""064658""",台灣50元大46購17,0,0,0,0,"1,000","-1,000",0,"1,000","-1,000"
"=""064669""",鴻海元大46購41  ,0,0,0,"150,000","151,000","-1,000","150,000","151,000","-1,000"
"=""064771""",台塑元富47購01  ,0,0,0,0,"1,000","-1,000",0,"1,000","-1,000"
"=""064885""",群創群益47購01  ,0,0,0,0,"1,000","-1,000",0,"1,000","-1,000"
"=""065042""",聯發科元大47購02,0,0,0,"11,000","12,000","-1,000","11,000","12,000","-1,000"
"=""065045""",大立光元大47購05,0,0,0,0,"1,000","-1,000",0,"1,000","-1,000"
"=""065195""",智原凱基47購03  ,0,0,0,"45,000","46,000","-1,000","45,000","46,000","-1,000"
"=""065205""",華邦電第一49購01,0,0,0,"123,000","124,000","-1,000","123,000","124,000","-1,000"
"=""065337""",緯穎統一51購02  ,0,0,0,0,"1,000","-1,000",0,"1,000","-1,000"
"=""065379""",華新科統一41購01,0,0,0,0,"1,000","-1,000",0,"1,000","-1,000"
"=""065530""",泓德統一51購01  ,0,0,0,0,"1,000","-1,000",0,"1,000","-1,000"
"=""065759""",材料元大47購08  ,0,0,0,"12,000","13,000","-1,000","12,000","13,000","-1,000"
"=""066048""",一詮國泰48購02  ,0,0,0,"5,000","6,000","-1,000","5,000","6,000","-1,000"
"=""066270""",威盛元大48購06  ,0,0,0,0,"1,000","-1,000",0,"1,000","-1,000"
"=""066375""",群光統一3B購01  ,0,0,0,"35,000","36,000","-1,000","35,000","36,000","-1,000"
"=""066409""",日月光國票48購02,0,0,0,0,"1,000","-1,000",0,"1,000","-1,000"
"=""066504""",台積電群益51購01,0,0,0,0,"1,000","-1,000",0,"1,000","-1,000"
"=""066595""",奇鋐國票49購02  ,0,0,0,0,"1,000","-1,000",0,"1,000","-1,000"
"=""066612""",盟立國泰48購01  ,0,0,0,0,"1,000","-1,000",0,"1,000","-1,000"
"=""066621""",志聖富邦48購01  ,0,0,0,"73,000","74,000","-1,000","73,000","74,000","-1,000"
"=""066640""",世芯永豐4A購05  ,0,0,0,0,"1,000","-1,000",0,"1,000","-1,000"
"=""066682""",聯發科凱基51購01,0,0,0,"86,000","87,000","-1,000","86,000","87,000","-1,000"
"=""066775""",世芯元大4B購02  ,0,0,0,0,"1,000","-1,000",0,"1,000","-1,000"
"=""066836""",奇鋐凱基47購03  ,0,0,0,"141,000","142,000","-1,000","141,000","142,000","-1,000"
"=""066887""",長榮元富47購04  ,0,0,0,0,"1,000","-1,000",0,"1,000","-1,000"
"=""066986""",T50反1凱基47購05,0,0,0,0,"1,000","-1,000",0,"1,000","-1,000"
"=""067047""",智易永豐48購01  ,0,0,0,0,"1,000","-1,000",0,"1,000","-1,000"
"=""067050""",亞翔永豐49購01  ,0,0,0,0,"1,000","-1,000",0,"1,000","-1,000"
"=""067059""",鴻海群益5C購04  ,0,0,0,0,"1,000","-1,000",0,"1,000","-1,000"
"=""067072""",國泰金群益47購02,0,0,0,0,"1,000","-1,000",0,"1,000","-1,000"
"=""067138""",FBNQ2X永豐3B購01,0,0,0,0,"1,000","-1,000",0,"1,000","-1,000"
"=""067285""",華通群益47購08  ,0,0,0,"1,000","2,000","-1,000","1,000","2,000","-1,000"
"=""067288""",致茂群益49購01  ,0,0,0,0,"1,000","-1,000",0,"1,000","-1,000"
"=""067395""",慧洋元富47購01  ,0,0,0,0,"1,000","-1,000",0,"1,000","-1,000"
"=""067424""",材料中信3B購03  ,0,0,0,0,"1,000","-1,000",0,"1,000","-1,000"
"=""067498""",台塑元大4A購04  ,0,0,0,0,"1,000","-1,000",0,"1,000","-1,000"
"=""067503""",鴻海元大47購18  ,0,0,0,0,"1,000","-1,000",0,"1,000","-1,000"
"=""067506""",台積電元大47購38,0,0,0,"42,000","43,000","-1,000","42,000","43,000","-1,000"
"=""067587""",大量國票48購01  ,0,0,0,0,"1,000","-1,000",0,"1,000","-1,000"
"=""067636""",台塑化統一51購02,0,0,0,0,"1,000","-1,000",0,"1,000","-1,000"
"=""067664""",元油反凱基4A購01,0,0,0,0,"1,000","-1,000",0,"1,000","-1,000"
"=""067728""",大立光群益3B購04,0,0,0,0,"1,000","-1,000",0,"1,000","-1,000"
"=""067797""",玉晶光元富4A購01,0,0,0,0,"1,000","-1,000",0,"1,000","-1,000"
"=""068104""",南亞科元富47購02,0,0,0,0,"1,000","-1,000",0,"1,000","-1,000"
"=""068293""",台泥元大48購01  ,0,0,0,0,"1,000","-1,000",0,"1,000","-1,000"
"=""068294""",台塑元大48購02  ,0,0,0,"58,000","59,000","-1,000","58,000","59,000","-1,000"
"=""068350""",材料永豐4A購01  ,0,0,0,0,"1,000","-1,000",0,"1,000","-1,000"
"=""068385""",南亞科統一52購02,0,0,0,0,"1,000","-1,000",0,"1,000","-1,000"
"=""068632""",穎崴元大48購03  ,0,0,0,0,"1,000","-1,000",0,"1,000","-1,000"
"=""068666""",台灣50永豐49購02,0,0,0,"74,000","75,000","-1,000","74,000","75,000","-1,000"
"=""068818""",晶心科國票48購01,0,0,0,0,"1,000","-1,000",0,"1,000","-1,000"
"=""068834""",微星統一52購01  ,0,0,0,0,"1,000","-1,000",0,"1,000","-1,000"
"=""068847""",立積統一62購02  ,0,0,0,0,"1,000","-1,000",0,"1,000","-1,000"
"=""069021""",聯詠中信49購01  ,0,0,0,0,"1,000","-1,000",0,"1,000","-1,000"
"=""069219""",大成鋼元富48購02,0,0,0,"11,000","12,000","-1,000","11,000","12,000","-1,000"
"=""069228""",台積電元富62購01,0,0,0,0,"1,000","-1,000",0,"1,000","-1,000"
"=""069395""",威盛統一52購02  ,0,0,0,0,"1,000","-1,000",0,"1,000","-1,000"
"=""06939U""",S&P正2凱基56售01,0,0,0,0,"1,000","-1,000",0,"1,000","-1,000"
"=""069424""",聯電群益48購04  ,0,0,0,0,"1,000","-1,000",0,"1,000","-1,000"
"=""069636""",玉晶光凱基48購01,0,0,0,"134,000","135,000","-1,000","134,000","135,000","-1,000"
"=""070089""",晟銘電凱基4A購01,0,0,0,"24,000","25,000","-1,000","24,000","25,000","-1,000"
"=""070102""",元日2X元大51購03,0,0,0,0,"1,000","-1,000",0,"1,000","-1,000"
"=""070111""",台積電元大51購06,0,0,0,"4,000","5,000","-1,000","4,000","5,000","-1,000"
"=""070126""",精銳元大4B購02  ,0,0,0,0,"1,000","-1,000",0,"1,000","-1,000"
"=""070268""",所羅門元富49購01,0,0,0,0,"1,000","-1,000",0,"1,000","-1,000"
"=""070320""",大成鋼元大4B購01,0,0,0,0,"1,000","-1,000",0,"1,000","-1,000"
"=""070347""",亞翔元大48購12  ,0,0,0,0,"1,000","-1,000",0,"1,000","-1,000"
"=""070445""",聯發科兆豐4A購01,0,0,0,0,"1,000","-1,000",0,"1,000","-1,000"
"=""070539""",FBNQ2X群益4A購02,0,0,0,0,"1,000","-1,000",0,"1,000","-1,000"
"=""070560""",中租群益48購01  ,0,0,0,"1,000","2,000","-1,000","1,000","2,000","-1,000"
"=""070638""",台塑凱基48購06  ,0,0,0,0,"1,000","-1,000",0,"1,000","-1,000"
"=""070749""",川湖群益48購08  ,0,0,0,0,"1,000","-1,000",0,"1,000","-1,000"
"=""070772""",中鋼元富48購01  ,0,0,0,0,"1,000","-1,000",0,"1,000","-1,000"
"=""070955""",智邦國票49購02  ,0,0,0,"22,000","23,000","-1,000","22,000","23,000","-1,000"
"=""071092""",昇貿群益48購01  ,0,0,0,0,"1,000","-1,000",0,"1,000","-1,000"
"=""071187""",和大群益4B購01  ,0,0,0,"1,000","2,000","-1,000","1,000","2,000","-1,000"
"=""071230""",臺股指富邦4C購05,0,0,0,0,"1,000","-1,000",0,"1,000","-1,000"
"=""071234""",大銀台新48購01  ,0,0,0,0,"1,000","-1,000",0,"1,000","-1,000"
"=""071304""",上銀國票49購04  ,0,0,0,"3,000","4,000","-1,000","3,000","4,000","-1,000"
"=""071506""",SGBR2X元大49購03,0,0,0,"1,000","2,000","-1,000","1,000","2,000","-1,000"
"=""071608""",華邦電群益4A購03,0,0,0,0,"1,000","-1,000",0,"1,000","-1,000"
"=""071797""",FB臺反國票48購01,0,0,0,0,"1,000","-1,000",0,"1,000","-1,000"
"=""071820""",矽力國票49購02  ,0,0,0,"2,000","3,000","-1,000","2,000","3,000","-1,000"
"=""071826""",華擎兆豐4A購01  ,0,0,0,"4,000","5,000","-1,000","4,000","5,000","-1,000"
"=""071920""",立積統一56購02  ,0,0,0,0,"1,000","-1,000",0,"1,000","-1,000"
"=""071948""",皇昌群益49購03  ,0,0,0,0,"1,000","-1,000",0,"1,000","-1,000"
"=""071989""",大亞國票49購01  ,0,0,0,"55,000","56,000","-1,000","55,000","56,000","-1,000"
"=""072074""",華城群益4A購03  ,0,0,0,0,"1,000","-1,000",0,"1,000","-1,000"
"=""072144""",鈺邦統一52購05  ,0,0,0,0,"1,000","-1,000",0,"1,000","-1,000"
"=""072243""",台積電元大51購12,0,0,0,0,"1,000","-1,000",0,"1,000","-1,000"
"=""072524""",奇鋐群益48購06  ,0,0,0,0,"1,000","-1,000",0,"1,000","-1,000"
"=""072883""",川湖元富4A購08  ,0,0,0,0,"1,000","-1,000",0,"1,000","-1,000"
"=""073051""",華通凱基51購02  ,0,0,0,0,"1,000","-1,000",0,"1,000","-1,000"
"=""073058""",精元凱基49購01  ,0,0,0,0,"1,000","-1,000",0,"1,000","-1,000"
"=""073136""",華城元大49購08  ,0,0,0,0,"1,000","-1,000",0,"1,000","-1,000"
"=""073154""",美律元大49購03  ,0,0,0,0,"1,000","-1,000",0,"1,000","-1,000"
"=""073325""",華邦電統一53購01,0,0,0,0,"1,000","-1,000",0,"1,000","-1,000"
"=""073367""",東鹼元大49購02  ,0,0,0,0,"1,000","-1,000",0,"1,000","-1,000"
"=""073400""",亞翔元大49購07  ,0,0,0,0,"1,000","-1,000",0,"1,000","-1,000"
"=""073624""",川湖元大4B購03  ,0,0,0,0,"1,000","-1,000",0,"1,000","-1,000"
"=""073656""",奇鋐統一41購01  ,0,0,0,0,"1,000","-1,000",0,"1,000","-1,000"
"=""073767""",聯發科元富47購01,0,0,0,0,"1,000","-1,000",0,"1,000","-1,000"
"=""073822""",華航元富49購01  ,0,0,0,"1,000","2,000","-1,000","1,000","2,000","-1,000"
"=""073831""",華城元大49購14  ,0,0,0,0,"1,000","-1,000",0,"1,000","-1,000"
"=""073870""",亞翔元大49購09  ,0,0,0,"279,000","280,000","-1,000","279,000","280,000","-1,000"
"=""073902""",皇昌群益51購01  ,0,0,0,0,"1,000","-1,000",0,"1,000","-1,000"
"=""074286""",牧德群益51購01  ,0,0,0,0,"1,000","-1,000",0,"1,000","-1,000"
"=""074348""",台積電元大52購06,0,0,0,0,"1,000","-1,000",0,"1,000","-1,000"
"=""074652""",富華新凱基49購03,0,0,0,0,"1,000","-1,000",0,"1,000","-1,000"
"=""074661""",中502X群益51購01,0,0,0,0,"1,000","-1,000",0,"1,000","-1,000"
"=""074673""",台積電群益4A購26,0,0,0,0,"1,000","-1,000",0,"1,000","-1,000"
"=""074773""",長榮航永豐4A購02,0,0,0,0,"1,000","-1,000",0,"1,000","-1,000"
"=""074826""",世芯元大51購09  ,0,0,0,0,"1,000","-1,000",0,"1,000","-1,000"
"=""074843""",嘉澤富邦4B購01  ,0,0,0,0,"1,000","-1,000",0,"1,000","-1,000"
"=""074939""",華邦電元富51購01,0,0,0,0,"1,000","-1,000",0,"1,000","-1,000"
"=""074979""",智邦元大4A購04  ,0,0,0,0,"1,000","-1,000",0,"1,000","-1,000"
"=""075097""",潤泰全國票4A購01,0,0,0,0,"1,000","-1,000",0,"1,000","-1,000"
"=""075149""",美費半凱基4B購02,0,0,0,0,"1,000","-1,000",0,"1,000","-1,000"
"=""075323""",鴻準元富49購02  ,0,0,0,0,"1,000","-1,000",0,"1,000","-1,000"
"=""075386""",裕民群益51購01  ,0,0,0,0,"1,000","-1,000",0,"1,000","-1,000"
"=""075527""",雲豹元富49購01  ,0,0,0,"50,000","51,000","-1,000","50,000","51,000","-1,000"
"=""075530""",日本反凱基4B購01,0,0,0,0,"1,000","-1,000",0,"1,000","-1,000"
"=""075579""",裕民元大49購09  ,0,0,0,"46,000","47,000","-1,000","46,000","47,000","-1,000"
"=""075591""",玉晶光元大49購05,0,0,0,0,"1,000","-1,000",0,"1,000","-1,000"
"=""075688""",華城富邦4A購01  ,0,0,0,"12,000","13,000","-1,000","12,000","13,000","-1,000"
"=""075701""",亞翔富邦4A購02  ,0,0,0,"79,000","80,000","-1,000","79,000","80,000","-1,000"
"=""076141""",智原統一43購02  ,0,0,0,0,"1,000","-1,000",0,"1,000","-1,000"
"=""076171""",長榮凱基51購04  ,0,0,0,0,"1,000","-1,000",0,"1,000","-1,000"
"=""076175""",聯詠凱基49購01  ,0,0,0,"1,000","2,000","-1,000","1,000","2,000","-1,000"
"=""076184""",AES凱基49購02   ,0,0,0,0,"1,000","-1,000",0,"1,000","-1,000"
"=""076231""",臺股指元大4B購14,0,0,0,"50,000","51,000","-1,000","50,000","51,000","-1,000"
"=""076338""",京城國票4A購01  ,0,0,0,"5,000","6,000","-1,000","5,000","6,000","-1,000"
"=""076340""",力成國票4C購01  ,0,0,0,"9,000","10,000","-1,000","9,000","10,000","-1,000"
"=""076647""",聯發科凱基49購08,0,0,0,0,"1,000","-1,000",0,"1,000","-1,000"
"=""076666""",台玻群益49購02  ,0,0,0,"106,000","107,000","-1,000","106,000","107,000","-1,000"
"=""076712""",漢唐元大51購01  ,0,0,0,0,"1,000","-1,000",0,"1,000","-1,000"
"=""076922""",華晶科凱基49購01,0,0,0,"4,000","5,000","-1,000","4,000","5,000","-1,000"
"=""076933""",昇陽半凱基4C購01,0,0,0,0,"1,000","-1,000",0,"1,000","-1,000"
"=""077097""",T50正2元大49購09,0,0,0,0,"1,000","-1,000",0,"1,000","-1,000"
"=""077260""",鴻海元大52購01  ,0,0,0,0,"1,000","-1,000",0,"1,000","-1,000"
"=""085469""",定穎控統一56購02,0,0,0,0,"1,000","-1,000",0,"1,000","-1,000"
"=""08617U""",FBNQ2X凱基34售01,0,0,0,0,"1,000","-1,000",0,"1,000","-1,000"
"=""08785U""",臺股指群益35售18,0,0,0,0,"1,000","-1,000",0,"1,000","-1,000"
"=""08994U""",技嘉元大33售19  ,0,0,0,0,"1,000","-1,000",0,"1,000","-1,000"
1506  ,正道            ,0,"1,000","-1,000",0,0,0,0,"1,000","-1,000"
1587  ,吉茂            ,0,"1,000","-1,000",0,0,0,0,"1,000","-1,000"
1721  ,三晃            ,0,"1,000","-1,000",0,0,0,0,"1,000","-1,000"
2402  ,毅嘉            ,0,0,0,"1,000","2,000","-1,000","1,000","2,000","-1,000"
2466  ,冠西電          ,0,"1,000","-1,000",0,0,0,0,"1,000","-1,000"
2630  ,亞航            ,0,0,0,"8,000","9,000","-1,000","8,000","9,000","-1,000"
2850  ,新產            ,0,"1,000","-1,000",0,0,0,0,"1,000","-1,000"
3051  ,力特            ,0,"1,000","-1,000",0,0,0,0,"1,000","-1,000"
3057  ,喬鼎            ,0,"1,000","-1,000",0,0,0,0,"1,000","-1,000"
3296  ,勝德            ,0,"1,000","-1,000",0,0,0,0,"1,000","-1,000"
5471  ,松翰            ,0,"1,000","-1,000",0,0,0,0,"1,000","-1,000"
6142  ,友勁            ,0,"1,000","-1,000",0,0,0,0,"1,000","-1,000"
6209  ,今國光          ,"1,000","2,000","-1,000",0,0,0,"1,000","2,000","-1,000"
6405  ,悅城            ,0,"1,000","-1,000",0,0,0,0,"1,000","-1,000"
6585  ,鼎基            ,"5,000","5,000",0,"2,000","3,000","-1,000","7,000","8,000","-1,000"
6658  ,聯策            ,0,"1,000","-1,000",0,0,0,0,"1,000","-1,000"
6792  ,詠業            ,0,"1,000","-1,000",0,0,0,0,"1,000","-1,000"
8442  ,威宏-KY         ,0,"1,000","-1,000",0,0,0,0,"1,000","-1,000"
2032  ,新鋼            ,1,"1,000",-999,0,0,0,1,"1,000",-999
1773  ,勝一            ,"2,002","3,000",-998,0,0,0,"2,002","3,000",-998
"=""00663L""",國泰臺灣加權正2 ,0,0,0,"151,010","152,004",-994,"151,010","152,004",-994
5521  ,工信            ,"1,001",984,17,"1,000","2,000","-1,000","2,001","2,984",-983
1232  ,大統益          ,0,869,-869,0,0,0,0,869,-869
2395  ,研華            ,0,0,0,"7,027","7,748",-721,"7,027","7,748",-721
6281  ,全國電          ,0,595,-595,0,0,0,0,595,-595
4999  ,鑫禾            ,"1,000","1,590",-590,0,0,0,"1,000","1,590",-590
1760  ,寶齡富錦        ,0,0,0,0,523,-523,0,523,-523
1309  ,台達化          ,"11,000","11,516",-516,0,0,0,"11,000","11,516",-516
1215  ,卜蜂            ,"2,000","2,486",-486,0,0,0,"2,000","2,486",-486
8114  ,振樺電          ,0,0,0,0,473,-473,0,473,-473
2753  ,八方雲集        ,0,452,-452,0,0,0,0,452,-452
2233  ,宇隆            ,0,420,-420,0,0,0,0,420,-420
2439  ,美律            ,"16,000","2,417","13,583",0,"14,000","-14,000","16,000","16,417",-417
6668  ,中揚光          ,"1,001","1,418",-417,0,0,0,"1,001","1,418",-417
1103  ,嘉泥            ,0,406,-406,0,0,0,0,406,-406
2103  ,台橡            ,"1,000","1,386",-386,0,0,0,"1,000","1,386",-386
6689  ,伊雲谷          ,"1,000",384,616,0,"1,000","-1,000","1,000","1,384",-384
3617  ,碩天            ,0,383,-383,0,0,0,0,383,-383
8454  ,富邦媒          ,"5,000","5,174",-174,0,200,-200,"5,000","5,374",-374
"=""0053  """,元大電子        ,0,0,0,"1,642","2,000",-358,"1,642","2,000",-358
2851  ,中再保          ,0,358,-358,0,0,0,0,358,-358
5243  ,乙盛-KY         ,99,429,-330,0,0,0,99,429,-330
4106  ,雃博            ,0,320,-320,0,0,0,0,320,-320
1589  ,永冠-KY         ,0,317,-317,0,0,0,0,317,-317
2514  ,龍邦            ,"18,000","18,307",-307,0,0,0,"18,000","18,307",-307
1903  ,士紙            ,0,304,-304,0,0,0,0,304,-304
4536  ,拓凱            ,"2,000",0,"2,000",0,"2,255","-2,255","2,000","2,255",-255
8429  ,金麗-KY         ,"4,000","4,250",-250,0,0,0,"4,000","4,250",-250
"=""006204""",永豐臺灣加權    ,0,0,0,"1,766","2,000",-234,"1,766","2,000",-234
1762  ,中化生          ,"1,000","1,216",-216,0,0,0,"1,000","1,216",-216
1340  ,勝悅-KY         ,"1,000","1,207",-207,0,0,0,"1,000","1,207",-207
2897  ,王道銀行        ,"1,000","1,207",-207,0,0,0,"1,000","1,207",-207
4564  ,元翎            ,"7,000","7,206",-206,0,0,0,"7,000","7,206",-206
4977  ,眾達-KY         ,0,196,-196,0,0,0,0,196,-196
1227  ,佳格            ,"3,000","3,188",-188,0,0,0,"3,000","3,188",-188
8163  ,達方            ,0,163,-163,0,0,0,0,163,-163
1454  ,台富            ,0,150,-150,0,0,0,0,150,-150
4104  ,佳醫            ,0,93,-93,0,50,-50,0,143,-143
6230  ,尼得科超眾      ,0,136,-136,0,0,0,0,136,-136
3003  ,健和興          ,0,120,-120,0,0,0,0,120,-120
6558  ,興能高          ,"1,000","1,112",-112,0,0,0,"1,000","1,112",-112
2115  ,六暉-KY         ,0,0,0,0,111,-111,0,111,-111
3703  ,欣陸            ,"1,000","1,111",-111,0,0,0,"1,000","1,111",-111
5203  ,訊連            ,0,106,-106,0,0,0,0,106,-106
2029  ,盛餘            ,0,100,-100,0,0,0,0,100,-100
4119  ,旭富            ,0,90,-90,0,0,0,0,90,-90
2423  ,固緯            ,0,0,0,0,89,-89,0,89,-89
1712  ,興農            ,0,84,-84,0,0,0,0,84,-84
5288  ,豐祥-KY         ,0,0,0,0,77,-77,0,77,-77
1440  ,南紡            ,"2,000","2,076",-76,0,0,0,"2,000","2,076",-76
3130  ,一零四          ,0,0,0,0,67,-67,0,67,-67
4526  ,東台            ,0,53,-53,0,0,0,0,53,-53
3708  ,上緯投控        ,0,0,0,0,52,-52,0,52,-52
2459  ,敦吉            ,0,45,-45,0,0,0,0,45,-45
9940  ,信義            ,0,45,-45,0,0,0,0,45,-45
1802  ,台玻            ,"15,000","4,042","10,958","1,000","12,000","-11,000","16,000","16,042",-42
4952  ,凌通            ,0,36,-36,0,0,0,0,36,-36
3501  ,維熹            ,0,28,-28,0,0,0,0,28,-28
1786  ,科妍            ,0,25,-25,0,0,0,0,25,-25
8131  ,福懋科          ,"1,000","1,017",-17,0,0,0,"1,000","1,017",-17
6277  ,宏正            ,0,0,0,0,10,-10,0,10,-10
1727  ,中華化          ,0,9,-9,0,0,0,0,9,-9
2109  ,華豐            ,0,5,-5,0,0,0,0,5,-5
2820  ,華票            ,0,5,-5,0,0,0,0,5,-5
3016  ,嘉晶            ,0,5,-5,0,0,0,0,5,-5
2534  ,宏盛            ,0,4,-4,0,0,0,0,4,-4
2613  ,中櫃            ,0,2,-2,0,0,0,0,2,-2
5608  ,四維航          ,0,0,0,0,2,-2,0,2,-2
2375  ,凱美            ,0,1,-1,0,0,0,0,1,-1
9908  ,大台北          ,0,1,-1,0,0,0,0,1,-1
"=""00636K""",國泰中國A50+U   ,0,0,0,200,200,0,200,200,0
"=""00657K""",國泰日經225+U   ,0,0,0,200,200,0,200,200,0
"=""00668K""",國泰美國道瓊+U  ,0,0,0,200,200,0,200,200,0
"=""00684R""",期元大美元指反1 ,0,0,0,"2,000","2,000",0,"2,000","2,000",0
"=""00702 """,國泰標普低波高息,0,0,0,"100,000","100,000",0,"100,000","100,000",0
"=""00775B""",新光投等債15+   ,0,0,0,"2,000","2,000",0,"2,000","2,000",0
"=""03085T""",台光電元大33售31,0,0,0,"50,000","50,000",0,"50,000","50,000",0
"=""03265T""",旺宏凱基33售01  ,0,0,0,"38,000","38,000",0,"38,000","38,000",0
"=""03271T""",技嘉元大34售13  ,0,0,0,"15,000","15,000",0,"15,000","15,000",0
"=""03297T""",仁寶凱基34售01  ,0,0,0,"10,000","10,000",0,"10,000","10,000",0
"=""03362T""",金像電凱基33售10,0,0,0,"10,000","10,000",0,"10,000","10,000",0
"=""03395T""",臺股指凱基39售01,0,0,0,"1,000","1,000",0,"1,000","1,000",0
"=""03617B""",臺股指元大36熊02,0,0,0,"3,000","3,000",0,"3,000","3,000",0
"=""03622T""",聯詠元大34售01  ,0,0,0,"15,000","15,000",0,"15,000","15,000",0
"=""03661T""",金像電國票35售01,0,0,0,"41,000","41,000",0,"41,000","41,000",0
"=""038187""",世芯國票53購08  ,0,0,0,"10,000","10,000",0,"10,000","10,000",0
"=""03887T""",川湖凱基34售04  ,0,0,0,"2,000","2,000",0,"2,000","2,000",0
"=""040155""",材料凱基54購05  ,0,0,0,"77,000","77,000",0,"77,000","77,000",0
"=""040309""",寶成元大54購03  ,0,0,0,"5,000","5,000",0,"5,000","5,000",0
"=""041522""",長榮元大54購08  ,0,0,0,"13,000","13,000",0,"13,000","13,000",0
"=""04299T""",威盛群益35售16  ,0,0,0,"20,000","20,000",0,"20,000","20,000",0
"=""04323T""",南亞科元大35售01,0,0,0,"100,000","100,000",0,"100,000","100,000",0
"=""04363T""",勤誠統一39售02  ,0,0,0,"20,000","20,000",0,"20,000","20,000",0
"=""043774""",智易元富55購01  ,0,0,0,"30,000","30,000",0,"30,000","30,000",0
"=""04383T""",立積元富35售01  ,0,0,0,"10,000","10,000",0,"10,000","10,000",0
"=""04396T""",聯發科富邦39售06,0,0,0,"100,000","100,000",0,"100,000","100,000",0
"=""044192""",建準永豐55購02  ,0,0,0,"20,000","20,000",0,"20,000","20,000",0
"=""04427T""",穎崴群益35售02  ,0,0,0,"2,000","2,000",0,"2,000","2,000",0
"=""04449T""",創意國票36售03  ,0,0,0,"55,000","55,000",0,"55,000","55,000",0
"=""04471T""",穎崴凱基35售03  ,0,0,0,"34,000","34,000",0,"34,000","34,000",0
"=""04499T""",中興電凱基35售04,0,0,0,"1,000","1,000",0,"1,000","1,000",0
"=""045503""",景碩國票58購01  ,0,0,0,"10,000","10,000",0,"10,000","10,000",0
"=""04688T""",華邦電元大35售01,0,0,0,"1,000","1,000",0,"1,000","1,000",0
"=""046898""",鴻海統一48購05  ,0,0,0,"10,000","10,000",0,"10,000","10,000",0
"=""04730T""",神基群益35售04  ,0,0,0,"44,000","44,000",0,"44,000","44,000",0
"=""04767T""",台積電國票37售03,0,0,0,"60,000","60,000",0,"60,000","60,000",0
"=""04774T""",臺股指國票37售05,0,0,0,"1,000","1,000",0,"1,000","1,000",0
"=""048344""",世芯群益42購14  ,0,0,0,"10,000","10,000",0,"10,000","10,000",0
"=""048642""",南港元大43購01  ,0,0,0,"8,000","8,000",0,"8,000","8,000",0
"=""04877T""",創意群益3A售01  ,0,0,0,"14,000","14,000",0,"14,000","14,000",0
"=""04895T""",奇鋐群益36售01  ,0,0,0,"20,000","20,000",0,"20,000","20,000",0
"=""049308""",大立光永豐44購01,0,0,0,"500,000","500,000",0,"500,000","500,000",0
"=""04995T""",台積電元富39售06,0,0,0,"1,000","1,000",0,"1,000","1,000",0
"=""04996T""",創意元富36售03  ,0,0,0,"3,000","3,000",0,"3,000","3,000",0
"=""050126""",台灣50凱基47購01,0,0,0,"10,000","10,000",0,"10,000","10,000",0
"=""050360""",台光電元大43購18,0,0,0,"100,000","100,000",0,"100,000","100,000",0
"=""050414""",技嘉國票43購04  ,0,0,0,"41,000","41,000",0,"41,000","41,000",0
"=""05056T""",臺股指元大37售09,0,0,0,"10,000","10,000",0,"10,000","10,000",0
"=""050679""",T50正2元富51購01,0,0,0,"50,000","50,000",0,"50,000","50,000",0
"=""05067T""",台灣50元富39售06,0,0,0,"20,000","20,000",0,"20,000","20,000",0
"=""050682""",台塑元富43購02  ,0,0,0,"10,000","10,000",0,"10,000","10,000",0
"=""05086T""",勤誠國票37售04  ,0,0,0,"11,000","11,000",0,"11,000","11,000",0
"=""051974""",怡利電元大43購08,0,0,0,"20,000","20,000",0,"20,000","20,000",0
"=""052624""",南亞國票45購01  ,0,0,0,"10,000","10,000",0,"10,000","10,000",0
"=""052841""",矽力元大44購02  ,0,0,0,"40,000","40,000",0,"40,000","40,000",0
"=""053006""",宇隆統一54購01  ,0,0,0,"13,000","13,000",0,"13,000","13,000",0
"=""053578""",昇陽半元大44購03,0,0,0,"10,000","10,000",0,"10,000","10,000",0
"=""05359T""",中工凱基36售02  ,0,0,0,"70,000","70,000",0,"70,000","70,000",0
"=""053673""",矽力元富4A購01  ,0,0,0,"10,000","10,000",0,"10,000","10,000",0
"=""05373T""",長榮中信38售03  ,0,0,0,"32,000","32,000",0,"32,000","32,000",0
"=""054765""",辛耘永豐46購05  ,0,0,0,"42,000","42,000",0,"42,000","42,000",0
"=""055157""",和碩中信45購01  ,0,0,0,"10,000","10,000",0,"10,000","10,000",0
"=""055259""",中環群益45購01  ,0,0,0,"28,000","28,000",0,"28,000","28,000",0
"=""05532T""",宏�眵峇@39售03  ,0,0,0,"3,000","3,000",0,"3,000","3,000",0
"=""055420""",元債2X永豐47購03,0,0,0,"44,000","44,000",0,"44,000","44,000",0
"=""055777""",天虹統一4C購01  ,0,0,0,"4,000","4,000",0,"4,000","4,000",0
"=""055870""",鴻準台新44購01  ,0,0,0,"100,000","100,000",0,"100,000","100,000",0
"=""056054""",大亞群益46購01  ,0,0,0,"20,000","20,000",0,"20,000","20,000",0
"=""056107""",嘉澤元大44購08  ,0,0,0,"3,000","3,000",0,"3,000","3,000",0
"=""056151""",台玻台新44購01  ,0,0,0,"20,000","20,000",0,"20,000","20,000",0
"=""05621T""",緯創元富37售03  ,0,0,0,"15,000","15,000",0,"15,000","15,000",0
"=""056293""",群創統一4B購01  ,0,0,0,"5,000","5,000",0,"5,000","5,000",0
"=""056347""",威盛凱基45購03  ,0,0,0,"10,000","10,000",0,"10,000","10,000",0
"=""056546""",台灣50元大48購03,0,0,0,"1,000","1,000",0,"1,000","1,000",0
"=""056711""",世芯元大45購10  ,0,0,0,"1,000","1,000",0,"1,000","1,000",0
"=""056723""",中砂群益45購05  ,0,0,0,"25,000","25,000",0,"25,000","25,000",0
"=""056724""",川湖群益4A購01  ,0,0,0,"20,000","20,000",0,"20,000","20,000",0
"=""056725""",台達電群益45購02,0,0,0,"37,000","37,000",0,"37,000","37,000",0
"=""056726""",金寶群益45購02  ,0,0,0,"12,000","12,000",0,"12,000","12,000",0
"=""056727""",仁寶群益45購01  ,0,0,0,"1,000","1,000",0,"1,000","1,000",0
"=""056780""",川湖國票46購02  ,0,0,0,"10,000","10,000",0,"10,000","10,000",0
"=""056998""",大立光國票46購01,0,0,0,"9,000","9,000",0,"9,000","9,000",0
"=""057007""",世芯台新45購01  ,0,0,0,"3,000","3,000",0,"3,000","3,000",0
"=""057052""",矽力凱基47購01  ,0,0,0,"21,000","21,000",0,"21,000","21,000",0
"=""057124""",裕民群益47購01  ,0,0,0,"40,000","40,000",0,"40,000","40,000",0
"=""057151""",啟�硌s益45購01  ,0,0,0,"28,000","28,000",0,"28,000","28,000",0
"=""057158""",潤泰新群益45購01,0,0,0,"15,000","15,000",0,"15,000","15,000",0
"=""057304""",陽明元大45購03  ,0,0,0,"14,000","14,000",0,"14,000","14,000",0
"=""057363""",緯穎群益45購06  ,0,0,0,"10,000","10,000",0,"10,000","10,000",0
"=""057367""",華通富邦49購01  ,0,0,0,"5,000","5,000",0,"5,000","5,000",0
"=""057414""",建漢元富47購03  ,0,0,0,"10,000","10,000",0,"10,000","10,000",0
"=""057478""",TPK國票46購01   ,0,0,0,"10,000","10,000",0,"10,000","10,000",0
"=""05748T""",創意凱基37售08  ,0,0,0,"40,000","40,000",0,"40,000","40,000",0
"=""057493""",聯電凱基45購03  ,0,0,0,"100,000","100,000",0,"100,000","100,000",0
"=""057788""",世紀鋼群益45購06,0,0,0,"6,000","6,000",0,"6,000","6,000",0
"=""057868""",光寶科富邦45購01,0,0,0,"11,000","11,000",0,"11,000","11,000",0
"=""058116""",神達元大48購03  ,0,0,0,"9,000","9,000",0,"9,000","9,000",0
"=""058248""",奇鋐凱基45購08  ,0,0,0,"2,000","2,000",0,"2,000","2,000",0
"=""058346""",臺股指群益46購07,0,0,0,"7,000","7,000",0,"7,000","7,000",0
"=""058404""",長榮航元富4B購01,0,0,0,"1,000","1,000",0,"1,000","1,000",0
"=""058444""",長榮永豐48購01  ,0,0,0,"3,000","3,000",0,"3,000","3,000",0
"=""058507""",建準凱基46購03  ,0,0,0,"2,000","2,000",0,"2,000","2,000",0
"=""058556""",保瑞元大45購08  ,0,0,0,"3,000","3,000",0,"3,000","3,000",0
"=""058621""",鴻海永豐45購10  ,0,0,0,"2,000","2,000",0,"2,000","2,000",0
"=""058628""",華航統一4B購01  ,0,0,0,"3,000","3,000",0,"3,000","3,000",0
"=""058671""",鴻準元富4B購03  ,0,0,0,"3,000","3,000",0,"3,000","3,000",0
"=""058778""",聯發科元大4A購01,0,0,0,"5,000","5,000",0,"5,000","5,000",0
"=""058946""",祥碩群益45購03  ,0,0,0,"24,000","24,000",0,"24,000","24,000",0
"=""058955""",臺股指群益45購26,0,0,0,"90,000","90,000",0,"90,000","90,000",0
"=""059007""",臺股指法興45購06,0,0,0,"6,000","6,000",0,"6,000","6,000",0
"=""059117""",美律凱基45購01  ,0,0,0,"3,000","3,000",0,"3,000","3,000",0
"=""059118""",聯發科凱基48購02,0,0,0,"71,000","71,000",0,"71,000","71,000",0
"=""059171""",金寶元大45購03  ,0,0,0,"20,000","20,000",0,"20,000","20,000",0
"=""059201""",富鼎元大45購04  ,0,0,0,"32,000","32,000",0,"32,000","32,000",0
"=""059212""",鴻海富邦47購03  ,0,0,0,"4,000","4,000",0,"4,000","4,000",0
"=""05922T""",滬深2X元大39售03,0,0,0,"20,000","20,000",0,"20,000","20,000",0
"=""059307""",美時群益45購03  ,0,0,0,"10,000","10,000",0,"10,000","10,000",0
"=""059308""",宇隆群益46購01  ,0,0,0,"10,000","10,000",0,"10,000","10,000",0
"=""059458""",宇隆元富4B購01  ,0,0,0,"20,000","20,000",0,"20,000","20,000",0
"=""059522""",宇隆凱基46購01  ,0,0,0,"1,000","1,000",0,"1,000","1,000",0
"=""059576""",偉訓元大45購06  ,0,0,0,"10,000","10,000",0,"10,000","10,000",0
"=""059603""",一詮統一4B購01  ,0,0,0,"1,000","1,000",0,"1,000","1,000",0
"=""059642""",統一第一47購01  ,0,0,0,"88,000","88,000",0,"88,000","88,000",0
"=""059689""",牧德凱基46購02  ,0,0,0,"10,000","10,000",0,"10,000","10,000",0
"=""059719""",一詮群益46購04  ,0,0,0,"1,000","1,000",0,"1,000","1,000",0
"=""059810""",欣興永豐46購01  ,0,0,0,"12,000","12,000",0,"12,000","12,000",0
"=""059883""",光寶科群益46購02,0,0,0,"1,000","1,000",0,"1,000","1,000",0
"=""059981""",長榮元大45購31  ,0,0,0,"26,000","26,000",0,"26,000","26,000",0
"=""059998""",保瑞元大45購15  ,0,0,0,"156,000","156,000",0,"156,000","156,000",0
"=""060124""",台積電群益46購19,0,0,0,"70,000","70,000",0,"70,000","70,000",0
"=""060230""",威強電凱基47購02,0,0,0,"6,000","6,000",0,"6,000","6,000",0
"=""060308""",智邦群益4A購01  ,0,0,0,"11,000","11,000",0,"11,000","11,000",0
"=""060364""",日電貿元大46購03,0,0,0,"7,000","7,000",0,"7,000","7,000",0
"=""060391""",臺股指元大47購11,0,0,0,"45,000","45,000",0,"45,000","45,000",0
"=""060432""",聯電國泰48購01  ,0,0,0,"2,000","2,000",0,"2,000","2,000",0
"=""060434""",欣興國泰48購01  ,0,0,0,"2,000","2,000",0,"2,000","2,000",0
"=""060457""",新日興群益47購01,0,0,0,"10,000","10,000",0,"10,000","10,000",0
"=""060608""",電子類元大46購01,0,0,0,"6,000","6,000",0,"6,000","6,000",0
"=""060697""",牧德永豐47購01  ,0,0,0,"3,000","3,000",0,"3,000","3,000",0
"=""060791""",台塑元富46購01  ,0,0,0,"1,000","1,000",0,"1,000","1,000",0
"=""060867""",來億永豐46購01  ,0,0,0,"20,000","20,000",0,"20,000","20,000",0
"=""060888""",長榮中信46購03  ,0,0,0,"60,000","60,000",0,"60,000","60,000",0
"=""060952""",世紀鋼凱基49購01,0,0,0,"250,000","250,000",0,"250,000","250,000",0
"=""061010""",亞翔群益46購02  ,0,0,0,"19,000","19,000",0,"19,000","19,000",0
"=""061043""",漢翔元大46購01  ,0,0,0,"14,000","14,000",0,"14,000","14,000",0
"=""061217""",正崴元大46購10  ,0,0,0,"1,000","1,000",0,"1,000","1,000",0
"=""061266""",全漢凱基46購01  ,0,0,0,"4,000","4,000",0,"4,000","4,000",0
"=""061377""",義隆兆豐48購01  ,0,0,0,"20,000","20,000",0,"20,000","20,000",0
"=""061440""",復盛元富46購01  ,0,0,0,"1,000","1,000",0,"1,000","1,000",0
"=""061472""",華航元大46購04  ,0,0,0,"10,000","10,000",0,"10,000","10,000",0
"=""061590""",燿華國票46購01  ,0,0,0,"41,000","41,000",0,"41,000","41,000",0
"=""061617""",佳必琪富邦48購01,0,0,0,"8,000","8,000",0,"8,000","8,000",0
"=""061762""",裕民元富46購01  ,0,0,0,"1,000","1,000",0,"1,000","1,000",0
"=""061851""",長榮航群益47購06,0,0,0,"1,000,000","1,000,000",0,"1,000,000","1,000,000",0
"=""061924""",新唐富邦48購02  ,0,0,0,"50,000","50,000",0,"50,000","50,000",0
"=""062117""",T50反1兆豐47購01,0,0,0,"1,000","1,000",0,"1,000","1,000",0
"=""062181""",華通永豐47購01  ,0,0,0,"12,000","12,000",0,"12,000","12,000",0
"=""062210""",T50反1元富49購01,0,0,0,"127,000","127,000",0,"127,000","127,000",0
"=""062218""",台塑元富46購03  ,0,0,0,"123,000","123,000",0,"123,000","123,000",0
"=""062230""",牧德元富46購04  ,0,0,0,"11,000","11,000",0,"11,000","11,000",0
"=""062290""",長榮群益46購12  ,0,0,0,"2,000","2,000",0,"2,000","2,000",0
"=""062420""",技嘉永豐47購01  ,0,0,0,"1,000","1,000",0,"1,000","1,000",0
"=""062440""",神達兆豐48購01  ,0,0,0,"193,000","193,000",0,"193,000","193,000",0
"=""062449""",台達電群益46購04,0,0,0,"12,000","12,000",0,"12,000","12,000",0
"=""062458""",金像電群益48購02,0,0,0,"1,000","1,000",0,"1,000","1,000",0
"=""062459""",佳能群益48購01  ,0,0,0,"1,000","1,000",0,"1,000","1,000",0
"=""062871""",創意統一58購01  ,0,0,0,"5,000","5,000",0,"5,000","5,000",0
"=""062923""",世芯凱基46購17  ,0,0,0,"2,000","2,000",0,"2,000","2,000",0
"=""063054""",興富發國泰48購01,0,0,0,"106,000","106,000",0,"106,000","106,000",0
"=""063259""",祥碩元大46購05  ,0,0,0,"62,000","62,000",0,"62,000","62,000",0
"=""063342""",名軒凱基46購03  ,0,0,0,"10,000","10,000",0,"10,000","10,000",0
"=""063401""",陽明群益46購10  ,0,0,0,"10,000","10,000",0,"10,000","10,000",0
"=""063466""",世芯元大46購29  ,0,0,0,"40,000","40,000",0,"40,000","40,000",0
"=""063483""",仁寶富邦47購02  ,0,0,0,"60,000","60,000",0,"60,000","60,000",0
"=""063532""",臻鼎國票46購03  ,0,0,0,"3,000","3,000",0,"3,000","3,000",0
"=""063553""",新日興元富46購02,0,0,0,"15,000","15,000",0,"15,000","15,000",0
"=""063595""",世芯凱基47購06  ,0,0,0,"10,000","10,000",0,"10,000","10,000",0
"=""063649""",台積電元大46購29,0,0,0,"53,000","53,000",0,"53,000","53,000",0
"=""063652""",燿華元大46購05  ,0,0,0,"1,000","1,000",0,"1,000","1,000",0
"=""063793""",臻鼎國泰48購01  ,0,0,0,"55,000","55,000",0,"55,000","55,000",0
"=""063811""",一詮凱基46購07  ,0,0,0,"100,000","100,000",0,"100,000","100,000",0
"=""063941""",晟銘電國票47購01,0,0,0,"10,000","10,000",0,"10,000","10,000",0
"=""064005""",世芯台新46購05  ,0,0,0,"22,000","22,000",0,"22,000","22,000",0
"=""064021""",鴻準凱基48購01  ,0,0,0,"2,000","2,000",0,"2,000","2,000",0
"=""064050""",台積電元大46購37,0,0,0,"5,000","5,000",0,"5,000","5,000",0
"=""064053""",南亞科元大46購08,0,0,0,"9,000","9,000",0,"9,000","9,000",0
"=""064054""",京元電元大46購07,0,0,0,"4,000","4,000",0,"4,000","4,000",0
"=""064066""",智原元大46購05  ,0,0,0,"5,000","5,000",0,"5,000","5,000",0
"=""064081""",祥碩元大46購07  ,0,0,0,"1,000","1,000",0,"1,000","1,000",0
"=""064082""",亞翔元大46購02  ,0,0,0,"1,000","1,000",0,"1,000","1,000",0
"=""064114""",盟立群益46購03  ,0,0,0,"20,000","20,000",0,"20,000","20,000",0
"=""064146""",新興富邦48購01  ,0,0,0,"8,000","8,000",0,"8,000","8,000",0
"=""064156""",華新科第一46購01,0,0,0,"43,000","43,000",0,"43,000","43,000",0
"=""064177""",上銀統一4B購01  ,0,0,0,"20,000","20,000",0,"20,000","20,000",0
"=""064194""",上銀國票47購04  ,0,0,0,"50,000","50,000",0,"50,000","50,000",0
"=""064203""",世芯國票49購03  ,0,0,0,"10,000","10,000",0,"10,000","10,000",0
"=""064300""",世芯元大46購36  ,0,0,0,"1,000","1,000",0,"1,000","1,000",0
"=""064315""",世芯台新48購01  ,0,0,0,"10,000","10,000",0,"10,000","10,000",0
"=""064376""",智能車元富46購02,0,0,0,"1,000","1,000",0,"1,000","1,000",0
"=""064404""",盟立統一4C購01  ,0,0,0,"13,000","13,000",0,"13,000","13,000",0
"=""064494""",聯發科群益46購13,0,0,0,"1,000","1,000",0,"1,000","1,000",0
"=""064524""",世芯群益46購25  ,0,0,0,"10,000","10,000",0,"10,000","10,000",0
"=""064556""",晶豪科凱基3A購01,0,0,0,"10,000","10,000",0,"10,000","10,000",0
"=""064609""",廣宇凱基46購01  ,0,0,0,"8,000","8,000",0,"8,000","8,000",0
"=""064619""",強茂凱基46購01  ,0,0,0,"12,000","12,000",0,"12,000","12,000",0
"=""064662""",元債2X元大4C購04,0,0,0,"1,000","1,000",0,"1,000","1,000",0
"=""064755""",美時國票48購02  ,0,0,0,"4,000","4,000",0,"4,000","4,000",0
"=""064775""",鴻海元富51購02  ,0,0,0,"1,000","1,000",0,"1,000","1,000",0
"=""064785""",元金2X元大4A購01,0,0,0,"50,000","50,000",0,"50,000","50,000",0
"=""064798""",聯發科元大47購01,0,0,0,"1,000","1,000",0,"1,000","1,000",0
"=""064860""",緯穎國泰4C購01  ,0,0,0,"16,000","16,000",0,"16,000","16,000",0
"=""064984""",楠梓電元富4A購02,0,0,0,"1,000","1,000",0,"1,000","1,000",0
"=""065052""",玉晶光元大47購06,0,0,0,"11,000","11,000",0,"11,000","11,000",0
"=""065145""",華新科群益4A購01,0,0,0,"20,000","20,000",0,"20,000","20,000",0
"=""065148""",愛山林群益49購02,0,0,0,"6,000","6,000",0,"6,000","6,000",0
"=""065198""",辛耘凱基47購02  ,0,0,0,"5,000","5,000",0,"5,000","5,000",0
"=""065206""",晟銘電第一47購01,0,0,0,"97,000","97,000",0,"97,000","97,000",0
"=""065208""",國喬中信47購01  ,0,0,0,"45,000","45,000",0,"45,000","45,000",0
"=""065262""",瑞祺元富54購01  ,0,0,0,"1,000","1,000",0,"1,000","1,000",0
"=""065263""",元晶元富54購01  ,0,0,0,"1,000","1,000",0,"1,000","1,000",0
"=""065309""",華新科統一55購01,0,0,0,"1,000","1,000",0,"1,000","1,000",0
"=""065374""",英業達統一3B購01,0,0,0,"147,000","147,000",0,"147,000","147,000",0
"=""065431""",陽明元大47購11  ,0,0,0,"48,000","48,000",0,"48,000","48,000",0
"=""065525""",欣興統一51購01  ,0,0,0,"1,000","1,000",0,"1,000","1,000",0
"=""065542""",國巨國泰48購02  ,0,0,0,"61,000","61,000",0,"61,000","61,000",0
"=""065627""",輔信群益49購01  ,0,0,0,"5,000","5,000",0,"5,000","5,000",0
"=""065691""",泰金寶凱基4B購01,0,0,0,"2,000","2,000",0,"2,000","2,000",0
"=""065720""",所羅門元大51購01,0,0,0,"16,000","16,000",0,"16,000","16,000",0
"=""065802""",泰金寶國泰48購02,0,0,0,"17,000","17,000",0,"17,000","17,000",0
"=""065869""",亞翔永豐48購02  ,0,0,0,"8,000","8,000",0,"8,000","8,000",0
"=""065900""",漢翔凱基47購01  ,0,0,0,"10,000","10,000",0,"10,000","10,000",0
"=""065942""",泰金寶元富47購02,0,0,0,"14,000","14,000",0,"14,000","14,000",0
"=""065962""",燿華元大47購03  ,0,0,0,"15,000","15,000",0,"15,000","15,000",0
"=""066087""",健策富邦49購01  ,0,0,0,"12,000","12,000",0,"12,000","12,000",0
"=""066152""",嘉澤統一57購01  ,0,0,0,"10,000","10,000",0,"10,000","10,000",0
"=""066241""",友訊國票48購01  ,0,0,0,"11,000","11,000",0,"11,000","11,000",0
"=""066252""",和椿國票48購01  ,0,0,0,"10,000","10,000",0,"10,000","10,000",0
"=""066257""",台灣50元大47購13,0,0,0,"1,000","1,000",0,"1,000","1,000",0
"=""066408""",華擎國票48購01  ,0,0,0,"5,000","5,000",0,"5,000","5,000",0
"=""066417""",南亞統一4C購01  ,0,0,0,"32,000","32,000",0,"32,000","32,000",0
"=""066489""",元債2X群益51購05,0,0,0,"16,000","16,000",0,"16,000","16,000",0
"=""066505""",南亞科群益48購04,0,0,0,"5,000","5,000",0,"5,000","5,000",0
"=""066577""",為升元富48購01  ,0,0,0,"1,000","1,000",0,"1,000","1,000",0
"=""066639""",世芯永豐49購06  ,0,0,0,"53,000","53,000",0,"53,000","53,000",0
"=""066666""",滬深2X凱基4A購04,0,0,0,"1,000","1,000",0,"1,000","1,000",0
"=""066748""",華通元大47購09  ,0,0,0,"10,000","10,000",0,"10,000","10,000",0
"=""066753""",智邦元大47購03  ,0,0,0,"27,000","27,000",0,"27,000","27,000",0
"=""066762""",南亞科元大47購04,0,0,0,"1,000","1,000",0,"1,000","1,000",0
"=""066866""",微星元富47購01  ,0,0,0,"1,000","1,000",0,"1,000","1,000",0
"=""066947""",美債2X元大48購02,0,0,0,"14,000","14,000",0,"14,000","14,000",0
"=""066962""",京元電元大4B購01,0,0,0,"75,000","75,000",0,"75,000","75,000",0
"=""066973""",世芯元大47購20  ,0,0,0,"400,000","400,000",0,"400,000","400,000",0
"=""066976""",jpp元大47購02   ,0,0,0,"14,000","14,000",0,"14,000","14,000",0
"=""066989""",中502X凱基47購02,0,0,0,"13,000","13,000",0,"13,000","13,000",0
"=""067014""",鈺邦凱基49購01  ,0,0,0,"5,000","5,000",0,"5,000","5,000",0
"=""067110""",保瑞元富47購01  ,0,0,0,"19,000","19,000",0,"19,000","19,000",0
"=""067191""",玉晶光第一47購01,0,0,0,"10,000","10,000",0,"10,000","10,000",0
"=""067277""",天虹國泰48購01  ,0,0,0,"1,000","1,000",0,"1,000","1,000",0
"=""067314""",台積電富邦3B購01,0,0,0,"20,000","20,000",0,"20,000","20,000",0
"=""067364""",裕慶元大47購01  ,0,0,0,"2,000","2,000",0,"2,000","2,000",0
"=""067545""",大立光群益48購02,0,0,0,"146,000","146,000",0,"146,000","146,000",0
"=""067601""",中鋼元富47購01  ,0,0,0,"4,000","4,000",0,"4,000","4,000",0
"=""067647""",台化永豐49購01  ,0,0,0,"10,000","10,000",0,"10,000","10,000",0
"=""067680""",大立光凱基48購06,0,0,0,"17,000","17,000",0,"17,000","17,000",0
"=""067693""",元金反元大4A購01,0,0,0,"10,000","10,000",0,"10,000","10,000",0
"=""067749""",愛普富邦49購01  ,0,0,0,"1,000","1,000",0,"1,000","1,000",0
"=""067817""",鴻海永豐48購09  ,0,0,0,"137,000","137,000",0,"137,000","137,000",0
"=""067876""",飛宏群益47購01  ,0,0,0,"29,000","29,000",0,"29,000","29,000",0
"=""067892""",T50正2元大4A購01,0,0,0,"12,000","12,000",0,"12,000","12,000",0
"=""067997""",台玻群益48購02  ,0,0,0,"53,000","53,000",0,"53,000","53,000",0
"=""068020""",中興電元大4A購01,0,0,0,"3,000","3,000",0,"3,000","3,000",0
"=""068106""",全新元富47購02  ,0,0,0,"140,000","140,000",0,"140,000","140,000",0
"=""068290""",立隆電台新48購01,0,0,0,"20,000","20,000",0,"20,000","20,000",0
"=""068315""",大立光元大48購01,0,0,0,"10,000","10,000",0,"10,000","10,000",0
"=""068365""",創意富邦4C購01  ,0,0,0,"10,000","10,000",0,"10,000","10,000",0
"=""068466""",南亞科群益49購02,0,0,0,"30,000","30,000",0,"30,000","30,000",0
"=""068553""",上証2X國票49購01,0,0,0,"2,000","2,000",0,"2,000","2,000",0
"=""068584""",奇鋐群益48購03  ,0,0,0,"20,000","20,000",0,"20,000","20,000",0
"=""068866""",奇鋐永豐48購03  ,0,0,0,"10,000","10,000",0,"10,000","10,000",0
"=""068973""",大成鋼台新48購01,0,0,0,"11,000","11,000",0,"11,000","11,000",0
"=""069059""",智原凱基4C購01  ,0,0,0,"400,000","400,000",0,"400,000","400,000",0
"=""069094""",聯發科元大4C購04,0,0,0,"20,000","20,000",0,"20,000","20,000",0
"=""069111""",祥碩元大48購01  ,0,0,0,"10,000","10,000",0,"10,000","10,000",0
"=""069176""",奇鋐統一52購02  ,0,0,0,"10,000","10,000",0,"10,000","10,000",0
"=""069360""",迅得凱基4A購01  ,0,0,0,"1,000","1,000",0,"1,000","1,000",0
"=""069427""",仁寶群益4C購01  ,0,0,0,"4,000","4,000",0,"4,000","4,000",0
"=""069531""",華城國泰49購01  ,0,0,0,"20,000","20,000",0,"20,000","20,000",0
"=""069743""",華晶科元富48購01,0,0,0,"16,000","16,000",0,"16,000","16,000",0
"=""069878""",偉訓凱基4C購01  ,0,0,0,"20,000","20,000",0,"20,000","20,000",0
"=""069881""",健策凱基48購05  ,0,0,0,"2,000","2,000",0,"2,000","2,000",0
"=""069926""",亞翔元大48購10  ,0,0,0,"5,000","5,000",0,"5,000","5,000",0
"=""070009""",志強永豐4A購01  ,0,0,0,"20,000","20,000",0,"20,000","20,000",0
"=""070059""",晶心科國泰49購01,0,0,0,"10,000","10,000",0,"10,000","10,000",0
"=""070125""",元債2X永豐46購01,0,0,0,"20,000","20,000",0,"20,000","20,000",0
"=""070169""",皇昌兆豐49購01  ,0,0,0,"86,000","86,000",0,"86,000","86,000",0
"=""070177""",大成鋼富邦4B購01,0,0,0,"10,000","10,000",0,"10,000","10,000",0
"=""070228""",華友聯群益48購01,0,0,0,"2,000","2,000",0,"2,000","2,000",0
"=""070258""",華新元富49購01  ,0,0,0,"3,000","3,000",0,"3,000","3,000",0
"=""070269""",凱美元富48購03  ,0,0,0,"3,000","3,000",0,"3,000","3,000",0
"=""070276""",昇貿元富4B購01  ,0,0,0,"20,000","20,000",0,"20,000","20,000",0
"=""070351""",訊芯元大48購04  ,0,0,0,"27,000","27,000",0,"27,000","27,000",0
"=""070362""",台積電凱基48購20,0,0,0,"130,000","130,000",0,"130,000","130,000",0
"=""070430""",泰金寶國票49購01,0,0,0,"3,000","3,000",0,"3,000","3,000",0
"=""070670""",昇陽半凱基4A購01,0,0,0,"1,000","1,000",0,"1,000","1,000",0
"=""070720""",矽力中信48購01  ,0,0,0,"20,000","20,000",0,"20,000","20,000",0
"=""070724""",台化永豐4B購01  ,0,0,0,"1,000","1,000",0,"1,000","1,000",0
"=""070778""",鴻準元富48購03  ,0,0,0,"2,000","2,000",0,"2,000","2,000",0
"=""070853""",上銀元大51購04  ,0,0,0,"120,000","120,000",0,"120,000","120,000",0
"=""070952""",金寶國票49購01  ,0,0,0,"10,000","10,000",0,"10,000","10,000",0
"=""071295""",世芯元富54購01  ,0,0,0,"10,000","10,000",0,"10,000","10,000",0
"=""071399""",大銀富邦48購01  ,0,0,0,"49,000","49,000",0,"49,000","49,000",0
"=""071400""",材料富邦4A購02  ,0,0,0,"23,000","23,000",0,"23,000","23,000",0
"=""071671""",視陽凱基49購01  ,0,0,0,"46,000","46,000",0,"46,000","46,000",0
"=""071715""",乙盛元富49購01  ,0,0,0,"10,000","10,000",0,"10,000","10,000",0
"=""071727""",皇昌統一58購02  ,0,0,0,"10,000","10,000",0,"10,000","10,000",0
"=""071749""",台灣50元大49購11,0,0,0,"1,000","1,000",0,"1,000","1,000",0
"=""071781""",揚明光元大48購04,0,0,0,"20,000","20,000",0,"20,000","20,000",0
"=""071907""",友達統一51購01  ,0,0,0,"5,000","5,000",0,"5,000","5,000",0
"=""071942""",鴻海群益49購07  ,0,0,0,"5,000","5,000",0,"5,000","5,000",0
"=""072129""",台積電統一5A購03,0,0,0,"24,000","24,000",0,"24,000","24,000",0
"=""072200""",鴻準凱基48購05  ,0,0,0,"11,000","11,000",0,"11,000","11,000",0
"=""072208""",信邦凱基48購02  ,0,0,0,"3,000","3,000",0,"3,000","3,000",0
"=""072216""",亞翔凱基4B購01  ,0,0,0,"1,000","1,000",0,"1,000","1,000",0
"=""072485""",昇貿元大48購05  ,0,0,0,"11,000","11,000",0,"11,000","11,000",0
"=""072514""",大成鋼群益48購06,0,0,0,"62,000","62,000",0,"62,000","62,000",0
"=""072585""",中興電中信49購01,0,0,0,"1,000","1,000",0,"1,000","1,000",0
"=""072591""",裕民中信49購01  ,0,0,0,"2,000","2,000",0,"2,000","2,000",0
"=""072653""",上銀元富49購01  ,0,0,0,"1,000","1,000",0,"1,000","1,000",0
"=""072778""",群創群益4B購01  ,0,0,0,"20,000","20,000",0,"20,000","20,000",0
"=""072841""",川湖凱基4A購04  ,0,0,0,"200,000","200,000",0,"200,000","200,000",0
"=""072861""",大成鋼統一54購02,0,0,0,"10,000","10,000",0,"10,000","10,000",0
"=""072895""",陽明元富49購04  ,0,0,0,"39,000","39,000",0,"39,000","39,000",0
"=""073011""",慧洋中信4A購01  ,0,0,0,"10,000","10,000",0,"10,000","10,000",0
"=""073035""",華城富邦4B購02  ,0,0,0,"36,000","36,000",0,"36,000","36,000",0
"=""073121""",碩天國票4A購01  ,0,0,0,"5,000","5,000",0,"5,000","5,000",0
"=""073212""",亞泥國票49購01  ,0,0,0,"3,000","3,000",0,"3,000","3,000",0
"=""073219""",昆盈國票49購01  ,0,0,0,"473,000","473,000",0,"473,000","473,000",0
"=""073270""",長榮元富49購03  ,0,0,0,"10,000","10,000",0,"10,000","10,000",0
"=""073303""",微星凱基4A購02  ,0,0,0,"13,000","13,000",0,"13,000","13,000",0
"=""073323""",台玻統一52購02  ,0,0,0,"9,000","9,000",0,"9,000","9,000",0
"=""073375""",台積電元大49購12,0,0,0,"12,000","12,000",0,"12,000","12,000",0
"=""073383""",欣興元大49購04  ,0,0,0,"9,000","9,000",0,"9,000","9,000",0
"=""073393""",華碩元富47購01  ,0,0,0,"2,000","2,000",0,"2,000","2,000",0
"=""073438""",上銀永豐4C購01  ,0,0,0,"8,000","8,000",0,"8,000","8,000",0
"=""073521""",聯發科凱基51購02,0,0,0,"150,000","150,000",0,"150,000","150,000",0
"=""073564""",美律群益4B購02  ,0,0,0,"10,000","10,000",0,"10,000","10,000",0
"=""073607""",世芯元富49購10  ,0,0,0,"10,000","10,000",0,"10,000","10,000",0
"=""073681""",金融類元大49購01,0,0,0,"1,000","1,000",0,"1,000","1,000",0
"=""073775""",神達元富47購01  ,0,0,0,"1,000","1,000",0,"1,000","1,000",0
"=""073777""",一詮凱基49購03  ,0,0,0,"11,000","11,000",0,"11,000","11,000",0
"=""073795""",晶心科凱基4C購01,0,0,0,"9,000","9,000",0,"9,000","9,000",0
"=""073810""",廣宇元富53購02  ,0,0,0,"3,000","3,000",0,"3,000","3,000",0
"=""073858""",慧洋元大4C購01  ,0,0,0,"8,000","8,000",0,"8,000","8,000",0
"=""073861""",欣興元大49購08  ,0,0,0,"80,000","80,000",0,"80,000","80,000",0
"=""073951""",訊芯兆豐4B購01  ,0,0,0,"10,000","10,000",0,"10,000","10,000",0
"=""074111""",達興群益49購01  ,0,0,0,"1,000","1,000",0,"1,000","1,000",0
"=""074150""",慧洋元大4C購02  ,0,0,0,"10,000","10,000",0,"10,000","10,000",0
"=""074215""",台玻凱基4A購02  ,0,0,0,"10,000","10,000",0,"10,000","10,000",0
"=""074223""",群光凱基4B購01  ,0,0,0,"82,000","82,000",0,"82,000","82,000",0
"=""074273""",佳能群益4B購02  ,0,0,0,"1,000","1,000",0,"1,000","1,000",0
"=""074323""",中50元大4B購01  ,0,0,0,"55,000","55,000",0,"55,000","55,000",0
"=""074475""",FANG+元富49購02 ,0,0,0,"52,000","52,000",0,"52,000","52,000",0
"=""074518""",長榮航凱基4A購02,0,0,0,"50,000","50,000",0,"50,000","50,000",0
"=""07460U""",台積電凱基3C售05,0,0,0,"20,000","20,000",0,"20,000","20,000",0
"=""074663""",華城群益49購05  ,0,0,0,"12,000","12,000",0,"12,000","12,000",0
"=""074724""",聯電國票4A購01  ,0,0,0,"8,000","8,000",0,"8,000","8,000",0
"=""074904""",鴻準凱基4B購03  ,0,0,0,"2,000","2,000",0,"2,000","2,000",0
"=""074914""",欣興凱基4B購02  ,0,0,0,"2,000","2,000",0,"2,000","2,000",0
"=""074967""",華城元大51購05  ,0,0,0,"10,000","10,000",0,"10,000","10,000",0
"=""074968""",大成鋼元大49購13,0,0,0,"10,000","10,000",0,"10,000","10,000",0
"=""074993""",威強電元大49購07,0,0,0,"10,000","10,000",0,"10,000","10,000",0
"=""075025""",皇昌群益51購02  ,0,0,0,"100,000","100,000",0,"100,000","100,000",0
"=""075174""",亞翔凱基51購03  ,0,0,0,"1,000","1,000",0,"1,000","1,000",0
"=""075389""",新日興群益49購04,0,0,0,"24,000","24,000",0,"24,000","24,000",0
"=""075437""",南亞科元大49購15,0,0,0,"4,000","4,000",0,"4,000","4,000",0
"=""075574""",長榮元大4B購04  ,0,0,0,"5,000","5,000",0,"5,000","5,000",0
"=""075650""",達發群益49購01  ,0,0,0,"15,000","15,000",0,"15,000","15,000",0
"=""075652""",洋基群益49購02  ,0,0,0,"15,000","15,000",0,"15,000","15,000",0
"=""075721""",嘉澤凱基4C購01  ,0,0,0,"18,000","18,000",0,"18,000","18,000",0
"=""075753""",陽明群益49購03  ,0,0,0,"10,000","10,000",0,"10,000","10,000",0
"=""075785""",所羅門國泰4A購01,0,0,0,"112,000","112,000",0,"112,000","112,000",0
"=""075808""",T50反1元大4A購03,0,0,0,"10,000","10,000",0,"10,000","10,000",0
"=""075817""",華碩元大49購02  ,0,0,0,"8,000","8,000",0,"8,000","8,000",0
"=""075876""",錸德元富49購01  ,0,0,0,"13,000","13,000",0,"13,000","13,000",0
"=""075901""",長榮統一55購03  ,0,0,0,"1,000","1,000",0,"1,000","1,000",0
"=""075907""",漢翔統一55購01  ,0,0,0,"1,000","1,000",0,"1,000","1,000",0
"=""076071""",AES統一53購01   ,0,0,0,"13,000","13,000",0,"13,000","13,000",0
"=""076111""",AES群益49購01   ,0,0,0,"80,000","80,000",0,"80,000","80,000",0
"=""076120""",鴻海元富49購11  ,0,0,0,"28,000","28,000",0,"28,000","28,000",0
"=""076124""",宏致元富49購01  ,0,0,0,"32,000","32,000",0,"32,000","32,000",0
"=""076213""",漢翔元大49購01  ,0,0,0,"200,000","200,000",0,"200,000","200,000",0
"=""076219""",創意元大51購05  ,0,0,0,"19,000","19,000",0,"19,000","19,000",0
"=""076220""",群創元大49購07  ,0,0,0,"11,000","11,000",0,"11,000","11,000",0
"=""076240""",京城永豐4A購01  ,0,0,0,"2,000","2,000",0,"2,000","2,000",0
"=""076469""",T50反1國票51購01,0,0,0,"1,000","1,000",0,"1,000","1,000",0
"=""076495""",南亞科富邦4C購02,0,0,0,"20,000","20,000",0,"20,000","20,000",0
"=""07650U""",長榮航統一32售05,0,0,0,"28,000","28,000",0,"28,000","28,000",0
"=""076512""",台光電元大49購11,0,0,0,"6,000","6,000",0,"6,000","6,000",0
"=""076546""",川湖富邦4B購01  ,0,0,0,"11,000","11,000",0,"11,000","11,000",0
"=""076575""",漢翔國泰4A購01  ,0,0,0,"6,000","6,000",0,"6,000","6,000",0
"=""076603""",所羅門元富49購03,0,0,0,"1,000","1,000",0,"1,000","1,000",0
"=""076675""",華邦電群益49購09,0,0,0,"145,000","145,000",0,"145,000","145,000",0
"=""076709""",所羅門元大49購06,0,0,0,"26,000","26,000",0,"26,000","26,000",0
"=""076721""",漢翔元大51購01  ,0,0,0,"5,000","5,000",0,"5,000","5,000",0
"=""076729""",新日興元大49購12,0,0,0,"10,000","10,000",0,"10,000","10,000",0
"=""076874""",漢翔元大51購02  ,0,0,0,"50,000","50,000",0,"50,000","50,000",0
"=""076923""",新日興凱基49購06,0,0,0,"29,000","29,000",0,"29,000","29,000",0
"=""076925""",和碩凱基49購01  ,0,0,0,"12,000","12,000",0,"12,000","12,000",0
"=""076927""",達麗凱基4C購01  ,0,0,0,"43,000","43,000",0,"43,000","43,000",0
"=""076973""",晟銘電國票4A購04,0,0,0,"1,000","1,000",0,"1,000","1,000",0
"=""076979""",瑞祺國票4A購02  ,0,0,0,"2,000","2,000",0,"2,000","2,000",0
"=""076984""",汎銓國票49購01  ,0,0,0,"1,000","1,000",0,"1,000","1,000",0
"=""077027""",智邦群益49購10  ,0,0,0,"1,000","1,000",0,"1,000","1,000",0
"=""077059""",大亞凱基49購02  ,0,0,0,"13,000","13,000",0,"13,000","13,000",0
"=""077076""",智伸科凱基4A購01,0,0,0,"26,000","26,000",0,"26,000","26,000",0
"=""077085""",臺股指凱基56購04,0,0,0,"3,000","3,000",0,"3,000","3,000",0
"=""077109""",台積電元大49購50,0,0,0,"14,000","14,000",0,"14,000","14,000",0
"=""077140""",智易元大49購04  ,0,0,0,"1,000","1,000",0,"1,000","1,000",0
"=""077198""",直得國票4B購01  ,0,0,0,"28,000","28,000",0,"28,000","28,000",0
"=""077417""",京元電凱基4A購02,0,0,0,"1,000","1,000",0,"1,000","1,000",0
"=""07798U""",臺股指中信35售02,0,0,0,"1,000","1,000",0,"1,000","1,000",0
"=""08516U""",滬深2X元富32售04,0,0,0,"1,000","1,000",0,"1,000","1,000",0
"=""085554""",聯發科元大51購31,0,0,0,"5,000","5,000",0,"5,000","5,000",0
1109  ,信大            ,"1,000","1,000",0,0,0,0,"1,000","1,000",0
2243  ,宏旭-KY         ,"3,000","3,000",0,0,0,0,"3,000","3,000",0
2254  ,巨鎧精密-創     ,"1,000","1,000",0,0,0,0,"1,000","1,000",0
2424  ,隴華            ,"1,000","1,000",0,0,0,0,"1,000","1,000",0
2429  ,銘旺科          ,"4,000","4,000",0,0,0,0,"4,000","4,000",0
2432  ,倚天酷��-創     ,0,0,0,"2,000","2,000",0,"2,000","2,000",0
3518  ,柏騰            ,"1,000","1,000",0,0,0,0,"1,000","1,000",0
6431  ,光麗-KY         ,"1,000","1,000",0,0,0,0,"1,000","1,000",0
6835  ,圓裕            ,"2,000","2,000",0,0,0,0,"2,000","2,000",0
說明:,,,,,,,,,,
自營商表示證券自營商專戶。,,,,,,,,,,
本統計資訊含一般、零股、盤後定價、鉅額，不含拍賣、標購。,,,,,,,,,,
ETF證券代號第六碼為K、M、S、C者，表示該ETF以外幣交易。,,,,,,,,,,
