日期,成交股數,成交金額,開盤價,最高價,最低價,收盤價,漲跌價差,成交筆數
2010/01/04,"3,271,689","43,100,790",13.25,13.25,13.05,13.25,0.00,494
2010/01/05,"1,958,150","25,874,816",13.35,13.40,13.10,13.20,-0.05,486
2010/01/06,"3,881,006","51,903,467",13.30,13.50,13.20,13.30,+0.10,865
2010/01/07,"5,235,861","70,550,266",13.45,13.75,13.20,13.20,-0.10,"1,114"
2010/01/08,"4,578,945","62,088,459",13.30,13.75,13.30,13.40,+0.20,"1,095"
2010/01/11,"7,143,303","100,715,023",13.55,14.30,13.50,14.30,+0.90,"1,665"
2010/01/12,"6,926,706","98,594,922",14.50,14.70,13.85,13.90,-0.40,"1,742"
2010/01/13,"3,774,110","52,526,751",13.65,14.20,13.65,13.75,-0.15,"1,021"
2010/01/14,"3,481,830","48,085,266",13.95,14.05,13.65,13.80,+0.05,886
2010/01/15,"2,445,533","33,717,347",13.90,14.00,13.65,13.75,-0.05,537
2010/01/18,"1,569,401","21,550,918",13.50,13.85,13.50,13.75,0.00,401
2010/01/19,"1,728,232","23,555,913",13.80,13.85,13.50,13.50,-0.25,500
2010/01/20,"1,098,588","14,849,126",13.65,13.65,13.40,13.45,-0.05,349
2010/01/21,"2,083,468","27,469,798",13.20,13.40,13.00,13.25,-0.20,630
2010/01/22,"1,864,046","23,876,731",13.05,13.05,12.65,12.70,-0.55,531
2010/01/25,"1,315,938","16,538,773",12.50,12.70,12.45,12.55,-0.15,324
2010/01/26,"1,858,292","22,556,589",12.65,12.70,11.70,11.85,-0.70,566
2010/01/27,"1,045,750","12,515,450",12.00,12.15,11.85,12.00,+0.15,325
2010/01/28,"615,127","7,497,401",12.05,12.30,12.05,12.30,+0.30,220
2010/01/29,"572,640","6,869,292",12.10,12.15,11.90,12.05,-0.25,207
2010/02/01,"300,196","3,612,461",12.05,12.15,11.95,12.00,-0.05,109
2010/02/02,"616,429","7,331,266",12.10,12.15,11.60,11.60,-0.40,223
2010/02/03,"737,187","8,599,966",11.60,11.80,11.55,11.70,+0.10,255
2010/02/04,"388,421","4,543,522",11.70,11.85,11.60,11.75,+0.05,125
2010/02/05,"1,258,854","13,927,347",11.40,11.40,10.95,10.95,-0.80,424
2010/02/06,"1,498,815","15,612,608",10.90,10.90,10.20,10.30,-0.65,433
2010/02/08,"614,418","6,428,538",10.50,10.55,10.30,10.55,+0.25,226
2010/02/09,"731,901","7,951,684",10.50,11.15,10.45,11.15,+0.60,306
2010/02/10,"940,517","10,652,992",11.30,11.50,11.20,11.35,+0.20,312
2010/02/22,"607,191","6,936,056",11.60,11.60,11.35,11.35,0.00,174
2010/02/23,"437,009","4,971,553",11.35,11.45,11.25,11.40,+0.05,130
2010/02/24,"317,261","3,565,972",11.20,11.30,11.20,11.25,-0.15,118
2010/02/25,"258,671","2,898,313",11.25,11.40,11.05,11.10,-0.15,112
2010/02/26,"616,330","6,865,546",11.10,11.30,11.05,11.05,-0.05,201
2010/03/01,"807,440","9,179,260",11.15,11.50,11.15,11.50,+0.45,272
2010/03/02,"1,115,002","13,076,572",11.70,11.85,11.55,11.60,+0.10,391
2010/03/03,"692,791","8,106,551",11.65,11.85,11.50,11.70,+0.10,246
2010/03/04,"1,605,159","19,022,609",11.80,12.00,11.70,11.70,0.00,443
2010/03/05,"2,665,360","32,566,835",12.00,12.45,12.00,12.00,+0.30,704
2010/03/08,"928,365","11,220,580",12.20,12.25,12.00,12.05,+0.05,310
2010/03/09,"812,039","9,689,957",12.05,12.10,11.85,11.85,-0.20,252
2010/03/10,"706,514","8,410,913",11.90,12.05,11.85,11.85,0.00,253
2010/03/11,"1,821,631","21,870,805",11.85,12.20,11.80,12.00,+0.15,502
2010/03/12,"955,281","11,383,113",12.00,12.10,11.85,11.85,-0.15,345
2010/03/15,"662,552","7,887,787",12.00,12.05,11.75,11.75,-0.10,222
2010/03/16,"574,906","6,795,086",11.75,11.90,11.75,11.85,+0.10,169
2010/03/17,"975,414","11,698,771",11.90,12.05,11.90,12.00,+0.15,286
2010/03/18,"1,420,617","17,245,062",12.00,12.25,12.00,12.20,+0.20,423
2010/03/19,"2,170,554","26,701,685",12.20,12.40,12.15,12.35,+0.15,535
2010/03/22,"2,725,205","34,403,586",12.40,12.80,12.40,12.70,+0.35,781
2010/03/23,"1,706,700","21,730,698",12.80,12.95,12.50,12.50,-0.20,558
2010/03/24,"1,389,499","17,479,333",12.60,12.75,12.30,12.40,-0.10,329
2010/03/25,"1,178,966","14,712,525",12.40,12.60,12.30,12.40,0.00,297
2010/03/26,"1,098,457","13,655,540",12.40,12.50,12.35,12.35,-0.05,265
2010/03/29,"1,962,716","24,978,740",12.55,12.90,12.50,12.75,+0.40,594
2010/03/30,"1,540,613","19,820,531",12.85,13.00,12.75,12.80,+0.05,383
2010/03/31,"767,854","9,750,659",12.80,12.80,12.60,12.60,-0.20,207
2010/04/01,"1,244,111","15,772,446",12.70,12.75,12.60,12.60,0.00,323
2010/04/02,"923,914","11,670,774",12.75,12.75,12.55,12.55,-0.05,235
2010/04/06,"989,393","12,520,061",12.60,12.75,12.55,12.60,+0.05,307
2010/04/07,"713,208","8,991,507",12.60,12.70,12.55,12.60,0.00,254
2010/04/08,"1,002,238","12,572,074",12.65,12.65,12.45,12.55,-0.05,317
2010/04/09,"692,764","8,687,247",12.55,12.60,12.45,12.60,+0.05,231
2010/04/12,"667,959","8,386,885",12.60,12.70,12.50,12.60,0.00,185
2010/04/13,"652,996","8,218,349",12.60,12.65,12.50,12.55,-0.05,194
2010/04/14,"661,861","8,332,459",12.55,12.65,12.55,12.60,+0.05,188
2010/04/15,"2,085,468","26,682,861",12.65,12.95,12.65,12.80,+0.20,590
2010/04/16,"761,545","9,710,086",12.90,12.90,12.65,12.65,-0.15,222
2010/04/19,"1,088,807","13,467,902",12.50,12.55,12.10,12.10,-0.55,328
2010/04/20,"483,490","5,885,275",12.20,12.30,12.05,12.15,+0.05,183
2010/04/21,"1,337,998","16,727,624",12.20,12.65,12.20,12.45,+0.30,405
2010/04/22,"376,587","4,636,747",12.40,12.40,12.25,12.30,-0.15,144
2010/04/23,"448,075","5,512,165",12.40,12.40,12.25,12.25,-0.05,164
2010/04/26,"664,860","8,244,724",12.40,12.45,12.35,12.35,+0.10,187
2010/04/27,"577,279","7,174,408",12.45,12.50,12.30,12.45,+0.10,179
2010/04/28,"715,529","8,851,059",12.35,12.45,12.20,12.45,0.00,188
2010/04/29,"1,877,824","23,718,088",12.60,12.80,12.40,12.65,+0.20,441
2010/04/30,"1,801,414","22,657,831",12.65,12.80,12.30,12.40,-0.25,468
2010/05/03,"1,051,372","12,869,066",12.40,12.45,12.15,12.20,-0.20,299
2010/05/04,"966,023","11,675,570",12.20,12.35,11.90,12.05,-0.15,286
2010/05/05,"1,144,133","13,364,546",11.70,11.80,11.60,11.70,-0.35,328
2010/05/06,"536,459","6,242,773",11.80,11.80,11.55,11.55,-0.15,169
2010/05/07,"723,720","8,165,184",11.20,11.45,11.10,11.40,-0.15,229
2010/05/10,"401,953","4,635,853",11.45,11.70,11.40,11.70,+0.30,162
2010/05/11,"464,700","5,438,830",11.80,11.90,11.55,11.60,-0.10,150
2010/05/12,"327,398","3,803,676",11.60,11.70,11.55,11.55,-0.05,92
2010/05/13,"323,248","3,849,874",12.00,12.00,11.75,11.85,+0.30,128
2010/05/14,"252,775","2,975,345",11.75,11.85,11.65,11.80,-0.05,89
2010/05/17,"356,701","4,118,259",11.70,11.75,11.45,11.55,-0.25,130
2010/05/18,"311,612","3,599,767",11.65,11.65,11.50,11.60,+0.05,97
2010/05/19,"212,568","2,441,938",11.50,11.65,11.40,11.60,0.00,112
2010/05/20,"230,174","2,639,983",11.50,11.60,11.40,11.40,-0.20,83
2010/05/21,"547,360","6,050,095",11.20,11.20,10.90,11.15,-0.25,153
2010/05/24,"428,063","4,776,701",11.15,11.25,11.10,11.20,+0.05,113
2010/05/25,"866,180","9,501,811",11.15,11.25,10.70,10.95,-0.25,211
2010/05/26,"512,778","5,652,684",10.95,11.15,10.90,11.10,+0.15,132
2010/05/27,"290,862","3,244,303",11.10,11.25,11.00,11.25,+0.15,98
2010/05/28,"1,003,271","11,385,125",11.35,11.45,11.25,11.35,+0.10,184
2010/05/31,"463,112","5,290,837",11.35,11.55,11.30,11.55,+0.20,152
2010/06/01,"279,163","3,182,790",11.45,11.50,11.35,11.40,-0.15,82
2010/06/02,"797,196","9,212,184",11.35,11.70,11.30,11.50,+0.10,252
2010/06/03,"770,980","8,986,116",11.65,11.75,11.55,11.65,+0.15,171
2010/06/04,"323,180","3,773,787",11.65,11.75,11.60,11.65,0.00,94
2010/06/07,"682,525","7,867,287",11.35,11.80,11.25,11.60,-0.05,289
2010/06/08,"1,667,000","19,882,600",11.70,12.20,11.50,11.90,+0.30,489
2010/06/09,"678,362","8,034,071",11.90,12.05,11.60,11.85,-0.05,247
2010/06/10,"841,270","10,051,298",11.85,12.15,11.75,11.95,+0.10,242
2010/06/11,"1,746,373","21,308,461",12.15,12.50,11.95,12.15,+0.20,507
2010/06/14,"574,357","6,987,063",12.20,12.35,12.05,12.15,0.00,225
2010/06/15,"676,860","8,217,506",12.15,12.25,12.05,12.15,0.00,200
2010/06/17,"778,046","9,450,102",12.15,12.20,12.00,12.10,-0.05,188
2010/06/18,"585,851","7,126,012",12.15,12.25,12.05,12.05,-0.05,152
2010/06/21,"622,278","7,637,840",12.25,12.35,12.15,12.30,+0.25,234
2010/06/22,"2,231,637","28,011,311",12.30,12.70,12.30,12.60,+0.30,644
2010/06/23,"1,976,261","24,906,310",12.50,12.70,12.45,12.60,0.00,378
2010/06/24,"4,693,695","60,302,925",12.60,13.00,12.60,12.80,+0.20,880
2010/06/25,"2,106,064","27,028,952",12.80,12.95,12.65,12.65,-0.15,487
2010/06/28,"3,925,357","52,032,641",12.80,13.50,12.70,13.10,+0.45,"1,054"
2010/06/29,"1,522,834","19,544,733",13.10,13.25,12.55,12.55,-0.55,524
2010/06/30,"928,740","11,592,608",12.30,12.75,12.10,12.75,+0.20,362
2010/07/01,"2,273,653","29,516,231",12.75,13.15,12.75,12.95,+0.20,631
2010/07/02,"1,520,180","19,092,363",12.50,12.75,12.40,12.40,X0.00,448
2010/07/05,"1,722,983","21,343,340",12.50,12.65,12.10,12.30,-0.10,498
2010/07/06,"1,403,605","17,273,360",12.20,12.45,12.20,12.30,0.00,375
2010/07/07,"861,302","10,566,683",12.40,12.40,12.20,12.20,-0.10,224
2010/07/08,"641,270","7,951,918",12.30,12.55,12.30,12.40,+0.20,201
2010/07/09,"602,303","7,444,893",12.50,12.50,12.25,12.30,-0.10,181
2010/07/12,"622,361","7,572,632",12.30,12.35,12.05,12.05,-0.25,180
2010/07/13,"571,797","6,931,192",12.10,12.20,12.05,12.20,+0.15,160
2010/07/14,"521,819","6,391,320",12.25,12.30,12.20,12.25,+0.05,181
2010/07/15,"981,235","12,186,086",12.30,12.50,12.30,12.40,+0.15,295
2010/07/16,"1,616,250","20,337,473",12.50,12.70,12.50,12.55,+0.15,444
2010/07/19,"2,629,650","34,317,001",13.00,13.40,12.80,12.80,+0.25,834
2010/07/20,"7,375,510","98,021,280",12.80,13.50,12.75,13.40,+0.60,"1,817"
2010/07/21,"2,177,239","29,128,664",13.50,13.55,13.15,13.30,-0.10,620
2010/07/22,"2,633,496","35,554,493",13.20,13.60,13.20,13.40,+0.10,729
2010/07/23,"1,493,500","20,095,198",13.65,13.65,13.35,13.40,0.00,452
2010/07/26,"3,444,144","46,885,133",13.50,13.70,13.45,13.50,+0.10,829
2010/07/27,"4,518,502","62,627,548",13.65,14.10,13.60,13.60,+0.10,"1,244"
2010/07/28,"1,655,050","22,775,426",13.60,13.90,13.60,13.60,0.00,459
2010/07/29,"8,828,068","127,234,720",13.65,14.55,13.60,14.55,+0.95,"1,910"
2010/07/30,"6,253,743","90,792,202",15.10,15.10,13.85,14.05,-0.50,"1,690"
2010/08/02,"3,290,260","46,222,590",14.15,14.25,13.90,14.10,+0.05,753
2010/08/03,"4,574,492","65,825,628",14.15,14.70,14.00,14.60,+0.50,"1,396"
2010/08/04,"9,417,265","138,484,188",14.10,15.05,14.00,15.05,X0.00,"2,662"
2010/08/05,"6,208,252","91,714,546",15.25,15.25,14.30,14.60,-0.45,"1,765"
2010/08/06,"7,918,654","119,834,735",14.65,15.45,14.65,15.30,+0.70,"2,245"
2010/08/09,"3,585,547","54,359,375",15.35,15.40,14.95,15.15,-0.15,"1,054"
2010/08/10,"3,450,880","51,667,680",15.15,15.30,14.75,14.80,-0.35,959
2010/08/11,"4,092,399","60,315,523",14.70,15.10,14.30,14.40,-0.40,"1,030"
2010/08/12,"1,414,594","20,161,991",14.10,14.40,14.05,14.35,-0.05,454
2010/08/13,"1,755,818","25,437,121",14.50,14.65,14.20,14.20,-0.15,590
2010/08/16,"1,256,550","18,192,123",14.40,14.60,14.30,14.40,+0.20,402
2010/08/17,"2,215,462","32,479,872",14.45,14.85,14.40,14.40,0.00,689
2010/08/18,"2,109,479","30,647,547",14.50,14.75,14.25,14.25,-0.15,630
2010/08/19,"2,263,675","32,985,966",14.65,14.75,14.35,14.35,+0.10,878
2010/08/20,"1,746,898","25,286,217",14.35,14.65,14.35,14.40,+0.05,572
2010/08/23,"1,813,196","25,784,578",14.50,14.50,14.10,14.20,-0.20,552
2010/08/24,"2,138,480","30,407,789",14.20,14.45,13.95,14.15,-0.05,528
2010/08/25,"1,469,298","20,068,674",14.15,14.15,13.30,13.35,-0.80,504
2010/08/26,"846,021","11,240,371",13.35,13.60,13.05,13.05,-0.30,333
2010/08/27,"496,170","6,499,073",13.05,13.20,13.05,13.10,+0.05,231
2010/08/30,"670,568","8,878,988",13.20,13.40,13.05,13.10,0.00,245
2010/08/31,"885,072","11,001,925",12.50,12.85,12.25,12.30,-0.80,360
2010/09/01,"511,444","6,434,392",12.40,12.70,12.40,12.65,+0.35,212
2010/09/02,"580,791","7,323,521",12.75,12.80,12.50,12.55,-0.10,239
2010/09/03,"832,443","10,624,546",12.65,12.85,12.65,12.70,+0.15,306
2010/09/06,"881,903","11,454,439",13.00,13.10,12.80,13.05,+0.35,349
2010/09/07,"831,875","10,908,975",13.05,13.25,12.90,13.05,0.00,341
2010/09/08,"1,531,770","20,124,092",13.05,13.30,12.90,12.90,-0.15,347
2010/09/09,"587,681","7,517,547",12.95,13.00,12.70,12.70,-0.20,220
2010/09/10,"420,889","5,386,531",12.70,12.95,12.70,12.80,+0.10,169
2010/09/13,"462,438","5,974,947",12.90,13.00,12.85,12.95,+0.15,196
2010/09/14,"1,388,399","18,380,992",12.95,13.40,12.95,13.25,+0.30,549
2010/09/15,"2,015,054","27,256,717",13.50,13.70,13.40,13.45,+0.20,670
2010/09/16,"1,106,536","15,047,656",13.50,13.75,13.50,13.50,+0.05,397
2010/09/17,"1,287,974","17,298,247",13.60,13.60,13.30,13.40,-0.10,278
2010/09/20,"526,933","7,139,643",13.50,13.65,13.50,13.55,+0.15,229
2010/09/21,"938,250","12,791,531",13.65,13.80,13.45,13.55,0.00,340
2010/09/23,"499,770","6,745,315",13.50,13.65,13.40,13.50,-0.05,196
2010/09/24,"654,357","8,744,813",13.40,13.45,13.25,13.40,-0.10,188
2010/09/27,"3,008,850","41,271,263",13.60,13.90,13.50,13.65,+0.25,695
2010/09/28,"475,224","6,471,032",13.65,13.75,13.55,13.65,0.00,184
2010/09/29,"968,337","13,243,480",13.70,13.80,13.60,13.70,+0.05,252
2010/09/30,"613,695","8,360,697",13.75,13.75,13.50,13.70,0.00,153
2010/10/01,"361,065","4,917,931",13.70,13.70,13.55,13.65,-0.05,104
2010/10/04,"724,606","9,910,203",13.70,13.75,13.60,13.65,0.00,242
2010/10/05,"449,743","6,081,529",13.70,13.70,13.45,13.55,-0.10,141
2010/10/06,"717,456","9,810,578",13.70,13.75,13.60,13.70,+0.15,313
2010/10/07,"4,503,563","63,044,932",13.75,14.25,13.70,14.00,+0.30,"1,295"
2010/10/08,"1,042,606","14,453,079",14.00,14.05,13.70,13.80,-0.20,325
2010/10/11,"6,821,784","98,602,995",14.00,14.75,14.00,14.45,+0.65,"2,097"
2010/10/12,"4,444,463","65,226,640",14.80,15.05,14.30,14.50,+0.05,"1,447"
2010/10/13,"1,854,521","26,934,150",14.65,14.75,14.30,14.35,-0.15,624
2010/10/14,"2,968,668","43,453,234",14.55,14.80,14.45,14.80,+0.45,"1,007"
2010/10/15,"3,798,781","57,003,794",14.90,15.25,14.70,14.90,+0.10,"1,291"
2010/10/18,"2,354,101","35,004,116",15.00,15.20,14.55,14.70,-0.20,682
2010/10/19,"2,359,097","35,059,707",15.10,15.10,14.60,14.70,0.00,814
2010/10/20,"1,021,799","14,596,948",14.00,14.60,14.00,14.45,-0.25,416
2010/10/21,"1,052,903","15,309,196",14.60,14.75,14.40,14.50,+0.05,405
2010/10/22,"912,215","13,110,419",14.50,14.60,14.25,14.35,-0.15,320
2010/10/25,"1,111,852","15,924,720",14.35,14.45,14.25,14.40,+0.05,384
2010/10/26,"2,446,994","35,802,599",14.50,14.80,14.50,14.60,+0.20,779
2010/10/27,"2,102,320","30,839,182",14.70,14.85,14.45,14.45,-0.15,614
2010/10/28,"616,851","8,901,694",14.45,14.60,14.30,14.50,+0.05,237
2010/10/29,"533,370","7,682,171",14.55,14.55,14.30,14.45,-0.05,190
2010/11/01,"901,860","12,924,489",14.45,14.50,14.25,14.35,-0.10,293
2010/11/02,"771,266","11,020,802",14.40,14.45,14.15,14.25,-0.10,248
2010/11/03,"904,374","12,740,060",14.25,14.40,13.85,14.00,-0.25,264
2010/11/04,"1,103,902","15,613,210",14.05,14.35,14.00,14.10,+0.10,318
2010/11/05,"980,695","14,061,172",14.30,14.45,14.25,14.40,+0.30,380
2010/11/08,"1,113,123","16,180,612",14.50,14.65,14.45,14.50,+0.10,374
2010/11/09,"880,441","12,790,389",14.50,14.70,14.45,14.55,+0.05,237
2010/11/10,"6,164,217","93,594,263",14.70,15.50,14.60,15.05,+0.50,"1,987"
2010/11/11,"2,427,240","36,604,550",15.20,15.35,14.85,15.05,0.00,753
2010/11/12,"1,087,033","16,101,528",15.05,15.10,14.70,14.75,-0.30,351
2010/11/15,"559,994","8,010,660",14.55,14.75,14.20,14.20,-0.55,250
2010/11/16,"305,418","4,335,181",14.00,14.30,14.00,14.25,+0.05,132
2010/11/17,"429,237","6,007,868",14.10,14.15,13.90,14.00,-0.25,169
2010/11/18,"474,595","6,629,341",14.15,14.15,13.90,13.90,-0.10,139
2010/11/19,"327,822","4,605,870",14.00,14.15,13.90,14.00,+0.10,141
2010/11/22,"375,396","5,239,117",14.00,14.10,13.80,14.05,+0.05,140
2010/11/23,"333,142","4,648,275",14.05,14.05,13.90,14.05,0.00,117
2010/11/24,"416,976","5,802,309",13.80,14.10,13.80,14.05,0.00,162
2010/11/25,"307,654","4,293,914",14.05,14.10,13.85,14.05,0.00,116
2010/11/26,"396,045","5,524,068",14.00,14.05,13.85,14.00,-0.05,127
2010/11/29,"356,794","5,002,266",14.05,14.15,13.95,14.05,+0.05,109
2010/11/30,"517,559","7,345,749",13.95,14.35,13.95,14.25,+0.20,209
2010/12/01,"472,945","6,683,764",14.30,14.30,14.05,14.20,-0.05,183
2010/12/02,"940,967","13,575,172",14.40,14.55,14.20,14.25,+0.05,240
2010/12/03,"395,650","5,636,075",14.30,14.40,14.15,14.25,0.00,186
2010/12/06,"588,668","8,456,807",14.40,14.40,14.30,14.35,+0.10,190
2010/12/07,"1,085,224","15,753,618",14.40,14.70,14.35,14.50,+0.15,396
2010/12/08,"481,264","6,987,770",14.65,14.65,14.40,14.45,-0.05,196
2010/12/09,"574,897","8,271,026",14.50,14.60,14.30,14.30,-0.15,166
2010/12/10,"562,534","7,969,023",14.10,14.25,14.10,14.25,-0.05,164
2010/12/13,"503,919","7,169,591",14.25,14.40,14.15,14.25,0.00,190
2010/12/14,"613,043","8,790,953",14.25,14.40,14.25,14.40,+0.15,230
2010/12/15,"404,298","5,765,737",14.40,14.45,14.15,14.35,-0.05,200
2010/12/16,"303,939","4,367,768",14.30,14.45,14.30,14.40,+0.05,137
2010/12/17,"1,333,062","19,371,181",14.45,14.70,14.30,14.45,+0.05,336
2010/12/20,"352,152","5,067,721",14.50,14.55,14.30,14.40,-0.05,117
2010/12/21,"355,335","5,117,981",14.35,14.50,14.35,14.40,0.00,141
2010/12/22,"507,828","7,295,550",14.50,14.50,14.35,14.35,-0.05,131
2010/12/23,"605,136","8,702,984",14.35,14.45,14.35,14.40,+0.05,146
2010/12/24,"264,230","3,780,920",14.40,14.40,14.25,14.30,-0.10,123
2010/12/27,"284,906","4,084,802",14.35,14.40,14.30,14.35,+0.05,108
2010/12/28,"225,212","3,220,106",14.35,14.40,14.20,14.35,0.00,106
2010/12/29,"760,106","11,026,282",14.35,14.65,14.35,14.60,+0.25,296
2010/12/30,"508,467","7,404,516",14.65,14.70,14.45,14.55,-0.05,197
2010/12/31,"565,850","8,207,710",14.50,14.60,14.45,14.55,0.00,185
2011/01/03,"1,258,718","18,487,943",14.70,14.80,14.55,14.80,+0.25,354
2011/01/04,"2,185,234","32,818,948",14.95,15.15,14.80,14.90,+0.10,662
2011/01/05,"930,917","13,760,470",14.95,15.10,14.55,14.80,-0.10,307
2011/01/06,"478,928","7,047,984",14.70,14.90,14.60,14.75,-0.05,160
2011/01/07,"451,238","6,575,222",14.80,14.80,14.40,14.60,-0.15,156
2011/01/10,"295,660","4,275,815",14.50,14.60,14.40,14.50,-0.10,123
2011/01/11,"370,447","5,357,828",14.50,14.55,14.35,14.55,+0.05,112
2011/01/12,"191,740","2,779,523",14.60,14.60,14.45,14.50,-0.05,118
2011/01/13,"391,336","5,712,266",14.65,14.65,14.50,14.60,+0.10,143
2011/01/14,"616,537","9,079,287",14.65,14.85,14.65,14.80,+0.20,228
2011/01/17,"503,257","7,468,274",14.90,15.05,14.65,14.80,0.00,206
2011/01/18,"1,561,362","23,539,094",14.95,15.30,14.85,14.90,+0.10,565
2011/01/19,"476,794","7,066,192",14.90,15.00,14.65,14.90,0.00,200
2011/01/20,"146,118","2,165,997",14.80,14.90,14.75,14.90,0.00,95
2011/01/21,"257,693","3,816,569",14.75,14.90,14.75,14.90,0.00,95
2011/01/24,"674,488","10,104,136",15.00,15.10,14.90,14.95,+0.05,232
2011/01/25,"944,830","14,192,797",15.15,15.15,14.95,15.00,+0.05,289
2011/01/26,"275,198","4,096,578",15.00,15.00,14.85,14.90,-0.10,98
2011/01/27,"246,418","3,651,190",14.85,14.90,14.70,14.90,0.00,108
2011/01/28,"170,601","2,516,628",14.80,14.90,14.70,14.75,-0.15,92
2011/02/08,"373,588","5,563,648",14.90,15.10,14.80,14.90,+0.15,123
2011/02/09,"1,812,246","27,505,790",15.00,15.30,14.95,15.10,+0.20,620
2011/02/10,"2,782,715","43,186,560",15.25,15.85,15.20,15.25,+0.15,993
2011/02/11,"1,250,177","18,585,582",15.20,15.20,14.65,14.90,-0.35,449
2011/02/14,"392,569","5,856,665",15.10,15.15,14.80,14.80,-0.10,199
2011/02/15,"509,938","7,513,083",14.90,14.95,14.65,14.75,-0.05,190
2011/02/16,"442,019","6,465,424",14.65,14.75,14.55,14.65,-0.10,151
2011/02/17,"368,826","5,378,764",14.65,14.65,14.50,14.65,0.00,126
2011/02/18,"401,400","5,934,523",14.70,14.85,14.70,14.80,+0.15,137
2011/02/21,"195,109","2,885,798",14.70,14.85,14.70,14.85,+0.05,85
2011/02/22,"403,506","5,874,634",14.70,14.70,14.45,14.60,-0.25,128
2011/02/23,"510,900","7,351,759",14.50,14.50,14.25,14.40,-0.20,137
2011/02/24,"245,394","3,535,849",14.40,14.50,14.30,14.40,0.00,67
2011/02/25,"394,522","5,605,458",14.40,14.50,14.00,14.15,-0.25,117
2011/03/01,"358,918","5,084,867",14.15,14.45,14.05,14.45,+0.30,128
2011/03/02,"168,894","2,408,593",14.25,14.35,14.15,14.35,-0.10,86
2011/03/03,"179,720","2,584,627",14.40,14.45,14.35,14.40,+0.05,66
2011/03/04,"139,265","2,004,358",14.40,14.50,14.30,14.40,0.00,59
2011/03/07,"65,681","945,735",14.40,14.50,14.25,14.45,+0.05,38
2011/03/08,"160,699","2,328,481",14.45,14.60,14.35,14.60,+0.15,73
2011/03/09,"255,674","3,739,086",14.55,14.80,14.50,14.65,+0.05,119
2011/03/10,"140,904","2,055,300",14.65,14.70,14.50,14.65,0.00,65
2011/03/11,"260,730","3,780,885",14.40,14.65,14.35,14.65,0.00,92
2011/03/14,"247,999","3,574,433",14.60,14.65,14.15,14.60,-0.05,91
2011/03/15,"353,287","4,994,304",14.55,14.55,13.75,14.30,-0.30,122
2011/03/16,"265,942","3,753,125",14.20,14.30,14.00,14.20,-0.10,109
2011/03/17,"216,484","3,021,972",13.90,14.15,13.80,14.15,-0.05,67
2011/03/18,"131,490","1,872,104",14.00,14.40,14.00,14.40,+0.25,69
2011/03/21,"121,097","1,751,653",14.40,14.60,14.40,14.50,+0.10,67
2011/03/22,"213,278","3,125,292",14.50,14.80,14.40,14.65,+0.15,91
2011/03/23,"133,687","1,961,779",14.65,14.80,14.55,14.70,+0.05,77
2011/03/24,"121,316","1,781,044",14.90,14.90,14.55,14.70,0.00,55
2011/03/25,"175,304","2,559,583",14.60,14.70,14.50,14.70,0.00,74
2011/03/28,"505,000","7,473,496",14.80,14.90,14.70,14.70,0.00,96
2011/03/29,"679,999","10,045,983",14.75,14.80,14.65,14.75,+0.05,109
2011/03/30,"250,972","3,711,334",14.75,14.85,14.75,14.80,+0.05,49
2011/03/31,"172,297","2,536,914",14.80,14.85,14.65,14.80,0.00,64
2011/04/01,"88,256","1,303,272",14.80,14.85,14.70,14.75,-0.05,36
2011/04/06,"140,000","2,065,896",14.75,14.85,14.70,14.80,+0.05,61
2011/04/07,"176,287","2,605,115",14.80,14.85,14.70,14.85,+0.05,83
2011/04/08,"153,994","2,273,408",14.85,14.85,14.75,14.75,-0.10,65
2011/04/11,"982,279","14,696,685",14.80,15.15,14.75,15.10,+0.35,333
2011/04/12,"530,284","7,936,398",15.15,15.15,14.85,15.00,-0.10,136
2011/04/13,"1,471,106","22,674,089",15.40,15.70,15.15,15.15,+0.15,605
2011/04/14,"577,650","8,735,105",15.20,15.25,15.00,15.20,+0.05,261
2011/04/15,"575,536","8,738,990",15.30,15.30,15.05,15.15,-0.05,193
2011/04/18,"2,990,931","46,714,522",15.45,15.80,15.40,15.60,+0.45,987
2011/04/19,"767,132","11,797,356",15.60,15.60,15.25,15.35,-0.25,311
2011/04/20,"1,060,652","16,494,663",15.50,15.75,15.40,15.70,+0.35,361
2011/04/21,"1,480,844","23,192,527",16.00,16.00,15.40,15.65,-0.05,489
2011/04/22,"2,086,391","32,883,182",15.65,15.95,15.55,15.80,+0.15,547
2011/04/25,"629,115","9,908,048",15.90,15.90,15.65,15.80,0.00,249
2011/04/26,"475,167","7,400,710",15.80,15.80,15.50,15.70,-0.10,175
2011/04/27,"722,292","11,273,893",15.70,15.70,15.50,15.70,0.00,246
2011/04/28,"3,220,097","51,698,884",16.10,16.30,15.60,16.05,+0.35,862
2011/04/29,"4,051,921","66,792,927",16.05,16.90,15.95,16.55,+0.50,"1,226"
2011/05/03,"928,321","14,974,151",16.55,16.55,15.90,16.00,-0.55,358
2011/05/04,"664,989","10,420,777",15.90,15.90,15.50,15.75,-0.25,217
2011/05/05,"556,124","8,784,229",15.70,15.95,15.65,15.75,0.00,205
2011/05/06,"354,904","5,578,138",15.65,15.90,15.60,15.80,+0.05,136
2011/05/09,"751,831","12,015,609",15.80,16.10,15.70,16.00,+0.20,195
2011/05/10,"737,521","11,864,986",16.00,16.30,15.90,16.10,+0.10,187
2011/05/11,"691,600","11,160,598",16.20,16.25,16.00,16.20,+0.10,253
2011/05/12,"2,386,151","39,463,859",16.05,16.75,16.05,16.45,+0.25,747
2011/05/13,"709,008","11,614,667",16.45,16.60,16.25,16.40,-0.05,275
2011/05/16,"363,428","5,909,882",16.20,16.40,16.20,16.30,-0.10,127
2011/05/17,"493,204","7,888,382",16.20,16.20,15.80,16.15,-0.15,150
2011/05/18,"331,561","5,303,048",15.85,16.20,15.85,16.15,0.00,116
2011/05/19,"146,359","2,353,672",16.20,16.20,16.00,16.15,0.00,75
2011/05/20,"183,008","2,933,223",16.00,16.25,15.85,16.05,-0.10,88
2011/05/23,"533,411","8,307,600",15.90,15.90,15.25,15.80,-0.25,162
2011/05/24,"209,151","3,257,003",15.40,15.80,15.40,15.80,0.00,90
2011/05/25,"152,104","2,390,129",15.80,15.85,15.55,15.80,0.00,67
2011/05/26,"138,261","2,175,213",15.70,15.85,15.70,15.75,-0.05,82
2011/05/27,"262,017","4,104,760",15.70,15.80,15.60,15.70,-0.05,78
2011/05/30,"175,791","2,734,686",15.60,15.75,15.45,15.75,+0.05,80
2011/05/31,"178,475","2,811,954",15.70,15.85,15.65,15.85,+0.10,83
2011/06/01,"273,816","4,336,539",15.80,15.95,15.70,15.95,+0.10,109
2011/06/02,"84,080","1,324,502",15.85,15.85,15.65,15.80,-0.15,50
2011/06/03,"94,744","1,492,175",15.80,15.85,15.65,15.80,0.00,49
2011/06/07,"173,924","2,713,448",15.65,15.80,15.50,15.80,0.00,95
2011/06/08,"165,443","2,618,925",15.60,16.00,15.60,15.85,+0.05,64
2011/06/09,"107,349","1,693,057",15.80,15.85,15.70,15.85,0.00,56
2011/06/10,"171,866","2,695,399",15.80,15.85,15.60,15.80,-0.05,70
2011/06/13,"103,270","1,608,695",15.60,15.70,15.55,15.60,-0.20,52
2011/06/14,"174,779","2,722,857",15.60,15.70,15.50,15.65,+0.05,72
2011/06/15,"602,389","9,434,235",15.60,15.75,15.50,15.70,+0.05,167
2011/06/16,"595,580","9,272,039",15.60,15.60,15.40,15.50,-0.20,84
2011/06/17,"173,737","2,683,075",15.50,15.55,15.40,15.45,-0.05,58
2011/06/20,"650,318","10,134,027",15.45,15.70,15.40,15.60,+0.15,118
2011/06/21,"132,648","2,048,975",15.60,15.60,15.30,15.50,-0.10,70
2011/06/22,"235,058","3,640,990",15.50,15.60,15.40,15.50,0.00,38
2011/06/23,"462,975","7,245,310",15.50,15.70,15.40,15.60,+0.10,84
2011/06/24,"511,690","8,090,778",15.60,15.90,15.50,15.80,+0.20,98
2011/06/27,"721,128","11,448,508",15.70,16.00,15.60,15.80,0.00,85
2011/06/28,"445,377","7,084,687",16.00,16.00,15.75,15.85,+0.05,78
2011/06/29,"182,541","2,887,169",15.55,15.90,15.55,15.85,0.00,59
2011/06/30,"273,576","4,357,147",15.85,16.00,15.85,15.90,+0.05,99
2011/07/01,"232,083","3,683,651",15.90,15.90,15.80,15.85,-0.05,63
2011/07/04,"176,408","2,771,014",15.85,15.85,15.60,15.70,-0.15,66
2011/07/05,"243,950","3,794,963",15.65,15.75,15.40,15.75,+0.05,89
2011/07/06,"161,011","2,522,368",15.75,15.80,15.55,15.75,0.00,58
2011/07/07,"116,237","1,825,619",15.60,15.85,15.60,15.85,+0.10,44
2011/07/08,"215,073","3,409,497",15.75,15.90,15.70,15.90,+0.05,98
2011/07/11,"65,313","1,036,743",15.90,15.95,15.75,15.90,0.00,30
2011/07/12,"189,513","2,992,804",15.70,15.90,15.65,15.80,-0.10,50
2011/07/13,"302,022","4,765,342",15.80,15.80,15.50,15.80,0.00,62
2011/07/14,"369,078","5,793,566",15.65,15.80,15.60,15.80,0.00,66
2011/07/15,"145,547","2,304,891",15.85,15.90,15.75,15.90,+0.10,68
2011/07/18,"640,361","10,324,623",15.95,16.25,15.80,16.25,+0.35,254
2011/07/19,"184,459","2,970,064",16.40,16.40,16.00,16.05,-0.20,93
2011/07/20,"443,620","7,113,094",16.10,16.15,15.90,16.10,+0.05,119
2011/07/21,"155,078","2,481,383",16.00,16.15,15.95,15.95,-0.15,63
2011/07/22,"717,820","11,617,377",15.95,16.30,15.95,16.30,+0.35,228
2011/07/25,"232,006","3,758,694",16.30,16.40,16.10,16.25,-0.05,87
2011/07/26,"177,779","2,883,866",16.15,16.30,16.15,16.30,+0.05,79
2011/07/27,"225,076","3,637,968",16.30,16.30,16.10,16.20,-0.10,90
2011/07/28,"180,402","2,926,836",16.10,16.30,16.05,16.30,+0.10,71
2011/07/29,"990,891","16,135,027",16.30,16.40,16.15,16.35,+0.05,122
2011/08/01,"2,297,337","39,112,003",16.35,17.45,16.30,17.45,+1.10,615
2011/08/02,"2,532,289","44,058,328",17.40,17.55,17.20,17.35,-0.10,469
2011/08/03,"2,659,181","45,215,567",17.20,17.35,16.55,17.35,0.00,312
2011/08/04,"2,549,879","43,963,543",17.35,17.35,17.00,17.10,-0.25,297
2011/08/05,"993,456","16,043,165",15.95,17.00,15.95,16.40,-0.70,296
2011/08/08,"669,574","10,497,727",16.10,16.10,15.30,15.60,-0.80,216
2011/08/09,"654,975","9,787,358",14.55,15.70,14.55,15.65,+0.05,251
2011/08/10,"728,599","10,995,037",14.90,15.45,14.90,15.45,X0.00,280
2011/08/11,"635,994","9,594,757",15.00,15.30,14.95,15.20,-0.25,136
2011/08/12,"785,750","11,937,360",15.30,15.30,14.95,15.25,+0.05,168
2011/08/15,"890,714","13,920,600",15.25,16.10,15.25,15.60,+0.35,192
2011/08/16,"476,630","7,411,526",15.60,15.70,15.45,15.70,+0.10,107
2011/08/17,"214,707","3,370,562",15.70,15.75,15.60,15.75,+0.05,83
2011/08/18,"370,002","5,713,327",15.70,15.70,15.30,15.60,-0.15,96
2011/08/19,"566,174","8,602,978",15.30,15.45,15.05,15.40,-0.20,93
2011/08/22,"634,736","9,712,084",15.30,15.45,15.15,15.40,0.00,88
2011/08/23,"303,862","4,725,299",15.40,15.70,15.35,15.65,+0.25,107
2011/08/24,"193,032","3,005,143",15.65,15.65,15.50,15.65,0.00,60
2011/08/25,"140,063","2,194,729",15.65,15.80,15.60,15.65,0.00,60
2011/08/26,"339,521","5,268,725",15.60,15.60,15.45,15.60,-0.05,97
2011/08/29,"117,064","1,837,297",15.60,15.75,15.60,15.75,+0.15,55
2011/08/30,"387,514","6,170,687",15.95,16.00,15.60,16.00,+0.25,168
2011/08/31,"1,385,744","23,415,147",17.10,17.10,16.60,16.70,+0.70,541
2011/09/01,"700,277","11,786,504",17.00,17.10,16.60,16.75,+0.05,293
2011/09/02,"228,518","3,773,072",16.75,16.80,16.35,16.65,-0.10,137
2011/09/05,"298,524","4,887,902",16.35,16.55,16.15,16.55,-0.10,175
2011/09/06,"328,417","5,400,398",16.55,16.60,16.25,16.50,-0.05,141
2011/09/07,"627,322","10,595,541",16.80,17.20,16.70,16.70,+0.20,215
2011/09/08,"244,344","4,075,372",16.90,16.90,16.50,16.65,-0.05,139
2011/09/09,"237,348","3,980,573",16.70,16.85,16.60,16.65,0.00,116
2011/09/13,"401,354","6,733,244",16.80,16.90,16.70,16.85,+0.20,139
2011/09/14,"603,900","9,984,760",17.00,17.00,16.30,16.45,-0.40,182
2011/09/15,"590,144","10,152,116",16.45,17.60,16.45,17.60,+1.15,225
2011/09/16,"1,199,598","21,231,041",17.60,18.20,17.40,18.00,+0.40,533
2011/09/19,"362,795","6,422,110",18.00,18.00,17.50,17.60,-0.40,178
2011/09/20,"538,609","9,591,125",17.60,18.05,17.40,18.05,+0.45,245
2011/09/21,"462,400","8,273,616",18.05,18.05,17.75,17.80,-0.25,177
2011/09/22,"364,753","6,331,659",17.50,17.55,17.25,17.25,-0.55,166
2011/09/23,"396,176","6,497,127",16.30,16.85,16.25,16.30,-0.95,147
2011/09/26,"463,080","7,272,607",16.30,16.30,15.20,15.70,-0.60,147
2011/09/27,"192,458","3,055,186",15.75,16.00,15.75,15.90,+0.20,105
2011/09/28,"472,913","7,642,858",16.00,16.40,15.80,16.10,+0.20,106
2011/09/29,"56,570","908,602",15.90,16.25,15.80,16.10,0.00,45
2011/09/30,"83,595","1,357,646",16.40,16.40,16.10,16.40,+0.30,51
2011/10/03,"106,124","1,706,195",16.20,16.20,16.00,16.10,-0.30,48
2011/10/04,"102,396","1,627,664",16.00,16.10,15.55,16.05,-0.05,57
2011/10/05,"39,314","632,353",16.05,16.40,16.00,16.10,+0.05,35
2011/10/06,"160,463","2,580,308",16.10,16.35,16.00,16.10,0.00,101
2011/10/07,"117,081","1,883,046",16.10,16.15,16.00,16.10,0.00,82
2011/10/11,"311,435","5,027,094",16.30,16.40,16.00,16.10,0.00,114
2011/10/12,"345,395","5,640,545",16.30,16.45,16.10,16.45,+0.35,126
2011/10/13,"310,281","5,139,380",16.30,16.80,16.30,16.60,+0.15,139
2011/10/14,"205,495","3,413,117",16.60,16.80,16.40,16.50,-0.10,102
2011/10/17,"229,174","3,802,519",16.65,16.70,16.50,16.60,+0.10,89
2011/10/18,"287,972","4,819,181",16.60,16.80,16.60,16.70,+0.10,118
2011/10/19,"128,870","2,137,905",16.65,16.75,16.55,16.70,0.00,81
2011/10/20,"115,701","1,918,615",16.75,16.75,16.50,16.70,0.00,58
2011/10/21,"111,632","1,862,926",16.50,16.75,16.50,16.75,+0.05,63
2011/10/24,"437,594","7,451,809",16.80,17.30,16.75,17.05,+0.30,262
2011/10/25,"134,103","2,290,637",17.10,17.30,16.90,17.10,+0.05,85
2011/10/26,"137,472","2,321,875",17.00,17.10,16.75,17.00,-0.10,90
2011/10/27,"457,830","7,832,944",17.00,17.30,16.80,17.15,+0.15,244
2011/10/28,"453,227","7,803,580",17.30,17.40,17.05,17.10,-0.05,197
2011/10/31,"674,406","11,744,228",17.10,17.75,16.90,17.45,+0.35,326
2011/11/01,"372,342","6,443,393",17.30,17.45,17.05,17.40,-0.05,232
2011/11/02,"201,973","3,453,480",17.10,17.20,17.00,17.10,-0.30,131
2011/11/03,"233,947","4,014,934",17.10,17.30,17.00,17.15,+0.05,101
2011/11/04,"176,918","3,037,543",17.30,17.40,17.10,17.10,-0.05,126
2011/11/07,"112,613","1,927,571",17.10,17.25,17.00,17.15,+0.05,60
2011/11/08,"221,722","3,786,306",17.00,17.15,17.00,17.15,0.00,72
2011/11/09,"205,058","3,522,887",17.15,17.30,17.05,17.25,+0.10,98
2011/11/10,"111,449","1,878,138",17.10,17.10,16.80,16.80,-0.45,77
2011/11/11,"237,055","3,983,777",17.00,17.00,16.70,16.90,+0.10,70
2011/11/14,"80,007","1,358,513",17.00,17.10,16.90,17.10,+0.20,57
2011/11/15,"65,117","1,098,180",17.00,17.00,16.75,16.95,-0.15,46
2011/11/16,"102,325","1,718,091",16.95,16.95,16.70,16.90,-0.05,75
2011/11/17,"240,993","4,022,578",16.80,16.85,16.65,16.75,-0.15,85
2011/11/18,"151,513","2,486,609",16.65,16.65,16.15,16.40,-0.35,79
2011/11/21,"158,565","2,582,057",16.40,16.65,16.10,16.40,0.00,78
2011/11/22,"213,839","3,455,289",16.25,16.35,16.05,16.30,-0.10,102
2011/11/23,"164,544","2,631,647",16.10,16.15,15.90,16.00,-0.30,82
2011/11/24,"187,980","3,009,772",15.95,16.40,15.70,16.40,+0.40,108
2011/11/25,"226,825","3,683,113",16.40,16.50,16.05,16.35,-0.05,81
2011/11/28,"62,399","1,021,621",16.15,16.55,16.15,16.55,+0.20,55
2011/11/29,"62,847","1,033,656",16.45,16.60,16.30,16.60,+0.05,50
2011/11/30,"83,102","1,354,705",16.35,16.50,16.20,16.25,-0.35,64
2011/12/01,"139,027","2,278,990",16.60,16.60,16.25,16.50,+0.25,77
2011/12/02,"93,065","1,525,509",16.50,16.50,16.30,16.50,0.00,72
2011/12/05,"313,770","5,154,946",16.30,16.50,16.25,16.40,-0.10,64
2011/12/06,"304,934","4,973,122",16.40,16.40,16.20,16.25,-0.15,63
2011/12/07,"311,360","5,090,447",16.20,16.40,16.15,16.35,+0.10,78
2011/12/08,"49,929","812,046",16.35,16.35,16.15,16.30,-0.05,33
2011/12/09,"68,217","1,095,972",16.00,16.15,16.00,16.10,-0.20,38
2011/12/12,"480,287","7,768,017",16.15,16.20,16.00,16.10,0.00,66
2011/12/13,"416,745","6,687,252",16.10,16.10,15.90,16.05,-0.05,55
2011/12/14,"674,141","10,692,858",15.95,16.00,15.60,15.65,-0.40,127
2011/12/15,"804,176","12,361,972",15.65,15.65,15.15,15.35,-0.30,202
2011/12/16,"378,628","5,834,507",15.50,15.50,15.25,15.45,+0.10,90
2011/12/19,"186,633","2,818,408",15.35,15.35,14.80,15.25,-0.20,72
2011/12/20,"123,420","1,883,114",15.10,15.50,15.00,15.50,+0.25,55
2011/12/21,"189,711","3,020,051",15.80,16.10,15.70,16.05,+0.55,94
2011/12/22,"57,303","911,017",15.85,16.00,15.80,16.00,-0.05,36
2011/12/23,"171,000","2,744,250",16.15,16.20,15.95,15.95,-0.05,87
2011/12/26,"118,068","1,872,371",15.80,16.00,15.75,15.85,-0.10,57
2011/12/27,"276,949","4,388,498",15.70,15.95,15.70,15.85,0.00,64
2011/12/28,"256,230","4,079,482",15.90,16.00,15.85,16.00,+0.15,73
2011/12/29,"82,736","1,325,150",16.15,16.15,15.95,16.00,0.00,35
2011/12/30,"55,900","895,602",16.20,16.20,15.90,16.00,0.00,44
2012/01/02,"47,511","753,926",15.90,16.05,15.80,16.05,+0.05,36
2012/01/03,"53,122","849,252",16.00,16.10,15.95,16.10,+0.05,40
2012/01/04,"42,176","675,847",16.10,16.20,15.95,16.00,-0.10,29
2012/01/05,"42,533","674,918",15.95,16.00,15.80,15.90,-0.10,38
2012/01/06,"237,077","3,735,268",15.85,15.85,15.60,15.85,-0.05,105
2012/01/09,"148,752","2,335,480",15.80,15.85,15.55,15.85,0.00,73
2012/01/10,"94,937","1,497,348",15.85,15.90,15.70,15.90,+0.05,51
2012/01/11,"87,918","1,396,197",15.85,15.95,15.80,15.95,+0.05,46
2012/01/12,"59,512","940,886",15.95,15.95,15.75,15.80,-0.15,32
2012/01/13,"171,478","2,667,770",15.85,15.90,15.30,15.70,-0.10,103
2012/01/16,"92,550","1,442,429",15.90,15.90,15.45,15.60,-0.10,49
2012/01/17,"100,876","1,576,050",15.60,15.75,15.50,15.75,+0.15,53
2012/01/18,"126,946","1,974,659",15.65,15.70,15.50,15.50,-0.25,65
2012/01/30,"207,569","3,221,268",15.50,15.70,15.45,15.60,+0.10,117
2012/01/31,"132,820","2,066,730",15.50,15.65,15.50,15.65,+0.05,83
2012/02/01,"302,368","4,813,355",15.70,16.15,15.70,15.90,+0.25,153
2012/02/02,"172,773","2,770,934",16.20,16.20,15.90,16.00,+0.10,111
2012/02/03,"701,870","11,403,542",16.10,16.45,16.10,16.25,+0.25,247
2012/02/04,"337,959","5,509,480",16.25,16.45,16.15,16.25,0.00,156
2012/02/06,"400,555","6,514,654",16.40,16.40,16.15,16.15,-0.10,138
2012/02/07,"171,345","2,748,470",16.15,16.20,15.90,16.10,-0.05,104
2012/02/08,"166,362","2,691,805",16.20,16.25,16.10,16.15,+0.05,90
2012/02/09,"174,368","2,822,986",16.20,16.25,16.10,16.20,+0.05,100
2012/02/10,"223,931","3,626,634",16.00,16.40,16.00,16.25,+0.05,98
2012/02/13,"277,977","4,513,770",16.25,16.30,16.15,16.25,0.00,106
2012/02/14,"92,958","1,507,528",16.25,16.30,16.15,16.25,0.00,65
2012/02/15,"432,613","7,132,748",16.20,16.70,16.20,16.50,+0.25,201
2012/02/16,"161,367","2,625,390",16.45,16.45,16.20,16.20,-0.30,101
2012/02/17,"172,273","2,787,792",16.25,16.40,16.10,16.25,+0.05,96
2012/02/20,"72,143","1,169,962",16.30,16.35,16.15,16.30,+0.05,54
2012/02/21,"189,886","3,086,057",16.30,16.35,16.10,16.20,-0.10,68
2012/02/22,"243,945","3,947,605",16.20,16.25,16.10,16.20,0.00,101
2012/02/23,"104,791","1,698,363",16.20,16.25,16.15,16.25,+0.05,53
2012/02/24,"75,200","1,215,943",16.30,16.30,16.10,16.25,0.00,52
2012/02/29,"196,665","3,209,347",16.30,16.40,16.25,16.30,+0.05,116
2012/03/01,"357,193","5,904,479",16.30,16.75,16.30,16.60,+0.30,177
2012/03/02,"267,787","4,463,232",16.60,16.85,16.60,16.60,0.00,127
2012/03/03,"701,402","11,895,378",16.60,17.15,16.60,17.00,+0.40,343
2012/03/05,"241,574","4,034,096",16.90,16.95,16.55,16.60,-0.40,135
2012/03/06,"254,242","4,173,713",16.60,16.60,16.20,16.50,-0.10,106
2012/03/07,"159,585","2,638,462",16.50,16.75,16.30,16.45,-0.05,77
2012/03/08,"116,733","1,948,313",16.50,16.90,16.50,16.65,+0.20,86
2012/03/09,"164,686","2,780,017",16.75,17.00,16.75,16.80,+0.15,87
2012/03/12,"186,998","3,133,862",16.80,16.95,16.50,16.50,-0.30,92
2012/03/13,"99,726","1,666,896",16.60,16.80,16.60,16.75,+0.25,77
2012/03/14,"176,645","2,966,764",16.95,16.95,16.60,16.80,+0.05,120
2012/03/15,"109,202","1,834,748",16.80,16.90,16.60,16.70,-0.10,67
2012/03/16,"119,471","1,981,518",16.55,16.70,16.50,16.50,-0.20,82
2012/03/19,"339,078","5,757,047",16.75,17.25,16.70,16.85,+0.35,175
2012/03/20,"745,811","12,599,570",16.95,17.00,16.80,16.90,+0.05,139
2012/03/21,"110,197","1,866,155",17.00,17.00,16.80,16.90,0.00,84
2012/03/22,"101,152","1,711,600",16.90,17.00,16.80,16.90,0.00,66
2012/03/23,"51,755","874,931",16.90,16.95,16.90,16.90,0.00,38
2012/03/26,"61,446","1,034,568",16.90,16.90,16.80,16.80,-0.10,39
2012/03/27,"342,470","5,624,754",16.70,16.70,16.35,16.50,-0.30,146
2012/03/28,"117,338","1,913,703",16.50,16.50,16.20,16.40,-0.10,64
2012/03/29,"393,183","6,278,078",16.30,16.30,15.75,16.10,-0.30,134
2012/03/30,"91,940","1,478,125",16.10,16.20,15.90,16.05,-0.05,51
2012/04/02,"61,200","980,700",16.00,16.20,15.95,16.05,0.00,41
2012/04/03,"161,293","2,557,526",16.00,16.05,15.75,15.90,-0.15,74
2012/04/05,"55,201","869,603",16.10,16.10,15.50,15.80,-0.10,34
2012/04/06,"81,794","1,297,992",15.85,16.10,15.80,15.95,+0.15,65
2012/04/09,"81,502","1,280,278",15.70,15.95,15.65,15.85,-0.10,62
2012/04/10,"44,288","703,013",15.90,16.00,15.75,15.85,0.00,36
2012/04/11,"63,778","1,005,339",15.75,15.95,15.65,15.95,+0.10,54
2012/04/12,"54,794","867,637",16.00,16.10,15.70,16.00,+0.05,66
2012/04/13,"72,511","1,162,572",16.00,16.15,15.90,16.00,0.00,61
2012/04/16,"23,002","366,032",15.80,16.00,15.80,16.00,0.00,18
2012/04/17,"90,990","1,448,439",15.80,16.00,15.75,15.90,-0.10,45
2012/04/18,"97,620","1,554,193",16.00,16.00,15.80,15.80,-0.10,37
2012/04/19,"133,118","2,128,768",16.00,16.00,15.90,16.00,+0.20,37
2012/04/20,"302,294","4,806,870",15.95,15.95,15.75,15.90,-0.10,42
2012/04/23,"389,736","5,918,951",15.70,15.70,14.95,14.95,-0.95,144
2012/04/24,"244,882","3,587,788",14.95,14.95,14.45,14.50,-0.45,119
2012/04/25,"139,347","2,059,802",14.80,15.15,14.60,15.15,+0.65,82
2012/04/26,"55,022","827,881",15.00,15.20,14.80,15.20,+0.05,36
2012/04/27,"183,662","2,757,012",15.00,15.10,14.90,15.05,-0.15,46
2012/04/30,"100,448","1,505,687",14.85,15.30,14.80,15.30,+0.25,61
2012/05/02,"167,280","2,515,775",14.90,15.20,14.90,15.10,-0.20,88
2012/05/03,"192,680","2,887,815",15.20,15.20,14.80,15.10,0.00,68
2012/05/04,"119,677","1,807,055",14.85,15.20,14.85,15.15,+0.05,47
2012/05/07,"150,383","2,264,695",15.00,15.15,14.85,15.10,-0.05,56
2012/05/08,"174,757","2,643,892",15.00,15.20,14.95,15.15,+0.05,60
2012/05/09,"247,231","3,708,465",15.00,15.10,14.90,15.10,-0.05,49
2012/05/10,"57,690","865,050",15.05,15.10,14.90,15.10,0.00,37
2012/05/11,"50,647","756,118",14.95,15.00,14.90,14.90,-0.20,33
2012/05/14,"302,806","4,546,427",14.90,15.05,14.80,14.90,0.00,45
2012/05/15,"270,067","4,074,346",15.00,15.15,15.00,15.00,+0.10,34
2012/05/16,"146,000","2,183,650",15.10,15.10,14.80,14.90,-0.10,28
2012/05/17,"152,952","2,287,987",15.10,15.10,14.80,14.90,0.00,47
2012/05/18,"370,800","5,487,589",14.90,14.95,14.65,14.70,-0.20,71
2012/05/21,"221,691","3,189,206",13.70,14.90,13.70,14.90,+0.20,91
2012/05/22,"53,242","790,606",14.85,14.95,14.80,14.95,+0.05,28
2012/05/23,"101,915","1,513,539",14.70,14.95,14.60,14.95,0.00,69
2012/05/24,"31,005","462,173",14.90,15.00,14.80,15.00,+0.05,19
2012/05/25,"59,558","886,034",15.00,15.10,14.80,14.95,-0.05,32
2012/05/28,"17,375","260,085",14.80,15.05,14.80,15.05,+0.10,14
2012/05/29,"151,356","2,295,854",15.10,15.20,14.95,15.20,+0.15,44
2012/05/30,"117,045","1,772,677",15.20,15.20,14.95,15.20,0.00,45
2012/05/31,"36,146","545,297",15.20,15.20,14.90,15.15,-0.05,27
2012/06/01,"48,220","722,400",15.00,15.05,14.95,15.00,-0.15,31
2012/06/04,"50,478","737,370",14.30,14.85,14.30,14.75,-0.25,39
2012/06/05,"23,601","350,415",14.65,15.00,14.65,15.00,+0.25,25
2012/06/06,"46,245","689,211",14.85,15.15,14.80,15.15,+0.15,30
2012/06/07,"53,249","800,145",15.10,15.20,14.90,15.20,+0.05,31
2012/06/08,"30,940","462,641",15.00,15.15,14.80,15.15,-0.05,35
2012/06/11,"51,955","782,917",15.15,15.20,15.00,15.20,+0.05,33
2012/06/12,"40,000","601,150",15.10,15.10,14.95,15.05,-0.15,29
2012/06/13,"36,909","553,342",15.00,15.10,14.95,15.05,0.00,20
2012/06/14,"77,500","1,162,474",15.00,15.10,14.85,15.10,+0.05,29
2012/06/15,"67,148","1,006,620",15.10,15.10,14.90,15.10,0.00,36
2012/06/18,"37,361","563,349",14.95,15.20,14.95,15.20,+0.10,34
2012/06/19,"99,649","1,496,135",15.20,15.20,14.90,15.10,-0.10,67
2012/06/20,"31,371","472,025",14.90,15.10,14.90,15.10,0.00,26
2012/06/21,"18,011","270,315",15.00,15.10,14.95,15.10,0.00,17
2012/06/22,"25,004","374,306",14.90,15.05,14.90,15.00,-0.10,22
2012/06/25,"20,204","301,286",15.00,15.00,14.85,15.00,0.00,13
2012/06/26,"16,763","250,316",14.85,15.00,14.85,15.00,0.00,18
2012/06/27,"56,102","843,330",15.00,15.15,14.85,15.15,+0.15,36
2012/06/28,"8,401","126,415",15.05,15.05,15.05,15.05,-0.10,10
2012/06/29,"22,678","343,205",15.00,15.30,15.00,15.30,+0.25,22
2012/07/02,"40,500","615,971",15.30,15.30,15.10,15.30,0.00,32
2012/07/03,"57,513","888,145",15.40,15.50,15.35,15.45,+0.15,47
2012/07/04,"25,751","398,914",15.60,15.60,15.30,15.50,+0.05,22
2012/07/05,"28,131","436,017",15.50,15.60,15.35,15.50,0.00,21
2012/07/06,"118,938","1,874,968",15.30,16.00,15.30,15.80,+0.30,75
2012/07/09,"72,099","1,127,042",15.85,15.90,15.55,15.70,-0.10,27
2012/07/10,"105,184","1,672,386",15.85,16.00,15.75,15.80,+0.10,62
2012/07/11,"41,954","659,882",15.80,15.85,15.60,15.75,-0.05,26
2012/07/12,"28,519","447,295",15.70,15.75,15.60,15.75,0.00,23
2012/07/13,"92,999","1,448,033",15.60,15.75,15.50,15.75,0.00,43
2012/07/16,"131,992","2,077,973",15.85,15.85,15.60,15.80,+0.05,50
2012/07/17,"215,713","3,405,063",15.80,15.95,15.70,15.90,+0.10,71
2012/07/18,"385,585","6,205,987",16.00,16.20,15.90,16.05,+0.15,100
2012/07/19,"1,867,807","30,339,148",16.05,16.50,16.05,16.30,+0.25,311
2012/07/20,"1,827,761","29,972,500",16.30,16.50,16.25,16.40,+0.10,171
2012/07/23,"831,329","13,591,810",16.40,16.50,16.20,16.40,0.00,105
2012/07/24,"2,813,382","45,927,137",16.35,16.40,16.10,16.30,-0.10,165
2012/07/25,"119,469","1,923,850",16.15,16.20,16.05,16.20,-0.10,70
2012/07/26,"138,138","2,225,539",16.20,16.25,16.00,16.00,-0.20,77
2012/07/27,"361,953","5,875,670",16.20,16.55,16.05,16.55,+0.55,178
2012/07/30,"180,484","2,745,557",15.40,15.40,15.00,15.15,X0.00,126
2012/07/31,"167,632","2,525,747",15.15,15.20,14.95,15.00,-0.15,77
2012/08/01,"98,250","1,479,637",15.00,15.20,15.00,15.00,0.00,54
2012/08/03,"46,123","692,145",15.00,15.15,14.95,15.10,+0.10,30
2012/08/06,"99,146","1,489,394",15.10,15.10,15.00,15.10,0.00,45
2012/08/07,"63,200","953,119",15.20,15.20,15.00,15.05,-0.05,33
2012/08/08,"398,072","6,040,385",15.05,15.25,15.00,15.25,+0.20,68
2012/08/09,"73,423","1,111,310",15.25,15.25,15.05,15.15,-0.10,51
2012/08/10,"83,773","1,263,495",15.15,15.20,15.00,15.00,-0.15,48
2012/08/13,"121,925","1,859,712",15.15,15.30,15.15,15.25,+0.25,54
2012/08/14,"283,616","4,436,689",15.40,15.80,15.40,15.75,+0.50,158
2012/08/15,"154,001","2,419,115",16.00,16.00,15.45,15.75,0.00,94
2012/08/16,"1,658,673","25,783,729",15.70,15.75,15.50,15.60,-0.15,97
2012/08/17,"37,350","582,090",15.60,15.70,15.50,15.60,0.00,28
2012/08/20,"78,690","1,222,807",15.60,15.65,15.45,15.50,-0.10,39
2012/08/21,"114,291","1,764,428",15.50,15.55,15.35,15.40,-0.10,44
2012/08/22,"59,044","907,021",15.40,15.40,15.30,15.40,0.00,32
2012/08/23,"58,593","900,279",15.30,15.40,15.30,15.40,0.00,33
2012/08/24,"45,550","698,013",15.35,15.40,15.30,15.40,0.00,25
2012/08/27,"47,523","729,054",15.40,15.45,15.30,15.45,+0.05,28
2012/08/28,"42,788","657,054",15.50,15.50,15.30,15.45,0.00,28
2012/08/29,"40,945","623,948",15.20,15.45,15.20,15.45,0.00,26
2012/08/30,"45,377","695,136",15.30,15.45,15.25,15.45,0.00,23
2012/08/31,"45,349","699,922",15.45,15.50,15.30,15.50,+0.05,29
2012/09/03,"26,581","408,515",15.35,15.45,15.30,15.45,-0.05,20
2012/09/04,"16,631","256,302",15.45,15.45,15.40,15.40,-0.05,13
2012/09/05,"24,721","378,603",15.30,15.40,15.25,15.40,0.00,15
2012/09/06,"51,981","795,655",15.30,15.40,15.25,15.40,0.00,30
2012/09/07,"61,845","945,898",15.30,15.35,15.25,15.35,-0.05,33
2012/09/10,"51,606","790,710",15.30,15.40,15.30,15.40,+0.05,30
2012/09/11,"29,429","451,119",15.40,15.40,15.30,15.30,-0.10,20
2012/09/12,"40,263","614,391",15.25,15.35,15.25,15.30,0.00,44
2012/09/13,"42,526","647,892",15.25,15.30,15.20,15.30,0.00,41
2012/09/14,"65,111","995,985",15.30,15.35,15.25,15.35,+0.05,62
2012/09/17,"51,191","787,368",15.30,15.45,15.30,15.45,+0.10,65
2012/09/18,"28,443","438,395",15.40,15.45,15.35,15.45,0.00,35
2012/09/19,"150,716","2,345,012",15.35,15.70,15.30,15.60,+0.15,95
2012/09/20,"80,462","1,246,658",15.50,15.60,15.45,15.60,0.00,37
2012/09/21,"118,548","1,846,442",15.55,15.60,15.55,15.60,0.00,50
2012/09/24,"18,829","292,994",15.60,15.60,15.50,15.60,0.00,31
2012/09/25,"336,648","5,228,723",15.65,15.70,15.40,15.50,-0.10,94
2012/09/26,"360,134","5,529,911",15.40,15.40,15.30,15.40,-0.10,49
2012/09/27,"47,389","727,819",15.40,15.45,15.30,15.45,+0.05,35
2012/09/28,"62,709","961,691",15.35,15.40,15.30,15.40,-0.05,40
2012/10/01,"87,869","1,345,792",15.30,15.35,15.20,15.30,-0.10,33
2012/10/02,"40,936","624,120",15.30,15.30,15.20,15.20,-0.10,31
2012/10/03,"17,750","269,949",15.15,15.25,15.15,15.25,+0.05,13
2012/10/04,"87,676","1,328,589",15.15,15.25,15.10,15.25,0.00,38
2012/10/05,"32,487","492,523",15.15,15.25,15.10,15.25,0.00,28
2012/10/08,"16,732","253,651",15.15,15.20,15.15,15.20,-0.05,13
2012/10/09,"36,886","560,573",15.10,15.25,15.10,15.20,0.00,36
2012/10/11,"177,229","2,673,155",15.05,15.20,15.00,15.20,0.00,43
2012/10/12,"314,990","4,739,946",15.20,15.20,14.95,15.05,-0.15,64
2012/10/15,"182,952","2,715,876",14.80,15.15,14.70,15.15,+0.10,48
2012/10/16,"106,923","1,608,030",15.05,15.15,14.90,15.15,0.00,32
2012/10/17,"206,347","3,108,305",15.00,15.20,14.95,15.10,-0.05,61
2012/10/18,"276,912","4,156,685",15.10,15.15,14.95,15.00,-0.10,71
2012/10/19,"132,790","1,970,987",15.00,15.00,14.80,14.80,-0.20,48
2012/10/22,"242,349","3,445,308",13.80,14.65,13.80,14.20,-0.60,68
2012/10/23,"181,653","2,583,987",14.45,14.45,14.10,14.30,+0.10,60
2012/10/24,"132,908","1,880,948",14.05,14.55,14.00,14.50,+0.20,66
2012/10/25,"52,758","762,565",14.30,14.75,14.30,14.75,+0.25,36
2012/10/26,"77,663","1,135,978",14.55,14.75,14.50,14.75,0.00,35
2012/10/29,"43,529","637,872",14.75,14.85,14.50,14.75,0.00,31
2012/10/30,"306,532","4,538,374",14.75,15.00,14.70,15.00,+0.25,49
2012/10/31,"69,629","1,041,785",15.00,15.10,14.70,15.10,+0.10,40
2012/11/01,"132,120","2,014,263",15.20,15.65,14.85,15.65,+0.55,75
2012/11/02,"57,867","887,712",15.40,15.50,15.20,15.45,-0.20,35
2012/11/05,"512,287","7,861,557",15.35,15.45,15.10,15.40,-0.05,46
2012/11/06,"31,033","474,945",15.40,15.45,15.20,15.45,+0.05,23
2012/11/07,"11,732","179,898",15.30,15.45,15.30,15.45,0.00,17
2012/11/08,"20,719","316,649",15.30,15.40,15.20,15.40,-0.05,20
2012/11/09,"32,967","503,243",15.20,15.45,15.20,15.30,-0.10,30
2012/11/12,"421,618","6,485,654",15.20,15.45,15.15,15.40,+0.10,50
2012/11/13,"53,013","804,845",15.30,15.45,15.10,15.25,-0.15,37
2012/11/14,"42,736","648,687",15.15,15.35,15.10,15.30,+0.05,22
2012/11/15,"224,458","3,435,105",15.10,15.40,15.05,15.40,+0.10,44
2012/11/16,"78,950","1,197,689",15.05,15.40,15.05,15.20,-0.20,35
2012/11/19,"123,835","1,888,957",15.10,15.30,15.10,15.20,0.00,30
2012/11/20,"57,561","868,176",15.00,15.30,15.00,15.30,+0.10,32
2012/11/21,"106,999","1,605,534",15.10,15.25,14.85,15.20,-0.10,52
2012/11/22,"129,607","1,955,311",15.15,15.25,14.95,15.20,0.00,67
2012/11/23,"126,231","1,905,536",15.10,15.20,15.00,15.20,0.00,59
2012/11/26,"44,661","676,193",15.10,15.20,15.10,15.15,-0.05,39
2012/11/27,"54,919","828,378",15.15,15.20,15.00,15.15,0.00,45
2012/11/28,"33,666","508,485",15.00,15.15,15.00,15.15,0.00,33
2012/11/29,"66,563","1,004,795",15.20,15.20,15.05,15.15,0.00,49
2012/11/30,"66,579","1,006,939",15.15,15.20,15.05,15.15,0.00,40
2012/12/03,"47,752","725,102",15.15,15.25,15.10,15.20,+0.05,50
2012/12/04,"29,193","442,270",15.20,15.25,15.05,15.25,+0.05,31
2012/12/05,"35,615","539,255",15.10,15.20,15.05,15.15,-0.10,30
2012/12/06,"53,446","810,279",15.20,15.25,15.15,15.25,+0.10,34
2012/12/07,"33,067","503,108",15.15,15.25,15.15,15.25,0.00,27
2012/12/10,"66,236","1,007,086",15.20,15.30,15.10,15.30,+0.05,35
2012/12/11,"69,025","1,044,675",15.20,15.20,15.10,15.15,-0.15,41
2012/12/12,"64,027","971,007",15.10,15.30,15.10,15.30,+0.15,37
2012/12/13,"192,048","2,930,220",15.30,15.35,15.10,15.30,0.00,66
2012/12/14,"78,375","1,191,411",15.10,15.30,15.10,15.20,-0.10,43
2012/12/17,"346,193","5,258,812",15.10,15.20,15.05,15.20,0.00,31
2012/12/18,"46,872","710,513",15.10,15.30,15.10,15.20,0.00,40
2012/12/19,"589,765","8,936,374",15.10,15.25,15.05,15.20,0.00,66
2012/12/20,"136,999","2,072,832",15.20,15.20,15.05,15.15,-0.05,31
2012/12/21,"135,938","2,058,711",15.15,15.25,15.00,15.20,+0.05,47
2012/12/22,"113,304","1,724,675",15.10,15.30,15.05,15.10,-0.10,19
2012/12/24,"107,829","1,634,821",15.05,15.30,15.00,15.20,+0.10,57
2012/12/25,"716,982","11,042,261",15.10,15.75,15.10,15.75,+0.55,198
2012/12/26,"2,355,260","37,454,058",15.70,16.00,15.65,15.95,+0.20,269
2012/12/27,"1,313,745","20,661,640",15.85,15.90,15.40,15.70,-0.25,119
2012/12/28,"969,115","15,135,485",15.60,15.70,15.35,15.65,-0.05,108
2013/01/02,"49,746","769,911",15.50,15.60,15.40,15.40,-0.25,42
2013/01/03,"32,116","496,430",15.60,15.60,15.40,15.45,+0.05,24
2013/01/04,"55,351","849,619",15.40,15.45,15.20,15.45,0.00,32
2013/01/07,"288,918","4,467,787",15.50,15.50,15.30,15.45,0.00,61
2013/01/08,"45,593","699,368",15.35,15.40,15.30,15.30,-0.15,31
2013/01/09,"36,162","550,153",15.20,15.30,15.20,15.20,-0.10,29
2013/01/10,"225,057","3,429,309",15.15,15.30,15.15,15.25,+0.05,93
2013/01/11,"138,612","2,116,051",15.30,15.30,15.25,15.30,+0.05,40
2013/01/14,"415,981","6,399,760",15.15,15.45,15.15,15.30,0.00,46
2013/01/15,"67,054","1,019,416",15.30,15.30,15.15,15.30,0.00,38
2013/01/16,"57,825","879,037",15.25,15.25,15.20,15.20,-0.10,37
2013/01/17,"235,666","3,550,955",15.15,15.25,15.05,15.20,0.00,34
2013/01/18,"50,017","755,605",15.20,15.20,15.05,15.15,-0.05,36
2013/01/21,"296,166","4,470,946",15.15,15.25,15.05,15.20,+0.05,43
2013/01/22,"96,801","1,463,794",15.15,15.20,15.05,15.20,0.00,41
2013/01/23,"16,534","250,611",15.15,15.20,15.15,15.20,0.00,21
2013/01/24,"70,150","1,058,069",15.15,15.15,15.05,15.15,-0.05,42
2013/01/25,"96,049","1,447,838",15.15,15.15,15.00,15.15,0.00,49
2013/01/28,"60,271","908,315",15.10,15.15,15.05,15.10,-0.05,25
2013/01/29,"59,502","901,103",15.05,15.20,15.05,15.20,+0.10,45
2013/01/30,"50,458","767,260",15.10,15.30,15.10,15.30,+0.10,48
2013/01/31,"765,832","11,703,302",15.15,15.30,15.10,15.25,-0.05,65
2013/02/01,"434,245","6,636,932",15.30,15.30,15.15,15.20,-0.05,42
2013/02/04,"1,428,321","21,838,376",15.25,15.30,15.15,15.30,+0.10,94
2013/02/05,"1,704,160","26,065,029",15.30,15.30,15.20,15.25,-0.05,80
2013/02/06,"114,157","1,734,315",15.30,15.30,15.10,15.20,-0.05,54
2013/02/18,"1,875,218","28,535,988",15.15,15.30,15.05,15.20,0.00,97
2013/02/19,"665,904","10,148,147",15.10,15.25,15.10,15.20,0.00,64
2013/02/20,"62,648","947,298",15.25,15.25,15.10,15.10,-0.10,41
2013/02/21,"110,750","1,682,248",15.10,15.20,15.10,15.20,+0.10,25
2013/02/22,"109,028","1,655,468",15.20,15.25,15.10,15.10,-0.10,31
2013/02/23,"27,925","423,306",15.25,15.25,15.10,15.20,+0.10,30
2013/02/25,"96,000","1,452,000",15.15,15.20,15.05,15.15,-0.05,70
2013/02/26,"66,540","1,003,829",15.15,15.15,15.05,15.15,0.00,38
2013/02/27,"74,503","1,130,194",15.25,15.25,15.10,15.15,0.00,36
2013/03/01,"67,730","1,027,855",15.15,15.25,15.15,15.25,+0.10,36
2013/03/04,"100,506","1,513,737",15.10,15.15,15.00,15.10,-0.15,66
2013/03/05,"120,203","1,798,307",15.05,15.05,14.90,14.95,-0.15,77
2013/03/06,"133,592","2,013,153",15.00,15.20,15.00,15.15,+0.20,83
2013/03/07,"878,758","14,132,944",15.15,16.20,15.15,16.20,+1.05,424
2013/03/08,"508,691","8,135,135",16.25,16.35,15.65,15.65,-0.55,243
2013/03/11,"120,295","1,865,610",15.65,15.70,15.40,15.40,-0.25,88
2013/03/12,"130,604","2,001,869",15.40,15.40,15.30,15.35,-0.05,59
2013/03/13,"40,251","617,838",15.30,15.40,15.30,15.35,0.00,34
2013/03/14,"424,172","6,584,225",15.45,15.95,15.20,15.40,+0.05,123
2013/03/15,"287,911","4,446,277",15.40,15.70,15.30,15.40,0.00,145
2013/03/18,"98,857","1,507,774",15.35,15.35,15.20,15.20,-0.20,62
2013/03/19,"185,557","2,819,984",15.25,15.30,15.15,15.20,0.00,95
2013/03/20,"144,794","2,192,867",15.20,15.25,15.05,15.20,0.00,75
2013/03/21,"115,120","1,744,220",15.20,15.25,15.10,15.25,+0.05,67
2013/03/22,"74,045","1,122,082",15.20,15.20,15.10,15.15,-0.10,38
2013/03/25,"205,016","3,143,691",15.15,15.40,15.15,15.30,+0.15,44
2013/03/26,"203,730","3,106,400",15.30,15.30,15.10,15.10,-0.20,46
2013/03/27,"140,838","2,137,249",15.10,15.20,15.10,15.20,+0.10,43
2013/03/28,"71,971","1,090,657",15.20,15.20,15.10,15.20,0.00,51
2013/03/29,"90,034","1,363,260",15.15,15.20,15.10,15.15,-0.05,37
2013/04/01,"99,889","1,502,178",15.05,15.15,15.00,15.15,0.00,48
2013/04/02,"61,372","923,180",15.10,15.10,15.00,15.10,-0.05,42
2013/04/03,"62,901","945,707",15.15,15.15,15.00,15.05,-0.05,31
2013/04/08,"104,114","1,547,740",15.00,15.00,14.80,14.95,-0.10,48
2013/04/09,"125,493","1,848,645",14.85,14.85,14.65,14.80,-0.15,57
2013/04/10,"54,264","802,627",14.80,14.85,14.70,14.80,0.00,41
2013/04/11,"144,364","2,157,704",15.00,15.00,14.85,14.85,+0.05,33
2013/04/12,"326,449","4,922,954",15.15,15.15,14.90,15.00,+0.15,64
2013/04/15,"21,409","318,494",14.90,14.95,14.80,14.95,-0.05,12
2013/04/16,"15,205","226,442",14.90,14.95,14.80,14.95,0.00,13
2013/04/17,"55,531","826,859",14.90,15.00,14.80,15.00,+0.05,35
2013/04/18,"73,728","1,097,720",14.85,15.05,14.75,15.05,+0.05,46
2013/04/19,"328,601","5,167,729",16.10,16.10,15.05,15.05,0.00,159
2013/04/22,"349,901","5,281,516",15.05,15.20,14.95,15.05,0.00,68
2013/04/23,"93,254","1,408,560",15.05,15.15,14.95,15.10,+0.05,32
2013/04/24,"175,863","2,644,795",15.00,15.10,14.95,15.10,0.00,49
2013/04/25,"150,600","2,258,179",15.10,15.10,14.90,14.90,-0.20,40
2013/04/26,"66,881","995,224",14.95,15.00,14.80,15.00,+0.10,38
2013/04/29,"73,210","1,095,845",14.90,15.00,14.85,14.85,-0.15,19
2013/04/30,"228,125","3,423,175",15.00,15.05,14.85,15.00,+0.15,34
2013/05/02,"78,507","1,175,105",14.85,15.10,14.85,15.10,+0.10,40
2013/05/03,"49,622","742,464",15.10,15.10,14.90,15.05,-0.05,36
2013/05/06,"348,605","5,204,975",14.95,15.00,14.80,15.00,-0.05,53
2013/05/07,"23,094","345,595",15.00,15.00,14.90,15.00,0.00,20
2013/05/08,"75,431","1,125,766",14.90,15.00,14.90,15.00,0.00,58
2013/05/09,"165,400","2,490,115",15.00,15.10,14.90,15.05,+0.05,45
2013/05/10,"134,907","2,032,508",15.05,15.10,14.95,15.05,0.00,54
2013/05/13,"34,763","522,203",15.05,15.10,14.95,15.10,+0.05,19
2013/05/14,"77,610","1,161,819",15.20,15.20,14.90,15.05,-0.05,34
2013/05/15,"58,952","885,930",15.00,15.10,14.95,15.10,+0.05,55
2013/05/16,"73,794","1,111,760",15.15,15.15,15.00,15.10,0.00,54
2013/05/17,"62,200","937,900",15.15,15.15,15.00,15.10,0.00,52
2013/05/20,"143,436","2,162,440",15.05,15.15,14.95,15.10,0.00,35
2013/05/21,"188,500","2,855,850",15.10,15.20,15.00,15.10,0.00,39
2013/05/22,"77,935","1,176,575",15.10,15.20,15.00,15.05,-0.05,42
2013/05/23,"153,219","2,312,335",15.05,15.15,14.95,15.10,+0.05,57
2013/05/24,"49,522","742,947",15.00,15.05,14.95,15.05,-0.05,38
2013/05/27,"141,882","2,138,730",14.95,15.10,14.95,15.10,+0.05,30
2013/05/28,"24,045","360,825",15.10,15.10,14.95,15.10,0.00,22
2013/05/29,"111,921","1,681,815",15.10,15.10,14.95,15.10,0.00,46
2013/05/30,"81,542","1,222,555",15.00,15.05,14.95,15.05,-0.05,29
2013/05/31,"26,226","394,316",15.05,15.05,15.00,15.05,0.00,20
2013/06/03,"88,619","1,324,370",14.95,15.00,14.90,15.00,-0.05,53
2013/06/04,"28,189","421,264",14.95,15.00,14.90,15.00,0.00,21
2013/06/05,"32,365","483,205",14.95,15.00,14.90,14.95,-0.05,24
2013/06/06,"51,146","759,867",14.90,14.95,14.80,14.95,0.00,37
2013/06/07,"101,254","1,502,358",14.90,14.90,14.80,14.90,-0.05,43
2013/06/10,"69,121","1,029,444",14.80,14.95,14.80,14.95,+0.05,28
2013/06/11,"36,619","546,885",14.85,15.00,14.85,15.00,+0.05,21
2013/06/13,"107,230","1,601,063",14.85,15.00,14.80,14.95,-0.05,31
2013/06/14,"31,362","467,875",14.90,14.95,14.85,14.95,0.00,18
2013/06/17,"10,388","155,009",14.90,14.95,14.90,14.95,0.00,11
2013/06/18,"98,582","1,475,018",14.95,15.00,14.85,15.00,+0.05,53
2013/06/19,"45,856","687,401",15.00,15.10,14.85,15.00,0.00,29
2013/06/20,"29,380","438,550",14.95,15.00,14.85,15.00,0.00,15
2013/06/21,"104,460","1,557,957",14.80,14.95,14.80,14.90,-0.10,23
2013/06/24,"87,153","1,294,170",14.85,14.95,14.80,14.95,+0.05,34
2013/06/25,"24,208","360,878",14.90,14.95,14.85,14.95,0.00,13
2013/06/26,"351,233","5,301,931",14.95,15.15,14.95,15.05,+0.10,23
2013/06/27,"22,103","331,937",15.00,15.10,14.95,15.10,+0.05,17
2013/06/28,"22,597","339,140",15.00,15.05,14.95,15.00,-0.10,19
2013/07/01,"38,455","576,077",14.90,15.05,14.85,15.05,+0.05,28
2013/07/02,"28,766","431,408",15.05,15.05,14.90,15.05,0.00,37
2013/07/03,"51,449","770,780",15.00,15.05,14.95,15.00,-0.05,62
2013/07/04,"80,653","1,197,745",14.85,15.00,14.70,15.00,X0.00,33
2013/07/05,"32,420","485,154",14.90,15.05,14.85,15.05,+0.05,22
2013/07/08,"35,140","525,935",14.95,15.05,14.90,15.05,0.00,19
2013/07/09,"43,969","657,285",15.05,15.05,14.90,15.05,0.00,24
2013/07/10,"101,963","1,518,047",15.05,15.05,14.80,14.95,-0.10,47
2013/07/11,"38,467","573,160",14.85,14.95,14.85,14.95,0.00,27
2013/07/12,"46,000","686,600",14.95,14.95,14.85,14.95,0.00,25
2013/07/15,"35,661","532,193",14.95,15.00,14.85,15.00,+0.05,31
2013/07/16,"24,835","371,291",14.90,15.00,14.85,15.00,0.00,16
2013/07/17,"49,710","744,127",14.90,15.05,14.90,15.05,+0.05,29
2013/07/18,"78,304","1,173,329",14.95,15.00,14.90,15.00,-0.05,29
2013/07/19,"58,134","865,342",14.90,15.00,14.85,15.00,0.00,29
2013/07/22,"21,727","324,580",14.95,15.00,14.85,15.00,0.00,19
2013/07/23,"39,255","586,786",15.00,15.00,14.90,15.00,0.00,26
2013/07/24,"71,540","1,074,000",15.00,15.10,14.90,15.10,+0.10,50
2013/07/25,"73,270","1,085,246",14.85,15.00,14.70,14.90,X0.00,55
2013/07/26,"28,821","427,602",14.90,14.95,14.80,14.95,+0.05,24
2013/07/29,"68,861","1,029,373",14.90,15.00,14.85,15.00,+0.05,37
2013/07/30,"18,084","271,049",15.00,15.00,14.95,15.00,0.00,16
2013/07/31,"34,088","507,902",14.90,15.00,14.85,15.00,0.00,27
2013/08/01,"20,625","307,309",15.00,15.00,14.85,15.00,0.00,17
2013/08/02,"16,934","253,310",14.95,15.00,14.90,15.00,0.00,19
2013/08/05,"94,669","1,418,647",15.00,15.00,14.90,15.00,0.00,35
2013/08/06,"27,070","403,840",14.90,15.00,14.85,15.00,0.00,24
2013/08/07,"24,386","363,178",14.85,14.95,14.85,14.95,-0.05,24
2013/08/08,"24,265","361,684",14.85,14.95,14.85,14.95,0.00,15
2013/08/09,"64,281","956,371",14.85,15.00,14.80,15.00,+0.05,37
2013/08/12,"49,006","728,537",15.00,15.00,14.80,15.00,0.00,32
2013/08/13,"28,261","421,082",15.00,15.00,14.85,14.90,-0.10,25
2013/08/14,"28,630","427,235",14.90,15.00,14.80,15.00,+0.10,19
2013/08/15,"87,791","1,298,753",14.85,14.95,14.70,14.90,-0.10,47
2013/08/16,"49,386","734,028",14.80,14.95,14.75,14.95,+0.05,27
2013/08/19,"47,900","712,250",14.80,15.00,14.80,15.00,+0.05,29
2013/08/20,"32,716","486,790",14.85,14.90,14.85,14.90,-0.10,24
2013/08/22,"27,527","408,349",14.80,14.90,14.75,14.90,0.00,15
2013/08/23,"33,437","496,515",14.80,14.90,14.80,14.85,-0.05,19
2013/08/26,"30,482","451,882",14.80,14.90,14.80,14.90,+0.05,17
2013/08/27,"21,041","311,297",14.80,14.85,14.75,14.85,-0.05,21
2013/08/28,"64,393","950,146",14.80,14.85,14.70,14.85,0.00,20
2013/08/29,"78,516","1,160,835",14.75,14.90,14.70,14.90,+0.05,35
2013/08/30,"104,405","1,546,689",14.75,14.95,14.70,14.95,+0.05,44
2013/09/02,"199,190","2,966,461",14.80,14.95,14.70,14.95,0.00,28
2013/09/03,"153,446","2,291,973",14.75,14.95,14.75,14.90,-0.05,26
2013/09/04,"46,918","695,539",14.75,14.90,14.75,14.85,-0.05,32
2013/09/05,"101,788","1,517,397",14.80,14.95,14.75,14.95,+0.10,37
2013/09/06,"41,089","612,868",14.95,14.95,14.85,14.95,0.00,30
2013/09/09,"78,809","1,166,671",14.95,14.95,14.75,14.95,0.00,32
2013/09/10,"64,125","949,502",14.90,14.90,14.75,14.85,-0.10,27
2013/09/11,"20,207","300,621",14.80,14.90,14.75,14.90,+0.05,19
2013/09/12,"137,587","2,051,009",14.80,15.00,14.80,15.00,+0.10,46
2013/09/13,"81,577","1,217,705",14.85,15.00,14.80,15.00,0.00,33
2013/09/14,"175,099","2,616,169",14.85,14.95,14.85,14.95,-0.05,26
2013/09/16,"92,870","1,383,612",14.85,14.95,14.80,14.90,-0.05,48
2013/09/17,"18,956","283,093",14.80,15.00,14.80,15.00,+0.10,18
2013/09/18,"37,793","563,245",14.85,15.00,14.80,15.00,0.00,28
2013/09/23,"130,795","1,948,291",14.85,14.95,14.85,14.85,-0.15,39
2013/09/24,"87,044","1,289,750",14.85,14.90,14.80,14.90,+0.05,36
2013/09/25,"60,496","897,662",14.80,14.95,14.75,14.95,+0.05,35
2013/09/26,"53,535","794,492",14.80,14.95,14.80,14.95,0.00,30
2013/09/27,"26,397","391,581",14.85,14.95,14.80,14.95,0.00,23
2013/09/30,"39,940","593,299",14.80,14.95,14.80,14.95,0.00,25
2013/10/01,"53,441","794,472",14.85,14.95,14.80,14.90,-0.05,44
2013/10/02,"92,159","1,368,516",14.80,14.90,14.80,14.90,0.00,38
2013/10/03,"151,088","2,254,246",14.85,15.00,14.75,14.95,+0.05,62
2013/10/04,"70,990","1,051,945",14.85,14.90,14.80,14.90,-0.05,39
2013/10/07,"77,761","1,151,071",14.80,14.85,14.75,14.85,-0.05,44
2013/10/08,"971,567","14,885,355",14.80,15.70,14.80,15.10,+0.25,358
2013/10/09,"193,609","2,896,185",14.95,15.15,14.90,15.10,0.00,84
2013/10/11,"113,965","1,728,025",15.30,15.40,15.05,15.10,0.00,67
2013/10/14,"76,514","1,148,410",15.00,15.15,14.90,15.10,0.00,43
2013/10/15,"63,385","953,825",15.10,15.10,15.00,15.10,0.00,55
2013/10/16,"53,157","801,235",15.00,15.15,15.00,15.05,-0.05,35
2013/10/17,"49,962","750,580",15.05,15.10,15.00,15.10,+0.05,37
2013/10/18,"223,708","3,360,970",15.20,15.20,15.00,15.10,0.00,52
2013/10/21,"1,152,347","17,965,447",15.10,15.80,15.10,15.40,+0.30,441
2013/10/22,"435,024","6,632,760",15.40,15.40,15.15,15.15,-0.25,118
2013/10/23,"156,639","2,362,864",15.15,15.20,15.00,15.20,+0.05,74
2013/10/24,"244,622","3,680,245",15.20,15.25,15.00,15.05,-0.15,85
2013/10/25,"514,677","7,925,405",15.30,15.50,15.30,15.40,+0.35,233
2013/10/28,"1,436,763","23,339,515",15.65,16.45,15.60,16.45,+1.05,580
2013/10/29,"1,651,168","29,060,519",17.60,17.60,17.60,17.60,+1.15,539
2013/10/30,"8,551,098","159,587,380",18.80,18.80,18.30,18.60,+1.00,"2,944"
2013/10/31,"3,056,755","55,479,714",18.50,18.50,17.80,18.10,-0.50,"1,285"
2013/11/01,"2,346,952","41,162,360",18.40,18.40,17.10,17.20,-0.90,861
2013/11/04,"3,642,233","65,034,575",17.70,18.40,17.25,17.25,+0.05,"1,418"
2013/11/05,"3,500,628","56,691,927",16.80,16.80,16.05,16.15,-1.10,"1,163"
2013/11/06,"2,956,957","45,639,299",16.10,16.15,15.05,15.05,-1.10,736
2013/11/07,"1,241,150","18,244,969",15.00,15.00,14.40,15.00,-0.05,523
2013/11/08,"747,150","11,147,599",14.75,15.10,14.75,14.85,-0.15,256
2013/11/11,"1,775,363","28,082,746",15.70,15.85,15.70,15.85,+1.00,543
2013/11/12,"1,482,114","24,140,702",16.80,16.80,15.80,16.05,+0.20,609
2013/11/13,"1,272,872","19,521,453",15.60,15.70,15.15,15.30,-0.75,506
2013/11/14,"2,020,583","29,191,530",14.25,14.85,14.25,14.85,-0.45,743
2013/11/15,"624,491","9,221,510",14.70,15.05,14.60,15.00,+0.15,266
2013/11/18,"297,398","4,458,845",15.05,15.10,14.80,15.05,+0.05,125
2013/11/19,"280,684","4,178,906",15.05,15.10,14.80,14.95,-0.10,122
2013/11/20,"126,982","1,896,324",14.95,15.00,14.85,14.95,0.00,82
2013/11/21,"286,337","4,251,987",14.95,14.95,14.75,14.95,0.00,90
2013/11/22,"233,915","3,462,040",14.95,14.95,14.70,14.95,0.00,104
2013/11/25,"254,205","3,761,118",14.90,14.90,14.70,14.90,-0.05,118
2013/11/26,"268,420","4,030,306",14.75,15.15,14.75,15.00,+0.10,119
2013/11/27,"133,963","1,997,294",14.90,15.00,14.85,14.95,-0.05,71
2013/11/28,"263,332","3,924,294",14.95,15.00,14.85,15.00,+0.05,105
2013/11/29,"190,128","2,843,198",14.90,15.05,14.85,15.00,0.00,80
2013/12/02,"122,264","1,822,804",14.85,15.00,14.85,14.90,-0.10,40
2013/12/03,"154,692","2,316,292",15.00,15.00,14.90,14.95,+0.05,63
2013/12/04,"149,297","2,222,042",14.80,15.00,14.80,14.95,0.00,79
2013/12/05,"215,183","3,198,205",14.90,14.95,14.80,14.90,-0.05,88
2013/12/06,"152,608","2,259,816",14.85,14.90,14.80,14.85,-0.05,55
2013/12/09,"129,679","1,921,261",14.75,14.90,14.75,14.85,0.00,80
2013/12/10,"450,942","6,605,140",14.75,14.75,14.55,14.70,-0.15,179
2013/12/11,"393,576","5,752,009",14.70,14.75,14.50,14.70,0.00,136
2013/12/12,"291,233","4,257,962",14.55,14.75,14.50,14.75,+0.05,123
2013/12/13,"127,728","1,874,608",14.65,14.75,14.55,14.75,0.00,72
2013/12/16,"196,165","2,883,931",14.70,14.80,14.60,14.80,+0.05,101
2013/12/17,"41,369","609,672",14.80,14.80,14.70,14.80,0.00,35
2013/12/18,"170,203","2,514,291",14.80,14.85,14.70,14.85,+0.05,79
2013/12/19,"121,421","1,795,428",14.80,14.85,14.75,14.80,-0.05,49
2013/12/20,"108,584","1,600,134",14.80,14.80,14.70,14.80,0.00,49
2013/12/23,"71,405","1,056,122",14.70,14.85,14.70,14.85,+0.05,40
2013/12/24,"73,045","1,077,107",14.80,14.85,14.70,14.85,0.00,45
2013/12/25,"115,535","1,704,211",14.85,14.85,14.70,14.80,-0.05,62
2013/12/26,"98,414","1,451,884",14.80,14.80,14.70,14.80,0.00,34
2013/12/27,"184,028","2,704,554",14.75,14.75,14.65,14.75,-0.05,71
2013/12/30,"150,330","2,213,315",14.75,14.80,14.70,14.75,0.00,70
2013/12/31,"312,027","4,573,541",14.70,14.70,14.60,14.70,-0.05,88
2014/01/02,"206,321","3,027,685",14.70,14.70,14.60,14.70,0.00,58
2014/01/03,"161,660","2,371,584",14.65,14.75,14.60,14.75,+0.05,72
2014/01/06,"323,627","4,739,601",14.65,14.70,14.60,14.70,-0.05,101
2014/01/07,"120,754","1,767,357",14.60,14.70,14.60,14.70,0.00,67
2014/01/08,"207,943","3,036,369",14.65,14.65,14.55,14.60,-0.10,64
2014/01/09,"177,000","2,581,797",14.55,14.65,14.50,14.60,0.00,70
2014/01/10,"173,585","2,540,440",14.60,14.70,14.55,14.70,+0.10,75
2014/01/13,"251,650","3,680,539",14.70,14.70,14.55,14.65,-0.05,70
2014/01/14,"96,819","1,414,812",14.55,14.70,14.55,14.65,0.00,49
2014/01/15,"347,262","5,152,094",14.60,15.00,14.55,14.80,+0.15,152
2014/01/16,"77,619","1,146,984",14.80,14.90,14.75,14.75,-0.05,43
2014/01/17,"151,557","2,231,958",14.70,14.80,14.65,14.75,0.00,33
2014/01/20,"173,599","2,548,393",14.85,14.85,14.60,14.70,-0.05,59
2014/01/21,"76,982","1,130,932",14.70,14.75,14.60,14.75,+0.05,33
2014/01/22,"479,000","7,054,496",14.65,14.75,14.60,14.75,0.00,55
2014/01/23,"509,189","7,539,027",14.75,14.85,14.75,14.75,0.00,75
2014/01/24,"688,268","10,153,071",14.75,14.80,14.60,14.75,0.00,50
2014/01/27,"139,238","2,037,401",14.65,14.70,14.55,14.65,-0.10,62
2014/02/05,"136,000","1,977,500",14.50,14.65,14.45,14.60,-0.05,70
2014/02/06,"193,805","2,795,990",14.55,14.60,14.30,14.45,-0.15,90
2014/02/07,"248,003","3,586,389",14.50,14.50,14.40,14.50,+0.05,82
2014/02/10,"581,479","8,370,294",14.50,14.50,14.30,14.40,-0.10,112
2014/02/11,"216,979","3,132,997",14.45,14.50,14.35,14.45,+0.05,54
2014/02/12,"175,770","2,530,995",14.35,14.45,14.35,14.45,0.00,64
2014/02/13,"330,506","4,763,107",14.45,14.45,14.35,14.40,-0.05,75
2014/02/14,"51,038","735,392",14.35,14.45,14.35,14.45,+0.05,29
2014/02/17,"110,190","1,594,152",14.40,14.60,14.35,14.60,+0.15,66
2014/02/18,"98,613","1,433,125",14.60,14.60,14.45,14.50,-0.10,33
2014/02/19,"226,972","3,285,843",14.50,14.50,14.40,14.50,0.00,51
2014/02/20,"218,483","3,144,880",14.45,14.45,14.35,14.35,-0.15,57
2014/02/21,"114,638","1,646,219",14.30,14.45,14.30,14.40,+0.05,53
2014/02/24,"89,715","1,297,179",14.35,14.55,14.35,14.55,+0.15,50
2014/02/25,"93,958","1,355,941",14.40,14.50,14.40,14.50,-0.05,57
2014/02/26,"142,970","2,062,966",14.40,14.55,14.35,14.50,0.00,60
2014/02/27,"50,322","726,067",14.50,14.50,14.40,14.45,-0.05,41
2014/03/03,"190,999","2,788,332",14.35,14.70,14.35,14.65,+0.20,78
2014/03/04,"274,065","4,025,089",14.65,14.75,14.65,14.65,0.00,76
2014/03/05,"178,997","2,620,652",14.65,14.70,14.55,14.60,-0.05,53
2014/03/06,"205,564","2,995,552",14.60,14.65,14.40,14.65,+0.05,97
2014/03/07,"120,038","1,763,951",14.65,14.85,14.60,14.60,-0.05,68
2014/03/10,"157,480","2,311,509",14.65,14.70,14.60,14.65,+0.05,73
2014/03/11,"159,156","2,331,054",14.65,14.70,14.60,14.65,0.00,54
2014/03/12,"123,832","1,807,852",14.65,14.65,14.55,14.60,-0.05,64
2014/03/13,"83,224","1,215,245",14.60,14.65,14.55,14.60,0.00,37
2014/03/14,"89,394","1,307,772",14.55,14.80,14.55,14.60,0.00,54
2014/03/17,"265,727","3,944,733",14.75,14.95,14.70,14.90,+0.30,158
2014/03/18,"142,312","2,122,560",14.90,15.00,14.85,14.90,0.00,62
2014/03/19,"1,176,712","17,980,202",14.95,15.50,14.95,15.50,+0.60,310
2014/03/20,"624,434","9,466,960",15.60,15.60,15.00,15.05,-0.45,196
2014/03/21,"485,464","7,304,884",15.05,15.15,14.95,15.00,-0.05,113
2014/03/24,"162,067","2,425,148",15.00,15.20,14.80,15.00,0.00,79
2014/03/25,"350,503","5,376,964",14.95,15.55,14.95,15.45,+0.45,184
2014/03/26,"149,646","2,308,532",15.20,15.55,15.20,15.40,-0.05,79
2014/03/27,"617,614","9,497,802",15.40,15.50,15.30,15.50,+0.10,84
2014/03/28,"556,550","8,552,414",15.50,15.60,15.25,15.35,-0.15,94
2014/03/31,"560,234","8,687,892",15.50,15.60,15.40,15.50,+0.15,268
2014/04/01,"159,128","2,463,530",15.55,15.60,15.35,15.60,+0.10,174
2014/04/02,"379,275","5,941,969",15.60,15.80,15.50,15.80,+0.20,207
2014/04/03,"222,599","3,518,864",15.80,15.90,15.70,15.90,+0.10,152
2014/04/07,"642,873","10,502,877",15.90,16.50,15.90,16.30,+0.40,286
2014/04/08,"111,567","1,796,222",16.15,16.20,16.00,16.00,-0.30,135
2014/04/09,"155,852","2,452,104",16.00,16.00,15.50,16.00,0.00,131
2014/04/10,"75,234","1,195,531",16.00,16.00,15.80,16.00,0.00,87
2014/04/11,"301,262","4,667,889",15.90,15.90,15.20,15.30,-0.70,184
2014/04/14,"104,562","1,591,002",15.30,15.30,15.10,15.20,-0.10,104
2014/04/15,"30,559","466,081",15.20,15.30,15.20,15.30,+0.10,79
2014/04/16,"211,489","3,287,434",15.25,15.90,15.20,15.80,+0.50,210
2014/04/17,"249,728","3,909,778",15.80,15.85,15.50,15.75,-0.05,112
2014/04/18,"235,790","3,711,925",15.60,15.80,15.60,15.70,-0.05,108
2014/04/21,"31,574","493,144",15.75,15.75,15.60,15.65,-0.05,86
2014/04/22,"105,294","1,633,698",15.60,15.60,15.45,15.50,-0.15,115
2014/04/23,"90,517","1,387,446",15.60,15.60,15.25,15.35,-0.15,112
2014/04/24,"395,701","6,051,131",15.30,15.45,15.20,15.30,-0.05,108
2014/04/25,"434,535","6,561,431",15.25,15.30,14.90,15.30,0.00,93
2014/04/28,"193,049","2,926,388",15.00,15.25,15.00,15.20,-0.10,48
2014/04/29,"52,304","799,697",15.20,15.45,15.20,15.45,+0.25,31
2014/04/30,"74,473","1,134,740",15.25,15.30,15.20,15.20,-0.25,27
2014/05/02,"50,257","765,154",15.25,15.35,15.10,15.35,+0.15,31
2014/05/05,"7,811","119,234",15.30,15.35,15.20,15.20,-0.15,17
2014/05/06,"54,340","822,716",15.10,15.20,15.10,15.20,0.00,35
2014/05/07,"11,319","171,465",15.05,15.20,15.05,15.20,0.00,14
2014/05/08,"227,479","3,466,705",15.10,15.30,15.10,15.25,+0.05,62
2014/05/09,"196,305","2,979,133",15.25,15.35,15.05,15.25,0.00,78
2014/05/12,"173,063","2,623,251",15.25,15.30,15.05,15.25,0.00,75
2014/05/13,"129,121","1,959,700",15.25,15.25,15.05,15.25,0.00,50
2014/05/14,"99,245","1,500,984",15.10,15.25,15.10,15.25,0.00,35
2014/05/15,"68,360","1,039,655",15.25,15.40,15.15,15.40,+0.15,38
2014/05/16,"60,112","923,160",15.35,15.45,15.20,15.45,+0.05,36
2014/05/19,"122,233","1,862,390",15.25,15.45,15.20,15.35,-0.10,53
2014/05/20,"23,274","356,164",15.20,15.35,15.20,15.35,0.00,16
2014/05/21,"566,219","8,600,767",15.15,15.35,15.15,15.25,-0.10,76
2014/05/22,"25,800","393,165",15.20,15.30,15.20,15.25,0.00,26
2014/05/23,"66,441","1,008,606",15.20,15.25,15.15,15.20,-0.05,32
2014/05/26,"99,414","1,507,274",15.20,15.20,15.10,15.20,0.00,50
2014/05/27,"52,977","802,251",15.15,15.20,15.10,15.20,0.00,23
2014/05/28,"54,863","833,814",15.20,15.30,15.15,15.30,+0.10,34
2014/05/29,"52,792","801,780",15.20,15.25,15.15,15.25,-0.05,31
2014/05/30,"32,314","491,439",15.25,15.25,15.20,15.25,0.00,19
2014/06/03,"37,307","566,732",15.20,15.20,15.15,15.20,-0.05,20
2014/06/04,"82,228","1,244,811",15.20,15.20,15.10,15.20,0.00,48
2014/06/05,"44,101","665,924",15.20,15.20,15.05,15.20,0.00,24
2014/06/06,"66,545","1,007,729",15.10,15.20,15.10,15.20,0.00,34
2014/06/09,"37,580","568,354",15.15,15.20,15.10,15.15,-0.05,30
2014/06/10,"41,264","621,840",15.15,15.15,15.05,15.05,-0.10,37
2014/06/11,"167,259","2,499,639",15.05,15.05,14.80,15.00,-0.05,72
2014/06/12,"40,496","608,337",15.00,15.05,14.85,15.05,+0.05,28
2014/06/13,"50,573","762,811",15.05,15.15,15.05,15.10,+0.05,32
2014/06/16,"42,283","637,573",15.15,15.15,15.00,15.10,0.00,39
2014/06/17,"68,998","1,035,370",15.00,15.10,14.95,15.10,0.00,52
2014/06/18,"308,027","4,780,716",15.20,16.00,15.10,15.75,+0.65,253
2014/06/19,"96,299","1,505,065",15.80,15.80,15.40,15.55,-0.20,82
2014/06/20,"63,105","975,101",15.50,15.55,15.40,15.40,-0.15,47
2014/06/23,"147,119","2,281,242",15.40,15.70,15.25,15.60,+0.20,93
2014/06/24,"383,365","5,999,603",15.65,15.70,15.55,15.60,0.00,112
2014/06/25,"60,165","936,693",15.70,15.70,15.45,15.55,-0.05,58
2014/06/26,"66,000","1,027,198",15.60,15.60,15.45,15.60,+0.05,59
2014/06/27,"438,275","6,650,390",15.65,15.80,14.85,14.85,-0.75,150
2014/06/30,"440,848","6,919,078",15.50,15.85,15.40,15.85,+1.00,142
2014/07/01,"328,923","5,262,116",16.20,16.25,15.85,15.90,+0.05,165
2014/07/02,"293,984","4,648,042",15.85,15.95,15.70,15.85,-0.05,105
2014/07/03,"171,296","2,712,555",15.85,15.90,15.75,15.85,0.00,56
2014/07/04,"22,087","349,709",15.85,15.90,15.75,15.80,-0.05,27
2014/07/07,"1,986,189","33,263,961",15.80,16.90,15.80,16.90,+1.10,578
2014/07/08,"2,680,847","45,729,307",16.90,17.35,16.65,17.30,+0.40,791
2014/07/09,"1,889,900","33,301,120",17.30,18.15,17.30,17.30,0.00,657
2014/07/10,"714,317","12,069,184",17.30,17.30,16.70,16.80,-0.50,298
2014/07/11,"695,536","11,339,531",16.70,16.70,16.00,16.35,-0.45,271
2014/07/14,"872,902","14,931,011",16.75,17.40,16.65,17.25,+0.90,279
2014/07/15,"1,593,255","28,110,638",17.50,18.00,17.35,17.55,+0.30,413
2014/07/16,"689,659","12,153,856",17.40,17.80,17.35,17.80,+0.25,217
2014/07/17,"418,242","7,279,831",17.70,17.70,17.30,17.40,-0.40,147
2014/07/18,"362,847","6,284,545",17.40,17.40,17.15,17.40,0.00,133
2014/07/21,"582,384","10,068,539",17.20,17.50,17.15,17.20,-0.20,151
2014/07/22,"384,171","6,644,570",17.20,17.50,17.15,17.20,0.00,121
2014/07/24,"300,013","5,094,593",17.15,17.20,16.75,17.05,X0.00,130
2014/07/25,"182,651","3,063,231",17.00,17.00,16.70,16.75,-0.30,99
2014/07/28,"481,688","8,310,013",16.85,17.40,16.85,17.35,+0.60,222
2014/07/29,"296,167","5,126,139",17.40,17.60,17.15,17.15,-0.20,156
2014/07/30,"187,751","3,221,600",17.20,17.30,17.05,17.15,0.00,102
2014/07/31,"1,886,100","33,201,026",17.25,17.90,17.20,17.50,+0.35,320
2014/08/01,"1,768,287","31,198,419",17.45,17.80,17.45,17.60,+0.10,275
2014/08/04,"608,429","10,823,927",17.80,17.95,17.60,17.65,+0.05,210
2014/08/05,"815,294","14,331,914",17.70,17.70,17.45,17.55,-0.10,115
2014/08/06,"1,340,527","23,291,104",17.60,17.60,16.90,17.00,-0.55,238
2014/08/07,"470,713","7,986,761",17.00,17.20,16.70,16.90,-0.10,120
2014/08/08,"237,606","3,960,138",16.75,16.90,16.50,16.75,-0.15,87
2014/08/11,"666,613","11,425,580",16.80,17.30,16.80,17.20,+0.45,79
2014/08/12,"94,744","1,606,048",17.00,17.10,16.85,16.90,-0.30,55
2014/08/13,"103,020","1,725,786",16.85,16.85,16.70,16.85,-0.05,57
2014/08/14,"261,587","4,294,207",16.70,16.70,16.20,16.30,-0.55,105
2014/08/15,"761,869","12,344,956",16.20,16.40,15.80,16.40,+0.10,128
2014/08/18,"367,999","5,819,582",16.00,16.20,15.35,16.20,-0.20,150
2014/08/19,"360,231","5,750,263",16.20,16.20,15.70,16.10,-0.10,107
2014/08/20,"363,847","5,862,011",15.90,16.30,15.75,16.25,+0.15,95
2014/08/21,"81,548","1,315,721",16.05,16.30,15.90,16.25,0.00,48
2014/08/22,"185,546","3,043,343",16.15,16.60,16.05,16.50,+0.25,99
2014/08/25,"88,224","1,452,400",16.50,16.55,16.40,16.40,-0.10,51
2014/08/26,"149,397","2,450,898",16.40,16.55,16.25,16.30,-0.10,67
2014/08/27,"357,269","5,894,130",16.45,16.60,16.40,16.40,+0.10,103
2014/08/28,"240,535","3,950,475",16.40,16.55,16.35,16.55,+0.15,33
2014/08/29,"58,411","960,831",16.30,16.55,16.30,16.55,0.00,55
2014/09/01,"120,119","2,013,385",16.55,16.90,16.55,16.80,+0.25,65
2014/09/02,"50,740","843,832",16.70,16.70,16.55,16.70,-0.10,32
2014/09/03,"69,372","1,148,938",16.50,16.65,16.45,16.55,-0.15,21
2014/09/04,"95,519","1,589,518",16.50,17.20,16.35,17.05,+0.50,70
2014/09/05,"200,330","3,320,792",16.90,17.00,16.30,16.90,-0.15,96
2014/09/09,"192,001","3,216,816",16.75,16.90,16.60,16.80,-0.10,81
2014/09/10,"40,818","682,789",16.80,16.80,16.60,16.80,0.00,38
2014/09/11,"40,197","671,955",16.60,16.80,16.60,16.80,0.00,40
2014/09/12,"102,858","1,699,392",16.65,16.65,16.45,16.45,-0.35,61
2014/09/15,"74,803","1,221,774",16.20,16.50,16.20,16.45,0.00,56
2014/09/16,"427,561","7,217,954",16.45,17.15,16.45,17.05,+0.60,162
2014/09/17,"1,269,962","22,299,730",17.05,17.90,17.05,17.50,+0.45,433
2014/09/18,"410,302","7,003,988",17.50,17.55,16.80,16.80,-0.70,173
2014/09/19,"199,736","3,312,465",16.80,16.80,16.45,16.70,-0.10,119
2014/09/22,"565,282","9,731,665",16.70,17.45,16.60,17.05,+0.35,170
2014/09/23,"437,251","7,556,791",17.05,17.45,16.85,17.00,-0.05,96
2014/09/24,"467,116","7,811,454",16.85,16.85,16.55,16.55,-0.45,126
2014/09/25,"394,514","6,489,955",16.55,16.70,16.25,16.50,-0.05,83
2014/09/26,"54,363","888,251",16.40,16.50,16.20,16.50,0.00,36
2014/09/29,"134,888","2,216,973",16.50,16.60,16.25,16.40,-0.10,39
2014/09/30,"146,729","2,429,444",16.35,16.80,16.20,16.80,+0.40,118
2014/10/01,"43,261","719,456",16.80,16.80,16.55,16.55,-0.25,28
2014/10/02,"37,600","618,679",16.40,16.55,16.35,16.55,0.00,27
2014/10/03,"56,182","926,958",16.40,16.70,16.40,16.55,0.00,46
2014/10/06,"91,020","1,494,579",16.55,16.60,16.40,16.45,-0.10,34
2014/10/07,"131,365","2,110,016",16.30,16.30,15.80,15.85,-0.60,94
2014/10/08,"191,152","2,947,124",15.80,15.80,15.25,15.30,-0.55,117
2014/10/09,"73,819","1,129,928",15.30,15.45,15.20,15.40,+0.10,58
2014/10/13,"557,552","8,322,461",14.35,15.20,14.35,15.15,-0.25,139
2014/10/14,"161,075","2,443,947",15.00,15.40,14.90,15.40,+0.25,61
2014/10/15,"426,211","6,454,615",15.30,15.30,14.85,14.90,-0.50,140
2014/10/16,"295,500","4,401,550",14.70,15.20,14.50,15.00,+0.10,97
2014/10/17,"198,202","2,958,230",15.00,15.05,14.70,14.90,-0.10,124
2014/10/20,"272,579","4,087,213",15.15,15.30,14.90,14.90,0.00,99
2014/10/21,"151,326","2,253,154",14.90,15.00,14.80,15.00,+0.10,46
2014/10/22,"181,082","2,693,080",15.00,15.15,14.75,15.10,+0.10,104
2014/10/23,"117,053","1,749,545",14.85,15.15,14.80,15.10,0.00,63
2014/10/24,"269,518","4,040,415",15.15,15.15,14.80,15.15,+0.05,144
2014/10/27,"139,216","2,073,902",15.10,15.10,14.80,14.95,-0.20,87
2014/10/28,"209,656","3,157,690",15.05,15.10,14.90,15.05,+0.10,61
2014/10/29,"325,401","4,924,515",14.90,15.20,14.90,15.05,0.00,74
2014/10/30,"145,502","2,198,580",15.05,15.25,15.00,15.05,0.00,60
2014/10/31,"110,184","1,662,460",15.15,15.15,15.00,15.05,0.00,52
2014/11/03,"1,519,206","24,173,220",15.80,16.10,15.50,15.50,+0.45,430
2014/11/04,"495,480","7,549,172",15.30,15.45,15.10,15.10,-0.40,210
2014/11/05,"162,418","2,470,202",15.10,15.30,15.10,15.30,+0.20,56
2014/11/06,"42,125","640,911",15.30,15.30,15.10,15.10,-0.20,28
2014/11/07,"468,832","7,116,710",15.10,15.30,15.10,15.30,+0.20,80
2014/11/10,"236,005","3,616,776",15.30,15.60,15.20,15.30,0.00,72
2014/11/11,"53,730","818,572",15.30,15.30,15.20,15.25,-0.05,34
2014/11/12,"168,071","2,563,022",15.20,15.30,15.20,15.20,-0.05,32
2014/11/13,"177,767","2,709,019",15.30,15.30,15.15,15.25,+0.05,55
2014/11/14,"163,103","2,489,715",15.25,15.50,15.10,15.30,+0.05,64
2014/11/17,"1,443,657","22,801,114",15.50,15.90,15.30,15.50,+0.20,206
2014/11/18,"1,089,539","17,068,818",15.40,15.75,15.40,15.50,0.00,97
2014/11/19,"104,247","1,603,752",15.40,15.50,15.30,15.40,-0.10,52
2014/11/20,"122,100","1,872,919",15.35,15.50,15.20,15.35,-0.05,54
2014/11/21,"53,442","815,939",15.35,15.40,15.25,15.25,-0.10,34
2014/11/24,"112,076","1,699,008",15.25,15.25,15.10,15.15,-0.10,57
2014/11/25,"46,759","708,458",15.10,15.25,15.10,15.20,+0.05,30
2014/11/26,"58,274","889,763",15.20,15.30,15.20,15.30,+0.10,33
2014/11/27,"52,676","806,324",15.35,15.35,15.20,15.30,0.00,25
2014/11/28,"180,939","2,763,378",15.20,15.35,15.15,15.15,-0.15,26
2014/12/01,"120,424","1,817,649",15.00,15.20,15.00,15.15,0.00,47
2014/12/02,"38,616","583,640",15.30,15.30,15.05,15.05,-0.10,32
2014/12/03,"109,382","1,643,603",15.05,15.15,14.95,15.15,+0.10,60
2014/12/04,"113,256","1,699,940",15.05,15.15,15.00,15.00,-0.15,45
2014/12/05,"46,341","696,565",15.00,15.10,14.95,15.10,+0.10,30
2014/12/08,"93,739","1,405,043",15.15,15.15,14.95,14.95,-0.15,36
2014/12/09,"33,190","499,038",14.95,15.10,14.95,15.00,+0.05,25
2014/12/10,"100,023","1,490,184",14.90,15.05,14.80,14.95,-0.05,67
2014/12/11,"15,001","223,715",14.90,14.95,14.90,14.90,-0.05,10
2014/12/12,"68,078","1,019,964",14.90,15.05,14.90,15.00,+0.10,30
2014/12/15,"56,818","847,981",14.90,15.00,14.85,15.00,0.00,38
2014/12/16,"124,385","1,867,464",14.85,15.15,14.85,14.90,-0.10,77
2014/12/17,"300,169","4,505,017",14.90,15.05,14.85,15.00,+0.10,86
2014/12/18,"243,395","3,662,704",15.00,15.10,14.95,15.00,0.00,24
2014/12/19,"285,796","4,300,807",15.00,15.10,14.95,14.95,-0.05,44
2014/12/22,"290,505","4,355,220",14.95,15.10,14.90,14.95,0.00,30
2014/12/23,"105,210","1,588,100",15.00,15.15,14.95,15.05,+0.10,28
2014/12/24,"14,170","213,750",15.00,15.15,15.00,15.10,+0.05,15
2014/12/25,"7,874","118,206",15.00,15.05,15.00,15.05,-0.05,17
2014/12/26,"93,635","1,414,325",15.15,15.15,15.10,15.10,+0.05,30
2014/12/27,"11,841","179,055",15.15,15.20,15.10,15.10,0.00,19
2014/12/29,"67,425","1,020,485",15.10,15.20,15.10,15.15,+0.05,28
2014/12/30,"80,861","1,232,486",15.15,15.30,15.15,15.30,+0.15,48
2014/12/31,"45,922","699,663",15.20,15.30,15.20,15.25,-0.05,45
2015/01/05,"94,288","1,432,176",15.25,15.40,15.05,15.30,+0.05,64
2015/01/06,"68,109","1,028,889",15.10,15.20,15.05,15.15,-0.15,43
2015/01/07,"22,883","346,931",15.05,15.25,15.05,15.25,+0.10,27
2015/01/08,"50,358","763,354",15.25,15.25,15.10,15.10,-0.15,29
2015/01/09,"72,500","1,094,572",15.20,15.20,15.05,15.15,+0.05,38
2015/01/12,"92,428","1,394,461",15.00,15.25,15.00,15.15,0.00,51
2015/01/13,"145,630","2,187,129",15.00,15.20,14.95,15.00,-0.15,94
2015/01/14,"83,728","1,256,420",15.00,15.10,14.95,15.10,+0.10,50
2015/01/15,"83,681","1,249,090",15.00,15.00,14.80,15.00,-0.10,59
2015/01/16,"73,362","1,087,757",14.90,14.90,14.75,14.90,-0.10,56
2015/01/19,"35,011","520,260",14.90,14.90,14.80,14.85,-0.05,25
2015/01/20,"36,882","550,881",14.85,15.00,14.85,14.95,+0.10,41
2015/01/21,"81,531","1,221,515",14.95,15.05,14.95,15.05,+0.10,42
2015/01/22,"71,442","1,071,456",15.05,15.05,14.95,15.00,-0.05,30
2015/01/23,"9,630","144,381",15.00,15.00,15.00,15.00,0.00,16
2015/01/26,"16,147","241,268",15.00,15.00,14.95,14.95,-0.05,21
2015/01/27,"11,180","167,128",14.95,15.05,14.90,15.00,+0.05,16
2015/01/28,"52,633","787,729",15.00,15.05,14.95,15.00,0.00,18
2015/01/29,"24,006","360,539",15.10,15.10,14.90,15.00,0.00,22
2015/01/30,"49,038","732,614",15.00,15.00,14.90,14.95,-0.05,27
2015/02/02,"73,364","1,095,528",14.95,15.00,14.85,15.00,+0.05,26
2015/02/03,"16,082","241,418",15.00,15.05,15.00,15.00,0.00,13
2015/02/04,"27,628","413,655",15.05,15.05,14.95,15.00,0.00,17
2015/02/05,"6,221","92,996",14.95,14.95,14.95,14.95,-0.05,12
2015/02/06,"84,032","1,262,580",15.20,15.20,14.95,14.95,0.00,40
2015/02/09,"25,397","378,860",14.95,15.00,14.85,15.00,+0.05,20
2015/02/10,"226,865","3,403,832",14.85,15.10,14.85,15.00,0.00,61
2015/02/11,"141,037","2,126,005",15.10,15.10,14.95,14.95,-0.05,62
2015/02/12,"14,001","209,765",15.00,15.00,14.95,15.00,+0.05,7
2015/02/13,"123,186","1,858,047",15.00,15.20,14.90,15.05,+0.05,37
2015/02/24,"34,069","511,277",15.05,15.05,14.95,15.00,-0.05,21
2015/02/25,"22,307","334,168",15.00,15.05,14.95,15.05,+0.05,22
2015/02/26,"189,620","2,832,162",14.95,15.10,14.70,15.05,0.00,65
2015/03/02,"77,649","1,169,790",15.10,15.15,15.00,15.00,-0.05,35
2015/03/03,"128,583","1,927,630",14.95,15.10,14.90,14.95,-0.05,38
2015/03/04,"11,427","170,855",15.05,15.10,14.90,15.10,+0.15,15
2015/03/05,"452,783","6,732,162",15.15,15.15,14.80,14.90,-0.20,71
2015/03/06,"243,199","3,635,749",14.90,15.00,14.80,15.00,+0.10,48
2015/03/09,"222,412","3,316,865",14.90,15.00,14.85,15.00,0.00,55
2015/03/10,"8,795","130,902",14.90,14.95,14.90,14.95,-0.05,24
2015/03/11,"43,213","642,746",14.85,14.95,14.85,14.90,-0.05,58
2015/03/12,"21,057","313,591",14.90,14.95,14.85,14.90,0.00,23
2015/03/13,"3,295","48,962",14.90,14.90,14.90,14.90,0.00,8
2015/03/16,"2,365","35,217",14.85,14.95,14.85,14.95,+0.05,28
2015/03/17,"34,905","519,976",14.90,14.95,14.85,14.95,0.00,26
2015/03/18,"158,418","2,368,026",14.90,15.00,14.85,14.90,-0.05,50
2015/03/19,"70,047","1,045,938",14.95,15.00,14.85,14.85,-0.05,45
2015/03/20,"40,512","603,740",14.90,14.95,14.90,14.95,+0.10,31
2015/03/23,"14,228","212,582",14.95,14.95,14.90,14.95,0.00,38
2015/03/24,"32,263","481,394",14.95,15.00,14.90,14.90,-0.05,41
2015/03/25,"12,155","181,428",14.95,14.95,14.90,14.90,0.00,34
2015/03/26,"45,474","681,110",15.00,15.00,14.90,15.00,+0.10,34
2015/03/27,"85,901","1,287,165",15.00,15.10,14.90,15.10,+0.10,59
2015/03/30,"35,461","533,715",15.05,15.10,15.00,15.10,0.00,63
2015/03/31,"435,426","6,818,294",15.20,16.10,15.20,15.60,+0.50,204
2015/04/01,"110,968","1,705,653",15.50,15.50,15.20,15.40,-0.20,59
2015/04/02,"129,035","1,973,124",15.25,15.45,15.10,15.35,-0.05,65
2015/04/07,"144,436","2,210,572",15.20,15.35,15.10,15.30,-0.05,43
2015/04/08,"58,215","890,067",15.40,15.40,15.25,15.30,0.00,25
2015/04/09,"49,162","752,466",15.35,15.35,15.25,15.35,+0.05,31
2015/04/10,"137,667","2,125,732",15.30,15.50,15.30,15.30,-0.05,38
2015/04/13,"44,883","687,905",15.30,15.40,15.25,15.40,+0.10,22
2015/04/14,"68,749","1,063,480",15.35,15.50,15.35,15.50,+0.10,20
2015/04/15,"75,178","1,140,786",15.30,15.45,15.00,15.10,-0.40,48
2015/04/16,"145,797","2,189,405",15.10,15.10,14.95,15.10,0.00,69
2015/04/17,"40,202","605,166",15.00,15.10,15.00,15.00,-0.10,39
2015/04/20,"33,280","499,654",15.00,15.10,14.95,14.95,-0.05,40
2015/04/21,"29,488","441,318",15.00,15.00,14.90,14.95,0.00,16
2015/04/22,"84,299","1,263,372",14.95,15.05,14.90,15.00,+0.05,26
2015/04/23,"111,025","1,657,917",15.00,15.00,14.85,15.00,0.00,73
2015/04/24,"116,988","1,767,519",14.90,15.20,14.90,15.05,+0.05,99
2015/04/27,"75,486","1,139,240",15.00,15.10,15.00,15.10,+0.05,87
2015/04/28,"69,934","1,056,510",15.00,15.30,15.00,15.15,+0.05,73
2015/04/29,"142,199","2,179,412",15.10,15.40,15.10,15.25,+0.10,123
2015/04/30,"190,556","2,949,764",15.40,15.60,15.25,15.60,+0.35,132
2015/05/04,"211,230","3,295,261",15.60,15.70,15.45,15.60,0.00,63
2015/05/05,"163,062","2,556,619",15.55,15.80,15.50,15.80,+0.20,113
2015/05/06,"379,823","6,099,005",15.80,16.40,15.80,16.15,+0.35,168
2015/05/07,"189,709","3,098,775",16.45,16.45,16.00,16.20,+0.05,166
2015/05/08,"1,037,881","17,820,236",16.20,16.20,15.90,16.05,-0.15,61
2015/05/11,"99,617","1,588,427",16.05,16.05,15.90,15.95,-0.10,69
2015/05/12,"48,474","771,062",15.95,16.05,15.70,15.70,-0.25,41
2015/05/13,"51,812","806,912",15.75,15.75,15.50,15.60,-0.10,45
2015/05/14,"29,078","450,952",15.60,15.60,15.50,15.50,-0.10,15
2015/05/15,"29,032","447,742",15.55,15.60,15.30,15.50,0.00,22
2015/05/18,"54,670","828,763",15.30,15.35,15.05,15.15,-0.35,44
2015/05/19,"44,069","666,189",15.10,15.20,15.10,15.20,+0.05,43
2015/05/20,"194,358","2,925,749",15.10,15.15,15.00,15.00,-0.20,80
2015/05/21,"201,102","2,998,216",14.90,15.00,14.80,14.90,-0.10,74
2015/05/22,"48,973","732,095",14.90,15.00,14.90,14.95,+0.05,46
2015/05/25,"45,183","673,065",14.90,15.00,14.85,14.95,0.00,46
2015/05/26,"77,013","1,155,639",15.00,15.10,14.90,15.10,+0.15,43
2015/05/27,"19,716","295,615",15.00,15.05,14.95,14.95,-0.15,18
2015/05/28,"237,353","3,509,587",15.00,15.00,14.70,14.80,-0.15,83
2015/05/29,"29,900","443,613",14.80,14.90,14.80,14.85,+0.05,26
2015/06/01,"34,135","509,661",14.85,15.00,14.85,14.90,+0.05,22
2015/06/02,"129,352","1,908,959",15.00,15.00,14.70,14.80,-0.10,52
2015/06/03,"57,008","840,916",14.80,14.80,14.70,14.70,-0.10,36
2015/06/04,"75,718","1,107,067",14.75,14.75,14.55,14.55,-0.15,53
2015/06/05,"157,260","2,267,644",14.50,14.60,14.25,14.50,-0.05,86
2015/06/08,"94,432","1,391,307",14.55,14.85,14.55,14.70,+0.20,32
2015/06/09,"97,164","1,440,092",14.55,14.85,14.55,14.70,0.00,19
2015/06/10,"30,563","450,268",14.55,14.80,14.55,14.70,0.00,18
2015/06/11,"126,612","1,842,083",14.60,14.75,14.45,14.75,+0.05,58
2015/06/12,"53,319","784,438",14.60,14.90,14.60,14.80,+0.05,29
2015/06/15,"29,541","440,355",14.75,15.00,14.75,14.95,+0.15,26
2015/06/16,"55,936","821,108",14.95,14.95,14.60,14.85,-0.10,22
2015/06/17,"245,250","3,568,425",14.65,14.85,14.30,14.40,-0.45,136
2015/06/18,"229,867","3,319,084",14.55,14.55,14.30,14.50,+0.10,56
2015/06/22,"169,372","2,440,506",14.30,14.50,14.30,14.50,0.00,48
2015/06/23,"63,983","921,453",14.50,14.50,14.30,14.45,-0.05,42
2015/06/24,"54,534","783,008",14.35,14.45,14.30,14.35,-0.10,47
2015/06/25,"36,500","528,347",14.40,14.60,14.35,14.55,+0.20,27
2015/06/26,"75,186","1,095,882",14.45,14.80,14.40,14.75,+0.20,36
2015/06/29,"56,180","816,777",14.60,14.70,14.40,14.70,-0.05,39
2015/06/30,"15,003","220,642",14.45,14.90,14.45,14.90,+0.20,11
2015/07/01,"18,854","279,101",14.90,14.90,14.65,14.85,-0.05,15
2015/07/02,"76,259","1,122,932",14.90,14.90,14.70,14.85,0.00,35
2015/07/03,"116,008","1,701,917",14.65,14.80,14.50,14.80,-0.05,79
2015/07/06,"69,040","1,023,386",14.80,14.90,14.65,14.80,0.00,29
2015/07/07,"65,071","963,400",14.80,14.85,14.75,14.85,+0.05,19
2015/07/08,"85,201","1,252,903",14.70,14.80,14.65,14.80,-0.05,40
2015/07/09,"70,038","1,032,007",14.70,14.80,14.60,14.80,0.00,29
2015/07/13,"205,001","3,101,714",14.70,15.25,14.70,15.00,+0.20,23
2015/07/14,"148,250","2,227,687",15.00,15.20,14.65,14.65,-0.35,54
2015/07/15,"154,212","2,308,180",14.80,15.10,14.70,15.10,+0.45,44
2015/07/16,"75,002","1,131,578",14.90,15.15,14.90,15.00,-0.10,17
2015/07/17,"197,001","2,963,165",15.15,15.15,14.85,14.90,-0.10,40
2015/07/20,"221,757","3,328,103",14.95,15.05,14.80,14.90,0.00,37
2015/07/21,"266,406","4,029,428",14.90,15.20,14.90,15.15,+0.25,68
2015/07/22,"161,963","2,400,202",14.70,15.10,14.50,14.85,X0.00,51
2015/07/23,"287,499","4,291,134",14.85,14.95,14.75,14.95,+0.10,40
2015/07/24,"364,311","5,482,181",14.75,15.10,14.75,15.00,+0.05,34
2015/07/27,"657,765","10,042,825",14.90,15.40,14.90,15.05,+0.05,90
2015/07/28,"199,076","3,031,497",15.20,15.30,15.00,15.20,+0.15,77
2015/07/29,"51,241","769,865",15.15,15.15,14.95,15.05,-0.15,27
2015/07/30,"22,122","333,030",15.00,15.10,15.00,15.10,+0.05,15
2015/07/31,"21,505","321,825",14.95,15.10,14.90,15.10,0.00,13
2015/08/03,"269,633","4,041,480",15.20,15.20,14.85,15.00,-0.10,54
2015/08/04,"25,996","389,738",15.00,15.05,14.95,15.00,0.00,16
2015/08/05,"36,001","537,615",15.00,15.05,14.80,15.00,0.00,23
2015/08/06,"219,926","3,252,601",14.90,14.90,14.70,14.90,-0.10,56
2015/08/07,"234,057","3,460,393",14.80,15.00,14.75,14.85,-0.05,34
2015/08/10,"1,595","23,862",15.00,15.00,15.00,15.00,+0.15,7
2015/08/11,"294,616","4,338,834",14.95,14.95,14.60,14.85,-0.15,81
2015/08/12,"126,003","1,855,492",14.75,14.90,14.70,14.90,+0.05,19
2015/08/13,"21,196","315,398",14.80,14.90,14.75,14.90,0.00,15
2015/08/14,"143,334","2,142,725",14.90,15.00,14.80,15.00,+0.10,16
2015/08/17,"186,169","2,782,597",15.00,15.00,14.80,14.85,-0.15,24
2015/08/18,"39,578","588,124",14.90,14.90,14.75,14.85,0.00,19
2015/08/19,"124,295","1,822,385",14.85,14.85,14.55,14.75,-0.10,108
2015/08/20,"103,000","1,521,650",14.70,14.85,14.60,14.75,0.00,42
2015/08/21,"79,174","1,153,240",14.60,14.70,14.45,14.70,-0.05,51
2015/08/24,"401,211","5,620,795",14.50,14.60,13.45,14.30,-0.40,167
2015/08/25,"153,069","2,177,848",14.05,14.60,14.00,14.60,+0.30,72
2015/08/26,"131,003","1,881,792",14.45,14.60,14.15,14.60,0.00,51
2015/08/27,"135,182","1,947,806",14.35,14.55,14.30,14.55,-0.05,69
2015/08/28,"79,742","1,156,800",14.45,14.70,14.40,14.70,+0.15,48
2015/08/31,"66,203","966,160",14.65,14.70,14.55,14.70,0.00,32
2015/09/01,"32,003","465,845",14.60,14.60,14.55,14.60,-0.10,12
2015/09/02,"46,029","671,472",14.50,14.70,14.45,14.70,+0.10,29
2015/09/03,"151,349","2,212,494",14.55,14.65,14.50,14.65,-0.05,25
2015/09/04,"32,119","470,037",14.55,14.70,14.55,14.70,+0.05,14
2015/09/07,"452,010","6,662,048",14.70,14.85,14.65,14.80,+0.10,44
2015/09/08,"85,321","1,270,218",14.80,14.95,14.75,14.75,-0.05,26
2015/09/09,"157,082","2,336,410",14.75,14.90,14.75,14.75,0.00,33
2015/09/10,"185,160","2,726,212",14.75,14.80,14.65,14.80,+0.05,32
2015/09/11,"45,349","667,777",14.70,14.80,14.65,14.80,0.00,36
2015/09/14,"21,023","309,385",14.65,14.80,14.65,14.75,-0.05,29
2015/09/15,"43,310","636,155",14.60,14.75,14.60,14.70,-0.05,24
2015/09/16,"54,853","802,895",14.65,14.70,14.60,14.65,-0.05,24
2015/09/17,"31,798","469,379",14.90,14.90,14.65,14.80,+0.15,14
2015/09/18,"11,704","171,777",14.75,14.75,14.65,14.70,-0.10,13
2015/09/21,"44,041","642,897",14.75,14.75,14.55,14.65,-0.05,34
2015/09/22,"70,949","1,040,002",14.60,14.70,14.55,14.70,+0.05,22
2015/09/23,"54,101","786,357",14.60,14.65,14.45,14.45,-0.25,26
2015/09/24,"392,156","5,741,976",14.50,14.70,14.50,14.70,+0.25,40
2015/09/25,"272,410","3,996,135",14.70,14.70,14.45,14.70,0.00,28
2015/09/30,"410,982","6,040,183",14.70,14.70,14.60,14.70,0.00,18
2015/10/01,"39,395","576,565",14.75,14.75,14.60,14.65,-0.05,19
2015/10/02,"181,712","2,654,694",14.55,14.70,14.55,14.65,0.00,21
2015/10/05,"18,392","270,222",14.60,14.70,14.60,14.70,+0.05,9
2015/10/06,"132,466","1,957,998",14.75,14.85,14.70,14.80,+0.10,26
2015/10/07,"58,644","865,478",14.75,14.85,14.65,14.80,0.00,24
2015/10/08,"107,944","1,601,674",14.75,14.90,14.70,14.80,0.00,22
2015/10/12,"61,726","908,219",14.70,14.85,14.70,14.85,+0.05,19
2015/10/13,"47,747","717,254",14.90,15.05,14.90,14.95,+0.10,20
2015/10/14,"154,004","2,289,406",14.80,14.90,14.80,14.90,-0.05,30
2015/10/15,"148,334","2,204,425",14.95,14.95,14.80,14.95,+0.05,29
2015/10/16,"49,493","733,493",14.80,14.90,14.80,14.90,-0.05,29
2015/10/19,"69,002","1,026,928",14.90,14.95,14.75,14.90,0.00,21
2015/10/20,"167,799","2,484,021",14.80,14.85,14.80,14.85,-0.05,29
2015/10/21,"179,389","2,653,905",14.80,14.80,14.70,14.80,-0.05,23
2015/10/22,"46,141","688,035",14.85,14.95,14.85,14.90,+0.10,23
2015/10/23,"56,883","843,565",14.80,14.95,14.80,14.90,0.00,36
2015/10/26,"18,243","269,645",14.85,14.85,14.75,14.85,-0.05,12
2015/10/27,"228,302","3,376,664",14.75,14.90,14.75,14.85,0.00,32
2015/10/28,"164,051","2,427,598",14.80,14.85,14.75,14.80,-0.05,17
2015/10/29,"134,329","1,978,734",14.80,14.80,14.70,14.75,-0.05,24
2015/10/30,"29,336","431,270",14.65,14.75,14.65,14.75,0.00,18
2015/11/02,"47,162","697,797",14.65,14.85,14.65,14.85,+0.10,18
2015/11/03,"28,236","416,645",14.85,14.85,14.70,14.70,-0.15,18
2015/11/04,"66,623","987,853",14.70,14.85,14.70,14.85,+0.15,38
2015/11/05,"81,408","1,202,446",14.80,14.80,14.70,14.75,-0.10,24
2015/11/06,"12,002","176,428",14.70,14.70,14.70,14.70,-0.05,5
2015/11/09,"20,884","307,192",14.70,14.80,14.70,14.80,+0.10,12
2015/11/10,"162,165","2,397,971",14.80,14.80,14.70,14.75,-0.05,30
2015/11/11,"339,379","5,005,119",14.70,14.75,14.70,14.75,0.00,35
2015/11/12,"81,393","1,196,435",14.80,14.85,14.60,14.70,-0.05,35
2015/11/13,"23,604","347,575",14.70,14.75,14.70,14.75,+0.05,13
2015/11/16,"28,404","416,797",14.60,14.75,14.60,14.65,-0.10,18
2015/11/17,"61,096","892,789",14.65,14.65,14.55,14.65,0.00,24
2015/11/18,"63,454","927,324",14.60,14.65,14.55,14.65,0.00,36
2015/11/19,"150,547","2,214,405",14.60,14.85,14.55,14.85,+0.20,95
2015/11/20,"13,013","191,838",14.75,14.80,14.70,14.80,-0.05,10
2015/11/23,"22,514","332,920",14.90,14.90,14.70,14.85,+0.05,26
2015/11/24,"18,868","276,855",14.70,14.75,14.65,14.75,-0.10,19
2015/11/25,"76,001","1,115,914",14.70,14.75,14.65,14.75,0.00,20
2015/11/26,"52,652","772,267",14.75,14.75,14.60,14.65,-0.10,28
2015/11/27,"27,195","397,897",14.60,14.70,14.55,14.70,+0.05,11
2015/11/30,"39,126","576,910",14.75,14.85,14.65,14.85,+0.15,30
2015/12/01,"24,152","356,413",14.70,14.80,14.65,14.65,-0.20,18
2015/12/02,"11,215","166,479",14.80,14.85,14.80,14.85,+0.20,14
2015/12/03,"5,501","81,664",14.85,14.85,14.85,14.85,0.00,6
2015/12/04,"44,271","651,535",14.85,14.85,14.65,14.80,-0.05,19
2015/12/07,"233,004","3,416,856",14.80,14.80,14.65,14.70,-0.10,44
2015/12/08,"108,703","1,592,594",14.60,14.75,14.60,14.70,0.00,32
2015/12/09,"100,729","1,471,891",14.70,14.70,14.55,14.70,0.00,27
2015/12/10,"52,146","766,480",14.70,14.75,14.55,14.70,0.00,23
2015/12/11,"94,187","1,371,960",14.75,14.75,14.55,14.60,-0.10,31
2015/12/14,"39,793","578,997",14.55,14.60,14.50,14.60,0.00,26
2015/12/15,"88,717","1,287,396",14.60,14.60,14.50,14.50,-0.10,20
2015/12/16,"40,721","591,703",14.60,14.60,14.50,14.50,0.00,15
2015/12/17,"56,311","818,257",14.60,14.60,14.50,14.55,+0.05,19
2015/12/18,"69,762","1,010,415",14.50,14.55,14.40,14.55,0.00,36
2015/12/21,"20,683","300,916",14.55,14.60,14.50,14.55,0.00,21
2015/12/22,"40,232","582,339",14.50,14.55,14.45,14.45,-0.10,18
2015/12/23,"18,277","265,249",14.55,14.60,14.50,14.50,+0.05,18
2015/12/24,"61,502","893,228",14.55,14.65,14.50,14.55,+0.05,26
2015/12/25,"7,539","110,568",14.60,14.70,14.60,14.70,+0.15,11
2015/12/28,"20,507","302,298",14.80,14.80,14.60,14.80,+0.10,25
2015/12/29,"11,370","167,385",14.80,14.80,14.65,14.80,0.00,17
2015/12/30,"3,287","48,345",14.70,14.70,14.70,14.70,-0.10,7
2015/12/31,"27,154","399,646",14.80,14.80,14.65,14.65,-0.05,15
2016/01/04,"82,946","1,226,851",14.65,14.80,14.65,14.80,+0.15,17
2016/01/05,"24,972","366,429",14.75,14.75,14.60,14.75,-0.05,27
2016/01/06,"65,948","975,339",14.70,14.85,14.70,14.75,0.00,16
2016/01/07,"67,275","983,387",14.65,14.75,14.55,14.75,0.00,30
2016/01/08,"14,002","205,578",14.65,14.80,14.65,14.80,+0.05,8
2016/01/11,"41,009","604,030",14.85,14.85,14.65,14.70,-0.10,20
2016/01/12,"7,305","107,199",14.65,14.70,14.65,14.70,0.00,11
2016/01/13,"33,739","495,989",14.70,14.75,14.70,14.75,+0.05,10
2016/01/14,"56,219","825,545",14.80,14.80,14.60,14.70,-0.05,30
2016/01/15,"129,432","1,903,046",14.65,14.75,14.60,14.75,+0.05,37
2016/01/18,"165,225","2,434,703",14.80,14.80,14.70,14.75,0.00,30
2016/01/19,"7,000","103,200",14.70,14.75,14.70,14.75,0.00,4
2016/01/20,"35,259","516,879",14.65,14.75,14.60,14.70,-0.05,9
2016/01/21,"21,000","309,900",14.80,14.80,14.70,14.70,0.00,11
2016/01/22,"83,932","1,237,247",14.70,14.85,14.60,14.80,+0.10,31
2016/01/25,"50,398","745,496",14.80,14.80,14.75,14.80,0.00,30
2016/01/26,"103,391","1,530,145",14.80,14.80,14.80,14.80,0.00,14
2016/01/27,"31,121","457,925",14.80,14.80,14.70,14.80,0.00,15
2016/01/28,"41,003","606,142",14.80,14.80,14.70,14.80,0.00,17
2016/01/29,"1,980,418","27,263,827",14.70,14.70,13.35,13.35,-1.45,577
2016/01/30,"3,615,217","46,326,488",13.00,14.10,13.00,14.10,+0.75,356
2016/02/01,"255,673","3,627,272",13.85,14.40,13.85,14.40,+0.30,104
2016/02/02,"55,340","793,395",14.20,14.40,14.20,14.40,0.00,33
2016/02/03,"50,303","721,831",14.30,14.40,14.30,14.40,0.00,29
2016/02/15,"362,806","5,224,012",14.40,14.50,14.20,14.45,+0.05,50
2016/02/16,"72,233","1,035,536",14.30,14.50,14.30,14.45,0.00,27
2016/02/17,"202,947","2,931,736",14.45,14.60,14.40,14.50,+0.05,39
2016/02/18,"167,911","2,428,751",14.55,14.55,14.45,14.55,+0.05,35
2016/02/19,"103,002","1,483,927",14.55,14.55,14.40,14.55,0.00,18
2016/02/22,"629,609","9,101,238",14.60,14.60,14.45,14.60,+0.05,51
2016/02/23,"26,703","388,592",14.60,14.60,14.50,14.60,0.00,17
2016/02/24,"138,122","2,004,166",14.50,14.60,14.50,14.60,0.00,37
2016/02/25,"112,208","1,630,759",14.60,14.65,14.50,14.65,+0.05,35
2016/02/26,"262,269","3,809,193",14.50,14.65,14.50,14.65,0.00,45
2016/03/01,"790,413","11,591,372",14.50,14.85,14.50,14.70,+0.05,73
2016/03/02,"88,532","1,292,756",14.60,14.70,14.60,14.60,-0.10,36
2016/03/03,"133,024","2,007,912",14.70,15.60,14.70,15.60,+1.00,74
2016/03/04,"82,158","1,265,804",15.60,15.60,15.20,15.45,-0.15,54
2016/03/07,"58,846","902,072",15.40,15.40,15.20,15.20,-0.25,37
2016/03/08,"44,214","674,651",15.35,15.35,15.20,15.25,+0.05,34
2016/03/09,"159,669","2,451,482",15.55,15.70,15.25,15.40,+0.15,62
2016/03/10,"115,240","1,770,669",15.40,15.40,15.35,15.35,-0.05,44
2016/03/11,"49,881","768,939",15.40,15.50,15.35,15.35,0.00,33
2016/03/14,"89,238","1,381,662",15.75,15.75,15.35,15.55,+0.20,49
2016/03/15,"161,040","2,481,055",15.60,15.65,15.30,15.30,-0.25,52
2016/03/16,"51,398","784,307",15.45,15.45,15.15,15.15,-0.15,35
2016/03/17,"38,348","583,653",15.30,15.30,15.15,15.20,+0.05,32
2016/03/18,"31,099","474,893",15.20,15.40,15.20,15.20,0.00,23
2016/03/21,"157,484","2,435,400",15.40,15.70,15.30,15.30,+0.10,108
2016/03/22,"235,506","3,628,287",15.40,15.50,15.30,15.45,+0.15,72
2016/03/23,"110,754","1,712,283",15.45,15.50,15.35,15.35,-0.10,36
2016/03/24,"36,032","551,136",15.50,15.50,15.20,15.30,-0.05,19
2016/03/25,"21,501","326,362",15.20,15.30,15.15,15.30,0.00,24
2016/03/28,"17,504","269,858",15.40,15.45,15.40,15.45,+0.15,19
2016/03/29,"37,030","564,857",15.25,15.35,15.25,15.35,-0.10,12
2016/03/30,"18,670","282,967",15.15,15.20,15.15,15.20,-0.15,14
2016/03/31,"14,003","214,695",15.40,15.40,15.30,15.30,+0.10,12
2016/04/01,"11,729","178,205",15.25,15.25,15.15,15.20,-0.10,18
2016/04/06,"85,831","1,291,545",15.05,15.20,15.00,15.20,0.00,41
2016/04/07,"17,429","263,225",15.10,15.20,15.05,15.20,0.00,20
2016/04/08,"23,093","352,713",15.20,15.35,15.20,15.35,+0.15,15
2016/04/11,"22,836","350,856",15.35,15.40,15.25,15.30,-0.05,19
2016/04/12,"56,859","855,985",15.15,15.15,14.95,15.10,-0.20,23
2016/04/13,"64,268","965,470",15.10,15.15,15.00,15.10,0.00,29
2016/04/14,"85,371","1,303,037",15.10,15.30,15.10,15.30,+0.20,30
2016/04/15,"80,243","1,234,015",15.30,15.45,15.30,15.40,+0.10,33
2016/04/18,"47,037","720,756",15.40,15.40,15.10,15.10,-0.30,29
2016/04/19,104,"1,570",--,--,--,--,0.00,6
2016/04/20,"25,616","389,150",15.10,15.35,15.10,15.25,X0.00,10
2016/04/21,"16,231","248,261",15.15,15.40,15.15,15.25,0.00,14
2016/04/22,10,143,--,--,--,--,0.00,5
2016/04/25,"24,125","367,005",15.35,15.35,15.15,15.30,X0.00,12
2016/04/26,"63,323","951,961",15.10,15.10,14.95,14.95,-0.35,23
2016/04/27,"6,249","94,185",15.15,15.15,15.00,15.05,+0.10,8
2016/04/28,"60,760","908,800",15.15,15.15,14.85,15.05,0.00,21
2016/04/29,"22,001","327,815",14.90,15.10,14.85,15.10,+0.05,11
2016/05/03,"11,019","166,136",14.85,15.10,14.85,15.10,0.00,6
2016/05/04,"19,382","291,067",14.85,15.15,14.85,15.15,+0.05,10
2016/05/05,"1,526","23,040",15.15,15.15,15.15,15.15,0.00,4
2016/05/06,"26,057","393,505",15.00,15.25,15.00,15.15,0.00,16
2016/05/09,"4,519","68,062",15.05,15.05,15.05,15.05,-0.10,5
2016/05/10,"961,375","15,835,125",15.10,15.10,15.00,15.10,+0.05,27
2016/05/11,"47,499","723,531",15.25,15.30,15.05,15.20,+0.10,23
2016/05/12,"37,208","562,998",15.20,15.20,15.00,15.05,-0.15,17
2016/05/13,"78,697","1,180,131",14.95,15.05,14.90,15.05,0.00,30
2016/05/16,"77,044","1,167,562",15.35,15.35,15.00,15.20,+0.15,24
2016/05/17,"28,654","431,043",15.00,15.15,15.00,15.05,-0.15,11
2016/05/18,"7,607","114,405",15.00,15.10,15.00,15.10,+0.05,7
2016/05/19,"135,499","2,040,385",15.10,15.20,15.00,15.15,+0.05,24
2016/05/20,"1,259,098","17,274,229",15.00,15.25,14.95,15.20,+0.05,16
2016/05/23,"29,505","448,223",15.00,15.30,15.00,15.20,0.00,21
2016/05/24,"2,443","37,039",15.15,15.20,15.15,15.20,0.00,4
2016/05/25,"55,233","840,114",15.15,15.25,15.05,15.20,0.00,19
2016/05/26,"34,703","527,364",15.25,15.25,15.10,15.25,+0.05,19
2016/05/27,"61,676","934,905",15.35,15.35,15.10,15.20,-0.05,17
2016/05/30,"38,324","584,621",15.20,15.35,15.10,15.30,+0.10,28
2016/05/31,"10,971","167,115",15.30,15.30,15.15,15.15,-0.15,16
2016/06/01,"5,713","86,515",15.05,15.20,15.05,15.20,+0.05,8
2016/06/02,"4,195","63,444",15.10,15.15,15.10,15.15,-0.05,6
2016/06/03,"18,028","272,622",15.15,15.15,15.05,15.15,0.00,12
2016/06/04,"2,134","32,323",15.15,15.15,15.15,15.15,0.00,5
2016/06/06,"5,500","82,974",15.05,15.15,15.05,15.15,0.00,6
2016/06/07,"14,355","216,775",15.20,15.20,15.05,15.05,-0.10,14
2016/06/08,"3,394","51,199",15.05,15.15,15.05,15.15,+0.10,6
2016/06/13,"21,018","318,422",15.15,15.25,15.10,15.25,+0.10,14
2016/06/14,"29,829","451,317",15.25,15.25,15.05,15.25,0.00,18
2016/06/15,"80,268","1,218,123",15.25,15.25,15.15,15.15,-0.10,17
2016/06/16,"72,066","1,089,896",15.20,15.20,15.10,15.15,0.00,19
2016/06/17,"30,131","457,327",15.20,15.20,15.10,15.15,0.00,15
2016/06/20,"202,612","3,147,400",15.20,15.75,15.20,15.60,+0.45,107
2016/06/21,"56,750","876,872",15.60,15.60,15.30,15.50,-0.10,35
2016/06/22,"41,020","631,757",15.35,15.50,15.35,15.40,-0.10,20
2016/06/23,"78,069","1,205,355",15.50,15.50,15.35,15.35,-0.05,33
2016/06/24,"61,167","934,021",15.50,15.50,15.15,15.20,-0.15,22
2016/06/27,"60,499","916,982",15.20,15.40,15.05,15.30,+0.10,27
2016/06/28,"10,871","166,237",15.30,15.30,15.30,15.30,0.00,11
2016/06/29,"5,294","80,666",15.20,15.25,15.20,15.25,-0.05,7
2016/06/30,"28,833","438,377",15.25,15.25,15.15,15.20,-0.05,16
2016/07/01,"41,227","631,961",15.30,15.35,15.30,15.30,+0.10,22
2016/07/04,"37,456","577,621",15.30,15.45,15.30,15.40,+0.10,28
2016/07/05,"18,493","283,538",15.35,15.35,15.30,15.35,-0.05,20
2016/07/06,"45,800","701,878",15.30,15.45,15.25,15.25,-0.10,23
2016/07/07,"25,235","386,731",15.30,15.35,15.25,15.25,0.00,22
2016/07/11,"116,690","1,799,168",15.50,15.60,15.25,15.25,0.00,47
2016/07/12,"124,629","1,919,250",15.45,15.45,15.25,15.45,+0.20,66
2016/07/13,"71,008","1,078,771",15.15,15.40,15.10,15.30,X0.00,39
2016/07/14,"166,180","2,586,251",15.50,15.70,15.35,15.70,+0.40,78
2016/07/15,"95,150","1,475,257",15.60,15.60,15.40,15.50,-0.20,40
2016/07/18,"146,042","2,281,746",15.55,15.75,15.50,15.65,+0.15,55
2016/07/19,"90,636","1,412,514",15.50,15.70,15.50,15.70,+0.05,29
2016/07/20,"43,860","686,362",15.70,15.70,15.55,15.70,0.00,38
2016/07/21,"51,552","805,955",15.70,15.70,15.55,15.55,-0.15,32
2016/07/22,"92,564","1,423,621",15.50,15.55,15.10,15.30,-0.25,45
2016/07/25,"41,996","643,486",15.35,15.50,15.20,15.35,+0.05,31
2016/07/26,"25,333","386,660",15.25,15.40,15.25,15.30,-0.05,20
2016/07/27,"36,764","562,010",15.30,15.30,15.25,15.30,0.00,23
2016/07/28,"46,137","707,881",15.30,15.40,15.25,15.25,-0.05,31
2016/07/29,"22,688","347,557",15.25,15.45,15.25,15.30,+0.05,11
2016/08/01,"18,340","282,482",15.60,15.60,15.30,15.30,0.00,17
2016/08/02,"38,007","584,955",15.30,15.45,15.30,15.35,+0.05,23
2016/08/03,"12,655","193,156",15.15,15.30,15.15,15.30,-0.05,10
2016/08/04,"40,146","610,767",15.20,15.30,15.15,15.20,-0.10,21
2016/08/05,"31,695","485,429",15.20,15.45,15.20,15.40,+0.20,26
2016/08/08,"62,551","970,876",15.70,15.70,15.40,15.40,0.00,28
2016/08/09,"41,470","640,038",15.60,15.60,15.35,15.40,0.00,36
2016/08/10,"45,077","689,819",15.30,15.55,15.20,15.30,-0.10,23
2016/08/11,"85,263","1,314,795",15.40,15.50,15.30,15.30,0.00,54
2016/08/12,"28,920","444,419",15.40,15.45,15.35,15.35,+0.05,33
2016/08/15,"21,315","326,536",15.35,15.35,15.25,15.25,-0.10,20
2016/08/16,"24,045","368,731",15.25,15.35,15.25,15.35,+0.10,19
2016/08/17,"93,889","1,462,088",15.25,15.70,15.25,15.45,+0.10,73
2016/08/18,"26,912","416,089",15.35,15.55,15.30,15.50,+0.05,25
2016/08/19,"67,367","1,031,526",15.40,15.40,15.25,15.25,-0.25,40
2016/08/22,"77,621","1,179,225",15.20,15.40,15.10,15.20,-0.05,59
2016/08/23,"43,462","663,774",15.20,15.35,15.20,15.20,0.00,20
2016/08/24,"20,565","313,079",15.25,15.25,15.15,15.20,0.00,22
2016/08/25,"14,587","224,156",15.45,15.45,15.30,15.35,+0.15,17
2016/08/26,"7,974","122,003",15.35,15.35,15.25,15.30,-0.05,13
2016/08/29,"83,660","1,272,689",15.20,15.30,15.15,15.30,0.00,67
2016/08/30,"19,593","300,715",15.35,15.40,15.20,15.35,+0.05,36
2016/08/31,"36,120","551,083",15.20,15.30,15.20,15.30,-0.05,26
2016/09/01,"33,725","513,890",15.20,15.30,15.20,15.30,0.00,16
2016/09/02,"2,005","30,526",15.15,15.30,15.15,15.30,0.00,3
2016/09/05,"10,088","152,830",15.15,15.15,15.15,15.15,-0.15,10
2016/09/06,"17,678","267,869",15.15,15.20,15.15,15.15,0.00,10
2016/09/07,"63,021","955,668",15.20,15.25,15.15,15.25,+0.10,17
2016/09/08,"17,343","265,846",15.30,15.35,15.25,15.25,0.00,17
2016/09/09,"58,155","883,454",15.45,15.45,15.15,15.30,+0.05,20
2016/09/10,"41,607","631,126",15.15,15.30,15.10,15.30,0.00,24
2016/09/12,"69,000","1,059,350",15.55,15.55,15.25,15.25,-0.05,34
2016/09/13,"38,200","580,209",15.20,15.30,15.15,15.30,+0.05,19
2016/09/14,"12,844","198,396",15.45,15.45,15.45,15.45,+0.15,10
2016/09/19,"44,256","676,119",15.30,15.45,15.25,15.30,-0.15,35
2016/09/20,"67,743","1,027,540",15.25,15.35,15.00,15.35,+0.05,35
2016/09/21,"143,970","2,217,228",15.35,15.60,15.20,15.50,+0.15,74
2016/09/22,"27,533","422,475",15.45,15.45,15.25,15.30,-0.20,24
2016/09/23,"6,904","105,530",15.25,15.30,15.25,15.30,0.00,10
2016/09/26,"86,707","1,316,494",15.35,15.35,15.15,15.35,+0.05,35
2016/09/29,"37,862","583,286",15.35,15.45,15.35,15.40,+0.05,27
2016/09/30,"46,262","704,957",15.20,15.35,15.20,15.35,-0.05,25
2016/10/03,"80,554","1,230,240",15.25,15.35,15.20,15.20,-0.15,34
2016/10/04,"5,852","89,203",15.30,15.30,15.20,15.20,0.00,13
2016/10/05,"36,058","550,879",15.30,15.30,15.25,15.30,+0.10,25
2016/10/06,"30,818","470,312",15.25,15.30,15.20,15.30,0.00,19
2016/10/07,"116,543","1,756,812",15.25,15.30,15.00,15.00,-0.30,48
2016/10/11,"70,401","1,069,653",15.10,15.25,15.00,15.20,+0.20,37
2016/10/12,"8,609","130,545",15.20,15.20,15.10,15.20,0.00,14
2016/10/13,"34,504","524,758",15.20,15.25,15.10,15.25,+0.05,25
2016/10/14,"52,645","800,470",15.30,15.30,15.15,15.15,-0.10,28
2016/10/17,"37,854","579,309",15.20,15.35,15.20,15.35,+0.20,41
2016/10/18,"98,636","1,519,126",15.40,15.50,15.35,15.45,+0.10,60
2016/10/19,"75,778","1,164,299",15.40,15.45,15.30,15.40,-0.05,64
2016/10/20,"43,778","673,150",15.30,15.45,15.30,15.35,-0.05,34
2016/10/21,"34,551","529,551",15.35,15.40,15.30,15.30,-0.05,26
2016/10/24,"17,691","272,884",15.40,15.45,15.30,15.30,0.00,25
2016/10/25,"76,305","1,177,462",15.30,15.50,15.30,15.35,+0.05,25
2016/10/26,"87,268","1,336,170",15.35,15.35,15.25,15.35,0.00,49
2016/10/27,"172,974","2,649,253",15.40,15.45,15.25,15.25,-0.10,41
2016/10/28,"2,308,453","38,609,128",15.25,15.35,15.25,15.35,+0.10,18
2016/10/31,"156,332","2,420,462",15.40,15.60,15.35,15.45,+0.10,45
2016/11/01,"250,000","3,851,749",15.40,15.55,15.40,15.55,+0.10,37
2016/11/02,"120,479","1,849,420",15.55,15.60,15.30,15.60,+0.05,29
2016/11/03,"185,509","2,963,387",15.55,16.50,15.55,16.10,+0.50,102
2016/11/04,"48,703","774,254",15.95,15.95,15.75,15.80,-0.30,30
2016/11/07,"591,941","9,259,277",15.80,15.80,15.60,15.70,-0.10,86
2016/11/08,"28,700","452,537",15.85,15.85,15.65,15.75,+0.05,20
2016/11/09,"361,059","5,493,994",15.60,15.60,15.10,15.30,-0.45,83
2016/11/10,"142,031","2,199,476",15.40,15.50,15.40,15.50,+0.20,32
2016/11/11,"10,077","156,185",15.50,15.50,15.50,15.50,0.00,9
2016/11/14,"23,100","359,440",15.55,15.80,15.45,15.50,0.00,19
2016/11/15,"348,192","5,474,242",15.50,15.75,15.45,15.70,+0.20,60
2016/11/16,"47,499","746,482",15.75,15.90,15.55,15.75,+0.05,28
2016/11/17,"25,117","393,262",15.80,15.80,15.55,15.60,-0.15,28
2016/11/18,"48,000","747,800",15.60,15.65,15.55,15.65,+0.05,18
2016/11/21,"39,502","619,578",15.65,15.85,15.55,15.75,+0.10,30
2016/11/22,"38,939","613,102",15.80,15.80,15.65,15.65,-0.10,32
2016/11/23,"38,583","608,770",15.65,15.85,15.65,15.75,+0.10,29
2016/11/24,"116,683","1,829,918",15.80,15.80,15.60,15.60,-0.15,48
2016/11/25,"5,880","91,874",15.60,15.75,15.60,15.75,+0.15,13
2016/11/28,"82,280","1,291,092",15.75,15.75,15.60,15.75,0.00,27
2016/11/29,"911,296","14,147,986",15.60,15.65,15.50,15.55,-0.20,42
2016/11/30,"552,135","8,569,591",15.50,15.55,15.35,15.55,0.00,47
2016/12/01,"125,883","1,952,546",15.60,15.65,15.50,15.55,0.00,22
2016/12/02,"125,280","1,947,666",15.55,15.60,15.50,15.50,-0.05,17
2016/12/05,"211,626","3,264,175",15.50,15.50,15.35,15.35,-0.15,64
2016/12/06,"106,418","1,639,833",15.45,15.50,15.40,15.50,+0.15,32
2016/12/07,"105,268","1,616,475",15.50,15.50,15.35,15.50,0.00,12
2016/12/08,"18,841","292,150",15.60,15.60,15.50,15.50,0.00,12
2016/12/09,"19,555","300,893",15.40,15.50,15.35,15.50,0.00,22
2016/12/12,"150,359","2,324,463",15.65,15.70,15.40,15.60,+0.10,27
2016/12/13,"23,911","371,220",15.50,15.60,15.50,15.60,0.00,15
2016/12/14,"3,695","57,083",15.45,15.45,15.45,15.45,-0.15,12
2016/12/15,"133,218","2,061,976",15.65,15.65,15.45,15.55,+0.10,32
2016/12/16,"2,317","36,126",15.65,15.65,15.55,15.55,0.00,7
2016/12/19,"140,965","2,196,907",15.85,15.85,15.55,15.55,0.00,31
2016/12/20,"112,074","1,738,689",15.70,15.70,15.50,15.50,-0.05,14
2016/12/21,"175,107","2,706,247",15.70,15.70,15.45,15.45,-0.05,29
2016/12/22,"159,123","2,461,044",15.45,15.55,15.45,15.45,0.00,28
2016/12/23,"62,090","959,385",15.50,15.50,15.45,15.45,0.00,7
2016/12/26,"118,502","1,833,754",15.65,15.65,15.45,15.45,0.00,19
2016/12/27,"3,461","53,548",15.50,15.55,15.50,15.55,+0.10,9
2016/12/28,"131,162","2,059,673",15.60,15.80,15.60,15.70,+0.15,30
2016/12/29,"31,200","490,036",15.65,15.75,15.65,15.75,+0.05,27
2016/12/30,"14,502","229,105",15.75,15.90,15.75,15.90,+0.15,19
2017/01/03,"208,577","3,294,811",15.70,15.80,15.70,15.80,-0.10,23
2017/01/04,"26,602","418,900",15.70,15.80,15.70,15.75,-0.05,14
2017/01/05,"9,059","142,475",15.70,15.80,15.70,15.80,+0.05,7
2017/01/06,"13,745","216,068",15.65,15.75,15.65,15.75,-0.05,15
2017/01/09,"112,235","1,759,791",15.80,15.80,15.60,15.60,-0.15,24
2017/01/10,"21,499","338,157",15.75,15.80,15.65,15.80,+0.20,17
2017/01/11,"41,101","650,833",15.80,15.90,15.80,15.85,+0.05,24
2017/01/12,"28,450","450,910",15.80,15.90,15.80,15.85,0.00,25
2017/01/13,"4,314","68,139",15.80,15.80,15.75,15.75,-0.10,8
2017/01/16,"37,253","586,032",15.70,15.80,15.70,15.80,+0.05,24
2017/01/17,"206,378","3,258,871",15.70,15.80,15.70,15.70,-0.10,29
2017/01/18,"62,357","988,452",15.95,15.95,15.80,15.85,+0.15,63
2017/01/19,"33,008","522,269",15.80,15.85,15.80,15.85,0.00,25
2017/01/20,"12,652","198,733",15.70,15.75,15.70,15.75,-0.10,14
2017/01/23,"35,538","562,496",15.85,15.95,15.70,15.90,+0.15,32
2017/01/24,"15,048","239,506",16.00,16.00,15.80,15.85,-0.05,13
2017/02/02,"3,143","49,644",15.75,15.85,15.75,15.80,-0.05,6
2017/02/03,"33,517","527,786",15.75,15.95,15.70,15.70,-0.10,27
2017/02/06,"28,398","445,573",15.70,15.80,15.65,15.65,-0.05,32
2017/02/07,"288,141","4,542,146",15.65,15.80,15.65,15.70,+0.05,36
2017/02/08,"32,210","503,523",15.70,15.75,15.60,15.65,-0.05,21
2017/02/09,"127,785","2,006,691",15.65,15.75,15.60,15.75,+0.10,32
2017/02/10,"24,058","377,950",15.75,15.75,15.65,15.70,-0.05,25
2017/02/13,"61,392","966,170",15.65,15.80,15.65,15.75,+0.05,35
2017/02/14,"75,508","1,194,169",15.80,15.90,15.80,15.90,+0.15,47
2017/02/15,"224,913","3,650,718",16.00,16.50,16.00,16.05,+0.15,121
2017/02/16,"147,082","2,391,009",16.00,16.50,16.00,16.15,+0.10,87
2017/02/17,"175,397","2,870,925",16.30,16.45,16.25,16.30,+0.15,101
2017/02/18,"45,056","731,196",16.40,16.40,16.15,16.15,-0.15,38
2017/02/20,"69,622","1,137,686",16.15,16.40,16.15,16.40,+0.25,41
2017/02/21,"31,656","518,340",16.40,16.45,16.30,16.40,0.00,28
2017/02/22,"52,504","857,911",16.25,16.40,16.15,16.40,0.00,38
2017/02/23,"30,807","501,819",16.40,16.40,16.20,16.25,-0.15,31
2017/02/24,"38,684","631,731",16.15,16.50,16.15,16.50,+0.25,42
2017/03/01,"11,525","188,974",16.30,16.45,16.30,16.45,-0.05,39
2017/03/02,"87,727","1,443,947",16.55,16.55,16.40,16.40,-0.05,26
2017/03/03,"34,690","566,727",16.40,16.40,16.30,16.35,-0.05,22
2017/03/06,"153,863","2,525,748",16.35,16.50,16.35,16.45,+0.10,56
2017/03/07,"38,006","623,196",16.40,16.40,16.35,16.40,-0.05,20
2017/03/08,"25,946","421,918",16.20,16.40,16.20,16.30,-0.10,34
2017/03/09,"66,254","1,077,778",16.20,16.40,16.20,16.35,+0.05,58
2017/03/10,"37,530","609,257",16.25,16.35,16.20,16.35,0.00,34
2017/03/13,"33,514","550,048",16.35,16.45,16.35,16.45,+0.10,31
2017/03/14,"43,692","718,326",16.30,16.55,16.30,16.45,0.00,27
2017/03/15,"23,348","381,248",16.30,16.45,16.30,16.45,0.00,29
2017/03/16,"52,005","855,327",16.45,16.50,16.40,16.45,0.00,28
2017/03/17,"40,449","663,066",16.45,16.45,16.35,16.45,0.00,22
2017/03/20,"110,167","1,799,969",16.45,16.45,16.30,16.40,-0.05,53
2017/03/21,"37,142","603,747",16.25,16.40,16.20,16.40,0.00,26
2017/03/22,"41,712","680,480",16.35,16.35,16.20,16.30,-0.10,23
2017/03/23,"527,092","9,403,172",16.30,16.35,16.30,16.35,+0.05,84
2017/03/24,"34,067","556,180",16.35,16.35,16.30,16.30,-0.05,42
2017/03/27,"241,659","4,090,604",17.70,17.70,16.50,16.75,+0.45,509
2017/03/28,"1,929,400","32,771,739",17.00,17.00,16.50,16.75,0.00,123
2017/03/29,"1,024,312","17,908,573",16.80,17.05,16.65,16.80,+0.05,127
2017/03/30,"31,736","532,125",16.80,16.85,16.65,16.65,-0.15,59
2017/03/31,"17,127","284,382",16.55,16.70,16.50,16.60,-0.05,42
2017/04/05,"73,707","1,211,104",16.40,16.55,16.30,16.50,-0.10,95
2017/04/06,"66,033","1,087,332",16.50,16.50,16.40,16.50,0.00,43
2017/04/07,"49,073","802,286",16.50,16.50,16.20,16.50,0.00,52
2017/04/10,"64,117","1,052,178",16.50,16.50,16.30,16.35,-0.15,120
2017/04/11,"57,083","930,540",16.30,16.40,16.25,16.40,+0.05,60
2017/04/12,"35,300","579,191",16.50,16.50,16.30,16.45,+0.05,98
2017/04/13,"913,215","16,424,906",16.50,16.50,16.30,16.50,+0.05,77
2017/04/14,"32,788","536,937",16.50,16.50,16.20,16.50,0.00,52
2017/04/17,"118,983","1,936,768",16.45,16.50,16.20,16.35,-0.15,59
2017/04/18,"12,546","206,277",16.50,16.50,16.35,16.50,+0.15,80
2017/04/19,"31,993","523,449",16.35,16.50,16.25,16.50,0.00,117
2017/04/20,"29,420","485,322",16.50,16.60,16.40,16.55,+0.05,38
2017/04/21,"28,514","467,371",16.60,16.60,16.30,16.55,0.00,37
2017/04/24,"57,325","939,001",16.60,16.60,16.30,16.50,-0.05,95
2017/04/25,"79,051","1,284,913",16.35,16.35,16.20,16.25,-0.25,87
2017/04/26,"1,158,190","20,519,742",16.20,16.35,16.10,16.35,+0.10,60
2017/04/27,"38,194","621,705",16.35,16.35,16.25,16.35,0.00,34
2017/04/28,"28,605","465,998",16.25,16.35,16.20,16.35,0.00,22
2017/05/02,"74,305","1,207,539",16.35,16.35,16.20,16.35,0.00,33
2017/05/03,"670,080","11,990,445",16.25,16.40,16.25,16.30,-0.05,17
2017/05/04,"16,566","270,118",16.30,16.35,16.30,16.35,+0.05,15
2017/05/05,"25,919","422,284",16.40,16.40,16.20,16.35,0.00,25
2017/05/08,"23,414","381,695",16.30,16.35,16.25,16.35,0.00,19
2017/05/09,"30,347","495,269",16.35,16.40,16.25,16.30,-0.05,18
2017/05/10,"782,535","13,861,808",16.30,16.30,16.00,16.30,0.00,44
2017/05/11,"31,934","521,021",16.35,16.40,16.20,16.40,+0.10,19
2017/05/12,"37,838","615,138",16.25,16.40,16.20,16.40,0.00,29
2017/05/15,"21,872","357,963",16.40,16.45,16.25,16.40,0.00,18
2017/05/16,194,"3,080",--,--,--,--,0.00,6
2017/05/17,"41,888","686,922",16.25,16.50,16.20,16.45,X0.00,28
2017/05/18,"65,205","1,060,798",16.25,16.40,16.25,16.25,-0.20,29
2017/05/19,"7,913","128,681",16.20,16.35,16.20,16.35,+0.10,19
2017/05/22,"18,658","305,920",16.40,16.40,16.40,16.40,+0.05,20
2017/05/23,"35,715","580,679",16.25,16.35,16.25,16.35,-0.05,21
2017/05/24,"41,872","683,959",16.35,16.40,16.30,16.40,+0.05,41
2017/05/25,"46,808","770,607",16.40,16.70,16.35,16.70,+0.30,34
2017/05/26,"62,017","1,024,579",16.65,16.65,16.50,16.55,-0.15,26
2017/05/31,"17,213","284,404",16.45,16.55,16.45,16.55,0.00,19
2017/06/01,"209,563","3,545,603",16.65,17.00,16.65,16.90,+0.35,128
2017/06/02,"157,501","2,688,611",16.90,17.30,16.90,17.00,+0.10,106
2017/06/03,"70,329","1,203,623",17.25,17.25,17.05,17.05,+0.05,33
2017/06/05,"47,034","800,561",17.20,17.20,17.00,17.00,-0.05,47
2017/06/06,"79,174","1,334,165",16.95,16.95,16.75,16.95,-0.05,58
2017/06/07,"102,554","1,716,646",16.80,16.80,16.60,16.80,-0.15,49
2017/06/08,"63,252","1,060,830",16.70,16.85,16.70,16.85,+0.05,24
2017/06/09,"54,659","910,882",16.70,16.70,16.65,16.65,-0.20,29
2017/06/12,"43,003","713,844",16.40,16.70,16.40,16.70,+0.05,32
2017/06/13,"35,057","581,945",16.50,16.70,16.50,16.70,0.00,21
2017/06/14,"47,505","786,977",16.55,16.70,16.40,16.70,0.00,32
2017/06/15,"33,295","555,671",16.55,16.85,16.40,16.80,+0.10,34
2017/06/16,"14,301","238,693",16.60,16.80,16.60,16.70,-0.10,15
2017/06/19,"13,152","219,818",16.70,16.75,16.70,16.70,0.00,20
2017/06/20,"44,204","731,858",16.60,16.65,16.50,16.65,-0.05,48
2017/06/21,"61,580","1,026,367",16.50,16.75,16.50,16.65,0.00,63
2017/06/22,"26,757","444,940",16.65,16.70,16.55,16.60,-0.05,22
2017/06/23,"11,587","192,105",16.55,16.65,16.55,16.65,+0.05,28
2017/06/26,"86,306","1,450,598",16.60,17.05,16.60,16.80,+0.15,84
2017/06/27,"15,359","256,907",16.80,16.85,16.65,16.80,0.00,24
2017/06/28,"70,057","1,178,444",16.80,17.00,16.65,17.00,+0.20,63
2017/06/29,"64,323","1,092,391",17.00,17.10,16.80,17.00,0.00,51
2017/06/30,"52,964","901,688",17.00,17.10,16.95,17.05,+0.05,31
2017/07/03,"81,302","1,381,334",16.85,17.15,16.85,17.15,+0.10,33
2017/07/04,"142,585","2,453,940",17.00,17.35,17.00,17.30,+0.15,75
2017/07/05,"21,063","364,032",17.20,17.30,17.20,17.30,0.00,30
2017/07/06,"303,489","5,269,201",17.20,17.55,17.20,17.50,+0.20,94
2017/07/07,"270,720","4,713,297",17.50,17.50,17.25,17.50,0.00,51
2017/07/10,"56,410","987,071",17.60,17.60,17.30,17.60,+0.10,50
2017/07/11,"90,360","1,597,281",17.60,17.80,17.50,17.75,+0.15,49
2017/07/12,"294,987","5,404,354",17.80,18.70,17.80,18.35,+0.60,200
2017/07/13,"345,416","6,455,598",18.40,19.00,18.40,18.55,+0.20,172
2017/07/14,"151,015","2,807,576",18.80,18.80,18.50,18.60,+0.05,91
2017/07/17,"127,026","2,352,278",18.70,18.70,18.40,18.70,+0.10,63
2017/07/18,"76,927","1,423,142",18.50,18.65,18.45,18.65,-0.05,70
2017/07/19,"233,073","4,261,013",18.60,18.60,18.10,18.10,-0.55,139
2017/07/20,"138,018","2,428,764",17.65,17.80,17.50,17.80,X0.00,94
2017/07/21,"39,515","701,828",17.85,17.90,17.60,17.85,+0.05,42
2017/07/24,"45,140","797,364",17.85,17.85,17.60,17.60,-0.25,21
2017/07/25,"65,183","1,151,335",17.85,17.85,17.60,17.70,+0.10,33
2017/07/26,"56,375","989,907",17.50,17.70,17.50,17.65,-0.05,39
2017/07/27,"32,657","581,225",17.65,17.85,17.65,17.80,+0.15,27
2017/07/28,"39,012","693,862",17.80,17.80,17.75,17.80,0.00,13
2017/07/31,"34,405","609,126",17.90,18.00,17.55,17.90,+0.10,28
2017/08/01,"5,120","91,429",17.90,17.90,17.80,17.90,0.00,16
2017/08/02,"25,283","449,005",17.90,17.90,17.70,17.70,-0.20,22
2017/08/03,"18,741","331,611",17.65,17.80,17.65,17.80,+0.10,23
2017/08/04,"15,643","277,544",17.75,17.80,17.75,17.80,0.00,18
2017/08/07,"6,966","122,943",17.65,17.65,17.60,17.65,-0.15,16
2017/08/08,"16,003","281,651",17.60,17.65,17.55,17.65,0.00,18
2017/08/09,"73,838","1,279,929",17.50,17.50,17.20,17.40,-0.25,39
2017/08/10,"23,542","409,929",17.50,17.80,17.25,17.80,+0.40,37
2017/08/11,"7,528","132,140",17.40,17.70,17.40,17.70,-0.10,13
2017/08/14,"47,900","839,660",17.55,17.75,17.35,17.65,-0.05,41
2017/08/15,"247,511","4,401,342",17.55,17.80,17.50,17.75,+0.10,48
2017/08/16,"27,293","480,666",17.55,17.70,17.55,17.65,-0.10,33
2017/08/17,"177,195","3,151,498",17.70,17.80,17.65,17.80,+0.15,30
2017/08/18,"31,167","549,419",17.65,17.70,17.60,17.60,-0.20,31
2017/08/21,"14,525","256,788",17.70,17.75,17.55,17.75,+0.15,17
2017/08/22,"300,072","5,279,958",17.55,17.65,17.50,17.65,-0.10,38
2017/08/23,"261,299","4,605,931",17.55,17.65,17.50,17.65,0.00,40
2017/08/24,"207,602","3,681,989",17.60,17.75,17.55,17.75,+0.10,39
2017/08/25,"156,573","2,780,235",17.70,17.80,17.55,17.80,+0.05,37
2017/08/28,"147,012","2,614,153",17.80,17.80,17.60,17.80,0.00,42
2017/08/29,"161,568","2,889,392",17.80,18.50,17.60,18.20,+0.40,37
2017/08/30,"140,384","2,546,838",18.30,18.30,17.80,17.80,-0.40,41
2017/08/31,"190,904","3,416,684",17.80,18.00,17.75,17.90,+0.10,35
2017/09/01,"38,013","674,027",17.90,17.90,17.65,17.70,-0.20,27
2017/09/04,"15,139","267,492",17.90,17.90,17.60,17.75,+0.05,17
2017/09/05,"47,825","847,216",17.75,17.90,17.55,17.75,0.00,27
2017/09/06,"6,133","108,651",17.60,17.75,17.60,17.75,0.00,25
2017/09/07,"46,153","810,595",17.65,17.65,17.50,17.65,-0.10,33
2017/09/08,"26,813","473,396",17.60,17.75,17.55,17.75,+0.10,26
2017/09/11,"47,196","837,525",17.75,18.10,17.60,17.85,+0.10,35
2017/09/12,"22,524","397,420",17.65,17.70,17.60,17.70,-0.15,25
2017/09/13,"48,918","861,699",17.65,17.85,17.55,17.70,0.00,38
2017/09/14,"36,220","637,757",17.60,17.70,17.55,17.70,0.00,28
2017/09/15,"21,076","370,680",17.55,17.65,17.55,17.65,-0.05,26
2017/09/18,"49,674","871,974",17.70,17.75,17.45,17.55,-0.10,39
2017/09/19,"90,608","1,589,509",17.55,17.55,17.40,17.55,0.00,18
2017/09/20,"13,703","239,300",17.45,17.60,17.40,17.60,+0.05,17
2017/09/21,"22,091","390,612",17.60,17.75,17.50,17.75,+0.15,30
2017/09/22,"42,775","772,920",18.45,18.45,17.60,18.05,+0.30,30
2017/09/25,"75,973","1,354,564",18.05,18.05,17.70,17.90,-0.15,36
2017/09/26,"23,016","408,529",17.70,17.85,17.70,17.85,-0.05,28
2017/09/27,"53,305","959,554",17.75,18.05,17.75,17.90,+0.05,18
2017/09/28,"26,543","474,367",18.00,18.00,17.80,18.00,+0.10,24
2017/09/29,"17,432","310,637",17.75,17.90,17.75,17.90,-0.10,16
2017/09/30,"22,269","396,817",17.75,17.90,17.75,17.90,0.00,29
2017/10/02,"75,293","1,360,074",17.90,18.25,17.85,18.10,+0.20,39
2017/10/03,"126,135","2,261,266",18.00,18.15,17.80,17.90,-0.20,50
2017/10/05,"10,448","186,841",17.85,17.95,17.85,17.95,+0.05,19
2017/10/06,"26,357","471,620",17.90,17.95,17.85,17.95,0.00,18
2017/10/11,"14,029","250,765",17.85,17.90,17.85,17.90,-0.05,12
2017/10/12,"23,985","427,627",17.85,17.90,17.75,17.90,0.00,23
2017/10/13,"166,835","2,962,144",17.75,17.90,17.75,17.90,0.00,29
2017/10/16,"223,890","3,976,637",17.80,17.90,17.75,17.90,0.00,43
2017/10/17,"299,586","5,332,853",17.80,17.90,17.80,17.90,0.00,33
2017/10/18,"16,445","293,591",17.90,17.90,17.75,17.90,0.00,16
2017/10/19,"51,741","920,426",17.90,17.90,17.75,17.90,0.00,15
2017/10/20,"183,298","3,271,785",17.85,17.85,17.80,17.85,-0.05,20
2017/10/23,"372,408","6,642,461",17.75,17.90,17.75,17.90,+0.05,34
2017/10/24,"29,225","520,097",17.75,17.90,17.75,17.90,0.00,28
2017/10/25,"32,982","588,573",17.80,17.90,17.75,17.90,0.00,33
2017/10/26,"91,031","1,626,396",17.80,17.90,17.75,17.90,0.00,36
2017/10/27,"239,359","4,269,503",17.80,17.85,17.75,17.80,-0.10,29
2017/10/30,"153,010","2,711,725",17.75,17.75,17.60,17.75,-0.05,26
2017/10/31,"302,324","5,323,884",17.70,17.70,17.50,17.55,-0.20,41
2017/11/01,"242,100","4,263,408",17.55,17.65,17.40,17.65,+0.10,29
2017/11/02,"307,184","5,432,302",17.65,17.75,17.65,17.75,+0.10,27
2017/11/03,"2,301","40,941",17.80,17.80,17.80,17.80,+0.05,6
2017/11/06,"123,050","2,158,832",17.65,17.80,17.30,17.80,0.00,36
2017/11/07,"282,298","5,012,741",17.75,17.80,17.60,17.75,-0.05,34
2017/11/08,"279,309","4,940,236",17.60,17.75,17.55,17.70,-0.05,40
2017/11/09,"38,441","683,902",17.80,17.80,17.75,17.80,+0.10,28
2017/11/10,"35,867","635,491",17.70,17.80,17.60,17.80,0.00,30
2017/11/13,"39,083","692,767",17.65,17.90,17.65,17.80,0.00,25
2017/11/14,"11,037","195,253",17.65,17.80,17.60,17.80,0.00,13
2017/11/15,"15,801","280,475",17.65,17.80,17.65,17.80,0.00,21
2017/11/16,"13,083","232,874",17.80,17.80,17.80,17.80,0.00,15
2017/11/17,"5,132","91,034",17.70,17.80,17.70,17.80,0.00,10
2017/11/20,"28,490","503,923",17.65,17.80,17.65,17.70,-0.10,23
2017/11/21,"36,562","643,833",17.60,17.75,17.55,17.75,+0.05,40
2017/11/22,"50,328","889,598",17.60,17.85,17.60,17.85,+0.10,44
2017/11/23,"24,274","430,232",17.80,17.80,17.65,17.75,-0.10,23
2017/11/24,"294,626","5,225,828",17.75,17.85,17.60,17.85,+0.10,50
2017/11/27,"92,269","1,647,132",17.95,17.95,17.75,17.85,0.00,27
2017/11/28,"231,346","4,123,667",17.70,17.90,17.65,17.90,+0.05,51
2017/11/29,"435,279","7,791,665",17.85,17.95,17.85,17.95,+0.05,34
2017/11/30,"50,500","903,047",17.95,17.95,17.80,17.90,-0.05,27
2017/12/01,"28,277","502,452",17.90,17.90,17.70,17.85,-0.05,20
2017/12/04,"33,811","598,064",17.70,17.85,17.65,17.80,-0.05,40
2017/12/05,"4,674","83,279",17.80,17.85,17.80,17.85,+0.05,6
2017/12/06,"30,500","542,047",17.65,17.90,17.60,17.90,+0.05,38
2017/12/07,"7,010","125,428",17.95,17.95,17.80,17.90,0.00,7
2017/12/08,"40,403","715,480",17.90,17.90,17.65,17.80,-0.10,28
2017/12/11,"11,868","212,349",17.90,17.90,17.90,17.90,+0.10,14
2017/12/12,"34,556","612,384",17.75,17.75,17.70,17.75,-0.15,25
2017/12/13,"57,174","1,013,718",17.65,17.80,17.60,17.75,0.00,37
2017/12/14,"46,727","831,587",17.90,17.90,17.75,17.90,+0.15,32
2017/12/15,"9,901","176,874",17.90,17.90,17.75,17.90,0.00,16
2017/12/18,"21,163","377,249",17.75,17.90,17.75,17.90,0.00,22
2017/12/19,"6,015","107,412",17.85,17.90,17.80,17.80,-0.10,12
2017/12/20,"93,874","1,674,673",17.75,17.85,17.75,17.75,-0.05,19
2017/12/21,"255,138","4,552,330",17.85,17.85,17.75,17.75,0.00,30
2017/12/22,"9,224","164,521",17.75,17.85,17.75,17.85,+0.10,12
2017/12/25,"112,373","2,007,334",17.75,17.90,17.75,17.90,+0.05,24
2017/12/26,"189,370","3,389,444",17.90,17.90,17.80,17.90,0.00,26
2017/12/27,"339,447","6,049,308",17.60,17.85,17.60,17.85,-0.05,36
2017/12/28,"21,711","386,831",17.75,17.85,17.75,17.85,0.00,23
2017/12/29,"8,357","148,802",17.80,17.85,17.75,17.85,0.00,38
2018/01/02,"41,385","738,363",17.85,17.90,17.70,17.85,0.00,29
2018/01/03,"48,189","854,540",17.75,17.85,17.70,17.85,0.00,33
2018/01/04,"48,518","860,414",17.85,17.85,17.65,17.75,-0.10,40
2018/01/05,"36,972","654,001",17.65,17.75,17.65,17.75,0.00,29
2018/01/08,"56,861","1,002,262",17.70,17.75,17.60,17.65,-0.10,49
2018/01/09,"22,492","396,180",17.60,17.65,17.55,17.65,0.00,23
2018/01/10,"77,128","1,355,787",17.55,17.80,17.50,17.60,-0.05,62
2018/01/11,"106,693","1,876,425",17.50,17.70,17.50,17.60,0.00,44
2018/01/12,"40,201","705,914",17.50,17.70,17.50,17.65,+0.05,39
2018/01/15,"31,687","561,388",17.70,17.80,17.65,17.75,+0.10,27
2018/01/16,"46,717","828,446",17.75,17.80,17.70,17.70,-0.05,50
2018/01/17,"61,112","1,085,075",17.75,17.80,17.65,17.80,+0.10,68
2018/01/18,"19,497","346,644",17.80,17.80,17.75,17.75,-0.05,17
2018/01/19,"11,507","203,764",17.75,17.75,17.70,17.70,-0.05,29
2018/01/22,"54,502","965,383",17.65,17.75,17.65,17.75,+0.05,46
2018/01/23,"26,626","471,964",17.75,17.80,17.65,17.75,0.00,29
2018/01/24,"10,851","192,334",17.65,17.75,17.65,17.75,0.00,42
2018/01/25,"47,203","836,111",17.75,17.80,17.55,17.70,-0.05,54
2018/01/26,"144,278","2,534,937",17.70,17.70,17.55,17.70,0.00,54
2018/01/29,"60,668","1,070,143",17.70,17.75,17.60,17.70,0.00,68
2018/01/30,"18,919","333,623",17.60,17.70,17.60,17.70,0.00,20
2018/01/31,"10,246","180,574",17.60,17.70,17.60,17.70,0.00,19
2018/02/01,"1,529","27,006",17.70,17.70,17.70,17.70,0.00,10
2018/02/02,"34,779","611,154",17.55,17.70,17.55,17.70,0.00,32
2018/02/05,"27,322","480,306",17.55,17.75,17.50,17.75,+0.05,39
2018/02/06,"68,010","1,183,120",17.50,17.55,17.20,17.40,-0.35,43
2018/02/07,"68,003","1,192,401",17.65,17.65,17.30,17.60,+0.20,64
2018/02/08,"29,119","512,779",17.60,17.70,17.50,17.60,0.00,22
2018/02/09,"29,173","506,492",17.35,17.45,17.35,17.40,-0.20,19
2018/02/12,"157,005","2,771,335",17.95,17.95,17.30,17.60,+0.20,37
2018/02/21,"112,143","2,003,023",17.80,17.90,17.80,17.90,+0.30,52
2018/02/22,"57,206","1,016,567",17.95,18.00,17.65,17.75,-0.15,66
2018/02/23,"31,872","563,440",17.70,17.75,17.65,17.70,-0.05,30
2018/02/26,"105,847","1,893,502",17.70,17.95,17.70,17.95,+0.25,92
2018/02/27,"226,980","4,079,231",17.95,18.20,17.80,18.20,+0.25,108
2018/03/01,"124,384","2,262,895",17.85,18.45,17.85,18.20,0.00,76
2018/03/02,"40,489","731,547",17.95,18.20,17.95,18.20,0.00,52
2018/03/05,"31,939","575,645",18.10,18.10,17.95,18.05,-0.15,62
2018/03/06,"22,251","402,668",17.85,18.20,17.85,18.15,+0.10,81
2018/03/07,"17,052","307,586",18.00,18.15,17.95,18.15,0.00,42
2018/03/08,"19,720","357,560",18.30,18.30,18.00,18.15,0.00,37
2018/03/09,"52,269","950,566",18.35,18.35,18.10,18.20,+0.05,33
2018/03/12,"69,637","1,286,534",18.20,19.00,18.20,18.40,+0.20,78
2018/03/13,"86,466","1,592,365",18.20,18.60,18.20,18.40,0.00,99
2018/03/14,"23,539","433,748",18.40,18.55,18.30,18.50,+0.10,57
2018/03/15,"7,080","130,415",18.35,18.50,18.35,18.50,0.00,27
2018/03/16,"79,299","1,460,513",18.50,18.60,18.35,18.50,0.00,68
2018/03/19,"23,094","424,853",18.35,18.50,18.35,18.50,0.00,77
2018/03/20,"31,286","577,105",18.35,18.65,18.35,18.55,+0.05,39
2018/03/21,"25,288","465,687",18.55,18.55,18.35,18.35,-0.20,34
2018/03/22,"98,135","1,794,576",18.30,18.35,18.20,18.35,0.00,58
2018/03/23,"25,647","470,422",18.20,18.45,18.20,18.35,0.00,27
2018/03/26,"5,830","107,082",18.40,18.40,18.30,18.30,-0.05,24
2018/03/27,"22,488","413,075",18.50,18.50,18.30,18.40,+0.10,30
2018/03/28,"27,382","501,185",18.30,18.45,18.25,18.45,+0.05,36
2018/03/29,"17,362","319,208",18.40,18.45,18.30,18.45,0.00,12
2018/03/30,"31,719","585,104",18.30,18.50,18.30,18.45,0.00,29
2018/03/31,"18,315","337,575",18.45,18.45,18.40,18.45,0.00,14
2018/04/02,"21,011","386,048",18.35,18.45,18.35,18.45,0.00,16
2018/04/03,"19,007","350,022",18.35,18.50,18.35,18.50,+0.05,23
2018/04/09,"42,303","784,595",18.40,18.65,18.35,18.60,+0.10,50
2018/04/10,"57,511","1,070,346",18.45,18.75,18.45,18.70,+0.10,53
2018/04/11,"30,461","564,725",18.50,18.65,18.45,18.65,-0.05,27
2018/04/12,"10,002","185,636",18.60,18.70,18.50,18.70,+0.05,8
2018/04/13,"23,507","440,571",18.80,18.80,18.55,18.80,+0.10,34
2018/04/16,"57,421","1,070,926",18.80,18.80,18.60,18.60,-0.20,57
2018/04/17,"36,905","686,038",18.55,18.75,18.50,18.60,0.00,30
2018/04/18,"8,148","151,029",18.50,18.65,18.50,18.65,+0.05,24
2018/04/19,"139,624","2,598,485",18.50,18.65,18.50,18.60,-0.05,52
2018/04/20,"86,156","1,596,431",18.55,18.60,18.45,18.60,0.00,45
2018/04/23,"19,329","357,871",18.50,18.60,18.50,18.60,0.00,42
2018/04/24,"26,310","487,820",18.60,18.60,18.50,18.60,0.00,47
2018/04/25,"42,181","775,512",18.45,18.45,18.30,18.35,-0.25,24
2018/04/26,"19,034","350,271",18.40,18.45,18.40,18.45,+0.10,12
2018/04/27,"22,328","414,734",18.30,18.65,18.30,18.50,+0.05,20
2018/04/30,"1,551","28,791",18.60,18.60,18.60,18.60,+0.10,9
2018/05/02,"10,451","194,191",18.45,18.70,18.45,18.60,0.00,18
2018/05/03,"24,929","461,426",18.50,18.70,18.45,18.60,0.00,21
2018/05/04,"21,499","397,879",18.45,18.60,18.45,18.60,0.00,13
2018/05/07,"37,139","686,719",18.45,18.60,18.45,18.60,0.00,25
2018/05/08,"14,035","260,897",18.60,18.65,18.50,18.60,0.00,15
2018/05/09,"85,521","1,580,886",18.50,18.60,18.40,18.55,-0.05,37
2018/05/10,"8,348","154,601",18.50,18.55,18.50,18.55,0.00,12
2018/05/11,"55,030","1,025,449",18.55,18.75,18.55,18.55,0.00,36
2018/05/14,"4,465","82,572",18.50,18.50,18.50,18.50,-0.05,19
2018/05/15,"44,453","824,078",18.50,18.65,18.45,18.65,+0.15,34
2018/05/16,"11,366","211,706",18.70,18.70,18.55,18.65,0.00,13
2018/05/17,"7,071","131,870",18.65,18.65,18.65,18.65,0.00,8
2018/05/18,"41,738","779,910",18.80,18.80,18.65,18.65,0.00,31
2018/05/21,"18,017","336,107",18.70,18.75,18.65,18.65,0.00,33
2018/05/22,"89,795","1,695,733",18.85,19.15,18.70,18.70,+0.05,48
2018/05/23,"7,533","140,885",18.75,18.75,18.65,18.65,-0.05,9
2018/05/24,"1,014","18,857",18.60,18.60,18.60,18.60,-0.05,6
2018/05/25,"22,281","415,825",18.90,18.90,18.50,18.80,+0.20,23
2018/05/28,"14,115","264,699",19.00,19.00,18.65,18.75,-0.05,12
2018/05/29,"14,115","263,728",18.65,18.70,18.65,18.65,-0.10,18
2018/05/30,"14,693","273,371",18.65,18.65,18.55,18.55,-0.10,18
2018/05/31,"7,485","138,670",18.55,18.65,18.50,18.65,+0.10,13
2018/06/01,"5,243","97,668",18.65,18.70,18.60,18.70,+0.05,9
2018/06/04,"28,900","537,847",18.70,18.70,18.55,18.65,-0.05,20
2018/06/05,"13,600","252,507",18.60,18.65,18.55,18.65,0.00,19
2018/06/06,"10,391","193,152",18.55,18.65,18.55,18.65,0.00,12
2018/06/07,"10,500","195,547",18.70,18.70,18.60,18.70,+0.05,15
2018/06/08,"45,505","846,192",18.55,18.70,18.55,18.65,-0.05,27
2018/06/11,"29,306","550,253",18.65,18.95,18.65,18.70,+0.05,21
2018/06/12,"16,114","301,719",18.85,18.85,18.65,18.65,-0.05,20
2018/06/13,"47,854","892,389",18.65,18.70,18.55,18.65,0.00,17
2018/06/14,"1,095","20,406",18.65,18.65,18.65,18.65,0.00,4
2018/06/15,"24,521","456,789",18.75,18.75,18.55,18.70,+0.05,18
2018/06/19,"11,001","206,318",18.70,18.90,18.55,18.85,+0.15,12
2018/06/20,"32,031","596,072",18.60,18.65,18.55,18.60,-0.25,25
2018/06/21,940,"17,482",--,--,--,--,0.00,6
2018/06/22,"70,015","1,300,125",18.70,18.70,18.50,18.60,X0.00,61
2018/06/25,"10,000","185,600",18.55,18.60,18.55,18.60,0.00,6
2018/06/26,"32,553","604,229",18.60,18.60,18.50,18.60,0.00,28
2018/06/27,"56,144","1,039,112",18.55,18.65,18.45,18.65,+0.05,38
2018/06/28,"162,120","3,006,870",18.50,18.75,18.40,18.65,0.00,90
2018/06/29,"85,143","1,572,744",18.70,18.70,18.30,18.60,-0.05,58
2018/07/02,"20,145","372,831",18.55,18.65,18.45,18.65,+0.05,16
2018/07/03,"53,452","985,170",18.55,18.55,18.35,18.45,-0.20,41
2018/07/04,"21,367","393,165",18.40,18.45,18.35,18.45,0.00,17
2018/07/05,"49,118","899,747",18.35,18.40,18.20,18.30,-0.15,28
2018/07/06,"21,375","392,087",18.45,18.50,18.20,18.35,+0.05,24
2018/07/09,"69,214","1,259,552",18.25,18.40,17.55,18.15,-0.20,62
2018/07/10,"50,787","918,093",18.20,18.30,17.75,18.20,+0.05,41
2018/07/11,"11,122","201,655",18.05,18.20,18.05,18.20,0.00,15
2018/07/12,"3,000","54,300",18.05,18.20,18.05,18.20,0.00,3
2018/07/13,"22,042","401,256",18.35,18.35,18.10,18.10,-0.10,16
2018/07/16,"63,683","1,151,379",18.05,18.30,18.05,18.30,+0.20,33
2018/07/17,"317,740","5,960,710",18.10,18.95,18.10,18.60,+0.30,70
2018/07/18,"118,147","2,159,602",18.50,18.50,18.20,18.50,X0.00,44
2018/07/19,"2,039","37,717",18.50,18.50,18.50,18.50,0.00,4
2018/07/20,"10,199","189,510",18.55,18.65,18.50,18.50,0.00,13
2018/07/23,"8,212","151,450",18.40,18.55,18.35,18.50,0.00,10
2018/07/24,"41,280","758,622",18.50,18.50,18.35,18.45,-0.05,24
2018/07/25,"21,005","385,641",18.40,18.40,18.30,18.40,-0.05,15
2018/07/26,"18,000","329,550",18.30,18.35,18.30,18.35,-0.05,14
2018/07/27,"17,127","314,266",18.45,18.45,18.25,18.35,0.00,22
2018/07/30,"4,772","87,100",18.20,18.30,18.20,18.30,-0.05,6
2018/07/31,"24,864","454,759",18.50,18.50,18.20,18.35,+0.05,23
2018/08/01,"32,459","594,002",18.35,18.35,18.30,18.30,-0.05,8
2018/08/02,"36,192","655,722",18.20,18.25,18.00,18.25,-0.05,39
2018/08/03,"62,715","1,134,739",18.10,18.25,18.00,18.25,0.00,40
2018/08/06,"6,121","111,602",18.20,18.30,18.20,18.30,+0.05,6
2018/08/07,"15,241","277,912",18.25,18.35,18.20,18.25,-0.05,14
2018/08/08,"24,559","446,824",18.20,18.25,18.15,18.25,0.00,27
2018/08/09,"4,428","81,002",18.25,18.35,18.25,18.35,+0.10,10
2018/08/10,"17,970","328,699",18.25,18.35,18.25,18.35,0.00,23
2018/08/13,"16,767","306,208",18.25,18.35,18.20,18.35,0.00,19
2018/08/14,"48,057","879,640",18.25,18.40,18.25,18.35,0.00,22
2018/08/15,"48,000","871,550",18.30,18.30,18.05,18.30,-0.05,29
2018/08/16,"21,141","385,466",18.15,18.35,18.15,18.35,+0.05,16
2018/08/17,"18,211","334,038",18.35,18.40,18.20,18.35,0.00,24
2018/08/20,"18,289","336,413",18.40,18.40,18.35,18.35,0.00,31
2018/08/21,"32,280","593,159",18.40,18.40,18.35,18.35,0.00,32
2018/08/22,"13,118","240,303",18.35,18.35,18.25,18.35,0.00,14
2018/08/23,"9,566","175,050",18.30,18.35,18.30,18.35,0.00,13
2018/08/24,"17,089","313,873",18.40,18.40,18.30,18.35,0.00,15
2018/08/27,"9,999","186,079",19.10,19.10,18.40,18.40,+0.05,12
2018/08/28,"21,408","392,165",18.40,18.40,18.25,18.40,0.00,17
2018/08/29,"15,045","276,123",18.50,18.50,18.30,18.40,0.00,13
2018/08/30,"560,501","11,284,115",18.25,18.30,18.20,18.30,-0.10,19
2018/08/31,"12,010","219,983",18.35,18.35,18.20,18.30,0.00,11
2018/09/03,"9,329","170,633",18.25,18.35,18.25,18.35,+0.05,16
2018/09/04,"6,781","124,091",18.25,18.35,18.25,18.35,0.00,8
2018/09/05,"14,416","263,741",18.25,18.35,18.25,18.35,0.00,13
2018/09/06,"16,067","294,069",18.30,18.35,18.25,18.35,0.00,10
2018/09/07,"11,000","201,400",18.30,18.35,18.25,18.35,0.00,8
2018/09/10,"20,021","366,185",18.25,18.35,18.15,18.35,0.00,22
2018/09/11,"25,214","464,136",18.40,18.50,18.35,18.50,+0.15,21
2018/09/12,"10,119","185,888",18.40,18.40,18.30,18.40,-0.10,11
2018/09/13,"29,823","551,654",18.40,18.70,18.40,18.70,+0.30,34
2018/09/14,"744,111","15,262,712",18.70,18.70,18.55,18.60,-0.10,16
2018/09/17,"4,165","76,940",18.45,18.55,18.45,18.55,-0.05,13
2018/09/18,"12,803","237,818",18.55,18.65,18.50,18.65,+0.10,21
2018/09/19,"102,473","1,901,942",18.50,18.70,18.45,18.70,+0.05,82
2018/09/20,"26,377","489,174",18.60,18.60,18.50,18.60,-0.10,27
2018/09/21,"24,091","447,883",18.70,18.70,18.50,18.60,0.00,24
2018/09/25,"11,382","212,354",18.70,18.70,18.65,18.65,+0.05,13
2018/09/26,"22,110","409,487",18.60,18.60,18.50,18.55,-0.10,18
2018/09/27,"12,526","232,829",18.60,18.70,18.50,18.65,+0.10,15
2018/09/28,"16,027","298,199",18.60,18.65,18.50,18.65,0.00,15
2018/10/01,"18,069","336,975",18.70,18.70,18.55,18.65,0.00,14
2018/10/02,"15,664","290,233",18.60,18.60,18.50,18.50,-0.15,15
2018/10/03,"54,229","985,789",18.50,18.50,17.70,18.15,-0.35,25
2018/10/04,"51,115","917,720",18.15,18.15,17.90,18.05,-0.10,19
2018/10/05,"16,001","289,568",18.10,18.15,18.05,18.15,+0.10,11
2018/10/08,"10,110","182,740",18.10,18.20,18.05,18.20,+0.05,12
2018/10/09,"27,296","499,914",18.15,18.45,18.15,18.40,+0.20,34
2018/10/11,"28,127","505,386",18.20,18.20,17.70,18.10,-0.30,21
2018/10/12,"97,205","1,735,431",17.60,18.45,17.40,18.45,+0.35,95
2018/10/15,"21,027","388,195",18.40,18.50,18.30,18.50,+0.05,16
2018/10/16,"14,834","273,210",18.50,18.50,18.25,18.40,-0.10,14
2018/10/17,"72,650","1,331,708",18.35,18.50,18.25,18.50,+0.10,23
2018/10/18,"11,115","203,198",18.30,18.30,18.25,18.25,-0.25,13
2018/10/19,"18,003","329,004",18.30,18.40,18.15,18.25,0.00,18
2018/10/22,"4,834","88,559",18.25,18.45,18.25,18.45,+0.20,11
2018/10/23,"21,056","387,224",18.45,18.45,18.30,18.40,-0.05,12
2018/10/24,"46,000","844,150",18.35,18.40,18.30,18.40,0.00,15
2018/10/25,"41,313","754,044",18.35,18.35,18.15,18.35,-0.05,27
2018/10/26,"36,181","657,725",18.30,18.35,18.00,18.25,-0.10,20
2018/10/29,"18,027","329,744",18.25,18.50,18.25,18.50,+0.25,13
2018/10/30,"70,000","1,271,500",18.45,18.45,18.00,18.30,-0.20,61
2018/10/31,"16,950","307,292",18.10,18.25,18.10,18.20,-0.10,18
2018/11/01,"6,410","116,249",18.15,18.15,18.10,18.15,-0.05,10
2018/11/02,"117,593","2,124,190",18.20,18.30,17.90,18.30,+0.15,76
2018/11/05,"7,001","128,118",18.30,18.30,18.30,18.30,0.00,4
2018/11/06,565,"10,170",--,--,--,--,0.00,3
2018/11/07,"12,317","225,568",18.40,18.40,18.30,18.30,X0.00,11
2018/11/08,4,72,--,--,--,--,0.00,4
2018/11/09,"124,001","2,212,718",17.70,18.25,17.70,18.25,X0.00,67
2018/11/12,"5,200","94,850",18.25,18.30,18.05,18.30,+0.05,7
2018/11/13,"16,366","298,578",18.15,18.30,18.15,18.25,-0.05,16
2018/11/14,"1,000","18,250",18.25,18.25,18.25,18.25,0.00,1
2018/11/15,"13,164","238,934",18.15,18.20,18.10,18.20,-0.05,12
2018/11/16,"16,531","300,960",18.30,18.30,18.05,18.20,0.00,18
2018/11/19,"4,500","81,649",18.10,18.30,18.10,18.30,+0.10,8
2018/11/20,"13,736","250,745",18.20,18.30,18.20,18.30,0.00,12
2018/11/21,"14,862","270,400",18.20,18.20,18.20,18.20,-0.10,12
2018/11/22,"2,020","36,861",18.25,18.25,18.25,18.25,+0.05,4
2018/11/23,"75,461","1,386,038",18.30,18.70,18.20,18.30,+0.05,55
2018/11/26,"77,907","1,422,452",18.30,18.45,18.10,18.35,+0.05,53
2018/11/27,"13,399","246,851",18.50,18.50,18.30,18.40,+0.05,15
2018/11/28,"16,820","306,854",18.40,18.40,18.20,18.40,0.00,17
2018/11/29,"10,099","184,511",18.25,18.35,18.20,18.35,-0.05,10
2018/11/30,"18,731","340,708",18.35,18.35,18.10,18.10,-0.25,16
2018/12/03,"37,148","671,564",18.15,18.15,18.05,18.05,-0.05,24
2018/12/04,"5,226","94,368",18.00,18.10,18.00,18.10,+0.05,9
2018/12/05,"14,260","256,653",18.00,18.00,18.00,18.00,-0.10,9
2018/12/06,"32,352","581,405",18.00,18.10,17.90,18.05,+0.05,36
2018/12/07,"23,601","428,826",18.10,18.20,18.10,18.20,+0.15,24
2018/12/10,"14,058","254,899",18.15,18.25,18.10,18.15,-0.05,9
2018/12/11,"19,557","354,001",18.20,18.20,18.05,18.10,-0.05,18
2018/12/12,"5,954","107,956",18.00,18.15,18.00,18.15,+0.05,12
2018/12/13,"12,221","222,286",18.10,18.25,18.10,18.25,+0.10,18
2018/12/14,"44,473","813,127",18.20,18.35,18.15,18.35,+0.10,26
2018/12/17,"18,111","331,780",18.45,18.45,18.20,18.30,-0.05,16
2018/12/18,"51,310","945,550",18.40,18.50,18.20,18.50,+0.20,50
2018/12/19,"4,109","75,390",18.35,18.40,18.35,18.40,-0.10,14
2018/12/20,"18,511","339,899",18.50,18.50,18.10,18.45,+0.05,26
2018/12/21,"26,341","482,455",18.50,18.50,18.20,18.20,-0.25,18
2018/12/22,"2,300","42,009",18.30,18.30,18.25,18.25,+0.05,5
2018/12/24,"4,003","73,755",18.50,18.50,18.35,18.35,+0.10,6
2018/12/25,"14,391","264,642",18.30,18.45,18.30,18.40,+0.05,21
2018/12/26,"11,174","203,924",18.25,18.25,18.25,18.25,-0.15,5
2018/12/27,"1,923","35,094",18.25,18.25,18.25,18.25,0.00,3
2018/12/28,"32,745","598,718",18.25,18.35,18.15,18.35,+0.10,21
2019/01/02,"9,202","167,745",18.25,18.25,18.15,18.15,-0.20,9
2019/01/03,"20,149","368,676",18.20,18.40,18.20,18.40,+0.25,20
2019/01/04,"10,005","181,940",18.15,18.20,18.15,18.20,-0.20,15
2019/01/07,"22,457","413,463",18.50,18.50,18.30,18.30,+0.10,29
2019/01/08,"42,215","770,499",18.20,18.40,18.15,18.25,-0.05,36
2019/01/09,"48,545","880,636",18.15,18.25,18.10,18.10,-0.15,33
2019/01/10,"27,909","505,750",18.05,18.20,18.05,18.20,+0.10,34
2019/01/11,"60,001","1,086,918",18.15,18.15,18.05,18.15,-0.05,36
2019/01/14,"27,100","489,483",18.05,18.10,18.05,18.05,-0.10,28
2019/01/15,"60,070","1,080,751",18.05,18.05,17.95,17.95,-0.10,33
2019/01/16,"27,412","491,272",17.95,17.95,17.90,17.90,-0.05,30
2019/01/17,"6,860","123,480",18.00,18.00,18.00,18.00,+0.10,12
2019/01/18,"37,442","675,956",18.10,18.15,18.00,18.15,+0.15,25
2019/01/21,"4,352","78,549",18.10,18.10,18.05,18.05,-0.10,6
2019/01/22,"21,175","384,550",18.20,18.20,18.10,18.15,+0.10,21
2019/01/23,"22,869","414,983",18.15,18.15,18.15,18.15,0.00,13
2019/01/24,"4,736","85,857",18.10,18.15,18.10,18.15,0.00,9
2019/01/25,"24,457","442,926",18.10,18.15,18.05,18.15,0.00,17
2019/01/28,"12,814","232,052",18.15,18.15,18.10,18.15,0.00,26
2019/01/29,"20,845","377,643",18.15,18.20,18.05,18.20,+0.05,21
2019/01/30,"113,082","2,054,034",18.05,18.20,18.05,18.20,0.00,16
2019/02/11,"44,120","801,371",18.10,18.30,18.10,18.20,0.00,31
2019/02/12,"90,203","1,665,083",18.15,18.50,18.15,18.50,+0.30,25
2019/02/13,"100,259","1,853,091",18.20,18.55,18.20,18.55,+0.05,34
2019/02/14,"45,772","846,525",18.50,18.50,18.45,18.45,-0.10,19
2019/02/15,"102,312","1,884,988",18.30,18.55,18.30,18.50,+0.05,72
2019/02/18,"15,732","290,215",18.45,18.50,18.35,18.50,0.00,19
2019/02/19,"32,582","602,207",18.50,18.55,18.45,18.55,+0.05,18
2019/02/20,"56,409","1,048,764",18.70,18.70,18.50,18.60,+0.05,52
2019/02/21,"7,139","132,151",18.55,18.55,18.50,18.50,-0.10,22
2019/02/22,"30,312","558,940",18.50,18.55,18.30,18.55,+0.05,21
2019/02/25,"20,230","371,980",18.50,18.50,18.35,18.50,-0.05,15
2019/02/26,"20,003","369,704",18.50,18.50,18.45,18.45,-0.05,13
2019/02/27,"16,508","304,844",18.45,18.50,18.45,18.50,+0.05,14
2019/03/04,"35,671","659,741",18.45,18.50,18.45,18.50,0.00,18
2019/03/05,"88,028","1,627,014",18.40,18.55,18.40,18.55,+0.05,24
2019/03/06,"23,231","429,498",18.45,18.50,18.45,18.50,-0.05,9
2019/03/07,"4,050","74,614",18.45,18.45,18.40,18.40,-0.10,14
2019/03/08,"9,428","173,087",18.35,18.40,18.35,18.35,-0.05,20
2019/03/11,"33,387","610,979",18.30,18.30,18.30,18.30,-0.05,17
2019/03/12,"11,010","203,482",18.50,18.50,18.35,18.45,+0.15,11
2019/03/13,"19,151","350,460",18.30,18.30,18.30,18.30,-0.15,14
2019/03/14,"102,023","1,881,018",18.25,18.45,18.25,18.45,+0.15,12
2019/03/15,"13,019","239,942",18.45,18.45,18.40,18.45,0.00,23
2019/03/18,"13,224","242,295",18.30,18.40,18.30,18.40,-0.05,19
2019/03/19,"16,871","310,636",18.40,18.45,18.30,18.45,+0.05,17
2019/03/20,"51,412","943,383",18.30,18.45,18.25,18.45,0.00,48
2019/03/21,"16,499","301,880",18.30,18.30,18.30,18.30,-0.15,10
2019/03/22,"14,203","261,109",18.45,18.45,18.30,18.40,+0.10,28
2019/03/25,"6,305","115,863",18.35,18.40,18.35,18.35,-0.05,16
2019/03/26,"24,445","448,297",18.30,18.45,18.30,18.35,0.00,24
2019/03/27,"3,140","57,443",18.35,18.35,18.35,18.35,0.00,14
2019/03/28,"5,977","109,178",18.25,18.35,18.25,18.35,0.00,11
2019/03/29,"15,356","282,061",18.35,18.40,18.35,18.40,+0.05,22
2019/04/01,"16,907","310,989",18.40,18.40,18.40,18.40,0.00,39
2019/04/02,"2,120","38,889",18.35,18.35,18.35,18.35,-0.05,7
2019/04/03,"19,367","354,128",18.25,18.30,18.25,18.30,-0.05,14
2019/04/08,"68,960","1,255,771",18.25,18.30,18.10,18.25,-0.05,57
2019/04/09,"13,299","242,925",18.15,18.40,18.15,18.25,0.00,14
2019/04/10,"15,748","286,287",18.15,18.25,18.15,18.25,0.00,17
2019/04/11,"3,096","56,491",18.25,18.25,18.25,18.25,0.00,7
2019/04/12,"9,462","173,457",18.25,18.40,18.25,18.35,+0.10,15
2019/04/15,"83,340","1,528,354",18.25,18.35,18.20,18.35,0.00,17
2019/04/16,"147,895","2,713,587",18.25,18.35,18.25,18.35,0.00,26
2019/04/17,"66,394","1,220,598",18.30,18.50,18.20,18.50,+0.15,61
2019/04/18,"28,111","514,830",18.50,18.50,18.30,18.30,-0.20,18
2019/04/19,"10,795","198,196",18.40,18.40,18.30,18.35,+0.05,15
2019/04/22,"10,585","193,394",18.25,18.35,18.25,18.35,0.00,11
2019/04/23,"51,051","937,480",18.25,18.40,18.25,18.40,+0.05,27
2019/04/24,"3,792","69,682",18.35,18.40,18.35,18.40,0.00,6
2019/04/25,"4,426","80,873",18.25,18.30,18.25,18.30,-0.10,9
2019/04/26,"20,465","374,160",18.40,18.40,18.20,18.30,0.00,22
2019/04/29,50,900,--,--,--,--,0.00,2
2019/04/30,"20,552","375,795",18.35,18.35,18.25,18.30,X0.00,22
2019/05/02,"13,747","250,370",18.25,18.25,18.20,18.25,-0.05,13
2019/05/03,"17,619","320,152",18.15,18.25,18.15,18.25,0.00,16
2019/05/06,"9,965","181,015",18.15,18.25,18.15,18.25,0.00,11
2019/05/07,"11,316","205,734",18.15,18.25,18.15,18.25,0.00,17
2019/05/08,"2,002","36,536",18.25,18.25,18.25,18.25,0.00,3
2019/05/09,"41,426","751,109",18.15,18.25,18.05,18.25,0.00,25
2019/05/10,"23,410","424,320",18.10,18.15,18.10,18.10,-0.15,15
2019/05/13,"38,361","691,361",18.00,18.10,18.00,18.00,-0.10,23
2019/05/14,"13,023","234,264",18.00,18.05,17.90,18.00,0.00,13
2019/05/15,"32,808","589,112",18.00,18.00,17.95,18.00,0.00,18
2019/05/16,"4,807","86,394",18.00,18.00,17.95,18.00,0.00,7
2019/05/17,"57,023","1,030,664",18.10,18.10,17.90,18.10,+0.10,27
2019/05/20,"5,222","94,446",18.10,18.10,18.05,18.05,-0.05,8
2019/05/21,"17,237","313,587",18.20,18.25,18.00,18.20,+0.15,16
2019/05/22,"28,415","513,070",18.10,18.10,18.00,18.05,-0.15,17
2019/05/23,"10,111","181,735",17.95,18.10,17.95,18.05,0.00,7
2019/05/24,"14,104","254,972",18.05,18.15,18.05,18.15,+0.10,12
2019/05/27,"37,106","668,463",18.00,18.10,18.00,18.10,-0.05,21
2019/05/28,"16,184","292,812",18.10,18.10,18.05,18.10,0.00,11
2019/05/29,"33,534","610,512",18.10,18.25,18.05,18.10,0.00,14
2019/05/30,"7,678","138,784",18.10,18.10,18.05,18.05,-0.05,10
2019/05/31,"50,281","906,658",18.10,18.10,18.00,18.10,+0.05,24
2019/06/03,"6,817","123,006",18.10,18.10,18.00,18.10,0.00,9
2019/06/04,"22,853","411,404",18.00,18.05,18.00,18.05,-0.05,11
2019/06/05,"16,784","301,667",17.95,18.10,17.90,18.10,+0.05,21
2019/06/06,"18,933","340,689",17.95,18.10,17.90,18.10,0.00,17
2019/06/10,"15,343","276,384",18.05,18.05,18.00,18.00,-0.10,19
2019/06/11,"13,685","246,530",18.10,18.10,18.00,18.00,0.00,16
2019/06/12,"28,306","508,025",17.95,18.00,17.90,18.00,0.00,15
2019/06/13,"5,041","90,481",17.90,18.00,17.90,18.00,0.00,7
2019/06/14,"27,123","487,400",18.00,18.00,17.90,18.00,0.00,16
2019/06/17,"34,396","619,735",18.00,18.05,18.00,18.05,+0.05,32
2019/06/18,"28,044","504,785",18.05,18.05,17.95,18.00,-0.05,12
2019/06/19,"34,109","613,998",18.00,18.05,18.00,18.05,+0.05,38
2019/06/20,"51,619","929,328",18.00,18.05,18.00,18.05,0.00,27
2019/06/21,"177,256","3,197,630",18.05,18.05,18.00,18.05,0.00,56
2019/06/24,"86,021","1,553,375",18.05,18.10,18.00,18.05,0.00,52
2019/06/25,"123,100","2,221,354",18.05,18.10,18.00,18.10,+0.05,34
2019/06/26,"10,121","182,783",18.05,18.10,18.05,18.10,0.00,10
2019/06/27,"45,629","825,172",18.05,18.20,18.00,18.10,0.00,41
2019/06/28,"84,001","1,513,717",18.10,18.10,17.95,18.05,-0.05,50
2019/07/01,"22,768","409,842",18.10,18.10,18.00,18.00,-0.05,15
2019/07/02,"9,409","169,171",17.95,18.05,17.95,18.05,+0.05,11
2019/07/03,"693,001","13,659,817",18.00,18.00,17.95,18.00,-0.05,19
2019/07/04,"23,113","418,072",18.15,18.15,18.00,18.00,0.00,14
2019/07/05,"10,218","184,424",18.20,18.20,18.00,18.10,+0.10,11
2019/07/08,"77,659","1,400,444",18.15,18.15,18.00,18.00,-0.10,38
2019/07/09,"34,102","615,525",18.05,18.05,18.05,18.05,+0.05,11
2019/07/10,"51,996","938,578",18.00,18.10,18.00,18.10,+0.05,19
2019/07/11,"6,277","113,336",18.10,18.10,18.00,18.10,0.00,8
2019/07/12,"50,919","919,492",18.05,18.10,18.05,18.10,0.00,21
2019/07/15,"37,509","674,659",17.95,18.05,17.95,18.00,-0.10,17
2019/07/16,"27,649","498,932",18.05,18.10,18.00,18.10,+0.10,17
2019/07/17,"211,620","3,753,997",18.10,18.10,17.30,18.00,-0.10,112
2019/07/18,"141,534","2,548,314",17.85,18.35,17.85,18.25,X0.00,52
2019/07/19,"80,001","1,451,168",18.30,18.30,18.05,18.10,-0.15,23
2019/07/22,"31,571","567,669",18.00,18.00,17.95,17.95,-0.15,15
2019/07/23,"40,102","723,575",17.95,18.15,17.90,18.00,+0.05,35
2019/07/24,"9,300","168,219",18.15,18.15,17.90,17.90,-0.10,9
2019/07/25,"12,149","218,412",18.00,18.05,17.95,18.00,+0.10,18
2019/07/26,"25,305","456,840",18.05,18.15,18.00,18.15,+0.15,20
2019/07/29,"41,781","757,858",18.15,18.15,18.10,18.15,0.00,16
2019/07/30,"16,845","306,060",18.20,18.20,18.15,18.15,0.00,17
2019/07/31,"16,110","292,180",18.15,18.20,18.00,18.10,-0.05,18
2019/08/01,"25,278","456,204",18.10,18.10,17.95,18.10,0.00,15
2019/08/02,"54,807","987,976",18.00,18.10,17.90,18.10,0.00,30
2019/08/05,"19,042","342,601",18.00,18.15,17.95,18.05,-0.05,10
2019/08/06,"32,101","577,868",17.90,18.05,17.90,18.05,0.00,18
2019/08/07,"10,278","185,473",18.20,18.20,18.00,18.05,0.00,13
2019/08/08,"4,129","74,722",18.10,18.10,18.10,18.10,+0.05,10
2019/08/12,"1,303,166","23,817,588",18.05,18.10,17.95,18.10,0.00,57
2019/08/13,"31,765","572,842",18.10,18.10,18.00,18.05,-0.05,18
2019/08/14,"14,848","267,123",18.05,18.05,17.95,18.05,0.00,15
2019/08/15,"29,908","534,404",17.90,18.05,17.85,17.85,-0.20,26
2019/08/16,"73,845","1,326,373",17.85,18.00,17.85,18.00,+0.15,22
2019/08/19,"25,833","464,776",18.00,18.00,17.95,17.95,-0.05,15
2019/08/20,"73,689","1,323,611",17.95,18.00,17.90,17.95,0.00,31
2019/08/21,"56,054","1,006,660",18.05,18.10,17.85,17.95,0.00,49
2019/08/22,"5,132","91,960",17.90,18.00,17.90,18.00,+0.05,7
2019/08/23,"15,649","281,115",17.90,18.00,17.90,18.00,0.00,16
2019/08/26,"11,508","206,689",17.95,18.00,17.90,18.00,0.00,18
2019/08/27,"24,431","439,212",17.90,18.00,17.85,18.00,0.00,18
2019/08/28,"514,001","10,150,717",17.90,17.95,17.85,17.95,-0.05,9
2019/08/29,"13,047","234,238",17.95,18.00,17.95,18.00,+0.05,11
2019/08/30,"42,950","770,257",18.00,18.00,17.90,17.95,-0.05,22
2019/09/02,"5,100","91,329",17.85,17.95,17.85,17.95,0.00,6
2019/09/03,"10,000","179,250",17.95,17.95,17.90,17.95,0.00,6
2019/09/04,"28,980","519,831",17.90,18.00,17.90,18.00,+0.05,25
2019/09/05,"7,202","129,163",17.90,18.00,17.90,18.00,0.00,10
2019/09/06,"515,950","10,187,801",18.00,18.00,17.90,18.00,0.00,17
2019/09/09,"27,178","487,084",17.90,18.00,17.90,18.00,0.00,15
2019/09/10,"43,529","779,517",18.00,18.00,17.85,18.00,0.00,19
2019/09/11,"43,429","774,836",17.85,17.90,17.80,17.90,-0.10,30
2019/09/12,"77,940","1,402,212",17.75,18.20,17.75,18.20,+0.30,53
2019/09/16,"53,854","971,156",18.15,18.15,17.95,18.10,-0.10,32
2019/09/17,"51,671","931,443",18.00,18.20,18.00,18.15,+0.05,32
2019/09/18,"138,321","2,515,270",18.05,18.40,18.00,18.40,+0.25,79
2019/09/19,"43,001","780,418",18.20,18.40,18.10,18.40,0.00,18
2019/09/20,"76,484","1,385,812",18.15,18.25,18.05,18.05,-0.35,51
2019/09/23,"21,620","391,060",17.95,18.15,17.95,18.10,+0.05,20
2019/09/24,"37,017","667,606",18.15,18.15,17.95,18.10,0.00,26
2019/09/25,"7,193","129,974",18.05,18.10,18.05,18.10,0.00,9
2019/09/26,"26,212","473,866",18.00,18.20,18.00,18.15,+0.05,26
2019/09/27,"85,191","1,528,527",18.05,18.10,17.80,17.95,-0.20,53
2019/10/01,"821,665","14,749,053",17.90,18.05,17.90,18.00,+0.05,21
2019/10/02,"15,017","270,603",17.95,18.05,17.95,18.05,+0.05,7
2019/10/03,"8,615","154,738",17.95,18.00,17.95,18.00,-0.05,7
2019/10/04,"334,896","5,982,498",17.95,17.95,17.75,17.95,-0.05,132
2019/10/07,"203,346","3,632,255",17.85,17.90,17.85,17.90,-0.05,15
2019/10/08,"251,533","4,474,636",17.95,17.95,17.75,17.95,+0.05,41
2019/10/09,"209,078","3,724,685",17.80,17.90,17.80,17.90,-0.05,21
2019/10/14,"182,500","3,265,496",17.85,18.00,17.85,18.00,+0.10,55
2019/10/15,"146,433","2,609,457",17.95,17.95,17.80,17.95,-0.05,26
2019/10/16,"239,903","4,289,904",17.95,18.15,17.85,18.15,+0.20,51
2019/10/17,"345,193","6,197,153",18.00,18.00,17.95,18.00,-0.15,35
2019/10/18,"290,154","5,209,763",18.00,18.05,17.90,17.95,-0.05,43
2019/10/21,"191,931","3,452,664",18.00,18.10,17.95,18.00,+0.05,24
2019/10/22,"321,069","5,795,392",18.10,18.10,18.00,18.10,+0.10,29
2019/10/23,"7,433","134,048",18.10,18.10,18.00,18.00,-0.10,10
2019/10/24,"27,510","491,621",17.90,17.90,17.85,17.85,-0.15,19
2019/10/25,"13,262","239,339",18.05,18.05,18.05,18.05,+0.20,11
2019/10/28,"49,000","882,000",18.05,18.05,17.95,18.05,0.00,16
2019/10/29,"13,046","235,370",18.05,18.05,18.00,18.05,0.00,16
2019/10/30,"28,002","502,384",18.05,18.05,17.85,18.05,0.00,19
2019/10/31,"27,431","491,913",17.90,18.00,17.90,18.00,-0.05,19
2019/11/01,"807,212","15,978,844",18.00,18.05,18.00,18.05,+0.05,7
2019/11/04,"54,814","983,269",18.05,18.05,17.90,18.00,-0.05,31
2019/11/05,"9,133","164,226",18.00,18.00,17.95,18.00,0.00,14
2019/11/06,1,17,--,--,--,--,0.00,1
2019/11/07,"46,853","838,173",17.85,18.00,17.85,18.00,X0.00,32
2019/11/08,"9,264","166,723",18.05,18.05,18.00,18.00,0.00,13
2019/11/11,"16,208","290,171",17.85,18.00,17.85,18.00,0.00,13
2019/11/12,"61,415","1,102,378",18.00,18.00,17.90,18.00,0.00,27
2019/11/13,"22,239","398,366",17.85,17.95,17.85,17.95,-0.05,12
2019/11/14,"12,854","229,824",17.95,17.95,17.85,17.95,0.00,16
2019/11/15,"15,380","276,599",18.00,18.00,17.90,18.00,+0.05,13
2019/11/18,"2,000","35,700",17.85,17.85,17.85,17.85,-0.15,2
2019/11/19,"15,000","268,550",17.85,17.95,17.85,17.90,+0.05,9
2019/11/20,"31,137","561,698",17.80,18.15,17.80,18.10,+0.20,37
2019/11/21,"30,338","543,948",17.90,18.05,17.85,18.05,-0.05,29
2019/11/22,"36,462","652,366",18.05,18.05,17.75,17.85,-0.20,33
2019/11/25,"64,455","1,155,849",17.85,17.95,17.85,17.90,+0.05,26
2019/11/26,"19,111","341,835",17.90,17.95,17.80,17.95,+0.05,13
2019/11/27,"3,603","64,639",17.90,18.00,17.90,18.00,+0.05,9
2019/11/28,"14,466","258,493",18.00,18.00,17.80,17.90,-0.10,15
2019/11/29,"30,102","537,175",18.00,18.00,17.65,18.00,+0.10,30
2019/12/02,"5,107","91,913",18.00,18.00,18.00,18.00,0.00,9
2019/12/03,"15,001","268,417",17.90,17.90,17.85,17.90,-0.10,7
2019/12/04,"36,487","646,120",17.90,17.90,17.65,17.75,-0.15,23
2019/12/05,"22,588","401,656",17.80,17.80,17.75,17.80,+0.05,18
2019/12/06,"14,084","250,584",17.90,17.90,17.75,17.85,+0.05,15
2019/12/09,"14,193","252,815",17.85,17.85,17.80,17.85,0.00,10
2019/12/10,"643,913","11,534,184",18.00,18.30,17.95,18.00,+0.15,35
2019/12/11,"26,291","473,088",17.95,18.15,17.95,18.10,+0.10,28
2019/12/12,"769,180","13,808,018",18.10,18.10,17.95,18.00,-0.10,21
2019/12/13,"10,464","188,504",18.15,18.15,18.00,18.00,0.00,15
2019/12/16,"22,409","402,974",17.95,18.00,17.90,17.95,-0.05,24
2019/12/17,"45,580","820,373",18.10,18.20,17.90,17.95,0.00,29
2019/12/18,"89,597","1,641,542",18.00,18.80,18.00,18.60,+0.65,72
2019/12/19,"41,648","768,903",18.60,18.60,18.30,18.40,-0.20,38
2019/12/20,"14,770","271,915",18.45,18.45,18.40,18.45,+0.05,16
2019/12/23,"73,263","1,342,437",18.25,18.50,18.20,18.50,+0.05,37
2019/12/24,"26,589","492,294",18.55,18.60,18.50,18.60,+0.10,27
2019/12/25,"37,640","699,688",18.55,18.60,18.55,18.60,0.00,19
2019/12/26,"10,462","193,546",18.50,18.50,18.50,18.50,-0.10,11
2019/12/27,"50,173","935,263",18.50,18.70,18.50,18.70,+0.20,48
2019/12/30,"35,839","667,637",18.70,18.70,18.50,18.50,-0.20,16
2019/12/31,"24,426","453,036",18.45,18.60,18.45,18.55,+0.05,18
2020/01/02,"34,407","638,328",18.55,18.60,18.50,18.60,+0.05,20
2020/01/03,"41,329","768,336",18.60,18.60,18.55,18.60,0.00,20
2020/01/06,"149,576","2,780,955",18.60,18.65,18.50,18.65,+0.05,45
2020/01/07,"177,773","3,319,977",18.75,18.75,18.50,18.70,+0.05,63
2020/01/08,"71,616","1,339,156",18.70,18.70,18.70,18.70,0.00,13
2020/01/09,"7,120","132,431",18.60,18.60,18.60,18.60,-0.10,6
2020/01/10,"29,189","543,346",18.65,18.65,18.55,18.65,+0.05,23
2020/01/13,"9,750","181,397",18.50,18.65,18.50,18.55,-0.10,12
2020/01/14,"30,416","564,445",18.60,18.60,18.45,18.60,+0.05,18
2020/01/15,"16,089","298,545",18.40,18.60,18.40,18.60,0.00,9
2020/01/16,"122,229","2,277,685",18.65,18.70,18.60,18.60,0.00,30
2020/01/17,"37,032","688,593",18.60,18.60,18.55,18.60,0.00,26
2020/01/20,"16,015","297,877",18.60,18.60,18.60,18.60,0.00,10
2020/01/30,"29,947","546,583",18.40,18.60,18.20,18.30,-0.30,19
2020/01/31,"27,002","499,336",18.55,18.60,18.40,18.40,+0.10,18
2020/02/03,"7,450","136,847",18.05,18.50,18.05,18.45,+0.05,17
2020/02/04,"94,004","1,732,272",18.50,18.50,18.40,18.45,0.00,14
2020/02/05,"23,082","424,151",18.40,18.50,18.30,18.30,-0.15,20
2020/02/06,"10,291","188,345",18.30,18.35,18.30,18.30,0.00,12
2020/02/07,"18,002","330,436",18.30,18.40,18.30,18.35,+0.05,15
2020/02/10,"56,012","1,020,066",18.30,18.30,18.15,18.15,-0.20,29
2020/02/11,"190,011","3,412,498",18.25,18.25,17.85,17.95,-0.20,58
2020/02/12,"609,824","10,801,138",17.95,18.00,17.95,18.00,+0.05,33
2020/02/13,"164,240","2,944,679",18.25,18.25,17.90,17.90,-0.10,48
2020/02/14,"227,724","4,076,340",17.85,18.00,17.85,18.00,+0.10,50
2020/02/17,"312,383","5,622,624",18.10,18.10,17.80,18.00,0.00,51
2020/02/18,"325,026","5,850,418",18.00,18.00,17.95,18.00,0.00,38
2020/02/19,"19,899","357,628",17.95,18.00,17.90,18.00,0.00,35
2020/02/20,"162,755","2,929,724",17.95,18.05,17.95,18.05,+0.05,26
2020/02/21,"34,339","616,892",18.05,18.05,17.90,18.00,-0.05,57
2020/02/24,"653,348","11,629,288",17.90,17.90,17.70,17.90,-0.10,45
2020/02/25,"30,521","546,951",17.90,18.00,17.75,18.00,+0.10,25
2020/02/26,"6,008","108,044",18.00,18.00,17.95,18.00,0.00,9
2020/02/27,"48,074","852,453",18.00,18.00,17.60,17.60,-0.40,34
2020/03/02,"159,289","2,847,077",17.65,17.95,17.65,17.90,+0.30,70
2020/03/03,"165,162","2,957,078",17.90,17.95,17.90,17.90,0.00,20
2020/03/04,"101,006","1,808,054",17.90,17.95,17.90,17.95,+0.05,20
2020/03/05,"617,263","11,116,157",17.95,18.25,17.95,18.20,+0.25,50
2020/03/06,"844,378","15,224,889",18.20,18.20,18.00,18.20,0.00,46
2020/03/09,"71,995","1,294,947",18.20,18.20,17.90,18.20,0.00,53
2020/03/10,"97,687","1,758,731",18.10,18.20,17.90,18.20,0.00,68
2020/03/11,"153,624","2,795,691",18.20,18.20,18.05,18.20,0.00,23
2020/03/12,"808,013","14,546,923",18.20,18.20,17.90,17.95,-0.25,34
2020/03/13,"647,031","11,500,608",17.70,17.90,16.80,17.90,-0.05,101
2020/03/16,"71,228","1,260,901",17.50,17.90,17.50,17.90,0.00,56
2020/03/17,"865,379","15,542,293",17.85,17.85,17.05,17.10,-0.80,60
2020/03/18,"174,750","3,087,036",17.10,18.70,16.80,18.35,+1.25,129
2020/03/19,"108,005","1,856,935",18.30,18.30,16.70,17.50,-0.85,83
2020/03/20,"31,031","542,584",17.50,17.55,17.45,17.50,0.00,43
2020/03/23,"22,032","380,203",17.30,17.50,17.10,17.50,0.00,27
2020/03/24,"61,180","1,063,353",17.50,17.70,17.15,17.35,-0.15,38
2020/03/25,"25,424","445,884",17.55,17.60,17.50,17.60,+0.25,33
2020/03/26,"24,346","429,266",17.70,17.80,17.40,17.80,+0.20,35
2020/03/27,"551,249","9,660,326",17.95,17.95,17.60,17.90,+0.10,178
2020/03/30,"547,875","9,610,225",17.70,18.15,17.65,18.10,+0.20,622
2020/03/31,"19,328","349,759",18.00,18.15,18.00,18.15,+0.05,265
2020/04/01,"48,347","877,772",18.15,18.25,17.90,18.25,+0.10,248
2020/04/06,"16,578","299,920",18.05,18.25,18.00,18.25,0.00,350
2020/04/07,"8,283","149,955",18.25,18.25,18.05,18.05,-0.20,150
2020/04/08,"63,120","1,147,411",18.25,18.40,17.95,18.10,+0.05,148
2020/04/09,"50,291","910,338",18.10,18.20,18.00,18.00,-0.10,189
2020/04/10,"16,407","298,388",18.25,18.30,18.10,18.20,+0.20,334
2020/04/13,"29,724","540,341",18.05,18.25,18.05,18.20,0.00,559
2020/04/14,"29,656","543,161",18.45,18.50,18.25,18.30,+0.10,369
2020/04/15,"362,954","6,699,287",18.35,18.70,18.20,18.25,-0.05,360
2020/04/16,"138,624","2,502,308",18.40,18.40,17.90,18.00,-0.25,95
2020/04/17,"213,126","3,950,652",18.40,18.70,18.40,18.45,+0.45,159
2020/04/20,"245,900","4,557,749",18.60,18.80,18.45,18.50,+0.05,98
2020/04/21,"199,500","3,688,148",18.50,18.55,18.35,18.50,0.00,74
2020/04/22,"178,597","3,296,772",18.30,18.55,18.30,18.50,0.00,66
2020/04/23,"174,788","3,219,967",18.60,18.60,18.30,18.45,-0.05,54
2020/04/24,"95,881","1,764,019",18.35,18.45,18.30,18.45,0.00,47
2020/04/27,"80,952","1,502,350",18.45,18.80,18.40,18.80,+0.35,49
2020/04/28,"42,950","802,213",18.80,18.80,18.50,18.70,-0.10,38
2020/04/29,"62,426","1,164,079",18.70,18.70,18.55,18.65,-0.05,48
2020/04/30,"102,502","1,917,033",18.65,18.75,18.65,18.70,+0.05,66
2020/05/04,"17,115","319,292",18.70,18.70,18.65,18.65,-0.05,21
2020/05/05,"66,174","1,237,035",18.70,18.75,18.60,18.70,+0.05,40
2020/05/06,"57,146","1,053,536",18.55,18.55,18.20,18.55,-0.15,32
2020/05/07,"21,758","405,957",18.50,18.75,18.50,18.70,+0.15,24
2020/05/08,"41,881","781,333",18.60,18.75,18.60,18.70,0.00,30
2020/05/11,"53,123","987,890",18.70,18.70,18.55,18.65,-0.05,36
2020/05/12,"21,475","398,086",18.60,18.65,18.45,18.65,0.00,23
2020/05/13,"41,610","772,533",18.50,18.60,18.50,18.60,-0.05,23
2020/05/14,"57,342","1,060,239",18.55,18.60,18.20,18.25,-0.35,41
2020/05/15,"342,134","6,579,156",19.00,19.90,18.65,19.20,+0.95,208
2020/05/18,"189,184","3,662,463",19.60,19.60,19.20,19.25,+0.05,93
2020/05/19,"109,343","2,103,498",19.50,19.50,19.00,19.20,-0.05,78
2020/05/20,"84,423","1,610,469",19.10,19.40,19.00,19.40,+0.20,55
2020/05/21,"141,316","2,723,966",19.35,19.40,19.05,19.35,-0.05,43
2020/05/22,"84,007","1,614,381",19.20,19.30,19.05,19.05,-0.30,47
2020/05/25,"56,382","1,070,708",19.00,19.10,18.95,19.00,-0.05,42
2020/05/26,"61,382","1,177,208",19.10,19.30,19.00,19.10,+0.10,48
2020/05/27,"40,654","776,476",19.10,19.40,19.00,19.00,-0.10,35
2020/05/28,"48,461","919,880",19.00,19.05,18.95,19.05,+0.05,32
2020/05/29,"49,043","939,367",19.15,19.20,19.10,19.15,+0.10,38
2020/07/01,"140,981","3,010,590",21.20,21.60,21.20,21.30,-0.05,75
2020/07/02,"82,240","1,748,197",21.10,21.40,21.10,21.30,0.00,74
2020/07/03,"95,999","2,029,175",21.30,21.30,21.05,21.30,0.00,77
2020/07/06,"265,009","5,743,640",21.45,22.05,21.30,21.85,+0.55,162
2020/07/07,"136,931","2,952,223",21.90,22.00,21.40,21.50,-0.35,92
2020/07/08,"130,129","2,740,815",21.30,21.30,20.90,21.05,X0.00,82
2020/07/09,"116,550","2,412,851",21.00,21.00,20.65,20.70,-0.35,86
2020/07/10,"136,015","2,790,253",20.85,20.85,20.40,20.45,-0.25,61
2020/07/13,"148,992","3,064,329",20.70,20.75,20.40,20.75,+0.30,90
2020/07/14,"88,218","1,815,055",20.50,20.75,20.40,20.60,-0.15,49
2020/07/15,"76,786","1,589,366",20.60,20.85,20.60,20.80,+0.20,58
2020/07/16,"265,175","5,667,808",20.85,21.85,20.85,21.35,+0.55,150
2020/07/17,"73,676","1,560,269",21.50,21.50,20.90,20.90,-0.45,72
2020/07/20,"73,002","1,500,540",20.90,20.95,20.15,20.50,-0.40,48
2020/07/21,"112,988","2,356,295",20.95,21.10,20.50,20.90,+0.40,88
2020/07/22,"121,623","2,511,869",20.80,20.85,20.45,20.60,-0.30,78
2020/07/23,"58,699","1,206,178",20.50,21.00,20.35,20.65,+0.05,53
2020/07/24,"76,131","1,558,207",20.90,20.90,20.35,20.35,-0.30,59
2020/07/27,"120,377","2,413,074",20.20,20.30,19.80,19.80,-0.55,65
2020/07/28,"158,177","3,068,412",19.75,19.75,19.30,19.30,-0.50,90
2020/07/29,"97,812","1,915,022",19.30,19.85,19.20,19.80,+0.50,65
2020/07/30,"112,497","2,209,563",19.80,19.85,19.55,19.65,-0.15,64
2020/07/31,"145,125","2,865,960",19.65,19.90,19.50,19.75,+0.10,92
2020/08/03,"186,225","3,662,063",19.75,19.90,19.50,19.65,-0.10,137
2020/08/04,"62,634","1,228,953",19.60,19.70,19.55,19.65,0.00,46
2020/08/05,"165,011","3,254,562",19.65,19.85,19.60,19.75,+0.10,65
2020/08/06,"198,076","3,907,696",19.75,19.80,19.70,19.75,0.00,67
2020/08/07,"97,281","1,913,856",19.85,19.85,19.55,19.60,-0.15,70
2020/08/10,"54,747","1,074,388",19.65,19.70,19.55,19.55,-0.05,36
2020/08/11,"161,194","3,228,656",19.55,20.90,19.55,20.15,+0.60,100
2020/08/12,"189,876","3,750,656",20.20,20.20,19.60,19.85,-0.30,83
2020/08/13,"122,268","2,418,254",20.35,20.35,19.70,19.80,-0.05,70
2020/08/14,"297,001","5,917,419",19.80,20.10,19.75,20.00,+0.20,133
2020/08/17,"409,717","8,163,408",20.00,20.05,19.80,20.00,0.00,180
2020/08/18,"489,389","9,758,827",20.00,20.05,19.85,19.85,-0.15,167
2020/08/19,"584,020","11,612,891",19.90,20.00,19.80,19.90,+0.05,191
2020/08/20,"469,281","9,150,521",19.90,19.90,19.25,19.30,-0.60,182
2020/08/21,"231,810","4,507,263",19.85,19.85,19.35,19.40,+0.10,128
2020/08/24,"150,208","2,881,419",19.40,19.40,19.05,19.10,-0.30,119
2020/08/25,"125,087","2,399,211",19.30,19.35,19.05,19.15,+0.05,94
2020/08/26,"74,300","1,422,893",19.15,19.20,19.10,19.10,-0.05,57
2020/08/27,"141,118","2,703,608",19.35,19.35,19.10,19.15,+0.05,72
2020/08/28,"100,090","1,921,536",19.20,19.25,19.15,19.20,+0.05,61
2020/08/31,"273,385","5,278,038",19.35,19.35,19.25,19.35,+0.15,136
2020/09/01,"107,160","2,075,535",19.40,19.45,19.30,19.40,+0.05,74
2020/09/02,"117,071","2,261,619",19.40,19.40,19.30,19.30,-0.10,62
2020/09/03,"138,895","2,686,666",19.30,19.40,19.30,19.35,+0.05,86
2020/09/04,"169,328","3,264,260",19.55,19.55,19.25,19.25,-0.10,89
2020/09/07,"157,721","3,031,489",19.35,19.35,19.15,19.30,+0.05,84
2020/09/08,"167,052","3,200,786",19.30,19.30,18.65,19.20,-0.10,99
2020/09/09,"122,897","2,335,393",19.15,19.15,18.95,19.00,-0.20,91
2020/09/10,"71,842","1,365,039",19.30,19.30,18.95,19.05,+0.05,66
2020/09/11,"87,261","1,652,359",18.95,19.05,18.85,18.95,-0.10,57
2020/09/14,"170,207","3,236,533",19.30,19.30,18.95,18.95,0.00,115
2020/09/15,"174,300","3,296,133",19.05,19.05,18.85,18.90,-0.05,99
2020/09/16,"206,704","3,924,376",19.00,19.15,18.85,19.10,+0.20,107
2020/09/17,"230,996","4,447,870",19.35,19.35,19.15,19.35,+0.25,132
2020/09/18,"566,544","11,039,592",19.30,19.65,19.30,19.60,+0.25,265
2020/09/21,"943,355","19,000,213",19.70,20.35,19.70,20.15,+0.55,499
2020/09/22,"365,646","7,193,894",19.95,19.95,19.50,19.65,-0.50,200
2020/09/23,"247,395","4,827,150",19.60,19.70,19.35,19.50,-0.15,131
2020/09/24,"295,261","5,622,360",19.05,19.30,18.85,19.05,-0.45,177
2020/09/25,"143,313","2,706,079",18.95,19.00,18.75,18.95,-0.10,92
2020/09/28,"139,092","2,628,840",18.95,18.95,18.80,18.90,-0.05,83
2020/09/29,"97,164","1,838,604",18.95,19.00,18.85,18.95,+0.05,54
2020/09/30,"124,114","2,344,550",18.95,18.95,18.80,18.90,-0.05,35
2020/10/05,"104,067","1,976,175",18.80,19.05,18.80,19.05,+0.15,41
2020/10/06,"142,409","2,709,459",19.05,19.10,18.95,19.10,+0.05,75
2020/10/07,"100,002","1,904,038",19.05,19.10,19.00,19.10,0.00,48
2020/10/08,"146,794","2,802,162",19.15,19.20,19.00,19.10,0.00,73
2020/10/12,"163,929","3,119,408",19.20,19.20,18.90,18.95,-0.15,106
2020/10/13,"108,417","2,044,288",18.95,18.95,18.80,18.90,-0.05,69
2020/10/14,"93,786","1,766,785",18.80,18.90,18.80,18.90,0.00,60
2020/10/15,"149,295","2,815,180",18.95,18.95,18.80,18.90,0.00,78
2020/10/16,"95,972","1,808,466",18.90,18.90,18.80,18.80,-0.10,68
2020/10/19,"238,505","4,524,294",18.80,19.20,18.80,19.20,+0.40,142
2020/10/20,"108,844","2,065,715",19.15,19.15,18.90,18.95,-0.25,73
2020/10/21,"107,671","2,035,507",19.00,19.00,18.85,18.95,0.00,71
2020/10/22,"87,895","1,658,026",18.95,19.00,18.80,18.85,-0.10,60
2020/10/23,"100,825","1,898,497",18.85,18.90,18.75,18.80,-0.05,62
2020/10/26,"169,938","3,218,574",19.00,19.00,18.85,18.90,+0.10,104
2020/10/27,"78,193","1,478,538",19.05,19.05,18.80,18.95,+0.05,58
2020/10/28,"149,591","2,830,659",18.95,19.00,18.85,19.00,+0.05,86
2020/10/29,"125,062","2,366,126",18.85,19.05,18.80,19.05,+0.05,78
2020/10/30,"95,841","1,814,429",19.05,19.05,18.90,18.90,-0.15,56
2020/11/02,"62,288","1,172,518",18.85,18.95,18.80,18.90,0.00,46
2020/11/03,"68,771","1,300,768",18.90,18.95,18.90,18.90,0.00,65
2020/11/04,"104,992","1,979,371",18.95,18.95,18.80,18.85,-0.05,75
2020/11/05,"32,522","613,416",18.90,18.95,18.85,18.90,+0.05,37
2020/11/06,"47,233","892,121",18.90,18.95,18.85,18.90,0.00,23
2020/11/09,"153,934","2,902,661",18.90,18.95,18.80,18.95,+0.05,105
2020/11/10,"246,092","4,635,488",18.95,19.00,18.75,18.95,0.00,129
2020/11/11,"485,088","9,234,242",19.00,19.25,18.95,19.15,+0.20,250
2020/11/12,"221,601","4,222,214",19.45,19.45,18.95,19.00,-0.15,121
2020/11/13,"145,002","2,744,536",19.00,19.05,18.85,18.95,-0.05,80
2020/11/16,"349,291","6,635,432",19.00,19.15,18.85,19.00,+0.05,189
2020/11/17,"345,561","6,546,192",19.00,19.05,18.85,19.00,0.00,174
2020/11/18,"443,512","8,430,950",19.00,19.10,18.95,19.05,+0.05,212
2020/11/19,"319,690","6,078,062",19.05,19.05,18.95,19.00,-0.05,164
2020/11/20,"451,711","8,584,022",19.00,19.05,18.95,19.05,+0.05,240
2020/11/23,"682,994","13,163,841",19.05,19.45,19.05,19.45,+0.40,369
2020/11/24,"586,583","11,348,198",19.45,19.50,19.25,19.25,-0.20,264
2020/11/25,"452,415","8,683,436",19.25,19.30,19.15,19.20,-0.05,201
2020/11/26,"338,630","6,495,030",19.20,19.25,19.15,19.25,+0.05,176
2020/11/27,"383,644","7,352,779",19.20,19.30,19.10,19.30,+0.05,211
2020/11/30,"1,143,800","22,309,639",19.30,19.70,19.30,19.50,+0.20,466
2020/12/01,"586,118","11,413,230",19.50,19.55,19.40,19.55,+0.05,271
2020/12/02,"703,935","13,805,349",19.55,19.70,19.55,19.60,+0.05,290
2020/12/03,"705,164","13,780,847",19.60,19.70,19.40,19.45,-0.15,311
2020/12/04,"670,074","13,019,279",19.45,19.50,19.40,19.40,-0.05,265
2020/12/07,"676,961","13,099,661",19.45,19.50,19.25,19.40,0.00,280
2020/12/08,"390,583","7,556,456",19.30,19.45,19.30,19.35,-0.05,172
2020/12/09,"699,349","13,480,033",19.30,19.35,19.20,19.25,-0.10,232
2020/12/10,"498,523","9,624,664",19.25,19.40,19.20,19.35,+0.10,223
2020/12/11,"563,422","10,805,566",19.35,19.35,19.05,19.20,-0.15,243
2020/12/14,"333,676","6,380,516",19.20,19.20,19.05,19.15,-0.05,163
2020/12/15,"560,736","10,675,032",19.15,19.15,18.90,18.95,-0.20,223
2020/12/16,"614,217","11,673,045",19.00,19.05,18.95,19.05,+0.10,214
2020/12/17,"723,223","13,913,163",19.05,19.45,19.05,19.40,+0.35,273
2020/12/18,"691,363","13,372,616",19.35,19.50,19.20,19.35,-0.05,257
2020/12/21,"5,882,947","120,807,992",19.45,21.25,19.45,21.25,+1.90,"2,119"
2020/12/22,"10,271,512","230,102,227",21.90,23.10,21.40,21.80,+0.55,"4,475"
2020/12/23,"2,987,264","64,005,872",21.25,22.25,20.95,22.25,+0.45,"1,426"
2020/12/24,"3,562,226","78,729,221",22.35,22.75,21.60,21.90,-0.35,"1,464"
2020/12/25,"1,702,212","37,218,625",21.90,22.05,21.75,21.90,0.00,738
2020/12/28,"3,906,424","87,019,550",21.90,22.65,21.85,22.35,+0.45,"1,385"
2020/12/29,"1,608,345","35,376,493",22.45,22.50,21.60,21.85,-0.50,737
2020/12/30,"2,220,764","48,278,398",21.85,22.10,21.55,21.80,-0.05,772
2020/12/31,"1,146,703","25,001,758",21.95,22.05,21.60,21.70,-0.10,453
2021/01/04,"1,165,557","25,329,441",21.70,21.90,21.65,21.65,-0.05,446
2021/01/05,"1,217,757","26,054,955",21.70,21.75,21.05,21.20,-0.45,504
2021/01/06,"1,811,814","37,661,950",21.30,21.45,20.40,20.75,-0.45,767
2021/01/07,"1,450,478","29,563,892",20.60,20.60,20.20,20.30,-0.45,560
2021/01/08,"1,725,632","35,397,982",20.30,20.90,20.10,20.65,+0.35,679
2021/01/11,"1,029,120","21,146,110",20.70,20.70,20.40,20.45,-0.20,492
2021/01/12,"1,245,678","25,128,145",20.55,20.55,20.00,20.00,-0.45,533
2021/01/13,"996,135","20,073,090",20.20,20.35,20.00,20.15,+0.15,438
2021/01/14,"761,543","15,381,152",20.20,20.30,20.10,20.15,0.00,313
2021/01/15,"1,550,361","31,456,712",20.15,20.50,20.10,20.20,+0.05,654
2021/01/18,"1,052,313","21,170,818",20.20,20.35,19.95,20.05,-0.15,431
2021/01/19,"675,350","13,524,854",20.05,20.15,19.95,19.95,-0.10,334
2021/01/20,"1,584,645","30,948,961",19.90,20.00,19.25,19.30,-0.65,611
2021/01/21,"686,518","13,210,108",19.35,19.55,19.05,19.05,-0.25,330
2021/01/22,"906,173","17,311,004",19.15,19.25,19.05,19.05,0.00,383
2021/01/25,"517,003","9,906,252",19.05,19.35,19.05,19.15,+0.10,244
2021/01/26,"565,541","10,785,604",19.15,19.25,19.00,19.05,-0.10,254
2021/01/27,"566,536","10,784,509",19.10,19.15,18.95,18.95,-0.10,259
2021/01/28,"527,116","9,961,063",18.75,19.05,18.70,18.95,0.00,283
2021/01/29,"902,951","17,002,052",18.95,19.05,18.60,18.60,-0.35,422
2021/02/01,"510,533","9,413,831",18.50,18.60,18.30,18.50,-0.10,230
2021/02/02,"240,040","4,461,423",18.50,18.70,18.50,18.60,+0.10,128
2021/02/03,"126,142","2,352,306",18.60,18.75,18.60,18.65,+0.05,93
2021/02/04,"383,126","7,207,008",18.75,19.00,18.60,19.00,+0.35,210
2021/02/05,"354,123","6,749,467",19.10,19.15,18.95,19.00,0.00,225
2021/02/17,"921,080","17,945,692",19.70,19.70,19.35,19.40,+0.40,367
2021/02/18,"582,465","11,361,610",19.35,19.55,19.25,19.50,+0.10,216
2021/02/19,"553,943","10,828,715",19.50,19.60,19.50,19.60,+0.10,236
2021/02/22,"449,834","8,845,715",19.65,19.75,19.60,19.70,+0.10,260
2021/02/23,"825,692","16,425,983",19.80,20.10,19.60,20.05,+0.35,361
2021/02/24,"782,171","15,756,926",20.55,20.55,19.95,20.00,-0.05,412
2021/02/25,"730,276","14,558,152",20.10,20.10,19.80,19.90,-0.10,330
2021/02/26,"594,110","11,734,926",19.80,19.85,19.70,19.70,-0.20,283
2021/03/02,"513,821","10,128,636",19.65,19.80,19.65,19.65,-0.05,237
2021/03/03,"384,971","7,589,065",19.80,19.80,19.60,19.70,+0.05,234
2021/03/04,"633,326","12,543,326",19.70,20.05,19.65,19.95,+0.25,342
2021/03/05,"579,465","11,519,639",20.00,20.00,19.75,19.85,-0.10,325
2021/03/08,"1,378,270","27,746,079",20.25,20.25,20.00,20.15,+0.30,621
2021/03/09,"1,296,479","26,341,693",20.25,20.45,20.20,20.45,+0.30,583
2021/03/10,"809,968","16,436,516",20.50,20.55,20.15,20.25,-0.20,413
2021/03/11,"751,377","15,184,621",20.40,20.40,20.10,20.10,-0.15,375
2021/03/12,"469,741","9,443,341",20.15,20.20,20.00,20.15,+0.05,231
2021/03/15,"656,901","13,295,951",20.25,20.35,20.10,20.15,0.00,317
2021/03/16,"1,045,626","21,245,964",20.30,20.45,20.20,20.45,+0.30,422
2021/03/17,"1,298,093","26,660,059",20.55,20.70,20.45,20.55,+0.10,545
2021/03/18,"818,246","16,732,391",20.55,20.55,20.35,20.45,-0.10,404
2021/03/19,"933,393","18,957,276",20.35,20.45,20.20,20.35,-0.10,318
2021/03/22,"1,352,835","27,730,808",20.35,20.70,20.30,20.70,+0.35,441
2021/03/23,"806,001","16,712,129",20.90,20.95,20.55,20.60,-0.10,383
2021/03/24,"1,414,682","29,405,584",20.80,20.95,20.55,20.95,+0.35,536
2021/03/25,"1,240,934","25,919,058",20.95,21.00,20.75,20.75,-0.20,404
2021/03/26,"1,519,065","31,892,822",20.90,21.10,20.85,21.05,+0.30,521
2021/03/29,"3,937,214","85,680,037",21.30,22.00,21.30,21.90,+0.85,"1,495"
2021/03/30,"1,617,766","35,154,008",22.05,22.05,21.50,21.65,-0.25,893
2021/03/31,"1,716,461","37,642,424",21.75,22.10,21.75,21.95,+0.30,820
2021/04/01,"1,259,839","27,635,391",22.00,22.10,21.80,21.85,-0.10,532
2021/04/06,"946,217","20,651,155",21.85,21.95,21.75,21.80,-0.05,427
2021/04/07,"1,257,155","27,191,993",21.80,21.80,21.50,21.60,-0.20,563
2021/04/08,"911,177","19,727,071",21.60,21.80,21.55,21.75,+0.15,376
2021/04/09,"827,951","17,951,600",21.80,21.85,21.60,21.75,0.00,332
2021/04/12,"1,620,127","35,016,524",22.00,22.00,21.45,21.60,-0.15,651
2021/04/13,"1,351,412","29,325,341",21.60,21.80,21.60,21.60,0.00,525
2021/04/14,"3,138,524","68,681,617",21.70,22.25,21.50,21.85,+0.25,"1,122"
2021/04/15,"1,291,511","28,366,911",22.00,22.05,21.90,22.00,+0.15,522
2021/04/16,"2,223,526","49,265,097",22.00,22.50,21.90,22.50,+0.50,831
2021/04/19,"4,082,596","94,167,661",22.60,23.40,22.55,23.30,+0.80,"1,463"
2021/04/20,"2,238,335","51,255,555",23.35,23.35,22.55,22.70,-0.60,936
2021/04/21,"2,726,834","61,605,643",22.50,23.10,22.20,23.05,+0.35,"1,150"
2021/04/22,"3,389,441","78,066,248",23.20,23.45,22.40,22.50,-0.55,"1,413"
2021/04/23,"6,602,966","161,640,421",23.00,24.75,23.00,24.75,+2.25,"1,490"
2021/04/26,"22,065,287","571,423,403",26.25,26.70,25.30,26.10,+1.35,"8,035"
2021/04/27,"5,290,913","134,619,632",26.10,26.15,25.10,25.20,-0.90,"2,521"
2021/04/28,"16,231,439","440,032,161",25.80,27.70,25.45,27.70,+2.50,"4,973"
2021/04/29,"34,510,527","1,016,716,353",28.90,30.45,28.05,28.35,+0.65,"12,630"
2021/05/03,"13,330,698","391,329,237",29.20,30.35,28.40,28.95,+0.60,"5,862"
2021/05/04,"10,611,150","286,934,204",29.45,29.70,26.10,26.10,-2.85,"4,667"
2021/05/05,"5,912,396","152,062,531",26.10,26.45,24.70,25.40,-0.70,"2,433"
2021/05/06,"4,430,904","114,441,181",26.00,26.70,25.00,25.35,-0.05,"2,044"
2021/05/07,"3,300,048","84,026,909",26.05,26.10,25.10,25.75,+0.40,"1,294"
2021/05/10,"5,049,808","133,389,676",25.75,26.90,25.55,26.90,+1.15,"2,005"
2021/05/11,"8,501,239","226,438,504",26.35,27.55,25.25,25.85,-1.05,"3,535"
2021/05/12,"8,971,410","221,820,897",26.90,26.90,23.30,23.90,-1.95,"3,404"
2021/05/13,"6,152,624","149,287,859",23.30,25.55,22.70,24.05,+0.15,"2,778"
2021/05/14,"4,953,834","115,897,182",24.20,24.30,22.70,22.85,-1.20,"2,017"
2021/05/17,"4,285,991","92,006,750",21.00,22.80,20.75,21.35,-1.50,"1,737"
2021/05/18,"2,816,289","62,823,583",21.80,22.85,21.40,22.60,+1.25,"1,155"
2021/05/19,"2,595,442","58,666,605",22.70,23.60,22.10,22.60,0.00,998
2021/05/20,"1,297,782","29,147,907",22.60,22.80,22.25,22.30,-0.30,530
2021/05/21,"2,680,563","60,956,816",22.70,23.20,22.35,23.05,+0.75,790
2021/05/24,"1,627,871","37,558,555",23.00,23.40,22.85,22.95,-0.10,699
2021/05/25,"2,309,978","52,955,150",23.00,23.30,22.60,22.65,-0.30,887
2021/05/26,"2,024,922","46,284,693",22.65,23.15,22.50,22.85,+0.20,644
2021/05/27,"1,074,270","24,727,712",23.00,23.30,22.85,22.90,+0.05,536
2021/05/28,"1,702,557","39,575,919",23.25,23.40,23.05,23.20,+0.30,673
2021/05/31,"2,003,660","47,277,106",23.55,23.85,23.35,23.50,+0.30,861
2021/06/01,"1,494,176","35,082,030",23.55,23.90,23.15,23.60,+0.10,609
2021/06/02,"3,092,312","74,519,779",23.90,24.50,23.70,24.15,+0.55,"1,312"
2021/06/03,"2,302,337","56,457,391",24.60,25.00,24.30,24.55,+0.40,"1,040"
2021/06/04,"1,704,765","41,175,199",24.50,24.50,24.00,24.05,-0.50,800
2021/06/07,"2,046,136","49,078,049",24.35,24.35,23.30,24.20,+0.15,869
2021/06/08,"7,412,118","186,202,232",25.20,26.00,24.55,24.80,+0.60,"2,849"
2021/06/09,"1,848,158","45,348,505",24.80,24.85,24.25,24.35,-0.45,753
2021/06/10,"1,989,099","47,731,312",24.35,24.40,23.80,24.00,-0.35,810
2021/06/11,"1,245,284","29,793,579",23.85,24.20,23.70,23.90,-0.10,482
2021/06/15,"1,105,483","26,099,579",24.00,24.00,23.40,23.55,-0.35,542
2021/06/16,"839,441","19,842,764",23.55,24.00,23.45,23.55,0.00,470
2021/06/17,"858,357","20,379,704",23.50,23.85,23.50,23.80,+0.25,371
2021/06/18,"960,472","22,752,701",23.95,23.95,23.55,23.65,-0.15,473
2021/06/21,"1,645,513","38,246,544",23.65,23.75,23.00,23.20,-0.45,807
2021/06/22,"2,990,652","71,436,744",23.80,24.25,23.35,23.90,+0.70,"1,136"
2021/06/23,"1,188,882","28,487,568",24.30,24.30,23.65,23.80,-0.10,585
2021/06/24,"993,528","23,690,781",23.95,23.95,23.70,23.90,+0.10,401
2021/06/25,"1,278,384","30,693,695",24.10,24.15,23.90,24.00,+0.10,510
2021/06/28,"1,123,779","26,932,925",24.05,24.15,23.80,24.10,+0.10,502
2021/06/29,"1,383,031","33,089,807",24.20,24.30,23.75,23.85,-0.25,621
2021/06/30,"1,140,697","27,234,440",23.95,24.00,23.70,24.00,+0.15,509
2021/07/01,"3,074,006","75,172,887",24.40,24.95,24.15,24.45,+0.45,"1,431"
2021/07/02,"1,747,490","42,716,825",24.65,24.70,24.15,24.30,-0.15,734
2021/07/05,"1,314,434","31,906,383",24.50,24.60,24.05,24.20,-0.10,582
2021/07/06,"1,083,985","26,068,968",24.45,24.45,23.90,23.95,-0.25,544
2021/07/07,"1,216,108","28,801,132",24.00,24.00,23.60,23.65,-0.30,582
2021/07/08,"640,532","15,160,412",23.80,23.80,23.50,23.75,+0.10,333
2021/07/09,"1,041,721","24,605,417",23.65,23.90,23.50,23.50,-0.25,450
2021/07/12,"1,744,510","40,585,424",23.50,23.50,23.10,23.15,-0.35,754
2021/07/13,"2,079,849","47,524,054",23.30,23.30,22.65,22.75,-0.40,969
2021/07/14,"1,267,552","28,613,998",22.80,22.90,22.40,22.50,-0.25,613
2021/07/15,"776,930","17,649,512",22.50,22.85,22.40,22.70,+0.20,392
2021/07/16,"587,263","13,537,592",22.70,23.15,22.70,23.05,+0.35,309
2021/07/19,"414,492","9,522,816",22.90,23.10,22.85,22.95,-0.10,258
2021/07/20,"1,114,588","25,162,994",22.85,22.90,22.40,22.50,-0.45,543
2021/07/21,"1,793,679","39,880,444",22.80,22.80,21.95,22.05,-0.45,710
2021/07/22,"583,367","12,988,872",22.10,22.45,22.10,22.20,+0.15,290
2021/07/23,"844,780","18,905,357",22.25,22.55,22.25,22.45,+0.25,347
2021/07/26,"506,912","11,415,664",22.60,22.65,22.40,22.45,0.00,284
2021/07/27,"468,785","10,465,010",22.50,22.50,22.25,22.30,-0.15,274
2021/07/28,"1,049,172","22,981,709",22.25,22.35,21.60,21.90,-0.40,514
2021/07/29,"445,384","9,792,922",22.00,22.15,21.90,21.95,+0.05,220
2021/07/30,"647,061","14,501,713",22.05,22.60,22.05,22.40,+0.45,379
2021/08/02,"394,482","8,903,463",22.65,22.70,22.35,22.60,+0.20,227
2021/08/03,"268,892","6,063,972",22.50,22.65,22.45,22.60,0.00,174
2021/08/04,"325,661","7,345,474",22.60,22.70,22.45,22.55,-0.05,175
2021/08/05,"260,268","5,846,001",22.65,22.65,22.40,22.40,-0.15,167
2021/08/06,"414,644","9,308,362",22.45,22.55,22.35,22.55,+0.15,214
2021/08/09,"681,660","15,238,427",22.60,22.60,22.25,22.30,-0.25,315
2021/08/10,"808,601","18,112,683",22.55,22.55,22.30,22.35,+0.05,354
2021/08/11,"679,842","15,158,899",22.50,22.50,22.00,22.10,-0.25,372
2021/08/12,"1,160,989","25,087,044",21.85,21.85,21.40,21.75,-0.35,527
2021/08/13,"673,158","14,542,425",21.45,21.75,21.45,21.55,-0.20,353
2021/08/16,"1,209,691","24,177,758",20.55,20.55,19.85,19.90,X0.00,702
2021/08/17,"645,551","12,741,796",19.70,19.90,19.55,19.55,-0.35,358
2021/08/18,"727,502","13,975,649",19.45,19.50,19.00,19.40,-0.15,503
2021/08/19,"616,244","11,818,049",19.40,19.45,19.00,19.00,-0.40,376
2021/08/20,"318,035","6,062,256",19.00,19.20,18.95,19.05,+0.05,190
2021/08/23,"224,913","4,342,881",19.20,19.40,19.15,19.35,+0.30,144
2021/08/24,"232,717","4,500,041",19.35,19.45,19.25,19.35,0.00,161
2021/08/25,"8,537,580","169,301,918",19.35,20.15,19.30,20.10,+0.75,"1,048"
2021/08/26,"992,863","19,668,685",20.00,20.10,19.60,19.80,-0.30,498
2021/08/27,"539,292","10,784,734",20.00,20.10,19.85,20.10,+0.30,332
2021/08/30,"1,305,121","26,824,773",20.25,20.80,20.25,20.65,+0.55,570
2021/08/31,"983,152","20,394,073",20.85,20.85,20.60,20.70,+0.05,471
2021/09/01,"598,532","12,385,068",20.85,20.85,20.50,20.65,-0.05,324
2021/09/02,"594,905","12,149,602",20.70,20.70,20.25,20.35,-0.30,295
2021/09/03,"381,028","7,774,765",20.35,20.55,20.30,20.30,-0.05,222
2021/09/06,"506,537","10,310,410",20.50,20.55,20.15,20.20,-0.10,264
2021/09/07,"564,797","11,377,892",20.20,20.80,19.95,20.10,-0.10,284
2021/09/08,"631,077","12,641,468",20.05,20.20,19.95,20.15,+0.05,199
2021/09/09,"552,273","10,992,227",20.15,20.15,19.85,19.90,-0.25,195
2021/09/10,"268,407","5,379,521",19.90,20.15,19.80,20.10,+0.20,155
2021/09/13,"311,513","6,253,569",20.15,20.20,19.95,20.05,-0.05,179
2021/09/14,"304,783","6,108,338",20.05,20.10,20.00,20.05,0.00,178
2021/09/15,"381,133","7,603,602",20.25,20.25,19.85,20.00,-0.05,226
2021/09/16,"387,737","7,778,632",20.10,20.15,20.00,20.05,+0.05,168
2021/09/17,"325,252","6,528,701",20.15,20.20,20.00,20.20,+0.15,170
2021/09/22,"770,432","15,308,791",19.80,20.00,19.75,19.85,-0.35,343
2021/09/23,"125,766","2,508,517",19.85,20.05,19.85,19.90,+0.05,78
2021/09/24,"305,596","6,119,598",20.15,20.15,19.95,20.00,+0.10,151
2021/09/27,"433,530","8,766,053",20.00,20.35,20.00,20.25,+0.25,236
2021/09/28,"390,534","7,924,390",20.30,20.40,20.20,20.35,+0.10,210
2021/09/29,"238,733","4,800,610",20.15,20.25,20.05,20.10,-0.25,156
2021/09/30,"232,461","4,698,414",20.15,20.30,20.10,20.30,+0.20,163
2021/10/01,"510,657","10,189,128",20.30,20.30,19.80,19.85,-0.45,296
2021/10/04,"528,962","10,409,412",19.95,20.00,19.50,19.65,-0.20,279
2021/10/05,"366,509","7,153,779",19.65,19.65,19.40,19.65,0.00,186
2021/10/06,"349,547","6,842,995",19.60,19.80,19.45,19.70,+0.05,161
2021/10/07,"412,293","8,239,450",19.75,20.15,19.75,20.05,+0.35,206
2021/10/08,"431,517","8,697,411",20.10,20.30,20.00,20.25,+0.20,240
2021/10/12,"2,481,747","51,890,436",20.25,21.40,20.25,21.35,+1.10,"1,357"
2021/10/13,"2,482,005","53,384,502",21.65,21.90,21.10,21.55,+0.20,"1,267"
2021/10/14,"862,834","18,400,310",21.50,21.60,21.05,21.15,-0.40,495
2021/10/15,"644,219","13,631,600",21.20,21.35,21.00,21.20,+0.05,364
2021/10/18,"4,760,551","106,381,381",21.40,22.75,21.35,22.65,+1.45,"2,078"
2021/10/19,"2,148,596","48,335,234",22.65,22.70,22.15,22.55,-0.10,"1,056"
2021/10/20,"2,460,781","55,385,018",22.70,22.90,22.10,22.10,-0.45,"1,311"
2021/10/21,"2,988,895","67,595,134",22.45,22.75,22.20,22.75,+0.65,"1,094"
2021/10/22,"1,271,886","28,710,433",22.75,22.75,22.30,22.55,-0.20,572
2021/10/25,"3,209,326","70,568,546",22.40,22.40,21.75,21.80,-0.75,"1,208"
2021/10/26,"1,029,438","22,297,793",22.00,22.05,21.50,21.60,-0.20,515
2021/10/27,"765,445","16,506,644",21.50,21.70,21.45,21.70,+0.10,284
2021/10/28,"451,668","9,721,292",21.70,21.70,21.45,21.60,-0.10,255
2021/10/29,"1,069,713","22,645,378",21.60,21.60,21.00,21.10,-0.50,560
2021/11/01,"483,111","10,167,762",21.35,21.35,20.95,21.10,0.00,295
2021/11/02,"565,404","11,900,142",21.10,21.15,20.90,21.00,-0.10,322
2021/11/03,"489,348","10,395,916",21.05,21.35,21.05,21.35,+0.35,296
2021/11/04,"781,042","16,921,959",21.50,21.80,21.45,21.75,+0.40,467
2021/11/05,"604,588","13,003,697",21.80,21.80,21.35,21.45,-0.30,402
2021/11/08,"900,427","19,015,776",21.40,21.45,21.00,21.00,-0.45,458
2021/11/09,"515,348","10,755,581",21.00,21.00,20.75,20.85,-0.15,286
2021/11/10,"566,798","11,788,752",20.85,20.95,20.70,20.75,-0.10,328
2021/11/11,"807,204","16,638,470",20.65,20.75,20.50,20.55,-0.20,424
2021/11/12,"992,481","20,262,176",20.60,20.65,20.30,20.50,-0.05,373
2021/11/15,"601,571","12,320,964",20.50,20.65,20.40,20.60,+0.10,224
2021/11/16,"391,066","8,073,650",20.50,20.90,20.50,20.60,0.00,217
2021/11/17,"817,942","16,825,486",20.60,20.70,20.50,20.70,+0.10,260
2021/11/18,"641,274","13,424,178",20.80,21.05,20.75,20.90,+0.20,357
2021/11/19,"650,178","13,566,278",20.95,21.00,20.75,20.95,+0.05,234
2021/11/22,"398,636","8,288,325",20.95,20.95,20.70,20.75,-0.20,199
2021/11/23,"521,009","10,766,444",20.75,20.75,20.60,20.75,0.00,172
2021/11/24,"165,572","3,434,667",20.70,20.80,20.60,20.80,+0.05,113
2021/11/25,"360,635","7,503,846",20.85,20.95,20.70,20.85,+0.05,146
2021/11/26,"291,123","6,022,244",20.85,20.90,20.60,20.70,-0.15,154
2021/11/29,"784,053","15,959,028",20.55,20.60,20.10,20.50,-0.20,287
2021/11/30,"219,202","4,496,872",20.50,20.65,20.45,20.50,0.00,143
2021/12/01,"193,471","3,953,719",20.30,20.55,20.30,20.50,0.00,109
2021/12/02,"243,807","4,978,518",20.45,20.55,20.30,20.35,-0.15,145
2021/12/03,"591,391","11,986,425",20.35,20.40,20.20,20.20,-0.15,296
2021/12/06,"551,037","11,086,326",20.15,20.30,20.00,20.20,0.00,266
2021/12/07,"849,573","17,057,578",20.25,20.30,20.00,20.05,-0.15,348
2021/12/08,"495,774","9,951,273",20.15,20.20,20.00,20.05,0.00,234
2021/12/09,"431,916","8,674,484",20.25,20.25,20.05,20.05,0.00,177
2021/12/10,"616,558","12,491,064",20.20,20.40,20.20,20.20,+0.15,320
2021/12/13,"436,961","8,840,419",20.20,20.40,20.15,20.20,0.00,248
2021/12/14,"942,740","18,857,965",20.20,20.25,19.95,19.95,-0.25,373
2021/12/15,"688,356","13,724,013",20.00,20.10,19.80,19.85,-0.10,343
2021/12/16,"465,253","9,259,276",19.90,20.05,19.80,19.90,+0.05,250
2021/12/17,"789,516","15,670,912",20.00,20.00,19.80,19.90,0.00,350
2021/12/20,"967,705","19,064,166",19.90,19.90,19.60,19.65,-0.25,515
2021/12/21,"704,292","13,805,202",19.70,19.70,19.50,19.65,0.00,316
2021/12/22,"675,957","13,368,356",19.70,19.90,19.70,19.85,+0.20,296
2021/12/23,"512,610","10,143,326",19.95,19.95,19.70,19.75,-0.10,249
2021/12/24,"472,672","9,356,397",19.75,19.90,19.70,19.75,0.00,239
2021/12/27,"503,707","9,973,768",19.75,19.90,19.75,19.85,+0.10,235
2021/12/28,"604,865","12,019,713",19.95,19.95,19.80,19.95,+0.10,270
2021/12/29,"1,123,270","22,726,192",20.00,20.35,20.00,20.30,+0.35,527
2021/12/30,"514,112","10,378,462",20.30,20.35,20.10,20.30,0.00,337
2022/01/03,"582,397","11,698,806",20.30,20.30,19.95,20.00,-0.30,284
2022/01/04,"277,124","5,523,400",20.00,20.00,19.85,19.95,-0.05,193
2022/01/05,"323,384","6,420,149",19.90,19.95,19.80,19.90,-0.05,185
2022/01/06,"324,816","6,471,723",19.85,20.00,19.85,19.95,+0.05,163
2022/01/07,"333,013","6,619,689",20.00,20.00,19.80,19.85,-0.10,234
2022/01/10,"451,482","9,031,161",19.90,20.10,19.90,20.05,+0.20,202
2022/01/11,"591,031","11,838,237",20.10,20.10,19.95,20.00,-0.05,215
2022/01/12,"256,172","5,120,696",20.05,20.10,19.90,20.10,+0.10,149
2022/01/13,"207,097","4,157,337",20.10,20.15,20.00,20.00,-0.10,144
2022/01/14,"249,589","4,970,078",20.00,20.00,19.85,19.95,-0.05,150
2022/01/17,"534,630","10,606,478",19.95,20.00,19.80,19.80,-0.15,205
2022/01/18,"239,290","4,738,332",19.80,19.90,19.75,19.75,-0.05,182
2022/01/19,"230,152","4,553,395",19.90,19.90,19.70,19.80,+0.05,134
2022/01/20,"178,620","3,537,098",19.80,19.85,19.75,19.80,0.00,122
2022/01/21,"337,309","6,668,086",19.80,19.95,19.70,19.70,-0.10,224
2022/01/24,"668,096","13,042,802",19.70,19.70,19.45,19.55,-0.15,320
2022/01/25,"919,801","17,752,875",19.50,19.50,19.20,19.20,-0.35,396
2022/01/26,"254,991","4,903,434",19.35,19.35,19.15,19.25,+0.05,173
2022/02/07,"700,627","13,740,591",19.35,19.80,19.30,19.80,+0.55,347
2022/02/08,"487,479","9,716,943",19.90,20.10,19.85,19.90,+0.10,278
2022/02/09,"517,764","10,330,010",20.00,20.05,19.90,20.05,+0.15,282
2022/02/10,"372,015","7,449,873",20.00,20.10,19.95,20.05,0.00,189
2022/02/11,"484,093","9,697,967",20.00,20.10,19.95,20.05,0.00,285
2022/02/14,"450,287","9,020,054",20.05,20.10,19.95,20.05,0.00,224
2022/02/15,"572,857","11,515,167",20.15,20.15,20.05,20.10,+0.05,291
2022/02/16,"461,818","9,264,747",20.15,20.15,20.00,20.05,-0.05,219
2022/02/17,"1,115,996","22,662,945",20.10,20.50,20.10,20.30,+0.25,572
2022/02/18,"1,033,866","21,123,785",20.30,20.50,20.20,20.40,+0.10,482
2022/02/21,"1,360,012","28,048,402",20.45,20.80,20.30,20.80,+0.40,"1,110"
2022/02/22,"1,387,458","28,311,355",20.70,20.75,20.20,20.50,-0.30,597
2022/02/23,"663,655","13,597,797",20.60,20.60,20.35,20.35,-0.15,277
2022/02/24,"1,987,901","40,945,326",20.40,20.75,20.30,20.60,+0.25,"1,150"
2022/02/25,"3,750,845","78,564,754",21.40,21.60,20.45,20.75,+0.15,"1,955"
2022/03/01,"1,463,699","30,693,283",20.95,21.30,20.80,20.80,+0.05,735
2022/03/02,"4,128,752","88,391,754",20.75,21.80,20.75,21.30,+0.50,"1,786"
2022/03/03,"3,375,631","70,080,535",21.40,21.40,20.35,20.55,-0.75,"1,731"
2022/03/04,"948,708","19,534,712",20.70,20.70,20.50,20.55,0.00,478
2022/03/07,"966,904","19,845,502",20.95,20.95,20.30,20.45,-0.10,572
2022/03/08,"1,534,254","31,522,164",20.50,20.85,20.25,20.25,-0.20,701
2022/03/09,"593,584","12,049,841",20.25,20.40,20.20,20.40,+0.15,302
2022/03/10,"661,716","13,520,348",20.50,20.60,20.30,20.35,-0.05,323
2022/03/11,"724,293","14,615,085",20.35,20.35,20.10,20.10,-0.25,290
2022/03/14,"846,488","16,950,056",20.10,20.25,19.95,20.10,0.00,401
2022/03/15,"535,192","10,668,556",20.10,20.10,19.85,19.95,-0.15,277
2022/03/16,"932,178","18,484,619",20.00,20.05,19.70,19.90,-0.05,359
2022/03/17,"416,513","8,316,132",20.10,20.15,19.85,19.95,+0.05,264
2022/03/18,"326,196","6,525,365",20.10,20.10,19.95,20.00,+0.05,166
2022/03/21,"452,875","9,073,114",20.00,20.15,19.95,20.00,0.00,244
2022/03/22,"1,038,309","20,900,275",20.05,20.25,20.05,20.20,+0.20,401
2022/03/23,"484,698","9,777,252",20.35,20.35,20.10,20.10,-0.10,244
2022/03/24,"684,060","13,723,799",20.20,20.20,19.95,20.00,-0.10,253
2022/03/25,"825,935","16,443,329",20.05,20.05,19.85,19.90,-0.10,392
2022/03/28,"943,920","18,870,578",19.95,20.20,19.85,20.15,+0.25,441
2022/03/29,"1,557,084","31,518,062",20.25,20.50,20.10,20.15,0.00,492
2022/03/30,"643,896","12,928,673",20.40,20.40,20.00,20.05,-0.10,294
2022/03/31,"595,246","11,909,377",20.20,20.20,19.90,19.95,-0.10,262
2022/04/01,"463,832","9,242,773",19.90,20.00,19.85,19.90,-0.05,217
2022/04/06,"458,990","9,140,623",19.90,20.00,19.85,19.95,+0.05,235
2022/04/07,"729,575","14,413,268",19.95,19.95,19.60,19.75,-0.20,476
2022/04/08,"712,424","13,991,398",19.70,19.70,19.60,19.60,-0.15,400
2022/04/11,"12,453,485","262,008,694",20.40,21.55,20.00,21.55,+1.95,"4,449"
2022/04/12,"21,921,650","496,768,205",22.60,23.50,21.80,22.40,+0.85,"9,983"
2022/04/13,"6,645,038","147,251,205",22.85,22.85,21.70,21.70,-0.70,"3,169"
2022/04/14,"14,246,282","324,354,624",22.00,23.45,21.55,22.60,+0.90,"6,249"
2022/04/15,"23,216,349","557,648,172",23.00,24.85,22.70,24.85,+2.25,"7,948"
2022/04/18,"47,848,518","1,250,969,857",26.00,27.15,25.10,25.20,+0.35,"19,616"
2022/04/19,"20,400,548","511,779,374",25.65,25.70,24.50,25.65,+0.45,"8,774"
2022/04/20,"59,527,224","1,647,043,034",26.70,28.20,26.20,28.20,+2.55,"19,974"
2022/04/21,"55,719,168","1,572,355,648",28.50,28.90,27.25,27.65,-0.55,"24,890"
2022/04/22,"22,944,281","639,133,098",28.00,28.50,27.00,27.75,+0.10,"10,065"
2022/04/25,"12,027,602","322,294,484",28.05,28.05,26.00,26.15,-1.60,"5,635"
2022/04/26,"14,667,354","371,115,497",26.95,26.95,24.30,24.45,-1.70,"5,786"
2022/04/27,"17,692,303","436,808,343",23.80,25.70,23.70,24.55,+0.10,"7,657"
2022/04/28,"20,215,025","533,866,149",25.15,27.00,25.00,27.00,+2.45,"7,228"
2022/04/29,"51,019,231","1,377,753,159",27.50,27.85,26.30,26.55,-0.45,"20,634"
2022/05/03,"8,694,426","226,453,046",26.30,26.95,25.55,25.85,-0.70,"3,882"
2022/05/04,"8,640,453","215,416,763",25.60,25.60,24.60,24.65,-1.20,"4,109"
2022/05/05,"7,084,299","175,468,241",24.90,25.35,24.05,24.55,-0.10,"3,214"
2022/05/06,"14,647,512","371,930,916",24.25,26.30,24.20,25.15,+0.60,"7,287"
2022/05/09,"12,886,651","320,976,982",25.15,25.65,24.10,24.40,-0.75,"5,341"
2022/05/10,"7,260,682","173,136,604",24.20,24.30,23.40,23.85,-0.55,"2,937"
2022/05/11,"6,573,998","152,863,360",23.45,23.80,22.90,23.15,-0.70,"2,577"
2022/05/12,"6,244,244","140,153,212",22.95,23.20,22.00,22.10,-1.05,"2,257"
2022/05/13,"7,102,083","158,114,185",22.55,22.85,22.00,22.10,0.00,"2,344"
2022/05/16,"6,094,649","137,287,749",22.95,23.35,22.20,22.20,+0.10,"2,392"
2022/05/17,"3,502,298","78,022,386",22.50,22.70,22.05,22.20,0.00,"1,621"
2022/05/18,"3,713,449","83,891,261",22.35,22.85,22.20,22.75,+0.55,"1,684"
2022/05/19,"3,925,168","86,765,100",22.45,22.50,21.75,22.40,-0.35,"1,730"
2022/05/20,"4,363,902","98,251,614",22.25,23.00,22.15,22.40,0.00,"1,615"
2022/05/23,"2,990,619","67,949,645",22.60,22.95,22.30,22.80,+0.40,"1,226"
2022/05/24,"3,774,584","85,742,487",22.90,23.30,22.50,22.50,-0.30,"1,390"
2022/05/25,"2,991,094","68,329,232",22.40,23.10,22.40,22.95,+0.45,"1,198"
2022/05/26,"6,213,179","143,238,061",23.25,23.55,22.60,22.80,-0.15,"2,324"
2022/05/27,"2,106,997","47,968,504",22.95,23.00,22.70,22.70,-0.10,987
2022/05/30,"2,802,885","64,474,075",22.65,23.25,22.65,23.15,+0.45,"1,135"
2022/05/31,"2,372,342","54,528,161",22.95,23.25,22.85,22.95,-0.20,782
2022/06/01,"1,312,402","29,987,630",22.85,23.10,22.75,22.75,-0.20,646
2022/06/02,"2,919,363","65,334,286",22.60,22.70,22.20,22.30,-0.45,"1,144"
2022/06/06,"1,397,649","31,148,567",22.50,22.50,22.10,22.25,-0.05,616
2022/06/07,"1,169,816","26,100,698",22.20,22.45,22.20,22.30,+0.05,552
2022/06/08,"1,452,946","32,512,380",22.40,22.55,22.30,22.30,0.00,655
2022/06/09,"941,922","21,045,977",22.40,22.40,22.30,22.40,+0.10,414
2022/06/10,"1,464,815","32,560,943",22.35,22.40,22.10,22.30,-0.10,578
2022/06/13,"3,145,428","68,891,996",22.20,22.30,21.70,21.80,-0.50,"1,101"
2022/06/14,"2,708,639","57,764,223",21.70,21.70,21.15,21.30,-0.50,"1,023"
2022/06/15,"1,353,164","29,162,747",21.45,21.80,21.40,21.65,+0.35,658
2022/06/16,"2,447,892","52,175,817",21.85,21.85,20.95,20.95,-0.70,"1,035"
2022/06/17,"1,954,840","41,298,320",21.00,21.40,20.90,21.05,+0.10,885
2022/06/20,"2,834,290","58,202,858",21.10,21.15,20.20,20.20,-0.85,"1,134"
2022/06/21,"2,318,546","48,772,432",20.65,21.30,20.60,21.25,+1.05,"1,095"
2022/06/22,"1,398,288","29,113,006",21.40,21.40,20.55,20.65,-0.60,756
2022/06/23,"1,380,013","28,738,569",20.85,21.20,20.50,20.75,+0.10,665
2022/06/24,"671,128","14,025,697",20.90,21.10,20.75,20.90,+0.15,372
2022/06/27,"1,910,235","41,074,533",21.35,21.70,21.30,21.45,+0.55,752
2022/06/28,"1,181,647","25,103,851",21.60,21.60,21.00,21.15,-0.30,585
2022/06/29,"1,209,600","25,441,412",20.90,21.25,20.80,21.05,-0.10,492
2022/06/30,"1,693,617","35,079,492",21.05,21.05,20.55,20.60,-0.45,656
2022/07/01,"2,386,382","48,182,167",20.70,20.70,19.95,19.95,-0.65,905
2022/07/04,"1,618,702","32,869,367",20.50,20.55,20.05,20.40,+0.45,655
2022/07/05,"3,683,623","77,751,833",20.80,21.35,20.70,21.35,+0.95,"1,366"
2022/07/06,"2,671,088","53,133,271",20.65,20.65,19.50,19.55,X0.00,"1,284"
2022/07/07,"1,019,005","19,911,885",19.60,19.75,19.25,19.60,+0.05,503
2022/07/08,"2,303,507","44,446,620",19.65,19.80,19.05,19.25,-0.35,969
2022/07/11,"3,335,964","66,954,092",19.40,20.45,19.40,20.20,+0.95,"1,668"
2022/07/12,"2,534,074","48,826,961",20.10,20.10,19.00,19.15,-1.05,"1,341"
2022/07/13,"1,292,078","25,034,841",19.50,19.60,19.15,19.40,+0.25,793
2022/07/14,"682,220","13,259,840",19.40,19.60,19.20,19.50,+0.10,493
2022/07/15,"1,028,635","19,898,458",19.55,19.55,19.25,19.40,-0.10,375
2022/07/18,"778,057","15,219,607",19.70,19.70,19.45,19.55,+0.15,333
2022/07/19,"1,918,846","39,021,227",19.50,20.10,19.50,19.80,+0.25,689
2022/07/20,"1,858,030","36,765,019",20.15,20.15,19.50,19.70,-0.10,762
2022/07/21,"567,398","11,176,183",19.85,19.85,19.55,19.80,+0.10,324
2022/07/22,"980,311","19,294,855",19.70,19.85,19.60,19.70,-0.10,512
2022/07/25,"1,285,123","25,594,314",19.75,20.05,19.60,20.05,+0.35,668
2022/07/26,"1,024,411","20,433,457",19.90,20.10,19.80,20.00,-0.05,510
2022/07/27,"1,684,388","34,283,395",19.95,20.65,19.95,20.40,+0.40,832
2022/07/28,"1,707,714","34,846,618",20.40,20.55,20.25,20.40,0.00,762
2022/07/29,"1,247,776","25,508,737",20.45,20.65,20.30,20.50,+0.10,466
2022/08/01,"1,238,322","25,599,546",20.55,20.80,20.45,20.80,+0.30,476
2022/08/02,"1,294,081","26,569,813",20.65,20.70,20.30,20.60,-0.20,613
2022/08/03,"1,863,308","37,912,292",20.30,20.55,20.15,20.20,-0.40,746
2022/08/04,"1,768,741","35,184,121",20.00,20.15,19.70,20.00,-0.20,656
2022/08/05,"1,238,299","25,334,128",20.20,20.65,20.20,20.50,+0.50,461
2022/08/08,"516,671","10,567,131",20.60,20.65,20.25,20.60,+0.10,283
2022/08/09,"784,177","16,245,251",20.60,20.80,20.50,20.80,+0.20,353
2022/08/10,"539,930","11,168,467",20.70,20.80,20.55,20.75,-0.05,328
2022/08/11,"636,524","13,205,637",20.85,20.90,20.65,20.70,-0.05,349
2022/08/12,"1,911,262","39,823,609",20.75,21.05,20.65,20.80,+0.10,727
2022/08/15,"1,232,816","25,693,138",20.95,21.00,20.70,20.80,0.00,482
2022/08/16,"1,209,242","25,341,878",20.80,21.10,20.80,20.85,+0.05,485
2022/08/17,"964,058","20,229,550",21.05,21.10,20.85,21.05,+0.20,406
2022/08/18,"864,332","18,116,969",20.95,21.05,20.85,20.95,-0.10,384
2022/08/19,"922,308","19,253,837",20.95,21.00,20.70,20.95,0.00,375
2022/08/22,"1,457,405","30,920,887",20.80,21.35,20.80,21.20,+0.25,599
2022/08/23,"4,019,679","87,451,434",21.20,22.20,21.10,21.85,+0.65,"1,725"
2022/08/24,"3,579,798","77,281,086",22.45,22.45,21.20,21.25,-0.60,"1,683"
2022/08/25,"977,937","20,850,708",21.25,21.50,21.20,21.35,+0.10,467
2022/08/26,"2,173,791","47,381,674",21.60,22.00,21.50,21.80,+0.45,893
2022/08/29,"1,242,190","26,753,188",21.70,21.70,21.35,21.50,-0.30,610
2022/08/30,"736,496","15,914,075",21.50,21.65,21.40,21.60,+0.10,338
2022/08/31,"1,712,577","37,260,038",21.50,22.00,21.50,21.65,+0.05,578
2022/09/01,"1,412,344","30,599,113",21.70,21.95,21.50,21.55,-0.10,627
2022/09/02,"1,463,284","31,857,883",21.75,21.90,21.60,21.75,+0.20,495
2022/09/05,"1,241,427","26,799,740",21.85,21.85,21.35,21.40,-0.35,694
2022/09/06,"1,546,763","32,341,274",21.45,21.50,20.70,20.75,-0.65,665
2022/09/07,"1,563,844","32,451,587",20.70,21.15,20.50,20.80,+0.05,647
2022/09/08,"579,684","12,062,671",21.00,21.00,20.65,20.80,0.00,333
2022/09/12,"740,368","15,390,312",21.00,21.00,20.60,20.85,+0.05,271
2022/09/13,"426,444","8,915,727",20.90,21.00,20.80,20.85,0.00,207
2022/09/14,"558,821","11,535,516",20.55,20.75,20.55,20.60,-0.25,302
2022/09/15,"581,584","12,066,145",20.60,20.95,20.60,20.75,+0.15,251
2022/09/16,"988,876","20,230,511",20.60,20.70,20.30,20.30,-0.45,509
2022/09/19,"633,213","12,775,086",20.40,20.40,20.05,20.20,-0.10,290
2022/09/20,"219,082","4,426,010",20.25,20.25,20.15,20.25,+0.05,161
2022/09/21,"618,602","12,464,566",20.30,20.55,20.00,20.05,-0.20,357
2022/09/22,"418,126","8,333,893",20.05,20.05,19.85,20.00,-0.05,270
2022/09/23,"868,948","17,274,737",20.00,20.20,19.75,19.85,-0.15,415
2022/09/26,"1,628,443","31,738,702",19.80,19.85,19.30,19.45,-0.40,583
2022/09/27,"742,225","14,590,295",19.30,19.90,19.30,19.80,+0.35,320
2022/09/28,"927,761","17,963,364",19.80,19.80,19.25,19.30,-0.50,488
2022/09/29,"1,115,543","21,944,282",19.35,20.60,19.30,19.40,+0.10,582
2022/09/30,"575,243","11,210,747",19.30,19.70,19.20,19.55,+0.15,404
2022/10/03,"582,685","11,265,825",19.50,19.50,19.25,19.35,-0.20,348
2022/10/04,"628,155","12,226,559",19.50,19.55,19.35,19.55,+0.20,276
2022/10/05,"561,718","11,018,934",19.75,19.75,19.55,19.60,+0.05,297
2022/10/06,"368,007","7,197,705",19.60,19.60,19.50,19.60,0.00,185
2022/10/07,"452,014","8,806,479",19.55,19.70,19.40,19.45,-0.15,249
2022/10/11,"987,195","19,022,389",19.45,19.45,19.15,19.20,-0.25,404
2022/10/12,"767,344","14,746,304",19.15,19.35,19.10,19.35,+0.15,237
2022/10/13,"1,885,519","35,790,152",19.30,19.35,18.75,18.90,-0.45,722
2022/10/14,"662,510","12,633,911",18.90,19.20,18.90,19.10,+0.20,321
2022/10/17,"894,891","16,843,926",18.90,19.10,18.65,19.05,-0.05,319
2022/10/18,"283,549","5,422,903",19.20,19.20,18.95,19.15,+0.10,183
2022/10/19,"706,393","13,482,128",19.20,19.30,18.95,19.00,-0.15,266
2022/10/20,"2,653,600","49,096,552",19.05,19.05,18.30,18.45,-0.55,960
2022/10/21,"467,769","8,655,465",18.55,18.70,18.30,18.50,+0.05,274
2022/10/24,"793,150","14,918,491",18.70,18.95,18.65,18.85,+0.35,320
2022/10/25,"671,293","12,635,682",18.85,18.95,18.70,18.85,0.00,279
2022/10/26,"753,167","14,354,898",18.85,19.25,18.75,19.15,+0.30,396
2022/10/27,"687,608","13,170,059",19.20,19.30,19.00,19.25,+0.10,270
2022/10/28,"909,533","17,348,571",19.20,19.20,19.00,19.10,-0.15,222
2022/10/31,"896,635","17,453,405",19.30,19.75,19.10,19.55,+0.45,375
2022/11/01,"1,205,568","23,951,851",19.55,20.00,19.55,19.85,+0.30,498
2022/11/02,"674,791","13,444,658",20.05,20.20,19.70,19.70,-0.15,352
2022/11/03,"349,227","6,807,626",19.50,19.65,19.40,19.45,-0.25,226
2022/11/04,"923,699","17,808,823",19.35,19.45,19.20,19.40,-0.05,387
2022/11/07,"596,917","11,726,157",19.45,19.75,19.45,19.75,+0.35,237
2022/11/08,"504,629","9,898,762",19.75,19.80,19.50,19.50,-0.25,292
2022/11/09,"992,961","19,368,606",19.55,19.60,19.40,19.50,0.00,326
2022/11/10,"1,060,796","20,465,667",19.50,19.50,19.25,19.25,-0.25,310
2022/11/11,"858,160","16,540,083",19.50,19.70,19.15,19.20,-0.05,381
2022/11/14,"860,905","16,615,774",19.20,19.35,19.15,19.25,+0.05,316
2022/11/15,"889,778","17,138,404",19.25,19.35,19.15,19.30,+0.05,399
2022/11/16,"1,638,632","31,184,478",19.30,19.30,18.80,18.85,-0.45,718
2022/11/17,"667,985","12,566,863",18.80,18.90,18.75,18.85,0.00,414
2022/11/18,"874,752","16,438,688",18.85,18.95,18.70,18.70,-0.15,447
2022/11/21,"353,331","6,625,045",18.85,18.85,18.65,18.85,+0.15,198
2022/11/22,"683,999","12,810,209",18.95,18.95,18.65,18.75,-0.10,351
2022/11/23,"331,437","6,275,480",18.90,19.00,18.75,19.00,+0.25,191
2022/11/24,"494,625","9,394,537",19.10,19.10,18.90,19.00,0.00,316
2022/11/25,"515,394","9,802,581",19.00,19.15,18.95,19.00,0.00,257
2022/11/28,"994,941","18,710,040",18.85,18.90,18.75,18.80,-0.20,397
2022/11/29,"386,859","7,329,009",18.80,19.05,18.75,19.05,+0.25,173
2022/11/30,"836,622","16,014,833",19.05,19.25,19.05,19.15,+0.10,428
2022/12/01,"1,508,925","29,245,708",19.25,19.60,19.20,19.50,+0.35,607
2022/12/02,"698,126","13,546,232",19.55,19.60,19.30,19.35,-0.15,290
2022/12/05,"488,164","9,421,917",19.40,19.45,19.15,19.15,-0.20,265
2022/12/06,"298,501","5,696,973",19.25,19.25,19.00,19.05,-0.10,197
2022/12/07,"395,431","7,513,523",19.10,19.15,18.90,19.05,0.00,211
2022/12/08,"203,477","3,864,426",19.05,19.05,18.90,19.00,-0.05,140
2022/12/09,"503,684","9,622,318",19.10,19.20,19.00,19.20,+0.20,235
2022/12/12,"1,344,717","25,603,886",19.10,19.40,18.90,19.15,-0.05,314
2022/12/13,"1,178,956","22,823,325",19.20,19.50,19.20,19.20,+0.05,442
2022/12/14,"623,227","12,022,529",19.25,19.35,19.10,19.30,+0.10,283
2022/12/15,"461,064","8,857,175",19.35,19.35,19.15,19.15,-0.15,249
2022/12/16,"1,069,542","20,339,969",19.00,19.10,18.95,19.10,-0.05,330
2022/12/19,"525,144","9,964,555",18.90,19.05,18.90,19.00,-0.10,280
2022/12/20,"1,202,766","22,623,929",18.95,19.05,18.60,18.60,-0.40,545
2022/12/21,"602,742","11,261,970",18.85,18.90,18.55,18.55,-0.05,360
2022/12/22,"616,789","11,554,455",18.70,18.80,18.65,18.75,+0.20,238
2022/12/23,"833,691","15,734,170",18.80,19.05,18.70,18.90,+0.15,348
2022/12/26,"496,301","9,508,984",19.00,19.30,19.00,19.10,+0.20,271
2022/12/27,"365,021","6,946,979",19.15,19.15,18.95,18.95,-0.15,202
2022/12/28,"455,775","8,605,413",18.90,19.05,18.80,18.80,-0.15,255
2022/12/29,"591,846","11,059,586",18.75,18.80,18.65,18.75,-0.05,297
2022/12/30,"389,177","7,306,809",18.85,18.85,18.70,18.75,0.00,254
2023/01/03,"632,608","11,885,865",18.70,18.85,18.70,18.80,+0.05,186
2023/01/04,"341,938","6,454,665",18.90,18.95,18.80,18.85,+0.05,173
2023/01/05,"398,951","7,524,721",18.95,19.00,18.75,18.85,0.00,235
2023/01/06,"375,146","7,075,631",18.85,18.90,18.80,18.85,0.00,142
2023/01/09,"351,745","6,647,288",18.95,19.00,18.85,18.90,+0.05,270
2023/01/10,"558,531","10,603,385",18.95,19.05,18.90,18.95,+0.05,250
2023/01/11,"1,138,721","21,748,026",19.05,19.30,18.95,18.95,0.00,455
2023/01/12,"1,176,103","23,635,213",19.10,19.15,18.90,18.95,0.00,279
2023/01/13,"536,215","10,163,972",19.05,19.15,18.90,18.90,-0.05,277
2023/01/16,"789,743","14,945,903",19.00,19.00,18.85,18.90,0.00,253
2023/01/17,"7,458,368","147,337,748",19.00,20.20,19.00,19.65,+0.75,"3,447"
2023/01/30,"1,804,338","35,396,482",19.75,19.85,19.50,19.60,-0.05,868
2023/01/31,"639,296","12,574,612",19.60,19.75,19.60,19.65,+0.05,364
2023/02/01,"571,722","11,250,021",19.70,19.75,19.60,19.75,+0.10,342
2023/02/02,"771,815","15,171,780",19.80,19.80,19.60,19.65,-0.10,396
2023/02/03,"637,283","12,538,028",19.65,19.75,19.60,19.75,+0.10,336
2023/02/06,"926,868","18,381,912",19.70,19.95,19.65,19.95,+0.20,445
2023/02/07,"1,075,950","21,563,714",19.95,20.15,19.95,20.05,+0.10,547
2023/02/08,"697,780","13,923,711",20.05,20.10,19.90,19.95,-0.10,354
2023/02/09,"496,546","9,858,562",19.95,19.95,19.80,19.80,-0.15,349
2023/02/10,"529,911","10,459,805",19.80,19.80,19.65,19.75,-0.05,323
2023/02/13,"927,947","18,499,162",19.75,20.10,19.75,20.00,+0.25,466
2023/02/14,"1,928,951","38,946,428",20.05,20.35,20.00,20.25,+0.25,844
2023/02/15,"1,367,442","27,624,627",20.25,20.45,20.05,20.10,-0.15,759
2023/02/16,"665,572","13,365,493",20.10,20.15,20.00,20.05,-0.05,435
2023/02/17,"613,551","12,294,363",20.05,20.10,20.00,20.05,0.00,333
2023/02/20,"1,070,603","21,683,931",20.10,20.35,20.10,20.25,+0.20,489
2023/02/21,"901,718","18,277,430",20.25,20.35,20.20,20.25,0.00,412
2023/02/22,"975,432","19,777,390",20.20,20.50,20.05,20.45,+0.20,497
2023/02/23,"1,868,909","38,466,382",20.45,20.70,20.45,20.50,+0.05,819
2023/02/24,"2,806,383","58,178,739",20.65,20.95,20.30,20.90,+0.40,"1,185"
2023/03/01,"15,406,419","340,157,000",21.05,22.60,21.05,21.55,+0.65,"6,940"
2023/03/02,"3,968,927","84,723,512",21.55,21.75,21.00,21.75,+0.20,"2,192"
2023/03/03,"12,980,661","293,716,319",22.20,23.20,22.15,22.40,+0.65,"6,049"
2023/03/06,"5,876,123","134,499,353",23.05,23.40,22.60,22.70,+0.30,"3,107"
2023/03/07,"3,242,106","72,425,014",22.60,22.65,22.10,22.45,-0.25,"1,824"
2023/03/08,"1,932,991","43,364,896",22.45,22.65,22.20,22.45,0.00,"1,185"
2023/03/09,"2,908,089","64,225,465",22.45,22.50,21.90,21.95,-0.50,"1,649"
2023/03/10,"1,955,640","43,014,488",22.00,22.30,21.85,21.95,0.00,"1,085"
2023/03/13,"2,217,413","47,682,892",21.50,21.80,21.30,21.60,-0.35,"1,056"
2023/03/14,"1,076,745","23,045,549",21.45,21.70,21.25,21.35,-0.25,625
2023/03/15,"1,126,120","24,033,319",21.60,21.60,21.20,21.30,-0.05,691
2023/03/16,"2,914,116","60,033,739",21.10,21.10,20.30,20.40,-0.90,"1,340"
2023/03/17,"1,062,539","21,831,459",20.50,20.70,20.40,20.65,+0.25,748
2023/03/20,"1,020,876","21,075,259",20.75,20.90,20.35,20.85,+0.20,588
2023/03/21,"1,068,047","22,536,629",20.85,21.25,20.85,21.05,+0.20,563
2023/03/22,"769,291","16,222,375",21.15,21.30,21.00,21.00,-0.05,489
2023/03/23,"830,302","17,369,784",21.05,21.10,20.80,20.95,-0.05,416
2023/03/24,"724,411","15,035,077",20.95,20.95,20.65,20.90,-0.05,456
2023/03/27,"1,726,821","36,731,169",21.05,21.50,20.90,21.35,+0.45,819
2023/03/28,"968,656","20,369,664",21.40,21.40,20.85,20.90,-0.45,548
2023/03/29,"632,654","13,249,817",20.90,21.10,20.85,21.00,+0.10,287
2023/03/30,"647,774","13,596,874",21.10,21.20,20.90,21.20,+0.20,361
2023/03/31,"1,422,332","30,320,870",21.20,21.60,21.05,21.50,+0.30,673
2023/04/06,"2,749,701","59,998,364",21.60,22.00,21.60,21.85,+0.35,"1,493"
2023/04/07,"837,805","18,208,881",21.90,21.95,21.60,21.80,-0.05,528
2023/04/10,"1,038,157","22,374,520",21.80,21.80,21.35,21.70,-0.10,607
2023/04/11,"870,955","18,876,026",21.70,21.80,21.55,21.55,-0.15,466
2023/04/12,"774,031","16,666,539",21.75,21.75,21.40,21.40,-0.15,493
2023/04/13,"696,446","14,897,265",21.45,21.50,21.25,21.35,-0.05,432
2023/04/14,"923,922","19,657,698",21.35,21.40,21.20,21.35,0.00,411
2023/04/17,"1,034,348","22,217,892",21.40,21.55,21.35,21.45,+0.10,481
2023/04/18,"542,116","11,559,913",21.50,21.55,21.25,21.25,-0.20,366
2023/04/19,"1,460,031","30,866,913",21.30,21.35,21.00,21.10,-0.15,629
2023/04/20,"1,080,989","22,846,760",21.15,21.45,20.95,21.10,0.00,415
2023/04/21,"1,411,805","29,371,616",21.10,21.15,20.60,20.70,-0.40,661
2023/04/24,"941,506","19,510,499",20.60,21.25,20.50,21.15,+0.45,367
2023/04/25,"9,193,971","202,079,854",21.65,22.45,21.55,21.75,+0.60,"4,224"
2023/04/26,"1,790,614","38,421,718",21.50,21.75,21.20,21.75,0.00,"1,046"
2023/04/27,"1,078,544","23,171,959",21.80,21.80,21.35,21.40,-0.35,631
2023/04/28,"1,147,531","24,470,188",21.50,21.55,21.25,21.25,-0.15,621
2023/05/02,"797,626","17,049,944",21.30,21.50,21.25,21.40,+0.15,469
2023/05/03,"581,482","12,444,295",21.45,21.65,21.25,21.30,-0.10,364
2023/05/04,"1,362,817","29,463,138",21.30,21.75,21.30,21.55,+0.25,707
2023/05/05,"404,768","8,700,426",21.65,21.65,21.45,21.50,-0.05,286
2023/05/08,"1,056,700","22,773,007",21.55,21.75,21.45,21.70,+0.20,515
2023/05/09,"2,729,848","59,780,664",21.85,22.05,21.70,21.80,+0.10,"1,483"
2023/05/10,"1,813,170","38,617,585",21.50,21.55,21.20,21.25,-0.55,935
2023/05/11,"2,031,493","42,189,028",21.20,21.20,20.60,20.70,-0.55,946
2023/05/12,"595,362","12,325,068",20.50,20.85,20.50,20.85,+0.15,317
2023/05/15,"336,034","6,954,359",20.80,20.80,20.65,20.80,-0.05,252
2023/05/16,"440,646","9,181,681",20.90,20.95,20.70,20.85,+0.05,284
2023/05/17,"610,661","12,800,677",20.85,21.05,20.85,20.95,+0.10,399
2023/05/18,"442,393","9,252,522",20.95,21.10,20.80,20.90,-0.05,297
2023/05/19,"735,338","15,261,368",20.90,20.95,20.65,20.65,-0.25,412
2023/05/22,"526,942","10,988,856",20.65,20.95,20.65,20.90,+0.25,263
2023/05/23,"2,051,792","43,782,390",21.10,21.50,21.10,21.45,+0.55,"1,053"
2023/05/24,"636,536","13,577,643",21.45,21.45,21.25,21.30,-0.15,392
2023/05/25,"631,551","13,301,603",21.30,21.30,21.00,21.00,-0.30,340
2023/05/26,"580,154","12,163,058",20.95,21.10,20.85,20.95,-0.05,327
2023/05/29,"559,198","11,809,522",20.95,21.30,20.90,21.15,+0.20,494
2023/05/30,"433,688","9,075,187",21.10,21.10,20.85,20.85,-0.30,262
2023/05/31,"334,168","6,976,418",20.85,21.00,20.85,20.85,0.00,225
2023/06/01,"478,776","10,011,660",20.90,21.05,20.80,20.95,+0.10,245
2023/06/02,"469,390","9,878,486",21.00,21.10,20.95,21.05,+0.10,291
2023/06/05,"470,745","9,897,811",21.15,21.15,21.00,21.05,0.00,307
2023/06/06,"697,461","14,708,583",21.15,21.25,21.00,21.10,+0.05,368
2023/06/07,"890,664","18,924,844",21.25,21.40,21.10,21.15,+0.05,399
2023/06/08,"322,637","6,797,225",21.25,21.25,21.00,21.05,-0.10,219
2023/06/09,"639,739","13,421,361",21.00,21.10,20.90,21.00,-0.05,361
2023/06/12,"457,534","9,562,284",21.15,21.15,20.85,20.95,-0.05,302
2023/06/13,"386,263","8,083,849",20.95,21.00,20.90,20.95,0.00,319
2023/06/14,"524,334","11,046,603",21.05,21.20,20.90,21.05,+0.10,262
2023/06/15,"471,797","9,898,142",21.10,21.10,20.90,20.95,-0.10,272
2023/06/16,"733,628","15,485,372",21.00,21.20,21.00,21.15,+0.20,405
2023/06/19,"619,077","13,075,835",21.15,21.20,21.00,21.10,-0.05,303
2023/06/20,"420,940","8,856,088",21.05,21.15,21.00,21.05,-0.05,240
2023/06/21,"518,884","10,964,015",21.05,21.25,21.05,21.25,+0.20,333
2023/06/26,"361,759","7,629,093",21.25,21.25,21.00,21.10,-0.15,238
2023/06/27,"445,839","9,410,377",21.05,21.20,21.05,21.10,0.00,218
2023/06/28,"771,481","16,356,731",21.15,21.35,21.05,21.25,+0.15,373
2023/06/29,"1,028,902","21,955,859",21.30,21.50,21.25,21.35,+0.10,504
2023/06/30,"1,737,869","37,391,883",21.40,21.65,21.35,21.50,+0.15,721
2023/07/03,"5,019,133","110,289,539",21.65,22.35,21.55,21.75,+0.25,"1,564"
2023/07/04,"1,180,589","25,646,727",21.80,22.00,21.55,21.60,-0.15,694
2023/07/05,"927,698","19,949,313",21.60,21.60,21.40,21.50,-0.10,486
2023/07/06,"1,192,214","25,620,218",21.50,21.60,21.40,21.50,0.00,442
2023/07/07,"1,003,864","21,363,034",21.45,21.45,21.20,21.30,-0.20,477
2023/07/10,"1,737,106","37,412,745",21.45,21.65,21.40,21.55,+0.25,739
2023/07/11,"839,693","17,260,823",20.65,20.70,20.40,20.55,X0.00,512
2023/07/12,"901,015","18,299,907",20.55,20.55,20.20,20.25,-0.30,572
2023/07/13,"1,398,560","27,987,187",20.30,20.30,19.90,19.95,-0.30,710
2023/07/14,"1,710,524","33,955,893",20.00,20.10,19.75,19.75,-0.20,786
2023/07/17,"798,369","15,858,948",19.75,20.00,19.70,19.80,+0.05,500
2023/07/18,"1,132,753","22,859,204",20.05,20.40,20.00,20.10,+0.30,672
2023/07/19,"773,934","15,549,348",20.10,20.30,19.90,20.00,-0.10,461
2023/07/20,"815,985","16,558,572",20.15,20.40,20.15,20.35,+0.35,398
2023/07/21,"1,798,400","37,283,305",20.40,20.90,20.40,20.65,+0.30,960
2023/07/24,"998,294","20,619,881",20.85,20.95,20.35,20.35,-0.30,636
2023/07/25,"595,589","12,063,279",20.50,20.50,20.15,20.25,-0.10,380
2023/07/26,"418,956","8,473,126",20.25,20.35,20.15,20.20,-0.05,328
2023/07/27,"561,063","11,467,559",20.40,20.65,20.30,20.50,+0.30,383
2023/07/28,"731,648","14,768,777",20.50,20.50,20.10,20.15,-0.35,466
2023/07/31,"528,808","10,665,310",20.15,20.30,20.05,20.15,0.00,299
2023/08/01,"223,455","4,508,022",20.05,20.25,20.05,20.20,+0.05,153
2023/08/02,"568,371","11,465,366",20.25,20.35,20.05,20.05,-0.15,326
2023/08/04,"786,509","15,986,794",20.10,20.50,20.05,20.35,+0.30,408
2023/08/07,"504,682","10,280,694",20.50,20.50,20.20,20.45,+0.10,292
2023/08/08,"1,208,915","24,972,293",20.45,20.85,20.45,20.60,+0.15,650
2023/08/09,"470,674","9,582,848",20.70,20.70,20.25,20.25,-0.35,295
2023/08/10,"679,176","13,608,809",20.30,20.30,19.95,20.05,-0.20,386
2023/08/11,"231,990","4,656,484",20.05,20.10,20.00,20.10,+0.05,191
2023/08/14,"542,139","10,788,501",20.10,20.10,19.80,19.90,-0.20,362
2023/08/15,"162,112","3,239,034",20.10,20.10,19.90,19.95,+0.05,140
2023/08/16,"186,716","3,721,342",19.95,20.05,19.85,19.95,0.00,165
2023/08/17,"342,261","6,835,219",19.85,20.10,19.85,20.00,+0.05,199
2023/08/18,"274,629","5,488,157",20.00,20.15,19.90,20.00,0.00,212
2023/08/21,"263,918","5,283,493",20.05,20.10,19.95,20.00,0.00,152
2023/08/22,"351,159","7,019,243",20.00,20.05,19.95,19.95,-0.05,385
2023/08/23,"255,597","5,097,565",19.95,20.00,19.90,19.95,0.00,318
2023/08/24,"370,878","7,385,856",19.95,20.05,19.85,19.90,-0.05,349
2023/08/25,"747,612","15,020,479",20.00,20.30,19.90,20.15,+0.25,465
2023/08/28,"417,183","8,428,846",20.35,20.40,20.05,20.15,0.00,349
2023/08/29,"187,519","3,756,871",20.05,20.20,20.00,20.00,-0.15,201
2023/08/30,"147,264","2,946,768",20.05,20.10,20.00,20.00,0.00,165
2023/08/31,"220,394","4,404,634",20.00,20.10,19.95,20.00,0.00,201
2023/09/01,"232,585","4,651,207",20.05,20.05,19.95,19.95,-0.05,210
2023/09/04,"903,891","18,328,152",19.95,20.50,19.95,20.45,+0.50,520
2023/09/05,"1,268,315","25,954,683",20.50,20.60,20.30,20.45,0.00,849
2023/09/06,"693,855","14,104,038",20.45,20.45,20.20,20.30,-0.15,474
2023/09/07,"293,475","5,910,158",20.30,20.35,20.05,20.15,-0.15,241
2023/09/08,"293,304","5,882,730",20.05,20.15,20.00,20.05,-0.10,250
2023/09/11,"400,656","7,998,681",20.00,20.00,19.90,19.95,-0.10,273
2023/09/12,"211,289","4,231,189",20.15,20.15,20.00,20.05,+0.10,179
2023/09/13,"241,658","4,845,527",20.05,20.15,19.95,20.15,+0.10,179
2023/09/14,"236,047","4,736,666",20.05,20.15,20.00,20.10,-0.05,217
2023/09/15,"151,317","3,037,643",20.15,20.15,20.00,20.10,0.00,184
2023/09/18,"190,365","3,819,478",20.05,20.15,20.00,20.15,+0.05,152
2023/09/19,"243,651","4,890,273",20.10,20.15,20.00,20.10,-0.05,205
2023/09/20,"134,584","2,694,298",20.05,20.10,20.00,20.00,-0.10,123
2023/09/21,"295,580","5,889,334",20.05,20.05,19.85,19.95,-0.05,263
2023/09/22,"112,494","2,243,596",19.95,20.00,19.90,20.00,+0.05,112
2023/09/25,"187,136","3,742,702",20.10,20.10,19.95,20.00,0.00,174
2023/09/26,"289,387","5,763,200",19.95,20.00,19.90,19.90,-0.10,219
2023/09/27,"255,340","5,073,990",19.90,19.95,19.85,19.90,0.00,215
2023/09/28,"270,095","5,376,484",20.00,20.00,19.85,19.95,+0.05,203
2023/10/02,"313,397","6,238,141",20.00,20.00,19.85,19.95,0.00,218
2023/10/03,"258,853","5,161,833",20.00,20.00,19.90,19.90,-0.05,150
2023/10/04,"287,710","5,701,389",19.85,19.90,19.75,19.80,-0.10,250
2023/10/05,"216,504","4,287,026",19.80,19.85,19.75,19.75,-0.05,197
2023/10/06,"173,509","3,440,533",19.75,19.95,19.75,19.80,+0.05,153
2023/10/11,"271,828","5,379,911",19.90,19.90,19.70,19.70,-0.10,216
2023/10/12,"323,712","6,375,342",19.80,19.80,19.65,19.70,0.00,273
2023/10/13,"210,721","4,142,567",19.70,19.75,19.60,19.65,-0.05,196
2023/10/16,"399,947","7,838,832",19.65,19.70,19.55,19.60,-0.05,240
2023/10/17,"547,127","10,667,107",19.60,19.70,19.40,19.40,-0.20,358
2023/10/18,"480,682","9,288,113",19.50,19.50,19.25,19.30,-0.10,319
2023/10/19,"741,684","14,177,168",19.30,19.40,19.00,19.10,-0.20,448
2023/10/20,"1,739,621","32,555,892",19.05,19.05,18.65,18.65,-0.45,"1,069"
2023/10/23,"900,743","16,857,326",18.75,18.95,18.65,18.70,+0.05,422
2023/10/24,"967,462","18,106,807",18.80,18.85,18.65,18.80,+0.10,366
2023/10/25,"673,036","12,657,983",18.75,18.95,18.75,18.85,+0.05,374
2023/10/26,"328,744","6,187,143",18.85,18.90,18.75,18.75,-0.10,258
2023/10/27,"136,739","2,573,841",18.85,18.90,18.75,18.85,+0.10,133
2023/10/30,"181,981","3,429,782",18.90,18.95,18.75,18.85,0.00,179
2023/10/31,"228,346","4,301,398",18.95,18.95,18.75,18.75,-0.10,209
2023/11/01,"513,607","9,592,358",18.75,18.80,18.60,18.70,-0.05,297
2023/11/02,"360,811","6,759,585",18.80,18.90,18.70,18.80,+0.10,269
2023/11/03,"186,465","3,516,987",18.85,18.95,18.80,18.95,+0.15,159
2023/11/06,"246,746","4,685,749",18.95,19.10,18.90,19.00,+0.05,201
2023/11/07,"156,307","2,983,163",19.00,19.15,19.00,19.15,+0.15,148
2023/11/08,"206,111","3,930,718",19.20,19.20,19.00,19.05,-0.10,161
2023/11/09,"136,970","2,605,252",19.05,19.05,19.00,19.00,-0.05,108
2023/11/10,"144,795","2,752,545",18.95,19.05,18.95,19.05,+0.05,136
2023/11/13,"338,503","6,459,052",19.05,19.35,19.00,19.20,+0.15,184
2023/11/14,"153,253","2,936,554",19.20,19.20,19.10,19.15,-0.05,131
2023/11/15,"387,503","7,419,919",19.15,19.25,19.10,19.15,0.00,194
2023/11/16,"342,916","6,631,801",19.25,19.45,19.25,19.35,+0.20,253
2023/11/17,"172,674","3,334,508",19.35,19.45,19.25,19.35,0.00,157
2023/11/20,"256,243","4,933,800",19.35,19.35,19.20,19.30,-0.05,218
2023/11/21,"243,180","4,701,256",19.30,19.40,19.25,19.40,+0.10,217
2023/11/22,"222,222","4,302,084",19.40,19.45,19.30,19.40,0.00,182
2023/11/23,"251,072","4,874,447",19.40,19.45,19.35,19.35,-0.05,216
2023/11/24,"171,079","3,320,402",19.45,19.45,19.35,19.45,+0.10,144
2023/11/27,"223,539","4,316,291",19.40,19.40,19.25,19.25,-0.20,193
2023/11/28,"186,439","3,608,406",19.20,19.45,19.20,19.45,+0.20,185
2023/11/29,"1,918,441","37,119,095",19.45,19.50,19.25,19.35,-0.10,231
2023/11/30,"286,463","5,530,417",19.30,19.40,19.20,19.40,+0.05,206
2023/12/01,"279,245","5,407,533",19.40,19.45,19.30,19.40,0.00,184
2023/12/04,"322,516","6,251,157",19.35,19.45,19.30,19.45,+0.05,238
2023/12/05,"164,998","3,209,226",19.40,19.50,19.40,19.50,+0.05,167
2023/12/06,"141,161","2,747,006",19.50,19.50,19.40,19.45,-0.05,122
2023/12/07,"245,192","4,788,300",19.45,19.60,19.45,19.50,+0.05,156
2023/12/08,"157,549","3,074,104",19.60,19.60,19.45,19.55,+0.05,141
2023/12/11,"194,559","3,779,567",19.55,19.55,19.40,19.45,-0.10,136
2023/12/12,"284,621","5,512,951",19.45,19.45,19.30,19.40,-0.05,163
2023/12/13,"238,428","4,606,994",19.35,19.40,19.25,19.25,-0.15,168
2023/12/14,"238,492","4,604,199",19.30,19.40,19.25,19.35,+0.10,213
2023/12/15,"264,066","5,135,800",19.30,19.50,19.30,19.50,+0.15,235
2023/12/18,"360,840","7,026,112",19.45,19.55,19.40,19.45,-0.05,176
2023/12/19,"246,669","4,766,930",19.45,19.45,19.25,19.35,-0.10,187
2023/12/20,"211,667","4,102,945",19.30,19.50,19.30,19.45,+0.10,172
2023/12/21,"178,560","3,459,103",19.40,19.45,19.30,19.35,-0.10,168
2023/12/22,"196,738","3,805,793",19.30,19.40,19.30,19.40,+0.05,152
2023/12/25,"253,577","4,895,195",19.35,19.35,19.25,19.30,-0.10,154
2023/12/26,"125,777","2,431,689",19.25,19.40,19.25,19.35,+0.05,151
2023/12/27,"252,614","4,876,652",19.30,19.35,19.25,19.30,-0.05,154
2023/12/28,"181,980","3,511,064",19.30,19.40,19.25,19.40,+0.10,155
2023/12/29,"145,486","2,812,215",19.35,19.40,19.30,19.30,-0.10,123
2024/01/02,"229,797","4,436,110",19.35,19.35,19.25,19.30,0.00,162
2024/01/03,"207,040","3,997,849",19.25,19.40,19.25,19.30,0.00,153
2024/01/04,"206,798","4,004,978",19.45,19.45,19.30,19.35,+0.05,128
2024/01/05,"158,005","3,054,761",19.45,19.45,19.30,19.30,-0.05,118
2024/01/08,"247,848","4,787,702",19.30,19.35,19.25,19.35,+0.05,161
2024/01/09,"297,890","5,732,677",19.35,19.35,19.15,19.25,-0.10,206
2024/01/10,"267,958","5,122,253",19.20,19.20,19.05,19.05,-0.20,203
2024/01/11,"451,091","8,551,086",19.05,19.05,18.90,19.00,-0.05,281
2024/01/12,"198,606","3,769,433",18.95,19.05,18.90,19.00,0.00,144
2024/01/15,"306,557","5,811,494",19.00,19.10,18.90,18.95,-0.05,195
2024/01/16,"241,850","4,582,045",18.90,19.00,18.90,18.95,0.00,189
2024/01/17,"642,428","12,087,471",18.90,18.90,18.75,18.80,-0.15,433
2024/01/18,"226,171","4,249,308",18.80,18.90,18.70,18.80,0.00,185
2024/01/19,"187,043","3,524,838",18.75,19.05,18.75,18.80,0.00,164
2024/01/22,"186,987","3,539,144",19.10,19.10,18.85,18.90,+0.10,150
2024/01/23,"99,296","1,882,683",18.90,19.00,18.90,18.95,+0.05,114
2024/01/24,"113,802","2,156,570",19.00,19.00,18.90,18.95,0.00,122
2024/01/25,"245,459","4,670,967",19.05,19.10,19.00,19.00,+0.05,192
2024/01/26,"136,127","2,593,959",19.05,19.10,19.00,19.10,+0.10,130
2024/01/29,"260,410","4,966,867",19.10,19.15,19.05,19.10,0.00,188
2024/01/30,"90,715","1,730,485",19.15,19.15,19.05,19.05,-0.05,89
2024/01/31,"127,149","2,416,750",19.05,19.05,19.00,19.00,-0.05,116
2024/02/01,"264,918","5,038,236",19.00,19.10,19.00,19.05,+0.05,177
2024/02/02,"211,937","4,027,363",19.10,19.10,18.95,18.95,-0.10,159
2024/02/05,"294,951","5,595,852",18.95,19.00,18.95,19.00,+0.05,177
2024/02/15,"303,514","5,753,444",19.00,19.05,18.90,19.00,0.00,215
2024/02/16,"213,597","4,051,600",19.00,19.00,18.95,19.00,0.00,213
2024/02/19,"443,721","8,458,803",19.00,19.15,19.00,19.10,+0.10,272
2024/02/20,"453,702","8,699,983",19.10,19.30,19.10,19.10,0.00,241
2024/02/21,"265,715","5,085,114",19.15,19.20,19.10,19.10,0.00,204
2024/02/22,"396,900","7,549,192",19.10,19.10,18.95,19.00,-0.10,268
2024/02/23,"200,047","3,803,325",19.00,19.10,18.95,19.00,0.00,232
2024/02/26,"199,158","3,780,830",18.95,19.05,18.95,18.95,-0.05,217
2024/02/27,"277,137","5,245,691",18.95,19.00,18.90,18.90,-0.05,230
2024/02/29,"250,729","4,741,543",18.90,19.00,18.85,18.90,0.00,213
2024/03/01,"221,708","4,193,349",18.90,19.00,18.90,18.90,0.00,207
2024/03/04,"310,323","5,862,330",18.85,18.95,18.85,18.85,-0.05,285
2024/03/05,"353,487","6,673,147",18.85,18.95,18.80,18.85,0.00,248
2024/03/06,"436,834","8,243,993",18.85,18.95,18.80,18.90,+0.05,314
2024/03/07,"658,534","12,379,449",18.85,18.90,18.75,18.75,-0.15,415
2024/03/08,"1,079,368","20,102,283",18.75,18.80,18.55,18.60,-0.15,724
2024/03/11,"321,195","5,966,603",18.60,18.65,18.50,18.65,+0.05,283
2024/03/12,"628,833","11,715,617",18.70,18.70,18.60,18.65,0.00,364
2024/03/13,"2,927,781","53,709,164",18.60,18.65,18.20,18.30,-0.35,"1,210"
2024/03/14,"842,317","15,656,139",18.30,18.70,18.30,18.65,+0.35,397
2024/03/15,"257,310","4,801,005",18.55,18.70,18.55,18.70,+0.05,248
2024/03/18,"327,844","6,103,101",18.70,18.70,18.55,18.65,-0.05,241
2024/03/19,"357,793","6,649,266",18.65,18.70,18.50,18.60,-0.05,471
2024/03/20,"413,593","7,665,380",18.60,18.65,18.50,18.50,-0.10,343
2024/03/21,"391,552","7,246,856",18.55,18.60,18.45,18.50,0.00,310
2024/03/22,"449,186","8,305,719",18.60,18.60,18.45,18.45,-0.05,361
2024/03/25,"945,358","17,657,839",18.50,18.85,18.50,18.75,+0.30,548
2024/03/26,"311,541","5,834,728",18.65,18.80,18.65,18.70,-0.05,330
2024/03/27,"496,902","9,286,619",18.70,18.75,18.65,18.65,-0.05,346
2024/03/28,"250,317","4,672,502",18.70,18.70,18.65,18.65,0.00,323
2024/03/29,"244,992","4,578,404",18.80,18.80,18.65,18.70,+0.05,276
2024/04/01,"213,778","4,007,623",18.70,18.80,18.70,18.75,+0.05,509
2024/04/02,"215,479","4,039,723",18.70,18.80,18.70,18.75,0.00,261
2024/04/03,"208,617","3,900,046",18.75,18.75,18.65,18.65,-0.10,124
2024/04/08,"178,708","3,337,095",18.65,18.70,18.65,18.70,+0.05,193
2024/04/09,"365,495","6,865,930",18.70,18.85,18.70,18.85,+0.15,204
2024/04/10,"341,850","6,445,105",18.90,18.90,18.80,18.90,+0.05,258
2024/04/11,"407,268","7,674,115",18.90,18.90,18.70,18.90,0.00,259
2024/04/12,"291,624","5,460,752",18.90,18.90,18.65,18.65,-0.25,239
2024/04/15,"287,369","5,369,629",18.65,18.80,18.65,18.65,0.00,204
2024/04/16,"499,299","9,239,416",18.60,18.65,18.45,18.45,-0.20,330
2024/04/17,"456,102","8,481,804",18.55,18.70,18.50,18.65,+0.20,275
2024/04/18,"466,500","8,747,498",18.65,18.85,18.55,18.80,+0.15,299
2024/04/19,"424,087","7,928,804",18.95,18.95,18.55,18.70,-0.10,301
2024/04/22,"378,526","7,114,738",18.80,18.85,18.70,18.85,+0.15,264
2024/04/23,"350,068","6,613,997",18.80,18.95,18.80,18.95,+0.10,219
2024/04/24,"540,363","10,241,061",18.95,19.00,18.90,18.90,-0.05,265
2024/04/25,"236,442","4,470,513",18.90,18.95,18.85,18.90,0.00,135
2024/04/26,"152,377","2,878,531",18.80,18.95,18.80,18.95,+0.05,136
2024/04/29,"909,366","17,318,749",18.95,19.10,18.90,19.05,+0.10,367
2024/04/30,"972,253","18,649,195",19.10,19.25,19.05,19.25,+0.20,433
2024/05/02,"720,959","13,904,305",19.20,19.40,19.15,19.30,+0.05,375
2024/05/03,"610,659","11,763,250",19.30,19.40,19.20,19.25,-0.05,384
2024/05/06,"431,349","8,315,546",19.35,19.35,19.25,19.25,0.00,279
2024/05/07,"451,976","8,699,724",19.25,19.30,19.15,19.25,0.00,259
2024/05/08,"542,444","10,362,264",19.15,19.20,19.05,19.10,-0.15,372
2024/05/09,"237,365","4,535,821",19.10,19.15,19.05,19.10,0.00,150
2024/05/10,"309,559","5,911,125",19.10,19.15,19.05,19.15,+0.05,239
2024/05/13,"551,220","10,492,549",19.15,19.15,18.95,19.00,-0.15,370
2024/05/14,"286,327","5,441,345",19.00,19.05,18.95,19.00,0.00,294
2024/05/15,"330,468","6,295,609",19.05,19.10,19.00,19.05,+0.05,202
2024/05/16,"389,602","7,440,166",19.05,19.15,19.05,19.10,+0.05,232
2024/05/17,"169,187","3,237,375",19.10,19.20,19.10,19.10,0.00,157
2024/05/20,"312,773","5,975,941",19.10,19.20,19.00,19.15,+0.05,253
2024/05/21,"364,144","6,955,902",19.15,19.20,19.05,19.05,-0.10,334
2024/05/22,"364,236","6,942,393",19.05,19.10,19.00,19.05,0.00,279
2024/05/23,"737,397","13,971,836",18.95,19.05,18.90,18.90,-0.15,422
2024/05/24,"375,489","7,085,753",18.90,18.95,18.85,18.85,-0.05,265
2024/05/27,"419,519","7,896,138",18.90,18.90,18.80,18.80,-0.05,308
2024/05/28,"330,738","6,236,938",18.80,18.95,18.80,18.90,+0.10,286
2024/05/29,"394,651","7,434,250",18.85,18.90,18.80,18.85,-0.05,289
2024/05/30,"296,472","5,596,313",18.85,18.95,18.80,18.85,0.00,201
2024/05/31,"506,871","9,592,829",18.85,19.05,18.85,18.90,+0.05,272
2024/06/03,"351,055","6,638,751",18.95,18.95,18.85,18.90,0.00,217
2024/06/04,"262,075","4,944,868",18.90,19.00,18.80,18.80,-0.10,187
2024/06/05,"236,974","4,463,057",18.80,18.90,18.80,18.80,0.00,202
2024/06/06,"242,627","4,568,858",18.80,18.90,18.80,18.80,0.00,193
2024/06/07,"217,480","4,101,026",18.80,18.90,18.80,18.90,+0.10,162
2024/06/11,"237,819","4,484,007",18.80,18.90,18.80,18.80,-0.10,180
2024/06/12,"244,363","4,613,207",18.80,18.95,18.80,18.85,+0.05,166
2024/06/13,"204,247","3,848,719",18.85,18.90,18.80,18.80,-0.05,196
2024/06/14,"235,749","4,442,038",18.80,18.90,18.80,18.85,+0.05,200
2024/06/17,"238,691","4,530,558",18.85,19.00,18.85,19.00,+0.15,186
2024/06/18,"344,667","6,553,047",19.00,19.05,18.90,19.00,0.00,210
2024/06/19,"311,048","5,895,591",19.05,19.05,18.90,18.95,-0.05,246
2024/06/20,"304,338","5,770,396",19.00,19.00,18.90,18.95,0.00,179
2024/06/21,"463,206","8,801,237",18.95,19.05,18.95,19.05,+0.10,256
2024/06/24,"342,117","6,521,795",19.05,19.15,19.00,19.10,+0.05,308
2024/06/25,"370,307","7,068,065",19.15,19.15,19.00,19.10,0.00,231
2024/06/26,"702,365","13,421,319",19.15,19.15,19.05,19.15,+0.05,346
2024/06/27,"369,615","6,924,169",18.85,18.85,18.65,18.70,X0.00,326
2024/06/28,"229,372","4,300,758",18.75,18.80,18.70,18.80,+0.10,265
2024/07/01,"271,855","5,126,837",18.85,18.90,18.80,18.90,+0.10,176
2024/07/02,"371,225","7,005,461",18.90,18.95,18.80,18.90,0.00,260
2024/07/03,"558,185","10,308,342",18.45,18.55,18.40,18.50,X0.00,338
2024/07/04,"423,865","7,839,654",18.50,18.55,18.40,18.50,0.00,279
2024/07/05,"364,505","6,762,069",18.50,18.65,18.50,18.60,+0.10,255
2024/07/08,"344,421","6,367,638",18.60,18.60,18.40,18.45,-0.15,286
2024/07/09,"317,436","5,844,309",18.55,18.55,18.35,18.40,-0.05,236
2024/07/10,"209,179","3,847,298",18.40,18.40,18.35,18.40,0.00,203
2024/07/11,"608,043","11,140,666",18.35,18.40,18.30,18.30,-0.10,420
2024/07/12,"324,297","5,967,250",18.30,18.50,18.30,18.40,+0.10,210
2024/07/15,"265,633","4,895,712",18.40,18.55,18.35,18.40,0.00,204
2024/07/16,"271,150","4,975,464",18.35,18.40,18.30,18.30,-0.10,201
2024/07/17,"368,770","6,757,098",18.30,18.40,18.30,18.30,0.00,292
2024/07/18,"360,672","6,596,144",18.30,18.40,18.25,18.25,-0.05,324
2024/07/19,"283,810","5,166,768",18.25,18.25,18.15,18.20,-0.05,261
2024/07/22,"441,330","7,993,595",18.20,18.20,18.05,18.15,-0.05,317
2024/07/23,"231,842","4,222,770",18.15,18.30,18.15,18.20,+0.05,179
2024/07/26,"205,420","3,724,169",18.20,18.20,18.10,18.10,-0.10,193
2024/07/29,"371,206","6,702,588",18.10,18.20,18.00,18.05,-0.05,249
2024/07/30,"405,287","7,270,462",18.00,18.05,17.85,18.05,0.00,295
2024/07/31,"126,576","2,285,381",18.00,18.10,18.00,18.05,0.00,123
2024/08/01,"206,144","3,725,317",18.05,18.15,17.95,18.15,+0.10,177
2024/08/02,"314,405","5,654,257",18.10,18.10,17.95,17.95,-0.20,232
2024/08/05,"1,447,207","25,071,817",17.90,17.90,17.10,17.10,-0.85,864
2024/08/06,"735,617","12,492,322",17.20,17.25,16.75,17.00,-0.10,438
2024/08/07,"518,015","8,922,647",17.05,17.30,17.05,17.30,+0.30,271
2024/08/08,"340,000","5,792,409",16.95,17.10,16.95,17.05,-0.25,208
2024/08/09,"628,630","10,820,054",17.05,17.30,17.05,17.30,+0.25,295
2024/08/12,"501,156","8,717,119",17.40,17.50,17.20,17.40,+0.10,242
2024/08/13,"360,148","6,242,942",17.50,17.50,17.25,17.35,-0.05,213
2024/08/14,"273,569","4,755,178",17.40,17.45,17.30,17.35,0.00,135
2024/08/15,"194,210","3,372,357",17.40,17.40,17.30,17.35,0.00,136
2024/08/16,"478,878","8,308,708",17.35,17.50,17.25,17.30,-0.05,228
2024/08/19,"121,939","2,100,989",17.30,17.30,17.20,17.20,-0.10,140
2024/08/20,"157,042","2,707,427",17.25,17.30,17.20,17.20,0.00,139
2024/08/21,"212,042","3,655,464",17.20,17.30,17.15,17.25,+0.05,142
2024/08/22,"191,980","3,315,015",17.20,17.40,17.20,17.40,+0.15,119
2024/08/23,"198,548","3,430,958",17.30,17.35,17.20,17.35,-0.05,145
2024/08/26,"237,485","4,112,930",17.25,17.35,17.25,17.30,-0.05,155
2024/08/27,"204,874","3,539,639",17.30,17.35,17.25,17.30,0.00,107
2024/08/28,"212,666","3,678,749",17.30,17.40,17.25,17.30,0.00,142
2024/08/29,"297,392","5,132,218",17.25,17.35,17.20,17.30,0.00,165
2024/08/30,"241,599","4,180,086",17.35,17.35,17.25,17.35,+0.05,173
2024/09/02,"128,234","2,216,626",17.35,17.35,17.25,17.30,-0.05,133
2024/09/03,"149,306","2,583,818",17.25,17.35,17.25,17.35,+0.05,94
2024/09/04,"865,076","14,844,740",17.25,17.30,17.05,17.15,-0.20,435
2024/09/05,"275,514","4,736,837",17.15,17.30,17.10,17.30,+0.15,154
2024/09/06,"386,806","6,598,375",17.25,17.25,16.85,17.05,-0.25,201
2024/09/09,"255,853","4,329,810",16.90,17.00,16.85,17.00,-0.05,205
2024/09/10,"149,300","2,531,918",17.00,17.05,16.90,17.00,0.00,108
2024/09/11,"238,847","4,050,160",16.90,17.05,16.90,16.95,-0.05,357
2024/09/12,"225,267","3,828,476",17.00,17.05,16.95,17.00,+0.05,261
2024/09/13,"248,478","4,232,574",17.00,17.10,17.00,17.10,+0.10,226
2024/09/16,"282,799","4,832,984",17.00,17.15,17.00,17.10,0.00,233
2024/09/18,"294,812","5,021,722",17.10,17.15,16.95,17.00,-0.10,232
2024/09/19,"517,857","8,805,426",17.00,17.10,16.95,17.10,+0.10,268
2024/09/20,"296,744","5,094,470",17.10,17.25,17.10,17.15,+0.05,212
2024/09/23,"205,645","3,529,158",17.20,17.20,17.10,17.15,0.00,161
2024/09/24,"181,429","3,112,368",17.20,17.20,17.15,17.15,0.00,148
2024/09/25,"255,290","4,382,458",17.20,17.25,17.10,17.15,0.00,222
2024/09/26,"147,258","2,527,421",17.20,17.20,17.10,17.15,0.00,132
2024/09/27,"323,442","5,577,841",17.20,17.30,17.20,17.25,+0.10,230
2024/09/30,"289,822","5,011,256",17.20,17.40,17.15,17.35,+0.10,198
2024/10/01,"151,107","2,612,171",17.35,17.35,17.25,17.30,-0.05,142
2024/10/04,"234,557","4,041,897",17.25,17.35,17.15,17.30,0.00,218
2024/10/07,"182,995","3,166,028",17.30,17.35,17.25,17.35,+0.05,178
2024/10/08,"251,825","4,356,783",17.35,17.40,17.20,17.25,-0.10,185
2024/10/09,"190,052","3,273,040",17.20,17.35,17.15,17.20,-0.05,145
2024/10/11,"252,773","4,354,538",17.30,17.35,17.15,17.20,0.00,152
2024/10/14,"225,198","3,881,208",17.20,17.30,17.15,17.25,+0.05,143
2024/10/15,"161,096","2,768,196",17.20,17.30,17.10,17.20,-0.05,139
2024/10/16,"177,608","3,045,015",17.15,17.25,17.10,17.25,+0.05,160
2024/10/17,"80,538","1,385,830",17.20,17.25,17.15,17.25,0.00,109
2024/10/18,"128,702","2,215,215",17.20,17.25,17.15,17.25,0.00,132
2024/10/21,"200,445","3,456,753",17.35,17.35,17.15,17.25,0.00,154
2024/10/22,"198,906","3,418,064",17.20,17.25,17.10,17.25,0.00,197
2024/10/23,"138,573","2,379,013",17.20,17.25,17.10,17.15,-0.10,148
2024/10/24,"203,095","3,470,295",17.05,17.15,17.05,17.10,-0.05,158
2024/10/25,"71,931","1,233,264",17.10,17.20,17.10,17.15,+0.05,87
2024/10/28,"67,881","1,164,268",17.15,17.20,17.00,17.20,+0.05,89
2024/10/29,"156,590","2,674,976",17.20,17.20,17.05,17.05,-0.15,150
2024/10/30,"108,959","1,868,350",17.20,17.20,17.10,17.15,+0.10,101
2024/11/01,"166,807","2,857,085",17.05,17.25,17.05,17.25,+0.10,145
2024/11/04,"102,268","1,762,050",17.30,17.30,17.20,17.25,0.00,121
2024/11/05,"134,822","2,322,507",17.20,17.30,17.15,17.25,0.00,133
2024/11/06,"82,495","1,424,241",17.15,17.30,17.15,17.25,0.00,110
2024/11/07,"250,031","4,307,270",17.15,17.30,17.15,17.30,+0.05,196
2024/11/08,"205,457","3,542,599",17.30,17.30,17.15,17.20,-0.10,161
2024/11/11,"165,252","2,841,456",17.20,17.25,17.10,17.15,-0.05,130
2024/11/12,"168,351","2,885,700",17.15,17.20,17.05,17.10,-0.05,146
2024/11/13,"615,634","10,428,439",17.05,17.05,16.85,16.90,-0.20,383
2024/11/14,"594,942","9,971,133",16.85,16.95,16.65,16.70,-0.20,434
2024/11/15,"303,662","5,090,034",16.70,16.85,16.70,16.75,+0.05,284
2024/11/18,"171,444","2,875,485",16.80,16.90,16.70,16.75,0.00,159
2024/11/19,"142,651","2,399,299",16.75,16.95,16.70,16.90,+0.15,154
2024/11/20,"118,165","1,993,380",16.90,16.95,16.80,16.90,0.00,103
2024/11/21,"104,592","1,756,914",16.90,16.90,16.75,16.80,-0.10,108
2024/11/22,"108,735","1,826,615",16.80,16.85,16.75,16.85,+0.05,111
2024/11/25,"316,270","5,341,232",16.90,16.90,16.80,16.90,+0.05,180
2024/11/26,"107,094","1,806,906",16.90,16.90,16.80,16.90,0.00,130
2024/11/27,"77,593","1,308,587",16.80,16.90,16.80,16.90,0.00,95
2024/11/28,"150,910","2,529,244",16.90,16.90,16.70,16.75,-0.15,139
2024/11/29,"112,134","1,870,351",16.65,16.80,16.60,16.80,+0.05,97
2024/12/02,"76,487","1,282,086",16.80,16.85,16.70,16.75,-0.05,97
2024/12/03,"403,359","6,728,520",16.75,16.80,16.50,16.60,-0.15,294
2024/12/04,"212,760","3,559,075",16.75,16.85,16.60,16.65,+0.05,179
2024/12/05,"218,213","3,651,383",16.65,16.85,16.60,16.65,0.00,158
2024/12/06,"216,491","3,594,507",16.65,16.70,16.55,16.60,-0.05,166
2024/12/09,"138,306","2,296,925",16.60,16.65,16.50,16.65,+0.05,145
2024/12/10,"129,702","2,155,071",16.55,16.70,16.55,16.60,-0.05,111
2024/12/11,"180,883","2,989,922",16.55,16.60,16.50,16.55,-0.05,157
2024/12/12,"223,619","3,694,514",16.55,16.60,16.45,16.45,-0.10,171
2024/12/13,"911,403","14,696,232",16.40,16.40,16.00,16.05,-0.40,552
2024/12/16,"347,699","5,539,284",16.05,16.05,15.85,15.85,-0.20,260
2024/12/17,"151,818","2,411,902",15.90,15.95,15.80,15.85,0.00,178
2024/12/18,"150,982","2,394,822",15.80,15.95,15.80,15.95,+0.10,143
2024/12/19,"133,503","2,111,060",15.85,15.90,15.75,15.85,-0.10,198
2024/12/20,"354,028","5,519,675",15.70,15.70,15.50,15.50,-0.35,328
2024/12/23,"146,202","2,273,396",15.60,15.60,15.50,15.60,+0.10,155
2024/12/24,"208,076","3,253,003",15.60,15.75,15.55,15.55,-0.05,163
2024/12/25,"95,011","1,479,300",15.65,15.65,15.50,15.60,+0.05,133
2024/12/26,"173,574","2,697,080",15.60,15.65,15.50,15.55,-0.05,179
2024/12/27,"99,289","1,545,749",15.60,15.65,15.50,15.65,+0.10,106
2024/12/30,"325,825","5,057,637",15.65,15.65,15.40,15.40,-0.25,203
2024/12/31,"328,910","5,028,250",15.40,15.40,15.20,15.20,-0.20,234
2025/01/02,"300,531","4,518,360",15.10,15.15,15.00,15.00,-0.20,322
2025/01/03,"200,667","2,995,920",15.00,15.00,14.90,14.95,-0.05,223
2025/01/06,"560,604","8,306,618",14.85,14.90,14.75,14.85,-0.10,417
2025/01/07,"328,606","4,831,710",14.85,14.85,14.60,14.60,-0.25,344
2025/01/08,"737,140","10,544,036",14.60,14.60,14.20,14.30,-0.30,491
2025/01/09,"303,929","4,318,740",14.25,14.25,14.15,14.20,-0.10,263
2025/01/10,"206,260","2,933,615",14.25,14.25,14.15,14.25,+0.05,158
2025/01/13,"857,592","11,804,434",14.15,14.15,13.40,13.80,-0.45,558
2025/01/14,"272,842","3,809,876",13.80,14.05,13.80,14.05,+0.25,217
2025/01/15,"159,646","2,277,407",14.05,14.35,14.05,14.30,+0.25,141
2025/01/16,"134,721","1,932,666",14.40,14.45,14.25,14.30,0.00,155
2025/01/17,"117,095","1,677,518",14.30,14.40,14.30,14.30,0.00,125
2025/01/20,"102,957","1,473,691",14.30,14.35,14.25,14.35,+0.05,116
2025/01/21,"219,673","3,166,114",14.35,14.60,14.35,14.60,+0.25,164
2025/01/22,"365,873","5,257,703",14.70,14.70,14.25,14.30,-0.30,309
2025/02/03,"221,916","3,189,500",14.35,14.50,14.30,14.50,+0.20,198
2025/02/04,"385,029","5,580,018",14.50,14.65,14.40,14.50,0.00,164
2025/02/05,"206,384","2,993,214",14.50,14.60,14.40,14.45,-0.05,156
2025/02/06,"399,058","5,850,166",14.45,14.95,14.45,14.95,+0.50,181
2025/02/07,"272,005","4,066,703",14.95,15.00,14.85,14.95,0.00,205
2025/02/10,"469,392","6,843,115",14.85,14.85,14.45,14.60,-0.35,304
2025/02/11,"261,046","3,788,213",14.50,14.60,14.45,14.50,-0.10,216
2025/02/12,"283,303","4,081,262",14.50,14.50,14.35,14.45,-0.05,227
2025/02/13,"444,779","6,494,428",14.50,14.65,14.50,14.55,+0.10,213
2025/02/14,"432,214","6,340,850",14.60,14.75,14.60,14.60,+0.05,263
2025/02/17,"429,377","6,385,270",14.75,14.95,14.75,14.90,+0.30,379
2025/02/18,"275,752","4,094,190",14.90,15.00,14.70,14.75,-0.15,354
2025/02/19,"442,779","6,626,245",14.90,15.05,14.90,15.00,+0.25,275
2025/02/20,"449,329","6,782,830",15.00,15.25,15.00,15.20,+0.20,279
2025/02/21,"226,569","3,441,734",15.25,15.25,15.10,15.20,0.00,223
2025/02/24,"188,382","2,854,511",15.20,15.25,15.10,15.10,-0.10,205
2025/02/25,"336,326","5,058,031",15.10,15.10,14.95,15.05,-0.05,235
2025/02/26,"110,483","1,664,577",15.05,15.15,15.05,15.10,+0.05,122
2025/02/27,"225,642","3,374,149",15.00,15.15,14.85,14.85,-0.25,205
2025/03/03,"376,074","5,590,788",14.95,15.00,14.80,14.80,-0.05,233
2025/03/04,"284,040","4,206,794",14.80,14.85,14.75,14.85,+0.05,190
2025/03/05,"249,222","3,716,310",14.75,15.00,14.75,14.90,+0.05,171
2025/03/06,"219,935","3,277,564",14.85,14.95,14.85,14.90,0.00,269
2025/03/07,"157,669","2,355,073",14.90,15.00,14.85,15.00,+0.10,484
2025/03/10,"150,253","2,260,228",15.00,15.10,14.95,15.10,+0.10,351
2025/03/11,"213,455","3,170,855",14.85,15.00,14.80,15.00,-0.10,306
2025/03/12,"240,792","3,603,233",15.00,15.05,14.90,15.00,0.00,255
2025/03/13,"131,610","1,972,546",15.10,15.10,14.90,14.95,-0.05,189
2025/03/14,"161,842","2,421,275",15.05,15.05,14.90,15.00,+0.05,277
2025/03/17,"133,468","2,003,193",15.05,15.05,15.00,15.05,+0.05,377
2025/03/18,"150,420","2,263,280",15.10,15.10,15.00,15.00,-0.05,255
2025/03/19,"171,725","2,574,700",15.00,15.05,14.95,15.00,0.00,327
2025/03/20,"121,476","1,826,987",15.00,15.10,15.00,15.10,+0.10,438
2025/03/21,"162,877","2,448,960",15.05,15.10,15.00,15.10,0.00,299
2025/03/24,"221,651","3,332,222",15.10,15.10,15.00,15.05,-0.05,199
2025/03/25,"92,177","1,384,557",15.10,15.10,15.00,15.05,0.00,129
2025/03/26,"142,068","2,133,559",15.05,15.10,14.95,15.10,+0.05,128
2025/03/27,"108,181","1,621,305",14.95,15.05,14.95,15.00,-0.10,100
2025/03/28,"318,563","4,729,526",15.00,15.00,14.75,14.80,-0.20,243
2025/03/31,"382,309","5,518,259",14.50,14.75,14.30,14.40,-0.40,342
2025/04/01,"207,869","3,005,180",14.30,14.50,14.30,14.50,+0.10,205
2025/04/02,"138,685","2,017,615",14.45,14.65,14.45,14.65,+0.15,139
2025/04/07,"1,172,916","15,523,499",13.20,13.50,13.20,13.20,-1.45,738
2025/04/08,"784,589","10,409,235",13.45,13.45,12.75,13.40,+0.20,447
2025/04/09,"852,071","11,208,334",13.45,13.60,12.80,12.85,-0.55,539
2025/04/10,"874,694","12,161,790",13.65,14.10,13.55,13.95,+1.10,475
2025/04/11,"262,186","3,578,419",13.95,13.95,13.45,13.65,-0.30,202
2025/04/14,"269,477","3,667,791",13.70,13.75,13.55,13.55,-0.10,211
2025/04/15,"183,847","2,520,522",13.60,13.75,13.60,13.75,+0.20,182
2025/04/16,"98,267","1,342,299",13.70,13.80,13.60,13.60,-0.15,117
2025/04/17,"101,049","1,371,166",13.60,13.60,13.50,13.60,0.00,100
2025/04/18,"191,665","2,598,837",13.50,13.65,13.45,13.55,-0.05,140
2025/04/21,"128,069","1,724,459",13.45,13.55,13.40,13.50,-0.05,133
2025/04/22,"89,857","1,197,119",13.20,13.45,13.20,13.40,-0.10,133
2025/04/23,"303,834","4,115,337",13.40,13.60,13.40,13.55,+0.15,197
2025/04/24,"286,706","3,894,901",13.50,13.65,13.50,13.60,+0.05,163
2025/04/25,"510,021","6,988,663",13.65,13.75,13.60,13.75,+0.15,221
2025/04/28,"363,339","4,989,183",13.70,13.80,13.70,13.75,0.00,201
2025/04/29,"300,694","4,165,385",13.90,13.90,13.80,13.85,+0.10,186
2025/04/30,"656,034","9,230,201",13.85,14.15,13.85,14.15,+0.30,266
2025/05/02,"1,607,582","23,387,669",14.15,15.05,14.05,15.05,+0.90,456
2025/05/05,"7,587,947","124,670,776",16.30,16.55,15.80,16.55,+1.50,"4,159"
2025/05/06,"7,328,215","122,982,604",17.50,17.90,16.00,16.40,-0.15,"3,529"
2025/05/07,"2,180,670","35,638,333",16.40,16.75,15.85,16.40,0.00,"1,017"
2025/05/08,"778,326","12,628,930",16.40,16.50,16.15,16.15,-0.25,439
2025/05/09,"1,232,336","19,469,567",16.00,16.05,15.60,16.05,-0.10,637
2025/05/12,"554,371","8,792,773",15.75,15.95,15.75,15.95,-0.10,317
2025/05/13,"1,456,860","22,805,601",15.90,15.90,15.40,15.45,-0.50,663
2025/05/14,"1,095,910","16,767,519",15.60,15.60,15.15,15.35,-0.10,582
2025/05/15,"1,200,124","18,450,616",15.45,15.50,15.25,15.35,0.00,314
2025/05/16,"560,478","8,749,781",15.35,15.70,15.35,15.65,+0.30,310
2025/05/19,"654,283","10,306,818",15.65,15.90,15.60,15.70,+0.05,333
2025/05/20,"392,096","6,113,845",15.80,15.80,15.45,15.70,0.00,225
2025/05/21,"262,050","4,131,352",15.70,15.85,15.65,15.85,+0.15,168
2025/05/22,"451,576","7,135,536",15.85,15.95,15.65,15.80,-0.05,224
2025/05/23,"306,772","4,801,413",15.60,15.80,15.60,15.75,-0.05,134
2025/05/26,"264,589","4,162,929",15.65,15.80,15.65,15.70,-0.05,186
2025/05/27,"526,206","8,388,468",15.75,16.10,15.75,15.95,+0.25,307
2025/05/28,"562,781","8,797,265",15.90,15.95,15.55,15.65,-0.30,248
2025/05/29,"443,871","6,895,296",15.60,15.90,15.15,15.55,-0.10,263
2025/06/02,"350,164","5,318,574",15.25,15.30,15.10,15.20,-0.35,261
2025/06/03,"1,146,383","17,060,431",15.20,15.20,14.70,14.75,-0.45,462
2025/06/04,"424,260","6,322,318",14.90,15.05,14.75,14.95,+0.20,239
2025/06/05,"356,917","5,334,302",14.90,15.10,14.85,15.00,+0.05,172
2025/06/06,"230,391","3,479,674",15.15,15.15,15.00,15.10,+0.10,142
2025/06/09,"116,515","1,755,679",15.15,15.20,15.00,15.05,-0.05,110
2025/06/10,"493,433","7,521,791",15.10,15.35,15.10,15.20,+0.15,290
2025/06/11,"439,002","6,442,288",14.70,14.75,14.55,14.65,X0.00,212
2025/06/12,"91,834","1,353,312",14.60,15.00,14.55,14.75,+0.10,127
2025/06/13,"318,719","4,660,234",14.60,14.85,14.50,14.50,-0.25,229
2025/06/16,"256,939","3,710,307",14.50,14.60,14.35,14.50,0.00,186
2025/06/17,"207,795","3,001,838",14.50,14.60,14.35,14.60,+0.10,139
2025/06/18,"388,355","5,604,096",14.35,14.60,14.25,14.40,-0.20,203
2025/06/19,"314,370","4,468,302",14.30,14.30,14.10,14.15,-0.25,216
2025/06/20,"279,839","3,941,436",14.20,14.30,13.90,14.15,0.00,189
2025/06/23,"207,271","2,873,920",13.95,13.95,13.80,13.85,-0.30,165
2025/06/24,"141,403","1,987,033",14.10,14.10,14.00,14.10,+0.25,121
2025/06/25,"122,426","1,727,042",14.15,14.25,14.00,14.15,+0.05,106
2025/06/26,"361,996","5,247,173",14.35,14.60,14.30,14.50,+0.35,226
2025/06/27,"783,569","11,588,946",14.60,14.95,14.60,14.95,+0.45,356
2025/06/30,"321,693","4,748,177",14.95,14.95,14.65,14.80,-0.15,209
2025/07/01,"268,522","3,961,348",14.80,14.85,14.60,14.70,-0.10,166
2025/07/02,"228,812","3,348,403",14.65,14.75,14.55,14.70,0.00,139
2025/07/03,"138,566","2,039,564",14.70,14.80,14.65,14.80,+0.10,115
2025/07/04,"253,229","3,729,730",14.75,14.95,14.55,14.55,-0.25,176
2025/07/07,"243,013","3,507,707",14.50,14.55,14.35,14.45,-0.10,153
2025/07/08,"177,443","2,569,279",14.65,14.65,14.40,14.55,+0.10,109
2025/07/09,"131,742","1,903,545",14.50,14.55,14.40,14.40,-0.15,113
2025/07/10,"101,208","1,457,987",14.35,14.50,14.35,14.45,+0.05,95
2025/07/11,"176,929","2,550,802",14.40,14.55,14.25,14.45,0.00,116
2025/07/14,"105,945","1,534,517",14.35,14.55,14.35,14.45,0.00,114
2025/07/15,"78,843","1,141,096",14.40,14.55,14.40,14.50,+0.05,101
2025/07/16,"280,899","4,106,317",14.40,14.75,14.40,14.75,+0.25,201
2025/07/17,"126,035","1,857,634",14.75,14.80,14.65,14.75,0.00,98
2025/07/18,"148,146","2,176,786",14.85,14.85,14.65,14.75,0.00,127
2025/07/21,"142,209","2,081,152",14.75,14.75,14.55,14.65,-0.10,118
2025/07/22,"293,182","4,236,106",14.60,14.65,14.30,14.50,-0.15,241
2025/07/23,"129,787","1,888,159",14.50,14.65,14.50,14.60,+0.10,121
2025/07/24,"104,970","1,532,300",14.60,14.70,14.55,14.55,-0.05,92
2025/07/25,"107,090","1,562,971",14.55,14.70,14.55,14.55,0.00,95
2025/07/28,"134,501","1,957,909",14.55,14.65,14.50,14.55,0.00,88
2025/07/29,"88,089","1,283,821",14.55,14.65,14.50,14.55,0.00,113
2025/07/30,"138,265","2,008,861",14.50,14.60,14.40,14.55,0.00,109
2025/07/31,"165,172","2,392,410",14.50,14.60,14.45,14.50,-0.05,141
2025/08/01,"235,412","3,395,842",14.40,14.55,14.40,14.40,-0.10,203
2025/08/04,"90,855","1,303,253",14.30,14.45,14.25,14.40,0.00,70
2025/08/05,"174,550","2,512,812",14.35,14.45,14.35,14.40,0.00,145
2025/08/06,"362,401","5,160,264",14.40,14.40,14.10,14.30,-0.10,213
2025/08/07,"126,116","1,793,269",14.25,14.30,14.15,14.15,-0.15,148
2025/08/08,"203,656","2,871,003",14.10,14.25,14.00,14.15,0.00,189
2025/08/11,"414,594","5,778,033",14.05,14.05,13.90,14.00,-0.15,284
2025/08/12,"374,918","5,203,954",14.00,14.00,13.80,13.90,-0.10,303
2025/08/13,"346,043","4,787,265",13.95,13.95,13.80,13.85,-0.05,273
2025/08/14,"159,716","2,223,879",13.85,14.00,13.80,14.00,+0.15,169
2025/08/15,"236,558","3,280,749",13.95,13.95,13.80,13.90,-0.10,230
2025/08/18,"314,506","4,337,556",13.90,13.90,13.70,13.80,-0.10,256
2025/08/19,"204,192","2,801,695",13.80,13.80,13.65,13.70,-0.10,202
2025/08/20,"191,486","2,609,632",13.70,13.70,13.55,13.60,-0.10,182
2025/08/21,"149,625","2,058,113",13.60,13.85,13.60,13.85,+0.25,135
2025/08/22,"173,660","2,397,842",13.85,13.95,13.70,13.85,0.00,145
2025/08/25,"134,322","1,854,071",13.85,13.95,13.75,13.75,-0.10,139
2025/08/26,"197,163","2,690,381",13.70,13.80,13.50,13.65,-0.10,169
2025/08/27,"141,380","1,933,150",13.60,13.75,13.60,13.60,-0.05,139
2025/08/28,"160,522","2,181,731",13.60,13.65,13.55,13.60,0.00,156
2025/08/29,"143,501","1,953,957",13.60,13.70,13.55,13.65,+0.05,138
2025/09/01,"244,601","3,305,099",13.60,13.60,13.45,13.55,-0.10,178
2025/09/02,"137,261","1,860,873",13.60,13.60,13.50,13.60,+0.05,99
2025/09/03,"400,611","5,396,991",13.55,13.60,13.35,13.55,-0.05,271
2025/09/04,"205,273","2,793,197",13.60,13.70,13.50,13.70,+0.15,144
2025/09/05,"69,868","948,744",13.65,13.65,13.55,13.60,-0.10,125
2025/09/08,"176,315","2,399,016",13.60,13.80,13.50,13.55,-0.05,128
2025/09/09,"145,328","1,972,917",13.55,13.65,13.50,13.65,+0.10,131
2025/09/10,"228,569","3,092,261",13.55,13.60,13.45,13.50,-0.15,159
2025/09/11,"340,158","4,573,930",13.45,13.50,13.40,13.50,0.00,233
2025/09/12,"129,322","1,741,269",13.50,13.55,13.40,13.50,0.00,145
2025/09/15,"141,153","1,898,545",13.40,13.65,13.35,13.40,-0.10,148
2025/09/16,"148,205","1,990,208",13.40,13.50,13.40,13.40,0.00,162
2025/09/17,"112,539","1,511,666",13.45,13.50,13.35,13.40,0.00,134
2025/09/18,"182,152","2,437,025",13.50,13.50,13.35,13.35,-0.05,156
2025/09/19,"285,289","3,809,154",13.35,13.45,13.30,13.45,+0.10,164
2025/09/22,"92,601","1,239,254",13.45,13.45,13.35,13.40,-0.05,116
2025/09/23,"215,128","2,870,555",13.40,13.40,13.30,13.35,-0.05,175
2025/09/24,"140,636","1,888,109",13.35,13.45,13.35,13.45,+0.10,106
2025/09/25,"179,022","2,428,118",13.50,13.65,13.50,13.55,+0.10,139
2025/09/26,"139,882","1,877,417",13.50,13.55,13.35,13.45,-0.10,119
2025/09/30,"140,734","1,892,357",13.50,13.55,13.40,13.55,+0.10,113
2025/10/01,"57,630","776,556",13.50,13.55,13.45,13.50,-0.05,81
2025/10/02,"284,741","3,842,096",13.50,13.55,13.45,13.50,0.00,139
2025/10/03,"90,235","1,217,919",13.50,13.55,13.45,13.55,+0.05,105
